3392941000
2534195028
2438724661
1177931012
326441040
4855473743
2294762225
582414063
17636262
585373512
2843768360
4564665231
2249261083
228582708
710331498830946304
2980673631
3293741005
23047147
49431169
2616166573
705435690021027841
3613042392
715528218313404416
705446574328057856
2279422418
712411156246339584
16101777
3167765216
750700196
3281458244
1140923334
4378754480
706969962506797056
4789342800
4381232594
703984380893663232
3107620076
19341224
781425422
2977394063
4847450891
2817101992
1387304658
3018914104
4656927401
335559876
261772908
2352134256
3592503441
1555505822
4437444442
833963088
4433841208
4418068883
1338765866
193726748
2585151378
4369213454
3753356896
4259943507
4102376488
115716750
139954122
289807067
4098573797
3882841634
2462100829
16667912
3437320947
365844440
3900022162
43546540
3351846913
3226023449
3308411815
835974343
3094015501
3380194001
3341778233
3019015320
3357287469
3244513476
3051542257
3026682364
2916316887
1379166978
1589595457
2849023326
2209739585
2996472945
2985630341
3078227743
2861109064
3101565432
3098091206
3022397541
48572412
2975275389
333726618
3071450133
854920651
3018542118
3002184051
2919534389
563096536
3049230813
89854836
3032771065
2890975990
2940227221
15024534
2974991220
2484540499
2995565303
2993723015
218331252
142103183
2983350951
2987681672
2403285936
2971072397
563042573
2541854221
2488409941
17798031
208016694
2957322531
2941364416
2573346015
2847388407
2805986209
2894590725
406489223
2831709874
2901893557
2736377832
54384413
1726289965
2874316262
88062667
2425576393
2797979564
2781961793
2737601161
1022138940
2440928383
2780172835
2205211992
2681674004
2277920568
2446177351
253304623
2692055901
86177206
404837395
1222732381
