84398939
826537184
3326820132
365621764
166816823
428151039
715574115000840193
719999938009165829
719999786955444224
719999694697598976
719999392158216194
402876415
1082790528
2376444547
719998445751308288
718748624285335552
416370934
1693836590
719997741355659265
719998475262255104
719998589636886528
2421420890
384279030
718962148748173312
3142958828
4869444615
479674998
3283312098
3311911386
2371418138
2484978684
223083302
14193001
1543144483
4900159175
127673986
710865288846180352
240531800
65130553
719997807508262912
719997647856254978
719997448584871937
2411694794
711041158798045185
4583497808
222974563
2986525396
4116968174
552777581
3610264154
1622480281
3188480306
719997999057907714
719997444470259712
611792766
712526327010734080
1075589358
277355403
718034427964563456
266234941
17996693
33216546
335825609
329641665
2912754262
35354684
2638042382
3131676214
2422084074
438668235
2843768360
3126641416
3441941892
4499382678
627208970
4552747574
750387782
711780927823740929
1320132127
4553185934
4355797094
719197161456476160
3921210793
4811932502
16281602
4553319074
4553176453
4553065700
4552866570
4552884194
4476909682
317561814
714662067911962624
2746231697
717717243375714304
718195757682073601
2803335229
2242945850
2796334270
717312364312330241
844814726
133769431
717945797216743425
3062039588
4125757155
2177183856
717290667458883584
716543332986568704
715018762324287490
207014710
2461216206
2291645455
4063987874
710315298839134208
715743929396826112
715737399532326912
1385648845
710250226238394368
4717177656
4717129878
367079102
712200427354218497
714043498824134656
715749577157124096
333847568
3032923308
709295382421868544
2431253425
3102575177
4848238043
714884303490920448
714809915580280832
714799899947044864
2422095841
94453102
14130785
424711422
3081568586
714049540320571392
714059938918752260
712208265925496832
17010913
18087450
714074218439159808
2565522380
311654967
123150777
712221323691425792
709305395588640768
184189176
707906541681127426
380818140
843802322
3081423740
3528392414
712216403189878784
841742095
2440921177
3336741669
4439085256
711678326167855105
708715440315326465
1663865216
3106080527
3096513815
97440009
705756947623124994
134234167
4128939612
4115361425
4898012473
119161370
15190357
57164762
789165061
706932155558002690
1613732965
709932203594031104
95943762
4121304434
3081803281
1306192964
3081350240
709269202398486528
709286643618996224
709297763041857536
208382303
707586497915064321
708624453496745984
4345913055
4130104713
705320456702656513
705751121927733248
700505197756289024
889600352
4099682901
4097901267
2904561473
4876162073
3081199897
705738460661940224
2603853223
3081837992
206232082
316567361
4704716201
24733117
3280585610
989446776
2151864096
204244309
353283764
706878217458593792
3635135659
569229676
705726736495943680
178062281
15997777
30493283
2218363970
36027911
120274276
702892070290202624
219496700
4147570737
705013259737436161
1621220348
18898038
4508630900
4099707777
4099595547
3081566136
3081285618
3081763014
3284990306
702034595332681728
4084624828
4912787516
2199524000
1955542254
99257871
702054018609192960
702047681506648065
700547561363361792
700529033730076672
3273864878
4147522167
4117101617
4115419275
4115348895
884364330
177291959
403179950
702065276100149249
2934437450
461070991
1624047055
23299801
338448758
4097992198
700542099842707456
700498727820095489
4025166682
30811812
4686170306
4547719419
861759409
3016731554
2882331822
170805838
353030696
15157971
86942017
1525342994
3016671931
3334585215
2994460735
2906365661
4115327115
4115252375
4115295274
4578030683
3871746807
4489470916
3871738935
4115221037
4489366763
4099782982
2904019604
4099113687
4097915553
3298238029
516601119
3081112879
3081591235
3089531537
3081364602
4894413795
4215558064
4894594432
293056140
697041613864857600
4698427297
384940104
2712636045
4148259495
4148248881
4147737838
4489418663
4116813293
4116840556
4116702555
4299815909
4099806250
107546300
4100953924
4097689857
3423621485
3267652832
3081556508
3081079328
4877620600
3226767056
483771071
3185275219
4148867404
3118881528
3306483883
4148757839
4148768595
23391334
4373586622
144485876
4147556817
4418173460
4115439513
3254319986
4115242889
4099024905
4857479043
4148625315
268607705
4212575360
293635541
1098746947
2289247482
4442837309
4623227472
4542780920
1285800750
35238047
140085646
3488018354
3013794263
2449391864
17362232
2771255497
4320889273
18183592
2649263401
4236192019
3427433734
1345580348
3070025839
291513513
24035547
22589868
108554712
2344399148
3297916610
2957179148
172846897
3731569574
3585883754
1712791735
2902085758
15768141
598977621
14469246
182250812
115681686
257295694
2341463325
4271904983
959564347
3251082536
4507777886
3427352255
2422087622
3435357323
2951170427
3368551753
410805973
258025056
2546672749
538564952
2321473375
4346692108
61608747
561236693
2336061026
2590215474
2514177726
2332920325
17070787
1128075277
3300781131
4363347793
1734308330
2336092087
4524980836
525005120
820067323
2914937290
3485292208
1634960929
853259838
373367371
2569521432
2370489822
2601679884
3655385712
2897243767
3139019759
3343531092
2332613598
397259105
1299803965
5185131
2954419134
3585430753
24067213
25832979
3170907307
4421126070
4261388602
2420748330
4324145428
4291465692
162876920
3152198472
4363576574
36210793
2921864643
2856370404
635248526
20842667
255264693
176031203
990344066
320873824
1709516838
3505643774
2803120956
71734805
3321354600
549602180
916303212
220257674
96048589
113644204
1063076700
1647096043
72264685
1612933160
2914053283
4088243776
624829200
3255429336
2409039420
2588109960
3772193003
101321544
588559501
21645908
125171112
3604134854
2938077735
227423290
1153278560
1410384463
82571413
33079769
1792495627
3282630452
3349925638
3316106612
1966864081
3124211590
212529734
1406831414
128500019
325429041
1291126280
3010492622
101865109
79695142
3127049842
2923575566
1849770151
2830059133
3197084706
3321901926
2466373656
2163131809
3119419168
48061270
106940067
969707772
3486817758
3671539767
135923648
3266215280
3254876994
3214557274
3481442053
613280139
47173541
50434933
447262544
1665917761
2894691350
16151935
3566394561
2203777616
3379126574
533612477
3400094789
3229554080
2484642526
2203707510
3336799889
1044291518
1141990058
288501878
310273236
146477911
3259170770
15403317
2316709313
2204540022
3501177199
3086974418
22127100
374322519
3224307158
3224283290
543998140
2945974397
109332587
1344158672
1045769690
443179932
1369760346
461386746
27686229
3282599282
240834796
2322024186
3009481231
3461645181
3314795808
218747317
3407058557
3303499725
3306185843
48486244
1954009891
3291806708
482272374
26711685
505306508
3254914312
1024338679
18305815
2884216546
501196426
1030495537
3316572200
314303700
2603752505
886017474
3208950562
97635340
736652090
1317588061
1319454804
3291090476
1362779419
2892363124
125524036
431742890
39595443
53263853
2352163760
735106172
3289518187
2970770546
155201220
1911303422
3144725996
1949322637
1057211
3253917482
1110662156
2288975707
3238273249
2585061890
3244123571
1116218244
2617852068
2908646959
2907658232
3119301180
3023037872
2855820500
107941181
2357816610
2856979380
2936337476
444828627
1925121408
340298107
3297250141
2564057876
3236624695
1166994914
39166602
611600999
197657553
2379034676
2914009158
317740834
316544540
338088969
318110335
3222291459
317429616
2908135646
772653259
1012724688
2254526162
2682600229
2607123872
338164705
84020176
2218649238
3227444635
596980260
200962656
443397366
2590242073
1347107412
1254501847
548884319
3259494140
3365750433
3245070880
2994634058
3296984470
3280577852
2360706672
458678379
3251435557
28351670
124049546
2357457691
2347171993
409062401
316126614
338241295
2773572122
2151483540
267449695
3359932648
3270795744
323708132
3189207944
734840887
3246775818
2619254481
3183317761
218423826
475056290
122812510
316242392
3145203594
14136886
36163019
2912808484
3034649449
318265496
3242368195
145286263
28689319
317702227
2696887802
2540573335
2879169145
98062760
41919821
316572003
318127126
445875223
3034225375
2833511430
2874670086
2524672285
246309084
317708232
599110041
2524625413
1889409770
445793912
1889331026
447175750
442286239
19686924
2940151785
316541106
337721459
2203771892
318193072
2909831384
2957288530
2957245097
3067107595
443214545
124164280
124776946
19822143
56050543
2897970594
3066966902
2517854953
3061765058
45638072
338187784
499510014
127967449
1002477324
425886052
529264718
118694552
317128950
443126432
2970698852
2586242707
2889549579
1610743062
122114335
338093701
487600344
3088992136
264579898
447701944
2775488870
763833204
3143858110
317733452
1480464205
1107930295
318077059
1856523530
2218413296
174963040
2287337443
636629677
2893966140
447456737
2175522062
317132388
91121377
3142075631
2985668940
109538087
2272704912
310298746
337725433
3223292538
3223374271
316237397
316034613
272324860
317130309
445563332
3199389838
3124920999
3138338070
610906267
3166789280
27715547
1193291006
378205013
161331572
172360698
390595799
44135635
3101547092
409580346
2988732769
2457826381
2946545792
446385212
145314025
2496561001
337794218
337789361
3110242216
315567142
315819170
3068864618
2841691747
316538097
492369115
3170808662
1599825374
153343111
365661337
316578201
36858087
35486742
329277025
316300581
316073370
3095754580
318458194
318057160
504018069
3097125643
2172659323
2854471640
1567827822
3077234462
787300813
316430798
3141804139
2885705555
459269265
3101525322
3032950098
447984829
2218374156
2218375904
316584224
593453070
316496217
2462499265
947103913
2462818507
93327784
2576399899
2886703668
3175790446
105295143
2813253266
2777106183
2754242184
384973768
102068116
1403364408
2893497263
1096210890
204538077
316608795
315679012
2895209480
294192447
317732630
316044436
2893544312
17757005
1926158419
2893686985
338284332
1466848657
318519385
1654838443
317606583
317625368
318038838
174646750
1370961769
1839121464
2892648554
3107836429
1581948758
1867900592
2350835701
2851659811
1326430208
3038867034
316441586
317430591
2347746007
3125406567
603393454
3033741375
2887566913
37249903
1082865211
125512325
291668622
2854427826
3130391069
1882242380
8130292
2919243439
19068720
3121006075
337792987
235206040
14802995
1353725072
2446926626
1848320790
2489990580
316555577
2512007084
310298026
232223391
117342715
2461546381
2906408443
124455128
2929135816
883949966
2549190073
3051922506
125438175
3065083689
726382795
3065483747
14557442
2319714367
3055928424
1603068103
3069840587
2902505626
3018891626
106867996
315864271
2925210294
116995575
2829414577
3091770098
2400678038
71730494
3055642354
1950267312
174643040
2704236290
578412819
558856151
177815332
3055752058
3006838432
2985582410
337740650
2538296082
310348671
2906849724
2973725320
439623705
3001494054
3061557606
3009427176
332705192
2884844851
316536075
2645473986
233933230
2473366230
700413709
367448549
16851490
1554404876
2950888140
542996898
2892296696
3029037899
264264597
560497324
188627138
2257558088
57360176
603387971
2298901963
2936689380
2436512498
320889964
1903378784
112562263
3017601600
2577502016
1903336644
2683020014
3012908160
3015848994
2736434803
53083204
2960223986
2946253308
2812427370
2316246829
3012920106
3015874141
3015906853
1493267851
2718536576
414104985
10701082
3006395360
2512732765
310325061
329706765
386735352
136894901
32210424
339832905
2773390850
2671366968
3023257860
502772810
2159809789
15628274
1143861355
274896986
2736963616
2391654229
93637779
1571625096
2532305010
2738039039
277120302
1592544522
132113832
2592731100
2492687113
1973928319
2495808020
852510272
2996583337
1429960718
2500961858
109441206
2766659814
2578869092
1285492531
1197176154
2942788698
191371449
1157919126
1708297777
2942746520
718244136
2737754518
2685319825
542845444
201161061
2967498246
2865939811
2927299987
2927285660
156284879
1627528872
964682017
2799494833
2939111375
3005829523
1196841164
1193339844
60784269
2482913342
2800810057
1909758506
306051583
14828860
2332137835
552460299
2933072324
111261085
370964129
2994967241
2993826108
1913410831
1558861508
2321401807
2511811062
72510159
2993071347
2993078801
1889780408
2291602814
97963881
2435154729
2792409146
921292178
221454090
2279965260
15551300
144083902
2439583812
226040717
2152381201
35334906
621969422
2927103282
2928203772
2930024419
312392334
857001662
2839757252
316583016
2977537089
278258054
102475469
344621658
2939874825
111007613
25931848
177803751
2531197737
2620227428
460997889
54270328
2716585189
611857601
15219770
1568465239
32327154
2819369946
253015372
1453951124
2514402606
346255213
187301082
2330298217
420612757
2217465386
2917008122
135963556
16814727
117603209
1537510423
1639698972
2923480308
405773782
2870335245
2841271722
1909297256
2910519564
2810855822
477410739
89570717
859147604
1498656558
2876651268
2777986224
610224138
22894742
302407509
2876671400
2832492103
2842726147
974273988
1132189957
2440136954
15063486
2832397620
21283508
2816089573
825381325
459862875
2810864210
14229194
2876695453
2354103757
2832479767
2665593223
2284003692
1926621626
1900676508
2288039995
2329719936
1466459348
2819450593
2899889394
2389947504
210580181
2307645871
2554230320
2814117265
2829326234
2899975056
2823160591
2856976765
2878296979
1965172435
2337533312
2813941728
505401712
590658571
615970460
2805150859
974273802
418566433
2871403272
2819466385
1532558942
2786303995
22939719
2772431916
2761152116
188219456
2891359687
70057098
2787185208
2831308411
2798923860
1560156386
2898589544
2742115910
2804924726
392943548
2804923021
2620890390
2787048122
62401476
2836250372
2761154990
2738494433
2793705787
2793708103
2793712363
2370570698
2459265756
2772474554
2892340693
802888610
2642702612
2453119214
1118721157
2750773166
1619561778
2662948610
2793637884
2712990354
2723287094
2787466256
2706169609
2772492001
2789657346
2810834964
2713369921
2804889186
2356350469
2804851752
2810799132
2636866015
2885431417
18957868
2891070247
2775587221
2789970937
2772494629
2820674684
2398345290
1946148097
2231626177
2464149295
1555640137
2772478730
2876644494
2876681768
2761261734
2762610277
2832479083
2833363428
2816056052
2816080765
2810674549
2810824566
2649258030
2804903634
2747076018
2793710473
2528281973
2373258708
2787375272
472572128
2856351109
1363559490
2795394702
2795456455
2856314156
1622845232
2853896600
2415555110
2775610154
2187464437
2775546578
2812406083
1700385775
2775505242
2715643142
150350151
2853133982
2391311444
2323911769
2873588040
1151010157
2856211770
2856279134
59431447
2715215876
2508953179
2823222991
2856322789
2856294361
2709640009
2814396672
2367772561
2294329082
2831121336
2522816460
2769568926
2711910492
185157873
2856286447
2856274819
106408354
2356907562
2871646489
2788911132
2479458295
2769587928
2702103763
1722731412
2228361272
361714294
2578873536
2867949343
2731211281
332197508
2769661711
2856205386
2682395394
1282844492
1150283593
2506951819
2788134949
2464122932
2731278397
2840854602
2734367325
2626349684
226761784
2836488302
974283320
1642722672
1676972539
2831303575
2856567277
2828435659
374138602
597742395
2197856160
2542611942
2704523912
2821305385
1585404254
426863460
2704603916
2427289686
2848999285
2748879870
2747240078
2836683282
1687156650
387638290
2719463280
379508299
2729103768
2593818216
2740684214
1607837552
2842050336
562467073
468988168
2392124442
1741915020
1716498979
104708507
2519765639
2208018012
169797941
806122410
2509021028
2765723594
155309502
2811145219
976392295
2723985882
2463027228
2706142784
2708692543
449991001
121420120
59706256
2818780789
2833471057
2407983300
268695915
119610564
987851996
2296363220
1101210295
2289120554
1686456103
2228626210
2620627938
2464931551
2504409164
2794208100
16922819
2296455896
2799265548
2562410047
2151311858
2778398046
2526547093
2663457354
2816571650
974282822
2634756733
2374160329
2710103622
56293707
477587222
2776294134
1583674297
2268999764
85008170
2721943134
2287883730
115827236
741868477
2772542454
111698159
1742665436
2464260330
2321592637
65721896
52678843
536679352
2577719226
145487181
2602799563
312456839
2520464490
829577136
2537937624
549574791
515793459
488990294
206021147
2706576264
186632054
2258985210
2536709162
1254355338
1239168594
2460674412
2772370056
1614742621
2425709550
300882786
2419204208
2423257081
2783708485
1867273963
2736038671
2582483226
2822313752
248414409
2784950654
2187694387
2539087693
2238641461
2418920582
931688492
522433928
981993380
475278297
2305890924
2466262081
52346274
2414568072
2483615077
2538111697
1583679367
2685085232
913350955
2687249408
2537986514
1743132156
121326617
1743934609
2340475322
2781138080
1594856894
2786312215
2600288316
2729128507
1140970262
2417469078
2775603482
2716493989
2807970996
1716466032
544797181
2263034412
2348519515
1000622978
848424284
2459500260
192888301
2715347299
2574091027
2581845648
1742495304
2450053088
2721994586
2437899902
513884514
2623903100
2562578431
2420201672
2780139674
1742515424
2542771087
2769250878
1856977830
205556014
2189749345
1741976910
1164897570
2521207310
2519611862
2466491329
2459844116
2560864530
2524130690
2402999833
2572871084
136610637
2716653876
72881679
2674064329
121588294
373398832
2725521806
748351916
2651104422
2549611014
1608771115
477894950
234061294
2639348275
942598164
406665778
2363877847
2587847468
388858829
397270359
2717102508
394033884
384846749
2658856062
392706717
2674001923
392715042
406684817
60460318
2718957600
397580985
1742744588
1686437335
392725020
1152836210
2213445420
2630002517
2707263223
1152852396
2721191017
2721651600
2653956103
1743321402
1743269520
2681277883
2185603770
2592745273
2706157718
116697500
2202708948
2656814258
2690340313
2707107078
385840418
2706821912
416206831
2699541860
2464143236
2464825998
2578767056
163745140
2700247254
974288557
2388260827
2485407967
2449214029
2703535160
498573069
2321878664
2525267647
2450063756
2471735647
207392110
2676680467
2459511522
2574565436
2464142077
360497249
2547670538
2253582884
126269424
129044432
552731585
2371533666
2462762366
2483649001
2353048075
2470304347
2540180821
2462547758
2459491844
2450855616
2466474199
2459509076
2610653400
2594100914
2576667444
2682671406
1177644445
56533763
836719862
2378165408
2692784484
2656318158
1910792778
2416163712
2288632549
2692929638
149862347
2502695490
2684268554
2677203000
2679258644
2679044532
2679594440
2353060338
2462789396
2371574395
614033323
2468935082
1870135219
1932075270
87668291
147044776
189778569
260547543
238884143
2669543023
2656859334
2378289594
2224524260
414767722
6710922
484455804
2568961388
2388208064
2665866428
2568926252
111537600
50446036
2505479911
2585764652
2568905316
105753843
117029184
276301652
263634801
1194533119
2626454977
1659147013
1640224386
2476552562
229032324
268177117
2613091994
2194223006
2192349091
242311728
2377915496
2557259380
2513159557
2514204636
2514732494
2514201546
2513621714
2512019142
2512980378
2513120983
2514760992
2514179803
2512042820
2514203041
2514699510
2513398224
2514188773
2513269819
2514134467
2514721591
2514637951
2513643331
2513370307
2514713202
2514728190
2512165152
2513984677
2557280637
2514040789
2514738013
2514631764
2514624974
2513064320
2514686209
2512183346
2514195396
2513111778
2513019860
2513132058
2514641089
2513397043
2514658692
2514708546
2514690714
2513817566
2512059012
2513865571
2512061011
2512091089
2512005048
2514684656
2558193820
2382888487
2436811296
2168896320
711299198
2513873341
2385915780
713253690
2403669194
2512131158
838219472
2513002657
1103925408
1219171316
2514772184
2513136426
2435231016
2514261955
1103954342
2448243854
2513077908
2416301030
2513344272
1850868842
2433072888
2513810041
1641306534
1637007619
2403910598
2513511811
2512026181
2416293181
1658660862
1703157782
2433079782
1310718410
2514193880
1642748827
2403584828
835398379
2380568816
2514065228
2430180391
2514724826
1965302594
2616363666
2401592418
92481486
75989343
2409142928
632285089
97683285
1926832237
2523993889
116999664
455425961
1203062156
168626559
187813241
786812048
128588165
2432859734
2336672485
2282908866
364811912
2195529655
700448077
2334227156
2343896510
92706490
1094997494
126921045
411914252
1978720567
894838152
445947672
2343901094
419666377
392564712
26519763
2325280440
1464489409
517227762
110805108
92761567
2315511870
136899037
1362118117
281615417
2233404948
1730580818
2175287904
1151410442
824903725
264103627
196589983
111709644
874009988
2240590014
171778166
1449859057
243460776
600228327
1526595565
893118732
156005263
993951462
1364645504
2176108087
224924291
938727019
2181941839
948411300
22770745
102098252
1547813317
2178078306
445466150
20897273
107108179
1609405476
176687479
254218555
634199540
1329332552
588492581
821927906
2175203977
1466450329
1245184975
2168016816
949095774
122819200
262569263
435697653
433796688
363583549
299976731
121972652
100035385
575775555
506890663
899830068
1550560940
216316921
112148165
1388571870
184692980
304818543
1915824428
617880551
312048262
421444813
410045784
120301019
881741083
947167819
1625268367
1952911368
1489916802
908289362
988212127
598600363
1065176659
713457535
1314384186
239333901
561654065
5700492
394505641
185321708
307991434
836351575
185919993
441545524
330922436
330947369
981567012
960539947
399430794
336894279
283966114
1622452202
60464189
891696973
571524905
371242955
1898673368
151401767
1126855478
264728728
140829524
714129631
1234711790
1566018344
329614901
239635406
1461660108
119612975
83098461
1883268379
210556794
330940119
330937174
914920122
144333112
561640736
1681300844
1535473452
462582302
265489552
120892263
386950389
353503348
1307604787
1642530068
512960514
59704132
292877119
992193380
849663444
299520529
1657926427
1640813677
153377018
1389669308
1162719481
256435219
1655444040
1677982682
1668182664
775567868
1676913168
1656963104
908929988
907273987
1662140336
111182417
1323655225
1663946670
1664977592
1657125589
474542653
1634677285
1653217453
1650472471
1660990051
532180767
559616384
1671983150
1712361114
843857845
1566968490
780687702
1356824108
1644742333
1652846713
626116176
617919020
381794687
1668499736
55166712
158389027
1666334960
1642569336
1037061246
1662427118
1629822420
590905632
1650568076
1333283617
168319734
1632478620
706687892
1659393091
1662674162
22742978
1660533810
1658423568
1660535065
1664580062
1675028022
1647434629
1662680467
935503934
1660790227
419193670
1662722377
1473805250
495756927
1551683472
430239119
96251595
1401511051
1690184593
1672495375
177822870
365971594
212570001
174634090
635773334
128697954
1379823985
151876189
1469837858
1474012386
106569593
172635413
609084043
1333322113
1642346822
269297010
779368189
231571347
1577062549
633435878
168996090
861292375
147092219
280940787
520492463
128405932
221328753
1443110346
1607601523
109919014
1116308490
107039908
340339911
200399687
113235387
91071506
97441148
1302641030
603488505
814580580
283301194
101115539
78527996
79809731
106401632
89523287
1631324186
885864974
475116449
170729797
183036873
402636949
161480745
1271401357
1221119581
1138971715
625591430
466090255
235887538
1450444050
586174677
484709949
152568921
72757839
343531621
126658105
47193387
144889843
1185893947
562323802
329323059
333842051
954979555
119250917
825227594
1606510298
4488121
52602742
1388751523
441709591
627833515
888121550
42091611
757152804
372273414
392696592
251483639
1009038271
30120569
1537910317
129702500
1592584159
170937839
374794255
1431948414
775333398
377764300
542667667
741464564
286435391
250016546
63020314
1039728278
192663830
1592488746
286242354
1592545651
206546665
282458029
345913341
1002778447
1214167262
297736311
61354330
94298149
49250690
499880468
1313049698
76002564
1268548543
1264076227
1336595659
1476622578
707880907
436558016
57341737
347387892
1407558312
115945502
155849013
363729068
475811383
43797077
318312035
90157779
354145802
392317032
1285462082
267980645
483082941
1062904063
538125842
564545719
329614228
1565167860
185155451
1123911668
94555343
92783304
1299301927
1486928797
123165539
183936792
293867271
61386294
1243154102
374837145
491234650
470720876
897749252
286530399
882342589
512747263
496876181
1552319677
19850687
20854441
481688811
235123638
98061120
31014088
484206291
402813610
734189581
17943171
107674379
112120946
116615646
563646483
1361572526
1259627396
1261341415
365430299
605276878
108885776
101272291
591593871
175625212
1496753281
568240602
373293476
1315831580
490975556
206869411
222859140
104970033
776216107
38976017
327265749
17018005
211782456
239400355
497838214
564050089
101756062
278783802
826301749
185156660
1325902321
496863172
181442789
89646208
95394883
116195600
267005911
105688198
158240121
105719936
120417286
934266458
286014472
191720585
107749858
260192036
253354935
1526497279
409254104
302367888
79258361
57497901
15722673
636303971
133603883
313123270
81619592
1075663340
538160109
173263947
278505029
474823850
1544704586
13374
50963010
550835057
1457751505
287964285
162077002
1063045448
1450680422
1415586618
135681485
201517062
190589983
260920107
130176321
423472813
199280434
128892147
165327836
89005882
356196559
635490695
279322104
70049336
12144232
105479543
234691774
139282975
492833134
1208586818
246310485
441460557
54769979
1005486031
1017189240
1525062218
332653112
428341833
197617056
95413359
368168553
867073117
166772786
456645627
279766660
409102631
1057722745
627163485
1346405432
90723985
140640762
116374982
914745648
357889411
203340045
625206983
1437639836
393435656
50479074
1189779110
168493986
845705270
337136261
88600587
850646383
351296923
139631790
1130116452
949982274
107431832
141173558
109195535
1343038057
100925872
841597506
1476568740
1522434319
524669533
149757242
855616242
947143110
214343084
1399503804
364802055
182108913
484416694
62770585
1165755896
125996178
344076135
80528448
1348649371
1414133196
101927843
167279088
60928312
907072813
602623431
1116227244
88920695
70946355
632603366
534862733
280440484
914719674
1103906023
129143988
139283160
741885679
23205346
348058185
1165531254
123511292
232538129
1165314187
18190205
535235754
275006974
136444107
1064892756
276846283
540066106
1203885301
376688231
626503046
519011732
844090962
276758992
582050862
131089917
59111213
185551766
202591670
936087152
267040623
146671258
135862512
302507281
329647013
257654437
281993737
89962495
146336340
270897343
299374511
1044167220
1250356046
625724486
953791014
445482088
335593521
619122560
359817146
323674061
368544047
145266100
365523532
278037927
554335063
1509446172
147439099
112850569
58115248
464682020
134841238
60049168
83491082
1479316890
244746802
226511534
114102239
134588634
135375863
94472431
126595195
141764560
152585619
915848641
72178376
241948486
221189329
262967135
103281803
307377608
139016496
101995990
282249962
16325137
163011434
50499212
72437550
260181830
94749234
324602503
171257246
167926593
130519857
107153835
99864021
147179761
56823399
259662062
68999559
274759229
139598867
60902598
525927423
179951635
51652720
190011214
141357535
555865638
208984844
70377810
279406742
143702681
152318943
1427878302
1376660978
235206712
184898072
1095463722
112724844
80741351
1473979681
1473939782
15657266
89496720
165857077
185818858
1386215185
181099378
276236685
4393001
283924804
597073344
50094643
121958103
1484705418
457421265
314397323
852695646
211757382
97166813
586501936
15285337
362430713
310653508
23089230
485545390
238611238
117339814
726977863
25624275
434723323
128536327
101264587
133597060
1458348156
1472215850
156193314
814953692
262521135
1385371075
429129472
376677814
195092201
275880110
156485826
280431701
237172027
73657657
142148643
107106461
417098040
496441709
1108300640
533755556
91828665
36341609
601788755
324083757
553522007
303826161
597917537
18426700
158612885
267041638
81779480
789750535
234700471
186855511
381890017
322987091
217689840
589798052
181860532
415601806
311137675
105529019
226029936
336316010
1409530566
583322031
268526307
505335670
380268950
882310484
626020240
1427863872
485387505
229784553
372825984
477513005
96708221
422457108
450403843
142631290
467250563
96647997
269593795
1450528842
25959064
489988791
17714851
96164722
126865426
44502620
468165992
963641204
240561093
348808837
1474864154
224464206
407477051
773398369
303253211
101439879
5575662
414912522
591505432
937155896
281958857
1458899263
102707844
1271245057
1204071438
219171020
223754780
523439557
393740157
238068211
144824619
158927348
95772632
101494686
279995080
571425565
331485419
1280285155
589728410
257860097
144350248
1425209406
1160001780
160133127
120147257
172701770
330931242
330974935
608900226
1147276890
1430045298
330746437
45459581
128695757
1409783412
266175798
1051397160
894839190
841482428
1038971275
756972679
123608333
128922981
403747640
139974630
1449769470
479304386
132533790
1071605298
335243426
1417913922
570521280
1481902286
355935638
455752490
144590452
603319373
249096055
588156342
364832059
512465615
158089215
189851428
330675948
326549233
407536056
331000405
42759286
13406122
364706326
750765205
736736112
1100209993
342468382
881706056
107697554
266370257
1422759625
97091695
332198153
606237362
276512193
119039319
50028599
544357257
443588087
339654004
728687143
169506023
622922925
121407078
632540063
356870901
95647380
842645382
128930103
107914857
311946023
1386408901
5125501
267412062
322584331
797828966
267557495
1340810292
101388511
329609215
133311425
618552128
124313322
119256780
102522977
811933609
167288708
75658180
95862193
253525807
533334025
83028815
145571977
320524842
38171749
240609104
69614233
107215051
233111629
599924935
505747057
48264099
1132177602
517511006
112328242
136599912
234921500
188642567
125681332
127499999
90820865
