35400016
314111909
4641468973
724907110807552000
705535323481182208
325649413
56321489
3745772896
717810972229050373
705556276986650624
3122983383
20720529
2572844671
2329498706
704689643095257088
627208970
714295573353000960
40728125
16703058
3294572733
611817117
2808523825
3351294934
53544165
718283777110355968
4771291154
1596959646
1481308855
2706009970
714120838824402944
258473453
2151729349
14134204
3735344652
34716038
4879605717
2332526420
2599577222
3292105935
473285651
582678395
594894810
4411285400
59195634
110217937
582677288
4487613196
2201401862
312937196
1048357135
4282534934
386829042
14620049
1731238256
427673441
1231099225
696862101009096704
3186958690
4879150919
2823746510
3429399255
1313966952
21836409
3012208507
3354244943
4694028948
2335923204
2246611550
2428776326
180893928
253386524
298111602
3238295587
289644070
2742010921
28197573
153966123
175500549
3906891074
1489703012
15447777
291526163
53112612
3379513473
4717010837
1636364526
4533473302
2906964189
4628022143
98297258
257922878
36131823
3122986631
197313622
2347212422
3845655196
4401654623
474456948
213495294
16572109
2602973341
81276442
22589449
21466375
3241943533
2232033499
93111391
2202285444
1360482752
17773820
70443036
4235223155
2758320232
71741194
3312127100
263342091
37993489
46293713
57011503
3411768521
821187889
577028724
18703437
157920406
134220362
1169924646
3931165277
297882633
3911110515
587764940
743856512
1933042237
2961721237
2802238853
1608394254
3327534157
487577386
339958311
2849847090
1290809845
2701108374
29165172
3284612605
3793911923
222691723
35828529
523902949
3184863421
3616659144
1354039808
1450929259
2870515126
238783470
3144973968
2433107496
69343161
152452830
39814176
3424356982
25086022
2433112993
1658092255
3146721548
1385203406
3105128206
2468867313
45038044
403877132
76966092
190906140
3125751245
2969086467
77525513
233274595
3419548973
1703645384
43306669
3448153517
30447962
2907306431
34087489
3319801441
41605520
310660918
3129994461
108196946
3536718435
83693089
47108732
130913742
792011246
3220743042
2515743301
102892844
257969839
349762499
169688318
119561949
19887850
522246220
88621782
893834852
3438864585
3307480828
22368121
70469623
73986605
16667912
3025462083
26789906
1144068860
886882542
3310308450
442433115
2563755944
3338196647
3019121195
3327787073
63029766
273650027
353464642
254522554
2424488172
2808219345
739863248
3358625135
304593201
3307216974
245174799
2518739700
2361707564
2726055762
1867224614
3432659529
245520753
2413245824
321134509
836760402
3414205697
3319645058
83631307
164110705
2333017830
235272592
617717042
228020119
3249140718
23458392
3278590915
487308755
7691312
1908492817
302868182
2472759031
3148558542
2256905054
1901104399
3307684510
3105079378
3176128965
1849258736
3178373878
2939022947
3310692422
3006676329
991432730
19089077
7789342
3415278447
2547050562
2168203262
461646609
2845857403
3026636968
2287527962
20182317
2932227161
2637944947
32135630
20442395
69112295
21335684
458131121
451450856
2588754918
208273358
138478079
3370092953
16930125
289224430
3114154118
2764307346
204841016
3307525359
3307505193
3105737981
2509002055
3038572789
1962117006
33014441
1634199636
3328688489
1379178673
3380109945
19050461
32932388
263359642
2152347661
24733117
709666890
366406586
3225818301
3375657454
3279117138
1566209258
14634791
3368442869
3369404002
3369358307
1536399169
139974630
45075781
18213229
792329258
2365377655
2693406407
30971612
10870512
172021726
36460498
63299083
3330624773
198603631
3327932531
130748033
373047480
48217322
278770142
53210455
22894742
74186243
3195747036
2889339225
21062680
324436261
1862439649
1920628039
246494787
3219368202
299338551
24626699
49728843
1128163856
46422645
3323550214
286428176
19577059
3321553559
3318997222
15152977
874033970
179615493
198483889
20190507
22842014
2972501658
77128292
2829710869
1342441064
394882876
383603712
2665489905
101316162
47235439
3291664479
961627363
486105670
253016437
232342189
3288335103
476020625
15444539
190841794
769036662
1668750972
3152124313
601001021
21600530
3238255587
1690190647
3036909997
3158877096
15445129
1602058700
25152538
112918463
19380743
270410728
3222908439
220266778
65292722
1968651260
81972779
2951545106
1877086280
2950655415
2951106493
2656243922
49081015
3171379010
2891764707
242601373
32134081
911093714
366760731
2983151759
82884121
2586200414
266420236
29360414
1108676095
197160433
496079614
170404126
832090357
193930027
116512229
2255453690
2555515812
233333249
143398747
3088711030
2149082917
25471833
805230144
2907039245
18040878
2917971223
2802464676
3038390742
69304018
59913347
462752236
3029447105
420598033
141730776
27574912
1265630779
3019661611
327787349
426469435
19434943
177580692
2960721034
1376174935
2478893108
86216486
2958601772
3012598608
481531888
20371997
2408707802
315267238
1008587119
183403584
912981500
2586990338
2246777024
40762755
291823814
426624306
2994802233
2994424377
179423028
341717260
1241742744
2972571268
25121410
990822398
2982261671
802674500
24277551
36315329
2496856376
761755742
704407584
164484808
63339111
544441771
22802715
535419982
2955528524
2953458623
1398400675
19371510
35914348
148000482
1357831392
48298347
157167277
64461499
295455958
26196291
2415424879
112479899
2926236041
2898185867
18467630
2573650842
705962246
2489465119
2869700079
2766453822
2860898039
2865732913
14292717
2710159813
36870391
2803291138
61037788
36251804
220796796
16479300
2751145249
2783642905
1671617695
2747309524
20453211
60778244
69734008
156282036
2646709136
153762438
2551073232
109038333
1895763541
579042543
76786636
103918084
2443805018
288289479
59129187
1733532806
2227454358
2437946546
2414607757
34645143
2358411294
2411238186
331520440
2163691425
1599976183
297193926
2382091686
626592737
2387398140
294786186
22720424
20189594
2383554006
217930287
18968456
24706975
20120026
53078343
406648876
128723792
263314570
487543112
230781130
2311078961
14579415
21871768
177475572
14776517
101852019
24547754
30921578
713505217
42368185
2327314554
43437662
62624265
338670712
2309581940
65580312
275892181
64610119
278264235
2282290484
594148865
1268237648
1864414129
19567895
1604569766
1938799314
201056567
72123099
273460698
2248161745
887733264
627909498
2203634438
1252740271
21925152
778086
156125277
2178585840
38995271
42840726
2160835015
39278381
35550666
8825152
51641642
1928907746
1284619866
1905007488
1901818968
291530517
19082869
32775428
1056479850
427062202
235707064
505808599
1726524174
251570283
1718627708
26149168
511749725
992318730
20008658
1341628620
1692359359
347272439
932945646
835719384
17219122
142743720
255897047
15731279
438284620
19266760
69152068
28609576
176877843
194393545
182479082
1314017862
27875238
15856782
38288568
1629048242
24590703
1610362099
18157078
15870479
1544330882
792698070
396362309
14981433
335455133
725327858
225057967
248980683
486827503
111164401
356924997
30814368
374289537
1096838286
1412230262
14763494
1496430390
1491897278
49877084
62391729
1476599966
1472808949
23888081
78406355
221646542
123680447
349195566
35777997
1169917957
594108845
15814648
15937155
15633
30103192
38996657
28387068
27787978
33661329
2241411
369176732
100070670
33248856
38590489
134934361
231819250
405665066
325854301
14912003
18717370
118692126
449967071
62649780
733213790
12123522
38906069
27461590
620286724
14271506
1140553681
1186220970
329381912
33830333
22267398
27921148
469601660
208875115
32375743
612589555
22282573
175908017
222596197
25034687
783169111
983998370
156643968
96628171
78966686
572805882
26901365
188171202
518864516
112456862
186860324
482053653
17516403
946447081
24236942
382478396
123282767
992583488
983719466
95301167
294314705
960525181
273172332
509767223
20807229
197679468
52777985
162616280
66429665
284961454
58065700
976693812
20107851
24906617
26005635
80856714
254316661
20126748
500059090
38486766
26764100
868637150
47913131
36880492
919519898
517311198
56251116
49638088
883817863
205734956
373534908
305713935
853564830
24845829
14982804
448268012
851299062
49244252
558501461
14246001
54394444
40750270
284777503
122249150
16029522
166542042
390477258
349049976
756220825
34758237
587725632
24958721
320731955
26950569
37414026
17159560
17699644
29491419
345718911
258110084
66809470
139185720
394071708
264913589
26732637
634139348
137214693
410309967
27560001
631114026
630763282
30016665
605399456
621790469
240398545
51026356
391106760
58287227
13850422
141953340
15002597
619192006
238805694
25918955
614230206
388621413
199701930
198555857
18215790
524728845
112351296
376655798
594669633
258937106
16247719
590750261
552098462
43047735
299484753
176689429
284626595
170948418
520572841
577265561
67813498
94277917
573956933
33588915
231542259
564546987
590066837
15778722
242508382
17504702
250690720
196308684
45955831
575358627
21947443
28404196
51480453
122840994
40834551
89602237
49698503
14539292
37131364
70001261
167956470
112258356
43626172
102725383
12792422
38737066
388456346
20052710
516591079
89553534
329918729
20352277
19121448
18700519
355102818
22077368
99814274
131268540
18792133
96369219
432040305
423568512
384716969
428328584
30550346
374761263
442082304
504139997
358486041
481471392
23503164
495865923
365871408
493523765
26159445
227042911
21515413
465917281
52029915
43821672
482054740
247308931
119294535
167944115
461671043
460627926
19172412
79643637
15983871
422310374
414716830
94493726
457375131
456994513
186402656
427870312
320697815
62565896
444134860
31277440
429460511
440144552
41425169
48358197
295764427
132986633
94671339
18368991
16704667
42278686
24718658
17265886
164363657
115589933
341236135
99846363
110428825
421999215
388839941
412736628
34926862
15910453
330063292
374725923
55950116
21675562
31646738
67134151
36800216
390156098
327225353
48026983
253255401
229711539
383266218
182873573
27181893
16252695
159563585
280631622
29238700
231908332
28237965
144973436
156013288
23407855
16476281
363016621
43030659
351073309
102249589
36818685
27999034
15273747
353130999
338789626
72583347
342431771
42692687
351367168
340624542
56209717
246967110
350957264
26042984
211022971
86114000
111088591
111087415
343788103
18008839
7751892
37836873
256281280
23766073
338150507
298450348
65230487
229227683
134067558
325087647
21108987
29209228
21541419
15970567
19693183
22224487
25256369
307029803
101951540
305938798
16271167
45725890
63884929
295630531
192535880
9433012
49857648
290251349
19156536
43861385
32915497
14861702
28205728
12830402
243988149
147787042
80349771
109363246
205563322
27443744
15514266
27029537
14427403
23634358
43929699
235435308
44673691
125774820
192534055
36200370
30238919
19730469
43773849
268803895
22261459
22047229
237354012
118894201
178400892
101851165
150894602
16413611
117940142
96678786
32684782
203770783
109143686
143869465
19278408
50484480
34924234
56963343
82192102
35240742
28501654
26570669
75442117
18606767
206265312
57616597
16624180
10615232
90658433
127446231
109390273
195656988
161878932
40954857
68298881
18791763
16269666
49757691
200097817
200094095
33097291
189063707
104633168
14437914
106835973
37181218
87307305
87016815
72863013
21929316
24718774
70270028
45527090
119937743
16299754
33960482
124900370
17996596
101789625
60611573
23497012
34350419
102497972
77627443
9411482
