724290564712202241
704535761161293824
722191011238297600
3413945458
2261821020
706638545943994368
705135767526514689
4794599261
4923887876
954606920
4886208903
531419787
4864581507
369827660
1190825834
4805007024
2907099267
2887618468
2593696430
4800069795
4709959728
2912656738
4610360718
601307946
4519709054
3437278943
606477129
2542373575
256500168
408908347
295004759
4301632276
768415519
4260370521
1244855947
4253971941
816167288
4253503013
1460334499
4218586821
2209362971
716735870
379493652
4153041747
2933814113
4127311575
3845726781
2261889035
3399566417
4129911563
361563175
4063168394
2914324029
4002316162
3554641759
3897203354
3864601272
3865039900
3690555615
3707677649
616658664
3528661455
2380940630
3432370012
2531766453
3325648534
2381900260
2317355331
2885491480
3361547147
3378906586
3366938709
2905006081
2984773281
2408980245
3350217801
458750375
2259178889
3252796692
1067414264
3335714649
3334807197
3147271380
3328511127
2453900432
3291389807
1881286374
3191856146
3093691323
3246941951
1584229094
3236062827
3216836379
900562860
3207085126
3169391407
3193149832
3045242973
2468072745
2377569244
604175739
3054831945
3165334390
2607071739
3154993234
3153792934
3128913954
3074174179
594278004
423042123
633953571
160803265
3065798287
2951763065
3056699024
3056023281
2746701048
2995871842
1866209953
3023547862
3022281616
102855514
3019272045
2223885105
2998461897
1636855034
1593500329
2989886878
2564010781
1066681226
2861387150
711877932
2976607241
2964987958
2961349108
2958808476
2958994373
2907083247
1070587098
1252860248
2912287018
2912044390
2919004020
2363850437
2857954036
2891952033
2891235677
2887701238
2887424050
2549069251
2878202668
1877530310
2871751199
2269910127
1012450022
2857190945
2885308134
1711701715
2192251049
2826656097
528487706
356474957
360565331
255690388
707227142
744293240
2312699711
2778355667
2777000217
2749638321
2423292890
256705515
2805675768
453533493
561540305
373063834
1324881764
1154310140
376538950
238451442
2215969624
864918708
739594478
2765057418
1247386243
2429443015
343098409
1924627142
1238988056
2619988897
532499591
2737841735
2173039237
1084687506
2252657098
135242430
2222455647
2266287004
2729238153
426681559
2723089744
2664480775
2546427117
1607028709
351288328
854867653
387738417
2607513622
560495827
2555855940
2545012751
2502208736
2466576876
1594569968
1564466588
433751615
2470647465
892199906
2451016786
1704259820
2428066479
2423457119
2407811549
2389321930
372978887
2372975695
749867383
386305899
2351699015
2171552265
2369384035
2377056580
2376029537
2367200976
2361317836
2359437705
2355259463
2348006621
985756952
2349426873
2347351281
352829394
2346287652
1112550692
2339983958
2338604063
1402886432
1165922461
2299615235
1320426211
592878666
2284207991
2304687423
2319159423
2318406106
2260204877
717642604
1316451404
2151403121
423799499
433046874
1942452474
2257238691
2243696374
1103975730
1060964822
251848234
708301056
1912766023
2296404460
708056040
427097573
1244106150
2288957410
2178786179
322293505
2278063234
2288677382
2266839280
800372293
931023900
584426609
874616918
487953275
2181078373
494528636
2256469925
2256491159
942630462
2255384343
2190324941
2253098303
840972343
2252386767
742149002
705782285
928734385
2173815477
197920285
1094066724
2247284259
1914119112
1033358839
446460639
2175359216
2264702916
381114164
297610805
371959037
635071198
422290315
299312070
54948059
2246252810
2246070210
420402943
2223550924
2222645891
48885390
909015374
1621515872
592884825
1123648202
101052969
756238483
2209740543
1558270327
1869128570
1593850297
304074250
583069775
341869200
2200018785
187725594
2201277460
614817521
472545925
2178363706
598803959
2162030403
2157284446
2164311322
1286784505
2166652293
2168712705
2159668418
425930653
2154345191
2149904284
719913081
713480451
1708507256
711701907
707183567
933160999
1941676440
1934267174
553242501
1924957416
1921510536
379996865
632139695
1152814927
1746956510
783514123
1869558727
344276589
1051771201
1602662149
1858483944
1849860540
409685218
553845566
1724029519
448085207
772488368
831847981
832014426
1679468539
1541946348
1517217644
410987016
998546234
1695283099
208248727
404998745
729671005
1463435719
401417386
160231579
1523795617
1671808068
1666485414
754399172
1463623104
1216571041
1602643759
1655201222
1653186900
1652084821
992250655
1651171170
1650724752
405791345
1308744829
1602388117
1639307923
1639214886
400348977
1591718863
1635843211
1631787330
512875072
363348339
1599048619
509214868
1623385920
768279492
1463683657
832140468
1528079341
852148358
397594223
913049725
1556058324
396978114
1554978002
719147484
54942366
322818225
1547303952
1440080983
1212576109
436312679
1483584128
339894849
1463637325
1468586335
322946028
420731071
1405998937
1405911236
379878094
1390861171
1388128645
403031470
380920678
1340655708
760861927
1319418668
1077608312
1343267750
483481446
1022905783
56549149
444290791
1330518894
630451985
1327694916
1324799750
469850591
344690823
302350881
1195352774
626035276
1276450807
588557559
1220289559
542080277
82884560
437767028
1209740660
917199236
1221700219
1220338837
1220287190
1220230764
1220225461
1164323250
1211838469
263454250
1038569868
1160906984
712041974
258146190
1126110584
1110226274
900635953
1035264109
818220428
1113024872
1112997246
258028410
175858874
1054191212
594101781
486117787
991392348
527962311
470706745
305850626
994232640
1001608513
933502663
760928041
455167147
964395169
262467110
475945893
972758112
1051494714
509476780
928732782
1067397716
271076451
343797098
343467350
543069886
419930653
299388626
972632730
944695104
266942001
439239966
1066979336
35874780
839840874
620657494
289924774
415982094
992031408
869024738
392009654
1033681741
322241303
512214536
1066875013
