1243996794
3243036483
21643431
113188476
797955145
2442861354
880790892
2354597778
4623666445
353532628
112736301
2154475518
3354731879
1013654179
4393349907
441806834
707014838644441089
2832487718
722367936686592000
2620614029
718591579108339712
4591600872
386770863
3140992352
709410336986816512
3153122011
22743455
8108132
283560526
1669486010
1098360060
2646409434
3372978604
2995333841
4401820648
26274219
119244178
2596214978
3031681064
3039361414
732019663
4845158343
4517816540
175542328
4084796561
385393697
4871447213
4920545545
45913049
4693579224
218423826
4845260554
4403143696
2826764011
4404012681
330298512
559364707
128632829
414120540
4849093454
711846895266766848
712166113933529088
361007837
4404286463
637251144
2834604862
4844742185
4404212423
4857406739
4617096252
4401829755
386335654
4401461355
702647471953027075
4914379421
176565478
291283577
4404092297
4911973874
184567594
4403719229
3220064290
4843005572
17101775
701447036885975041
1349692081
3024416224
3024358571
335325479
2252278163
3391168935
4599698114
166285307
213400610
389285346
4636568902
852760537
3941384307
2349076153
4039614794
848217163
3038095806
4455675680
2821592332
3145012705
15512948
336075069
3949555935
410194508
3541752912
3619584313
342977614
632229009
2660345310
300529425
3270752162
168783540
2526097011
3407113219
919860212
208139326
16931939
3313742005
3253487226
1890318780
3213922162
2873665342
19362061
3355280915
2987926852
180833680
2816127574
3207614571
3041353999
3252133393
2312494016
471033216
3116907447
51744125
360636296
332017918
287885364
284241195
24172445
557291258
2891860098
3222692112
2524816424
30196194
382877706
3172559772
3147324861
45454350
618237663
2490700826
3086338840
2841543051
14466526
1254044786
17986973
2675357195
2797405045
3032395031
3011385978
2955759064
3145575577
1673315930
76348185
2910305948
3115563834
259056263
2589484789
2425055288
54692167
97417064
2792711860
2613767216
18123967
2994968820
2996368654
2994830034
2994913488
2994943814
2921672020
2987283951
154788657
2492754043
2986622299
2496046472
1887377754
2891501795
2898019258
15706633
1398654900
143820285
44904093
2868135296
2349139483
2765891124
43482421
942230527
2875579821
45066722
2824103945
236915754
2880542290
1887352273
33923443
1603509168
2860741444
180032621
174668786
107546283
585966964
2854647512
2774288658
2729499029
2668860806
29055063
2222889970
2580205796
605627910
741061891
14660807
2434065096
2315708365
38743341
425100662
802862982
16743256
2328848259
153695281
30025537
2312279095
937614253
2345046816
2275106179
2337853573
360059240
2293427869
128268364
2242697648
16248319
2202877260
1938775740
1968998287
1948785121
1610435023
2263532828
1947251552
108336933
84723006
2211564786
577250797
889559016
2156488981
1799326662
1887428420
53242550
390774619
41390173
1037843011
17131519
103966278
945043674
1330061936
57246920
265714528
389049899
1329726122
817552459
18148466
349825566
1274267125
1261086860
1232518896
1070929081
1107901033
158376846
1014527936
