222374520
159008138
719186866004733952
106748069
2248110577
2884020796
602355847
33256381
614711212
96010668
2469263035
930303686
3065837189
3144678489
23539974
2815150281
2761429998
5002321
17602217
2341477339
32269142
22910440
2650023391
47090781
2631636954
369460367
259538502
2219142791
2306497458
2384297426
381588866
2427857621
2562104119
623102879
92221360
216872000
1605950642
2398450584
239233506
913169762
66022986
2358955294
324923029
1720771543
1201124160
274774477
370865065
761625535
5453802
21326648
454206940
433009841
42948991
