3019853330
3234385929
2563814487
1668821198
375916477
167546604
4789158261
90570778
2827928157
2347353810
4745220557
710687037968375808
520971739
37435412
708323430555189250
385397497
3392089751
3319468690
38671569
339832905
3331694538
4626155019
4802053817
4862414500
2356738758
3114005242
2952676618
3248026803
4698465534
3313354242
1183838114
485236383
39994652
4699759669
3310375302
2165315586
4548566073
1414331796
275041063
3483714681
2960440083
782030712
19552414
389825367
995324587
3266906581
2246088440
4547124865
17708053
16032378
459534627
3825502467
434568798
22411342
3364151615
16034244
1555874443
4332426821
4391833035
16076792
3220707434
929725027
758328487
34534128
2754857585
148883773
2980328157
137460929
110528813
2889223110
2853437580
328634816
597238204
2562023232
2395952185
80671448
2279572903
72918007
335197167
1397983850
31444711
308226281
1449050910
1873036813
103646719
14777215
627607050
22536055
1409272686
400207070
205837853
33247236
430037432
447160421
1374945066
576105849
40634780
