4872704997
2571861668
394922895
4457109573
3966024618
4464095295
4464267021
4457422713
4464706277
4465257737
4457379447
4457118742
4465069354
4465428688
4465386257
4464617121
4457402541
4457474236
4457547447
4457752167
4465261876
4463398757
4457609715
4457828903
4463514047
4464087707
29585812
20571051
30593118
442022120
722099970082521088
773600893
720724782124105728
762389232
2298405554
2491539474
3354084935
1635331441
2172793459
167781199
1353696488
19306111
25506954
39220432
928735272
1023563192
3219127934
17094761
636924262
298362393
735462708
1904964295
245641936
3183430424
722438829525901313
3069192932
718411043660242945
344686533
1600879674
4841475441
717755181916676096
2996292757
717591108746932224
4886365173
3006785033
545808541
710816815576821761
2812404403
419216683
1436370108
282569265
2742314082
3314016392
341190477
3023037872
3854038335
2987021381
720642519713783808
2667812620
30892730
248049470
378830901
69632909
79776634
597054091
396713847
1673683718
4599052589
4173383900
706201676546334721
550570204
2885457080
88991492
3376498691
2236901683
1517959310
101988465
3743139732
880955617
4119870200
169653292
139494897
3643261457
3072251422
3076502181
3786674008
3322768096
894005126
408010302
3345489092
2798650465
1061614729
367901612
3299663169
1942483730
1693095086
1567404768
3245435655
969808680
474393231
1316945377
913563541
2712229590
2438978112
3140343836
242758672
3196680215
3058234973
231942751
3116644708
311496971
45695906
703677376
2696783496
1478139949
2707326924
2759154682
2862026609
2992616194
589294516
2983341081
2827406921
2970459706
625250605
2934234431
2914267373
1011986790
2857026176
97844376
98034957
1378641222
317411553
2421808433
298267876
2825664774
1010152345
2206196497
2724779531
2392559264
52149032
110306804
1606894969
430318044
621551402
1052935560
1576243604
2817112976
229517807
484133353
2779881689
1699867028
2800236078
2757877617
2657613083
971182789
18438022
501324337
1858537093
2592536930
2725956862
2579220558
35596426
498130479
583259147
2514471320
2433558168
826923817
2376202016
1583214086
2202998375
2324475973
1898699594
2269730449
50132339
2273965693
1466047016
65294633
1580995700
2274008892
93058125
2259538107
2160017096
2271952616
1624571334
2253220618
27918396
1636850485
1473773220
2227847038
1466526060
2239866830
922099824
1343583302
1105167421
1859640631
1905969835
2193309278
2201597034
2216175409
374581141
2173383062
2192691592
2147934670
2173062206
1694195678
2194765631
2185352987
1850147353
2178083488
2175174488
412969101
1942756441
1949553894
1718096167
2151742828
1607381522
252346924
2150012545
188902541
2157122055
2181220102
1599100476
1276536018
2176616182
2170338809
1560871098
619873851
2184428418
371118930
815953650
1724308861
2169236274
247919355
2157241230
440626694
840744258
1950084823
1450434493
1497084313
568010394
524657792
239233506
20291704
25228439
1475795568
1311069474
1340044124
448706811
958772137
1373724650
1375444638
1371534422
562304733
1313243562
433144628
1314859945
1324192429
1315635667
1323567636
1323368653
505213551
1323648434
1323398472
1315062846
1323543480
1360121815
1123611559
1352667013
1360041236
1315548930
1356985963
1057146918
1079052086
1323624199
176671619
307755512
1322200250
544818572
930748051
1301369065
1167762787
1264639380
1046453137
767144132
241468607
1161899262
918257772
1190330856
1159611798
285724339
180369809
823659806
464380208
149655257
59804598
571559155
1170202183
48285163
298841484
1136306137
415122904
1167508320
