337988442
494666672
722209447339237376
722180499733639168
720658507029209088
4869521237
561634431
3010593099
710189166735323138
706869766238109697
701188874383581185
609314084
3023329881
448065140
1491118838
2339626664
3648650724
324128705
597933601
4903527910
361019029
4220893751
4862281946
432840704
580557309
343790429
2615249668
4855954906
467705446
268051771
285964531
2208226255
331362882
290851057
3561436875
4473751235
4452231263
1325397612
4410032961
571798070
848490498
236525983
130232207
598694578
4276820235
2506688997
386633730
313365876
4153841303
4204003809
4207595052
3507555620
2899668558
4114554142
3426706759
881393911
1739780539
1332422678
3658386201
3148852015
2646531006
362100839
1329935154
464811215
1308972050
3645435561
3472389136
314946576
2314076370
1872662612
3658539137
2690252539
420435858
3572647762
724546632
1658728417
3514838481
3375952913
1059394903
2857826236
716459334
2412945217
3427325512
1322592271
337436423
3403163987
1657070912
3290907972
3388815124
1278709615
3384696971
400465203
346942182
3367218735
3365361976
3364809533
811142388
341014959
3075517123
975131618
3302383186
285135592
703236545
2300568444
3288943425
1007431999
3192654630
3192554173
2824195792
3004732420
383031860
3199930827
3186581519
3128833870
594180782
342565785
2694540494
3116033048
373679920
3085358945
611874063
3083405747
367575274
3053500214
2453555328
199841322
3010201931
434268619
260072678
2970427953
3035479241
3006676385
1629248527
2797311810
3027552622
3012615210
3019341279
3019152977
342760408
1698153787
2757837262
2950009515
1913048419
451203455
436252081
433484510
447707780
2975766402
2974126715
62935478
2970869266
2969033403
2965485945
1011609378
2961276724
2959287178
2369366942
1692008522
2955565554
2950773556
2949240618
2941714689
286464639
2246773002
2774607502
2924033241
2908961997
2909605132
2899711725
474438796
2913283195
2786496058
2893473273
825771540
2891606381
54979548
2885033434
105631626
2895244398
262347438
2894839656
2421907183
1721367535
2851342878
2351292764
2680998669
704164847
388038260
597626642
2275457636
572284893
2748639357
2772836475
2727346290
2214729840
2701835725
1651793000
2795243394
2763200763
2792334565
2791102537
2761582647
2379730940
2788992476
2759537949
2632306312
2783377334
732085093
314714599
2764652156
2393116496
497256731
464910887
367525063
420842677
928719740
446445948
2719265935
2291193124
2729442250
1087718928
2722344615
2704972895
416400023
739230319
2389901923
414440707
471283788
2707299262
280150986
1690732806
2524484361
2669232983
2556066619
2595852182
1892116741
2635266424
535960672
560768824
1056029316
2471623242
2521879154
1863953334
1349848992
2485435696
2544595806
1091943546
2542553600
2559685059
748441524
363958465
997323890
323915734
2524293019
2561260343
840362588
2307597205
535694380
428505555
2495390588
2245643244
2450350969
2535514990
745523288
2269428908
2523938163
2465638464
450957147
2460610626
1022937258
1457061871
2417885484
1375830223
25552654
2431265941
612170025
108099567
913171032
2418257708
2417529816
2434513079
420016741
967072002
2402009810
2396974879
264323585
812189455
348815544
1976775673
2385997753
2375974801
487558903
156153502
129237798
844454886
2194919298
479816693
173864201
2346166040
100670435
423784613
2318369293
1656850333
2336144598
2332796348
801489391
393681256
2332726008
1373391151
2315720150
1575795216
2328039871
1217045138
2313977978
2315699250
2314788020
2312179092
2298059824
405296118
551228582
2261793296
2275382268
2284126320
398266689
2279913601
606790535
2273937546
2261869980
1624975448
286274090
422400099
1938749977
98288395
953898456
1844368789
1717410079
2187462836
2247628105
2236507153
706213412
2246301660
1969912614
805516020
356535225
315399597
955471267
779394644
2200724189
269352221
2245716397
1439816510
186863729
2178589243
1700797418
2236650732
623870828
35881740
622297333
503988779
2169433574
1025121024
2227311660
577739922
340944951
1922051430
1666510196
421454280
2196052767
482645029
167163540
522580341
477946209
60380403
396302736
1499671796
836597750
355743776
1711105135
334863795
1674582162
1881611778
517974983
498479130
830914784
554751775
513417003
251861066
1663958136
422707346
705307902
1452498246
2162000168
2155998644
337970306
546223335
1210202718
1226332094
2154008047
268859430
602935160
82633900
1955539788
256237024
17515299
314361409
1948277004
1056650023
1941179821
851151427
278834304
493668928
830071424
286524477
729726906
331417817
813800622
1250656597
1879785968
956433787
254834995
338154225
433818028
1873706544
814978987
157436209
1549519639
383803491
1293271040
387710098
565234278
1677071316
398260558
540548172
344524807
305335220
536446300
243025311
449443371
803387574
1582185847
174485354
1653012319
331181817
151969627
1345457234
273143378
835398042
1663837440
1656208747
262934394
334262790
545642020
867071995
262208433
72254160
1380295122
321795639
1025695232
1636546628
737102527
1642111352
405920405
548730198
1619274385
466033550
280282039
521815068
626965452
1611883112
335372143
435318640
485890735
437923832
547333227
320039106
968452633
387969462
1579286480
1579455991
749706948
82208607
471388217
904914391
566783490
472502117
421260336
336199629
608869227
1025130354
369457216
449854439
1452592860
264777296
1529273780
189526536
355326705
1518382591
801198126
1516257672
1515077257
53972602
1481470939
528590354
863698718
147282522
948996128
502119026
625785406
592907502
601353256
822541046
616719501
1328484882
1409039850
515566224
915854935
1040594574
1458441673
323452826
469709472
885332743
317578855
1263421033
1437074256
748048416
1382754042
935601457
1416811249
314941493
1000447056
117796517
426204900
38763336
854002118
228450235
460714952
1401242792
613108953
423876467
400494869
1365597235
386871796
915790926
345050186
598844296
566847168
566122575
361553908
1361627418
783533636
350968436
841746786
823084050
433524102
192443548
801612247
1373235121
1356794918
1353380582
242959750
844452186
98929003
619108439
1326266438
427560336
1086749820
326250154
633796284
250420388
1317356036
731921635
387464917
317928534
1299550236
498515877
810201468
260444765
739242992
331336364
378823066
324024212
444093444
496545235
633898883
375896856
1214427673
471630184
386640077
147747152
365092247
470376243
1087617073
544880499
407371901
896441496
261871767
211327670
369810790
559992654
894424634
171758613
1093452828
1125000216
381241148
1146537601
870810824
717097422
1048723261
392088871
928690602
319894096
389201141
393707177
598982610
435299591
341636197
590268388
492746491
495420771
451854540
567841218
413598859
385158036
112271648
