2251517024
18530409
717685144409092098
4893441178
715509353764225024
4764984271
4136856017
4882415600
717690346814185472
1372422468
1145803680
2912794842
4095648209
704588224652414976
716678223636013056
24177163
3221802445
724230560281927681
107764088
1114314674
4289665849
2485992205
194831667
719127339024515072
723759104343302148
4874022717
3035842413
4865814514
173419497
986397350
700600791757774848
629356985
2577175568
700439935753453568
3317130618
3389246361
4835055095
4820612428
2547556782
1197664892
701506808490369025
717718130055901185
715306241845764098
4284342315
38142442
255702982
3210050833
4258317802
700028888668315648
4701789505
862072958
4483650988
4378835726
4643969243
704230883537133572
3044671895
3182989807
705426087489175552
900428774
4061823929
2975970063
3935701157
709573917749460992
723474394933276672
27440571
701263771273183232
475292738
4132573347
2203540742
4852242100
2190159986
2189982289
711220822007013377
708966790731317248
4902521059
710460277498597377
4491531442
355725885
700735944996077568
963272100
719567634795261953
723803903507107841
713746205583388672
2342568822
470072149
4119373702
4471348340
708947607784202240
4327675272
2274275760
2595120937
719052815080013824
3723083062
706998590535639040
2256026154
715868115314184193
127131235
4872628026
2615808409
3283795808
713258736681259008
3949906875
328253471
2398175318
2887720663
20813935
1162959528
3025928386
4900235543
4835658826
712415150175682560
718072171428462592
3045709784
968145546
371472094
4880235274
3000118119
709154082133577728
715535491920109572
3995650660
4853751629
142552461
3250130753
4151882884
4836332044
2440323817
704016369210281984
3173084801
3011476488
355422767
2241932245
4867049986
3856172716
711191355406618624
1962885691
62103325
450306876
718388055481151488
2892067715
713048172227129344
713077708729745408
4588711989
709066984734986240
4877783044
717074917922107392
2192346006
44632057
4396124595
722130133050658820
710096774644568064
4734017683
722960296478810114
2612746076
711911114599059456
714709897372442625
715009215815753728
708284940140457984
713227163479068672
496202300
2439723894
4813266873
4018183577
710969800437141504
3809913494
113739163
4871612440
716888732046135296
710843537345085440
2290966477
2351022289
4017322034
3165268620
625555648
714095115069882368
2219410319
3872961315
121969602
2963860593
717899918837432321
703517711221919744
2440578288
717662571319398400
2583793892
4870294677
723297982087606272
4753897812
2789881609
2366488951
723297367995351040
718012559580913664
2834548985
4639672223
4795265354
369726101
2801983422
713391443524497408
294869073
4166875333
39646763
974498598
702714503826272256
717699099475189765
4909834755
4484816603
370961282
2411404933
712258113236119560
4911274529
4914000951
2952226629
1046243988
3246556589
708216966469849088
1907401764
3291928765
713514775314100224
2295758325
3023339279
710346646010404864
721453033658433538
720583923697364993
706523340991647744
717649771855413248
721539429156855808
4619818999
208603674
2273419998
4637594959
3506354954
709930184703676416
3230332675
4625153920
714743057787265024
3293127525
3550393721
2943255265
2835656022
2944530365
3078303937
4706232999
2684150119
3197090544
869086050
710561535874240512
707205155863789569
4502514436
960152798
2473087933
713010725048942592
3373812556
260608415
4093632922
716669524183920641
2364109263
3924207974
722744815897587712
3196592619
59285586
2151121381
3740085435
713381210068623360
3228187068
4747863927
3167233862
4835381039
857441077
4381363515
2934702872
4266238899
3308152623
3148556238
227307339
3069799718
344527926
701508400794873857
1056555402
4450976478
4285845082
4907773933
2601712936
519719691
4832840049
3268678813
2950669339
4916143843
4921314782
4859629958
704673824285962241
2682159337
706683870821883905
3355391681
710665975490699266
717287197406146560
706745096549437441
2397277717
759404893
712350730070392832
4560908955
3931954643
151198065
4772702821
4905767728
2568388652
707108344201408513
696670886468939777
2809038075
706727984363778049
706441821103108096
720157757354041344
2420341755
1092309272
221790633
4754785736
700366576479039490
720140073958641664
451047317
705643963294707712
4906665135
712287182287929344
2760808768
703998808997437440
17810992
4867893105
2605343346
4834196577
3308520337
4923742660
732378187
2900775397
3005523649
2372945472
3232781203
94298149
151250681
2299304244
2860638461
3064870865
711617954723532801
3283202070
433964452
3371278289
709880193524080641
2195484597
4248866669
711004597456912384
3077669740
1353560642
2589076417
706939868656640004
389878278
4863488897
556644191
15376774
2814841131
1704353515
2804887154
721388720981729282
4715989223
3275476152
3154232364
4214219026
3971272463
710295769719443457
909660703
4084036895
715681425417048064
3245362791
2886472331
3035644544
713748900016955392
3854038335
4782436934
901931790
2891684212
722199785277648896
722198545663725568
2214341925
721810299821678594
1151806814
4808690560
1101926108
582077223
4763319520
702245114027122690
719104361922580481
696927965532319744
711781983655833600
247983953
2546450402
348963601
1078653816
4858893674
260840740
864353437
703542918259281921
4403632402
4421117535
711522189321773056
176797637
4827956902
715156280969531393
701990009751080960
4804988712
704028806236000256
516503958
4772887885
708898105542848513
1619915868
11888112
4649835555
712353212175527937
712991949800738817
710407246711279616
2231350718
83009738
1574865223
2899862692
701604542241083394
90875138
707227517413937152
942923186
711101274872131584
4867292999
4893221310
715435857646235648
806992868
713372138
715914459554811906
2271870786
158476034
711653083470626816
2520906285
704867752859856896
714403069375582210
715635739682275328
713618086482456576
3002237319
4082360061
68971853
2186792443
3589541482
3003262150
4572455619
715514948122750976
710854489121619968
713390670241603585
4431147739
702581731019214848
710277175711305729
3252748777
712369751368962048
476115978
4848527374
715836108429508612
26850893
712703219638468608
4864115833
710440999697453056
4402640173
3179941048
712821839320322048
2875677661
3778088779
65578284
2317503086
705484111281045504
557959850
711612801182273537
705955873915592704
4903271529
4157932822
711575817768275968
2829428812
753234019
268400875
701126187377147904
3652698856
1143371911
881429132
2612803982
2612783988
2612819215
2612815483
2612760620
2612757506
2612777773
457803086
697227690013650944
1561843340
4210704879
705792953101512704
4913493749
711475776407805952
3040820272
710397371709005824
2347516866
115931937
4699169738
4893287303
63789863
705630754114383872
3920329274
4273997420
24291389
346362459
3299341321
4880110724
2713380786
2905631360
90114340
721180356154679296
117235847
115475875
