2467922420
74020113
2930376759
3268826120
3002616786
705490933245149186
721843848188706817
3313443930
717328981620445184
703703066848038912
719784094096351233
717554036510068736
2181453624
3364589120
717858896212131840
4777129712
120130208
3332999236
76340501
718684552793833472
16048575
3379582919
715318678556782592
2453605819
3390324809
584859198
3492855441
4922500107
632533026
380537363
4822039626
4904685023
1875848556
3477161654
719346381362634752
718718488274198528
1375275470
1596155839
26153164
714955981969498112
713198917362565121
3313748484
51468854
715598672168411136
213144333
2164718192
4854294411
576801455
702237003862175745
2395745029
716664384374906880
2926464862
508937359
4847963927
337318644
20169447
709526556
716328866780827648
378321466
553415158
888523717
4906945695
2238599521
3295359738
2991469868
932163331
2284783978
919229850
3795353369
388459260
183022805
464306101
18512153
23534613
228173701
715191906267897856
715433801
400572142
4617950952
64599445
2772854091
423168084
423972447
2408935094
715224490611974145
30051470
3273755190
31496649
715028636018024449
26437927
4513752804
714321096892243968
977239015
712362494308818944
161903531
907141808
111671624
115304679
704026660367147009
2977987286
554056514
201950239
4848646694
709527574725173248
711561518324817922
713541501632970752
713432869180452864
938335874
2865952957
4833795550
712666857426255872
712143917362221057
712056485682003968
708095619718459392
711716206684868608
61140443
28551845
15358782
4784982235
46476526
1159056847
4259175317
4892526119
332878470
45059581
2597525629
23124171
4401318795
880915572
3389409897
2461130103
32734043
967279574
116465468
1122407281
2675581850
27781471
182366156
26891360
28513030
3050127713
3396282117
710566737566011392
4842382102
3309169489
436861745
26548315
3950606115
43420783
2798580375
116401976
79015324
1299306031
3013674476
704319138584514560
234573588
709562825119830016
2320812032
3093717519
295738497
380344760
3378098819
615762411
65020791
121797557
707412683109343232
399706931
932490007
23683284
4896894195
19913263
3345627220
706573584970420224
705707226111963136
4822842671
4454982434
1528650636
883532900
3982753569
2614181437
31337137
2932926586
736580767
2877904739
477209139
477379054
887090726
2573053785
701712321589055488
536786936
175092567
344232030
953031296
2997758624
44901486
619712282
20740139
104032955
178491442
4780860193
1166842945
192243086
4167483550
206938727
704462473747763200
362503598
3356662759
3390445486
16893048
701240689154093056
1271311080
83207911
22374393
703828377426264065
703749555313995776
3731653519
711471556
2776716199
2193015907
4855905623
427673441
4918821902
921292178
1323670752
702633532313739264
326696000
858646280
41414183
362074693
29530235
340030306
609052288
701756877512777728
2517569024
138106452
26812010
4769998113
4856133020
4372052914
1418813750
4888787093
14641650
3280044296
4453949122
85487117
3951516256
4418675175
4537427903
171561129
87615141
19946731
4446976632
65445723
143666658
4514671769
303135658
2361077806
824313378
1621330058
503890513
113734133
3040161194
1370439012
3098321542
88870083
4855908568
2196378314
100338010
4076742065
715268232
4381232594
1695069192
15117196
574716267
36282584
480354281
366325665
707243945
343642770
3367871337
366927973
96972239
3396541371
4847356817
185825981
4832851917
4860400192
1951406928
694796589974450176
2975420562
626603996
2931973490
1226237612
4476360912
558814737
702908163
2777147502
2839124913
3427078965
267873717
49645946
1225848240
137716570
3383270200
3960660869
4850570138
3315268455
2243802314
1561748137
148007869
2996469091
3699435680
35505456
82513914
4363063162
320478753
90080491
65363117
141921338
3430452610
18468610
4818899489
471062544
2206795918
3306796634
4711312194
2434786939
117225838
4872527069
24514361
252577793
2596671277
30958516
4843455602
2477727313
2202948090
751702394
2894268770
3824278154
636443371
3026858156
2332617303
330490084
124574048
3325668409
4126930108
3256748294
3256979468
3055331801
3046555255
3479739733
4851598288
4848321837
4800151879
4814039053
4813920014
4813811833
4830920884
300298620
4840526074
36211500
2231645670
852029905
2343134653
2453803718
99903926
4790230814
4790090514
4790108772
4825324359
4785566231
28869162
37211825
4825038412
2579798984
256111023
4194258064
4750197256
1979304396
185830387
1959047250
388072736
3308663534
4821359271
4819615204
393961390
385548711
539251660
939279884
22987681
296306105
2782923296
4809456641
4121545078
31522573
4784924399
913350812
4775998949
1856076572
853787264
3150762366
4206360760
332939088
4722182199
1449696468
4741108755
717444312
314776971
810943201
283534778
2285647988
42352687
4705397649
3224106873
3039188537
240550030
3074324955
3951711196
4674555955
4396806742
2446296342
932156622
1346296405
567628474
69443018
3753442396
3002253653
28671603
860770044
2385480559
28991618
3307963921
972826051
2572645350
4531053178
1026848443
14936574
25709931
446038256
4476518476
4544565032
4457448869
1297066448
2797356674
30032237
2792627612
226381287
333136853
89026171
17073919
4356506783
3472865423
1532761297
3123683213
27915418
3075449858
3925352412
3536824407
1375605763
1447234747
3142524106
4254348502
746208511
2163208544
154769720
3318897271
15805062
2203927394
4227141555
395673966
4206187845
4205860564
1268434136
4025817215
3241224381
2286918049
3069173600
17813439
21815363
591048569
2802072664
1643303280
176540776
269393794
184954742
4115307550
3345879073
2216685379
4105288042
1545066446
1923078324
3438374086
3016284372
4000296129
17885284
251918574
4069804997
70521346
22061804
3091593138
71035217
324435443
165516379
3707114353
3188122621
3889575979
3996231914
120326354
4030236532
2190845029
305370986
453638618
168359093
1089287436
160973077
3655408941
4009790055
3972104293
4006172055
348618306
1082532660
325781653
971551532
3346028595
3342413247
3946818844
3677321116
3487791132
250617119
3418898412
3903911421
3839769132
127998498
259035342
3901853896
3642761117
3494911942
2315376242
3836232915
3863536150
3825819041
19469150
3254382802
36713435
3727617920
3436697441
2689614685
2332115947
3740437467
133022865
3084335751
20569137
3403269519
627416210
11673662
342260056
56830512
3557947816
2901591956
3045499342
3490063992
56085380
3638086937
3347341653
373437160
3610827375
3511740740
3599197881
3569440539
3566692161
546269243
3449813833
3546643277
876924674
3301767291
633174283
24611635
187705629
2745244059
135541985
31003773
3339925288
380697851
3342681432
3400148279
3349473321
3358351324
825325603
1865264382
138134231
99943864
1694628517
20275809
2714972885
3312208795
3285829825
745616606
840714222
3313989834
3042404285
3364220685
3314688078
3091316093
3160941927
219143329
3416152233
3257113831
726944124
2312494016
2526722684
3383453818
134798332
261484872
3352511543
464358859
375656120
2493658502
1040117767
252228068
2996462212
3340925807
3296664492
3277931078
3293936756
3375036575
2804021005
21099922
3390638224
1183474508
353945800
3285935797
3384941596
1458237342
3332744080
757073202
935175276
3365176191
3380425810
3347761774
503724121
13176492
3086975121
3107499904
3376012709
2159046907
3372900155
3280793474
1902591349
279341386
3373315000
133031473
47429474
2226287593
2816686306
3365160147
3350957423
926834342
191972756
1661927990
3250497451
3364858713
42548846
48452069
3360172323
147801139
22155179
19263576
3352740693
3351868366
1633868683
427575792
498311525
3346902749
2873104815
65724885
1552332517
3315233537
3343516768
1288986829
102988455
3342094258
1834098786
3339883127
3093200139
2277929164
64766825
2787434237
509199735
247405632
3098344542
341432043
1717256768
17693960
2160105211
600535722
2371915469
3304850699
266653330
3236505787
212322186
3065060260
42177599
3313466327
142339174
3164154609
3301941389
3221357514
66346217
3130728035
2752477352
771526188
3303213148
3229023590
2333017830
43638127
328875922
2980033648
3198491688
3293484705
323018804
57395922
48177616
1585834507
355998650
19237640
3218720341
36563120
309696789
3212699616
417603671
340081801
3200906441
3253839610
2959034943
15442157
21785428
289079060
1434125048
2683660098
66604112
3245691999
886898028
2894569060
3242692971
3165252153
756649838
361239127
3239586633
3115530639
3039809032
3169802918
1332727056
297620310
3180846788
2913880870
49414500
213119979
30269534
16278866
3126833170
3196171041
236693326
1206580478
3160615937
3140139389
3165976218
3015953149
3154290122
29100065
3005762823
19382355
2906760113
27545529
2817085566
134689673
3112447634
2815413319
42536561
539010491
2458188217
423566120
168870703
17066843
571016041
308854409
2290317656
23137497
23320177
3147610731
54916133
17655564
3135651015
18786523
348527078
369048288
97136656
473536915
2612193755
3024670774
3101408976
2837352667
2754362993
15740256
3087676375
3125154646
324006599
117535576
56285800
60153779
3079082604
27449527
59316702
3110373767
14208648
2899676241
3105968082
3108178661
3098482945
2897936080
93779177
29753150
3101976199
1290006391
23300383
3099095871
490683263
3089769511
293205335
2981537319
3062909615
463661037
509234360
347456483
3070973246
361366446
3065067972
1104621642
2207799662
357369632
3082916277
3082693379
369119901
613741065
2601658410
547341666
3075504767
3065306575
2918267498
3043057515
1263057475
18842689
3069999802
3066700467
210059213
183445541
3066073186
3065949772
3065642013
306849219
2238111782
3064396197
2215640829
3006152104
202658798
3042242150
2590329304
3059051643
3041870093
472915925
3045245812
203470662
305253939
189243516
2952773322
30925396
18777314
3019237034
3043319595
1096716493
15216461
104358108
498332415
3040717653
3040751866
49769282
495585524
2358278190
786765090
481044144
3028083970
1723367034
976264610
3035456597
1067031314
2991500384
3001821449
1591644204
3027459179
347960438
512372596
3024088539
37989499
27313635
248703108
1137181110
1840566534
2979011812
3000290434
898076761
577587688
1437221287
23218271
3014494102
243794402
34047021
22104962
2950010177
2863186288
3010684300
3010403008
3009053625
344939281
3005989991
3003781385
20998966
3003724127
17687565
3002143557
3001798882
770475966
2956493900
2998286188
18632207
314287177
2802976699
2243596101
827659339
2950127188
794266314
2989050049
1004986386
1193332831
15941955
122716836
15794917
2987221864
2741339244
44893996
343296965
21400374
28991057
352955650
2988971503
2950406385
1499884520
1295676146
2978450783
2980009324
1037144312
2832680513
24265580
319625378
1941896438
590505402
2978099170
2982628352
2970055875
1126570698
172511244
2774082185
28696137
21254931
2965108237
1359805418
61884646
2972610153
2197928148
713426736
2941331332
2927938716
1121608704
2970511098
38022907
2967690803
2969944007
2932303834
17889123
274624592
2962486732
861271699
2878291629
449120897
570822800
2950941191
1219873826
184136149
20696334
2594079168
2958416769
30711732
2723056930
2942180547
2951307449
2951621129
2940735021
179973920
425831750
27639866
42690810
443273227
2802342204
2943287289
115462040
2942720308
18018355
2939162805
2930447855
2899624859
2935220133
2679794744
2701361754
1396025305
2872361804
17757005
125330984
22042431
2928818110
2891617314
2916312010
2923924965
114573894
2928979890
977607632
79004617
2917838692
2360769247
12726232
2906542865
535583512
2914976860
2896812156
2920087806
1069802772
50328244
2463733352
2901165345
2843959883
2863680339
2531563346
270523967
57709796
300036012
2898293373
2896191223
36551918
2891058813
2892452794
948918222
317546024
2715914037
2155491151
2443794600
2889693747
2831579624
360870503
1424150454
198470193
40911250
26140848
2847626231
848134141
84959741
2171339563
2799342979
2883567375
36967364
1397679764
39345276
1705237086
2880963893
2827311483
2878252575
14482303
2771356448
269908647
1379947507
304988603
2873884822
1235762480
2769926838
2896569392
2895232885
2546764453
2867526293
2892695630
2864541736
2317301583
2891419880
470612668
69337900
295025344
1105184047
1570481214
382911665
2890935360
39345161
53480875
2794933743
97490110
272491767
478920761
1170704455
56211717
963653370
272464509
2861882741
290902642
25224636
33743352
398451700
17092381
55263750
58282253
23484774
190259052
185759140
28098086
2394630445
14256615
35156388
250379866
92139851
40666068
18569828
211684505
399055551
1195703377
2228704076
62081484
23105570
30709000
61616132
31740001
1255634557
30329900
2827206337
23124285
776163331
2860869599
2798465319
83701989
516087911
311757714
312964293
70908213
1849051464
1604282365
473104225
84968207
83638170
500334396
127014353
2884990316
249716308
148134715
278186391
21461944
2848769087
339946015
2789891679
2568279641
78015439
380636131
23876681
91596009
80299702
1187123479
30597924
795498001
2748003145
2874488377
2846117567
2298738151
373440866
2815717645
1003343754
17636127
1198393466
2845361967
2729492818
1609079491
1902747512
106613423
1094086142
1715921672
634759251
21306777
300475389
177634855
16521250
476406465
2867406146
2834026156
48626153
711600500
890039496
821140243
473336509
1486849255
242357699
25102326
2746474278
2839466362
2339938243
1169902742
27306370
299362941
2326076780
552613958
18040638
2830549495
473453315
1908132578
808975514
15579306
66232711
297882633
20797842
1412944904
286960128
2690216972
62803685
941478728
759396912
2821388386
1104083418
108186632
380072972
2830526941
711421500
2778366497
2843914015
61098217
387823566
2722757586
2812471199
2806416568
762665635
2304880957
1666339572
979756639
2722414017
828159734
2329088034
2272261398
270158018
476114360
113402111
45690880
466804218
344178416
2765171871
184111125
2445243946
23409251
809875243
1073902866
45817091
2784589948
2721354413
2750170028
2783295293
227431093
22883681
1092757885
309418788
27650592
2827252099
2823181441
2825471432
339488119
88862775
574856049
2776750187
313526049
1380552750
2819207148
2790838814
624395526
261836347
560089133
2815756358
2815722134
97313906
2770031319
17728701
37456902
117256339
2812045045
820396736
2762287043
873850267
2524390371
30637153
428169613
27385174
191283006
69135126
2468335507
2767600785
2767352079
2482350301
388695126
2504184859
2730550512
2802404588
73555677
2528799936
453652361
1859430535
506355780
2406346767
855373374
85606078
2800391503
2720137902
240546824
210699754
1481085578
238109203
865242169
2794633076
2591662076
975921456
2183016844
2449447567
1369662091
359625118
46148896
2759785547
310557043
2786128218
2786135040
2786128734
266858930
2775985182
1143990931
250033206
1976428093
2752233378
532712313
575003695
2778963216
25643305
2776923985
33017745
56466021
2729533092
2771998830
2771168395
2741615148
2707618987
2707683541
2683129741
2732299410
2762465348
2753461580
2224972406
736236769
165604204
52833866
48177153
32457137
384289775
2750505139
333404777
2491742912
572357041
340043016
15357036
876589850
134623842
375798025
2597895194
47776066
909273018
86207357
63321890
2717405546
868632679
1372557230
844375164
2742185673
2468152052
394764801
2729763026
1683485372
2727175872
2727042432
2229200480
597876799
589469821
2716839379
2726991004
2550744187
486748156
449494566
265582726
509168064
2449667737
2715832099
320357207
2442904173
2714647069
2698227740
368401599
361467059
2477582214
1682277313
286204735
40757965
80428948
306359788
2732611179
987188059
1321314992
2706780006
2706775236
480717066
2286806330
305720701
2177873201
2696582600
2296671973
266420236
2565743004
2696115642
2679921300
1142648970
2693366472
2729165734
2657476542
348023437
587745412
716044325
166119050
221660522
60993865
1059211226
1400911892
2678582720
36213048
2683650811
2678081832
422745217
1177625940
407997718
2677718640
1615452901
1614203108
156975310
21458044
360097850
2672141312
2283880657
225208219
1465332908
29569118
2646220068
2666062009
748030790
2647466738
312842772
106583530
2657551232
2555817810
301060545
2715187839
1630144712
581527581
2651668351
296548431
2544196793
314972733
2436473561
227805832
142748445
50792648
2645551676
2419116866
448509999
2708350389
2636983328
2610303348
1010209994
2573561702
60990042
2615296777
2424345061
617853906
2272062446
2596338380
2614715478
18583456
2682400175
569608867
281523358
2610236708
2610131215
402752093
2586765446
32205943
2603796823
48102973
1075887523
913650660
2493533480
1660652624
703288894
67026728
2258454412
1846087681
551942146
62093607
2648991945
2597046698
165107369
2596612452
15588255
25774289
972018818
2248225974
238570128
30328576
2615051733
2361224263
1659687636
2535077256
2522772506
2587616250
2585421761
2563982946
2391511008
910606034
48842443
330605574
2584797325
2636157971
2584199653
21613395
115057771
2582229967
2582133253
75431963
2474970235
1213799042
365061382
1323541657
2484557270
2575789176
1131379980
83005442
73173195
1927706725
76118473
361021886
271579350
379205480
17302071
2359063041
2549980352
2564322103
1252243674
2516502863
72039428
2559495925
2167635769
2557192675
2569919362
2461932854
2549417581
2551027363
375733254
72050462
162766974
2551266673
78715457
78115071
2521824108
2547554053
2546111586
14749324
1689283993
342535461
243413616
2542111656
2541719792
2540630708
2575471823
2538954446
2538289902
2568119572
2325995196
2530590991
2232101082
1478466624
2283928710
585246185
2533416624
22675942
1963003585
2519364643
2530699622
774975937
2303669714
2563433710
1056919512
1532475073
415211528
2511518240
2563423703
1393300398
26660626
1914975865
2521034683
386716001
2302343630
28758727
2519415073
2453669630
91230293
2515818512
2513975268
2511144540
2507766698
2505858684
2508630487
1378734662
2507522946
419488867
2505746682
2503078092
2536822755
2500461060
2500205917
564253489
17057058
2497049545
2498928228
42043727
2491893606
2496017851
2546682113
2541841132
289127982
2491854098
2228898739
15901099
246273504
2489736408
118944410
1149406556
14660096
2489910409
2450920234
1406430722
2488171771
2539056629
2478485919
2477361727
135322285
61810653
2205840788
1504128224
2181620489
2215703930
2475268044
231215321
125561822
46964681
2467616370
483049565
613887278
72736349
864917514
861451165
613347109
88144968
2532178487
70279919
6446742
2478603337
2523228473
157258930
1257122400
942565850
452742114
2510953577
2474030329
2458818116
409693017
2340809983
364510052
2394442921
2471776458
494986654
45902216
60943811
24523180
1211446802
2465944704
2460119179
2265800519
2235647474
52924117
2465667475
2260150651
2464844197
2459039792
1556233466
38186768
2457050377
2449718532
2205269517
2162457604
22524504
17323165
1014187033
21090945
2457403417
2458529227
58484962
32554002
2498753014
2451760788
2475838918
2453689159
218523001
2492406579
2448405510
2233743104
14882347
2450033821
2449974270
2448629905
2448277189
627920638
271933017
57456064
24301307
2368018714
2445636944
924041162
2186743161
1730238841
1158348938
83717374
314540096
109150468
74184422
2481919727
532944969
2440688551
877637000
337762603
2438886469
535854374
2438874776
2438866969
617818817
577390754
519652151
1406496697
83628615
7516582
96485474
19157927
2470533797
2344963878
2437634839
477206860
30760656
40927969
17351911
25453486
50083858
199253480
791747172
61539784
42089127
2238278418
23037326
588525412
15192157
24070058
2432833014
2400746396
2432235974
270668533
178050709
362030190
51319278
478685170
2460584445
2422340036
2426737879
1852937214
2425917830
78027104
2425480789
2296563536
1077798242
32497110
2422664948
26587455
2422473806
1105801214
319931805
715239639
2421073195
16666806
2349554222
188029027
1355998189
2419561320
1714590319
2419230836
66022338
2447327710
2447274105
436521581
371568937
223009656
430368296
48195612
446391320
2381503716
2253886998
2438971019
1058836880
332346927
2437771229
2413143150
2413026691
861039092
1969442426
853240915
342601720
137725131
119274058
460118656
1592029759
2409327247
137746098
559251597
143518054
375764406
2429819319
2196526442
479801889
487638935
2402013954
20364162
53474785
1371952189
2340649548
1887845048
37260576
211095465
2398589917
1252552340
2207632106
478218217
355647272
2396783276
635034974
987587060
2214532284
37711082
2395263697
2394809108
406998640
2365949553
372427084
26928309
2393207408
1311814447
2378034625
2415446697
2376946271
65270441
36371777
2413998405
55609253
2391696420
628868299
2397804880
2391359348
377431852
89040126
471663984
464152063
49906361
2385760111
41022766
617625823
1134007052
1584477548
37996155
2356644627
22181326
73650104
108339573
2410762025
495133259
2389244634
1477092492
1145724890
2389484772
836688876
220847034
1239088423
108726910
163101173
202312963
277790186
54575102
2406228178
14533451
252692986
26494589
2383815313
1898377556
2169275526
249135331
2384484697
612893688
43478464
484281105
2382548689
2328195067
540012172
29467525
1009350726
451737629
1922138804
112612367
2166353619
2365815083
274983792
388464730
2386092371
300884254
2210002981
573744441
1362993529
376529240
2179056591
864839574
525772742
2370976934
105581018
2370764473
2164931577
424122984
16027745
2370635809
2377697495
2359776356
369330005
108460311
2369424252
1687266246
2321055763
2374239069
2359537176
129860235
22133183
245364644
2364754418
472242885
2359934846
771792961
2363332532
498409268
2362617296
82983365
2356939438
2361377184
1319250198
19978820
2195272188
105187215
39370639
2358069073
18401937
27218563
16083050
497381007
533430772
1373011658
30087580
2280662832
2353496877
2356356972
2356086548
2358254871
478157033
729490986
259834782
2355344130
356769186
1566202417
1589802546
2258960405
1123815720
2352230108
2257040185
73448222
1337672047
513535420
2347545271
2308130257
2349230545
540278522
174879603
427110590
2347767939
2345585587
268191178
1188727274
2344470656
363739373
458035465
2342747214
2342441388
2342204263
2338755568
2340653558
2339812268
1735156363
562015435
727548320
17755336
2316092550
2338511802
2334281627
519138020
2335881467
2325363388
2333832238
1480520485
2305350474
2331072782
77816236
2190439729
250377575
169927107
2330532967
2330491496
211375337
246799741
869049313
2329428140
220938015
1532845784
2325279965
61630178
2327159916
2222082034
541281796
25014379
2277652056
1309479595
2326284686
2239228332
213411724
265688609
65163785
2325624260
525510617
299792980
2324604702
856465207
265634283
459046574
2321775476
206470428
415906353
2316036121
2151174447
1181251998
924007940
178086649
1933321765
2317673508
233767524
35099714
366781568
527694857
37965812
18588822
43946652
20950924
394270642
2305326300
2316122586
2241138930
2288982288
38745089
2309274840
2308721623
36341203
245816919
2309115794
392924202
202525090
2305623728
2306882047
2305204866
247113595
2251014918
37572782
2297945287
2233240868
2301490009
184624838
794769409
372558809
229115926
17915628
2287010105
822170533
204889619
2227361208
46241705
14859559
284901144
2294631770
2294530717
33394745
154912847
116141817
595881353
97284953
168666357
252888830
868768866
16814879
797497100
18429731
2159087618
71759084
2282585745
275263945
605857433
996787962
2279859629
32140290
2267052681
14564790
369514313
217749067
2284805154
136217034
2287379906
1184954928
1661642046
2194425656
1225199508
461655759
306052806
2282606647
2282609372
273183382
2282565758
1232027005
2269313772
2266337829
2278274204
30500021
81850881
2265928288
783812106
2265026762
2279134310
1169238104
713583880
2276511560
16098789
2271110906
37799887
2276146910
2275311108
2261049430
2254857197
109375064
74617138
2273748013
147329781
633150403
2256875852
167619680
1646878819
589373216
2182277564
255031437
2202246786
18244412
874694125
2241709910
342808593
250836931
33333106
893846768
35929160
182198118
15552935
1372741687
2243403148
1284456001
1573201980
832122458
63367042
2265167642
384870867
2260662498
1123825172
201990576
18882927
2263603740
1084151257
394876713
85908504
2243134733
1237787816
20214495
16385104
2258023910
1188434588
2190772827
105515756
2257079300
2190919688
359145678
2255182597
1115342545
2207424829
27577203
98635778
1391289362
1322544072
33779596
2232275913
1055441850
2244032226
2230918361
156707578
52774637
2248022756
571349506
1070847846
2227225397
415625348
1893359521
167588184
2243286462
24034064
2242658514
2221537055
583514462
2241940136
314684635
271423458
2162236644
2239176780
887356094
2240026950
901867664
2238735541
251160536
59584990
255649628
257501693
511342348
48517161
416667847
1485100202
34068313
2229996068
458522324
845691500
2230640149
1859017956
463371875
2230129525
2229028856
142728153
2228455831
2227953068
177035254
2205150310
2205131987
2205253441
65237945
283604227
2201775201
45383269
2220047600
2214901801
1575418664
1945132585
2212686589
2216861766
127005884
60934338
100240400
2214651746
23300718
89470732
2167655618
935594107
417393341
2189542193
2211871122
458898162
420711096
2203972682
2207604498
2200502604
2203931420
2206121785
2201877007
258087370
2204055498
2183612637
2203884224
39781596
983376133
242527963
2201974850
36051220
81751713
2201556883
2194381428
131336691
2198348550
2184139583
634297854
2172784763
205212336
2156995399
2168173512
1967381731
2194355581
2172460271
933309420
2192494663
1029290012
48725153
1010345738
161507445
2178644345
1414038823
887394006
21231107
2190718171
33768764
2166781454
1655583674
311598827
220568950
1955014910
2182683926
252273100
607371255
569363357
199317006
1969359685
368721266
2159706985
276624363
2151584808
2184919542
2182762550
22172298
1444631580
1620902304
1920462602
2180032952
117771586
949498598
2168905029
2180767405
15014405
2151412095
35096751
862501279
59758557
143613621
2153095979
280522999
16912213
1447274257
40824864
2172967579
2166560817
2167105716
2166863592
1901581788
356537657
588900541
860036508
1272677119
553144785
374080348
311676999
285669034
1334740261
864768235
2165170422
292109234
2164784390
227211049
101503359
1949412295
2156370759
542842941
2161642400
102090029
203940384
1726834890
2160101976
23882620
1400310576
15041321
2154982523
46735773
211355906
908859589
2157014929
250714479
34796301
135671160
67478233
2154520854
505200400
2153978083
272906669
1092979962
588718955
2152072428
19798414
356725454
31023227
324079641
1228590457
17925976
1959111632
2147765701
1952519904
1977572773
601047301
1974399272
53627123
68827251
1971297703
1961756623
223121433
719999961
719414067
881277002
1571660059
1157374904
1595976122
330962335
440884498
45634116
303617396
313552997
54295071
1551196316
24641934
70648174
716984711
30101166
25285805
1962646964
1477445126
1072458888
34157409
1431978180
1952586332
1961759646
337111144
134174158
35286966
146263776
562517714
1959244723
1959184578
17288957
747668502
39279939
402031772
1895426210
298366870
171283929
1104822601
1897587732
270117755
1019176632
273940562
56930919
1948515920
14835717
1947948710
700126891
290253973
1945096352
1944967346
1944176593
449750825
1731910712
281153400
21788911
1938897193
1937618918
1934185099
1920537577
539187754
1371339878
1931698346
483267178
381636470
373061471
874849128
1894467793
1437323419
1926584774
1928837798
1728814968
25298503
1132953764
28323696
1703189138
1923940182
389759292
1493511283
216486007
164469019
1735341966
206347342
43819087
862135376
16614802
299381686
14928693
475128638
1917673201
273979069
249535878
1915752144
1915433076
279176625
1486814654
1547009330
1912046857
61102848
1911254342
531904802
1642192056
258060317
1909892978
1909604040
1905785347
1908565123
1908300252
1906321873
1904401344
1663505070
1904916811
1901089296
838325468
1159126759
1900882298
1328208044
1880764207
1897447471
1895946337
52569438
1895186922
1688967440
1308601632
1852444146
1891353434
92713560
490838535
278328133
1407799358
50581875
386082679
281806065
1883869178
1581953880
1882261920
1469812740
26131293
93936388
1877628114
1877840869
22856463
860655914
1875208748
1240624434
1873663939
836701080
341187160
1870322324
1868285101
1675887230
318770458
1865143717
1516020270
19289965
1864080768
274758661
1860782683
1004916494
1331771155
118786518
235051917
1855103168
1854330128
1476337592
1612110912
1099758960
1607640516
13060362
1852243249
151442623
333994792
1840860890
1725039222
409543021
1849821074
1844028260
80584574
1712570784
77664666
1804984484
1703356106
1718795264
700211467
1694574660
83889155
24028114
531911665
1694509459
1727372431
1138510272
76101631
844604076
22169851
1730532331
284249763
965123186
317427285
1715945016
883128626
624731333
849941184
310227096
806886806
1670650075
1674311372
218206502
435727527
386045605
195154945
1723639387
1723251475
701447407
1691354022
285236810
180979154
415695039
291381790
20914025
1719265339
415780303
25917921
1717219506
480790619
30619527
90569299
1463733480
24040038
1571973056
38490013
1711193490
1073729437
1642142724
1703558808
449523428
1683260238
1372288434
1708205832
1706090234
284527966
1694921286
64442241
906674102
1705148174
18638082
52449887
386911228
713163932
1360077343
342453276
1650858505
267433445
1439902910
151268555
1700436822
366382949
1693373094
1559261876
458837455
263853814
1642211196
327038414
247201305
1696823388
1366920673
290747103
1629271267
392603244
14814915
555547937
935012676
18723438
531169880
1693751167
1654242104
1692578893
1686827419
248374475
1691185580
872703956
1588890697
251841867
555454531
719104512
439221682
1083629198
488127904
1687125223
21619060
131590945
252662134
1650623953
29627038
1657151024
745786436
371985701
355191416
1681447351
1137884702
545635881
148887839
262945740
1676946474
1059538154
17750110
184823435
142427065
392062794
1415587832
1625376530
449057049
1546938205
54411885
600810521
19518515
1671260538
1679155273
96887829
1678504292
1244003587
1668325842
82430963
29344592
1269901008
1357793240
253678084
471760309
51306684
306272655
399015776
1184369804
387408933
800765910
26064462
1587134480
534516053
1662929678
24755847
1639387664
825571849
462859864
29805665
78655877
580303804
589432779
1614399644
583442165
1131650838
1102818601
1653370998
349448388
1282153021
1644734071
1647874676
1644808962
1647266078
1068499243
1646054551
1556756886
96943894
115287530
1635771643
1182294163
37653455
1641032178
413511811
935009592
20570808
384805250
18495820
1568438262
1636291356
836698400
1636017223
1635535650
385607165
32415576
308828511
18621466
277510511
423662965
61295191
390522985
94179389
1592560999
15566151
1337220296
4389861
22075828
1011937627
1288941943
1628923604
1599510614
318095351
24872346
1626517998
37589180
173102450
123378243
394990491
1589761242
1540496365
1623282788
1622450617
548070347
1621347888
236973722
991958210
1619657376
943415954
1618370636
297506714
461883152
1617872664
1364699784
204545783
1616073877
1601971524
1615827013
1053513770
254655117
1613705742
1614104564
268552102
1591814220
24897739
1607211354
1612021147
1572389262
1362491072
444176073
1609169504
1606703946
1608408320
1608294691
396794501
166248191
236209890
1080904694
1604876202
1605126451
45056889
25021575
67684149
117110840
21918525
591980435
115781732
1593385603
1592311207
1222580136
1568838193
126808072
22406365
340465272
1587099750
1592398207
21174035
38683219
1589669911
163661744
904813604
1587008197
904771806
1586643157
612116200
19674920
331292818
15544140
201918109
433821888
21847705
264965563
1296451969
471464552
23133221
50538504
40152098
1570970112
1570382238
1321104102
1481081702
1565466564
272197594
625171555
307927744
1561701968
1548133609
1169355793
31510080
1257856298
979619856
1381970978
929085438
394873848
1558283821
167222834
1304334175
1556715895
40523440
1548734048
448295627
191637625
1447120476
540834150
1552818054
388009025
25056642
29623813
385039583
428626603
33201912
1423466642
40674462
1548358056
331953241
1547395070
27342057
1014264139
1545781357
1544748031
1057708490
16631939
461756197
501225709
1372221110
1541788009
1423286778
18013541
1541001721
14197445
1526341039
1227953563
23108383
1539122204
1537688257
1067251285
169638007
1537587206
1537471195
1392056438
12856212
15501262
59157360
18887144
373026689
1227526088
18747749
1531391708
45168845
71933050
431820729
260507096
1510530138
235090411
454010361
1029179293
58597078
1494310932
1495588086
1521740594
17120008
569527029
1519667503
827214510
1514256073
758071542
1389293898
1517013812
379795778
23543014
1471054362
465843434
1512467852
19595953
1510974403
1049607812
205081745
91003809
73012505
5668042
462497241
1471448989
1505995058
373606264
362699920
1499429623
1496975570
1372431026
50739016
1491000324
1375242271
1492937839
1492535696
224886659
124198650
201931877
564225302
478226889
184121750
620721968
16397612
24861796
1395377071
318396982
1485123312
1484999778
259792828
990013543
1482947048
1482385267
36862508
82451686
1431454158
1480215450
1477695583
1380748105
215864554
1454215993
496060059
1473366409
502677364
1473494934
1320908317
1469869638
564733994
1458145814
104243298
586045941
1468174530
1465058215
136046633
398427270
1442644248
1463360378
978782184
57133412
1463325120
602823676
557297205
1194695336
990635636
103022243
15496266
95754626
1460822839
1459932294
1373826007
1169383585
1447317408
19878716
579802641
1454427686
1452930938
1453439431
320067643
1161228404
1443203875
1444180460
204480512
87601017
1445124572
22278552
1444414854
563793049
1378899512
289269683
42041788
1365631760
1438231112
373011304
1437776028
1437132734
277136457
268496469
21368340
1434697506
31226235
1371177013
1434249739
47109342
1077928736
1418574834
1431634646
1431986809
1426852651
229773494
1427669322
1128731287
1429893217
145931664
176135285
145838285
227339800
1375854878
1427895308
1426211300
1427265882
1426870052
1426771837
459797012
465018798
1426439504
1426176210
215346722
396822175
18765974
1132459364
51943611
239647733
1410808069
36969082
621131843
23962995
1401124878
1419140028
335514249
272844705
1364143855
1003590044
54238022
28815717
1120156550
215387663
1411970911
1398866624
1187906438
1414063566
1413330228
550221883
1412011040
1406643229
1411233260
292130830
84605976
1407809030
1011835350
703597843
1170344612
1290157987
17005219
1402264250
344273682
1401447877
1400934859
190107770
1281241376
1375608181
387189476
1400149196
1081655209
14239095
1398430380
407728787
1115318239
269931828
1374780043
47435566
40873725
1394313188
1393599296
1262912574
615266983
1359680563
1381968241
1173680557
1389634998
1389155102
19884634
1388689500
1388468347
1170163153
1387919042
1387748833
336005202
211041124
1058754204
821685481
445565551
1140813601
23985479
271719754
144333254
167004503
146216357
1364118122
1277949270
519503922
47151928
38564788
1380348210
1380195235
1279305132
215163651
1346817602
1046223518
400114785
1368592694
514688350
228155426
19271399
112612639
1373155854
21913014
1364556782
1250498340
416678658
1375871708
626711474
1375725414
1375527782
28710018
1373690022
1252391647
985006770
251371503
370016977
1372906436
1056946435
1001056862
38989048
55110016
421531209
636674010
1184289372
35393861
30274819
1370258660
406563935
178419778
1370222006
555049074
84492137
181193455
97497417
737666839
136051212
464832737
1367747059
807555642
767827230
1074224664
1367027690
921366228
1263007796
1360251588
27212189
629762314
19609224
50521878
1134087115
132770151
938274097
15407445
68276466
171751290
370139435
48098647
52667320
271439791
359977977
20544692
1363343316
32813722
856334274
1363160234
571352822
1216960028
1283908939
20392892
320270398
167890057
37836873
1360866380
394447409
111317700
41929551
379961167
1360287266
444743800
1360062972
937160634
114484379
27380185
1016217242
1358120372
1288484238
1308847644
411875119
23166791
1357271641
18115892
54882160
1355520296
1356237852
861777318
590871425
1324178942
1355636995
1311648278
43836232
359721861
1277871163
1353489793
250706880
1350402306
1352594924
517762867
203248032
37060023
49398320
1334818218
472599268
52131933
1349696112
1129086888
1289095826
307826868
1345635554
24259413
1345179642
1037910943
1327042656
19953892
94909489
473496649
1333806398
1045202480
1219865120
141706914
17441830
39902832
1315636038
389892418
23001788
66695808
1016920585
8215132
824181966
1335292200
55930245
30398142
21159164
181839949
1330335133
1323099888
1328151890
1328878458
984930884
1263103482
1301716800
510962448
293637499
1093902325
295103993
1322950951
54787518
1325410260
227036687
91137301
134276799
551817874
1311138182
110564322
998475204
1137314408
1321037954
361674398
239524814
51863060
1321310629
362695833
1184085752
1115519286
463401846
23387074
28045541
288309256
1283662182
1320415790
255272504
40578484
216793195
391205502
1227900583
30510849
32432849
1287036738
1304822442
136480634
264700195
1311925165
822600840
22412395
1310738503
391773364
1307577139
1213889078
1213937263
1305682088
1304388277
524446929
221594162
72025403
15481546
883039027
860398921
232273195
1278659718
527667717
193757452
34927032
22249003
1144000928
451880033
282823774
1292347728
53641487
527686562
1123444098
39207974
935569502
743679930
1286331901
1288245595
617645851
1287031621
957402919
432097514
1285801819
1098836870
390282604
938657858
159292313
58687581
154795337
1281584196
1283339534
1283001115
131852899
1282416151
23385454
1084561742
896620178
1280979001
1281210361
286968482
39759239
1278683142
1218939727
39251094
25995140
1277939959
28271141
1267940407
99539627
15417358
1218416366
427907967
559883726
1134684955
838234262
346354025
63263464
1049740734
796878702
909347779
236973097
572619801
113426252
90497622
1265415361
44117460
1265796793
1067499428
106519758
1265029266
472051540
55612759
1223532091
18646555
1186768970
23555906
330438710
52582813
780736441
20955398
753159012
122397083
965142457
1187949900
451676624
258072142
162123966
870670477
50846540
33542760
314297767
1245383600
1250461334
1196155165
347687143
1249692770
1249578883
132686031
27956432
74000981
811992295
114559161
485318119
1173578298
261422124
370203368
756517266
473199911
38004263
1245442867
1243097792
1002526080
1228726028
1244709031
240393388
807672260
206637279
492687107
373270904
1198546783
563007077
453341662
191546620
863261786
1083803220
1112169050
179780791
571873720
396614628
30571323
728565668
1236574171
478119746
1235350200
234255166
616571692
1232268864
121620626
933058172
1228070911
1024323314
1228911655
1227454050
569404762
35962561
453125632
1225652779
1037084538
251891544
1026210254
1080442076
1222684418
488977769
386856719
1223051478
317734085
154184903
1222626626
1068758017
29184374
1220104838
1220205126
1055826620
373559309
1113179334
1166114029
1214455963
134112983
739055365
382424396
733803205
1212353491
69776978
1212150120
17180414
1210072844
16573272
1012310630
1177266139
850209566
48356745
401022995
1206452982
95094452
903684037
97021713
221905745
168512235
279122897
1202927154
73363251
409719207
18908119
1169101250
473091094
1018213130
1105598299
301730194
369195048
36074927
58887760
20064090
247112698
301400836
19245431
1198720843
15843553
1197191036
86088231
1118899860
215303072
372002452
1184939232
1195717200
1180327086
26590225
212811299
301416337
376991159
369220039
350146167
613654095
29921886
928680901
30553618
33256961
294684836
371404869
1158896352
1128899060
165799678
111657561
24515508
1160908772
1087548330
287782232
1183493222
1179678961
74933933
756131900
1066076640
1181469128
19132009
333150431
41657171
346573304
114271900
1179135439
311231492
891687354
740417436
121612111
254286168
49411533
558649088
279817439
20753690
1171947402
47112519
345663802
98580142
285724560
433067139
331292281
170696953
271578879
381753155
1164641245
155379831
433580901
33927751
1170737029
232353484
1163920525
611358204
25065023
617265052
1160801611
1167516019
1167220098
1166595552
385234362
1072100306
348213319
17680840
904995385
507800214
600500215
68418542
107608911
1160006701
1011287822
125361408
882085922
28252475
1146518664
433747095
1156429410
604796365
29722241
1158139819
1157277889
234028967
273203320
228326309
1123027028
19760975
753355273
1152717300
552385240
733058720
617565690
22946355
33608511
17594573
256067984
1126679682
1054250766
790256419
395912878
401729858
25293573
520410134
224673829
569477454
48477904
1144120728
301669027
416347354
439671124
1142458404
306762932
986845638
443863971
922016065
377786056
1090937582
20071932
955420856
454409273
224417434
1101341964
1058086141
732567426
819882680
1140366859
227012703
1137119748
204385654
1078609784
933328016
569404798
858946650
243235071
1096623524
456232484
1138246458
1135858573
425889480
1064509118
1137480026
37591269
107751550
258651268
385167999
149826455
1136016746
458008734
25900489
1068990122
116523597
861376548
281621977
976973924
194764093
536855488
175093751
966205219
465567041
441241425
254693595
274257685
327454445
312283644
486159929
48499457
898052995
484896888
1053722784
23215499
200693108
207276312
15868829
32845726
61001948
252738486
1129944356
1085253552
593188622
975181674
258131700
523348742
28054812
1128309398
37210721
427849165
18592217
18620344
399359612
478145838
24575161
998168690
253842284
630836291
526887058
328198134
46014102
430305865
586860485
34522675
1077930175
982672602
282796311
260835360
633910071
390145087
855588985
1095483528
33617326
17706823
76604011
32372551
29074222
183800025
251827825
1123784376
19154509
1123683068
1123623656
212753429
583051288
1111881066
71951809
26238609
49123165
363166867
60622222
1123179720
236569846
1122983016
25075570
175917994
19196615
862243614
1093676077
501076700
729323322
23812659
779265392
22496293
887939378
1096247131
24590527
343292755
352318494
234607057
1120069658
1044356762
1120931132
289117894
546943156
318704090
1076846329
313463377
41482081
529971405
1109340672
497423445
983813816
1031845399
807896257
218574713
102957960
241483316
407933312
1076513179
1005999056
1005893388
1075843532
560893821
53258097
1089755322
17292104
805108172
567246920
45847587
1093441423
583448681
147418186
184569500
1112290201
22081190
885695138
569775485
1077478483
1109505440
893319613
369023523
416743614
293691843
261944177
1092104600
365009295
431194303
830918346
23121787
251039675
734988464
413364628
612210244
1102502732
842062784
493167708
1101317502
978690895
871000440
918170731
441282716
181947708
404493179
375890746
934577936
1098463122
258926618
1097035254
1094305057
1096714688
1096580726
993731684
335255758
775751276
1096288764
1096145677
1095957284
1038735625
239497378
57022332
224737502
7819802
1072167702
1092750030
1092428646
620235601
55640118
1092248911
1084820670
154619290
209744162
862562713
1087708946
122188435
589463646
1071768498
1090009730
177322778
65124624
251227704
265533893
823801824
83690398
1075303326
1051968600
562534362
53151152
380352305
1083994086
1058237970
305683101
264990927
1069853130
32691259
8754902
261254287
1045278697
498279459
22888940
14456359
1076987630
1076866196
429929412
1075700935
790796474
14156178
603890041
764441090
1075194930
1075026511
465134133
604322343
183689689
558150304
1058649404
445234814
442610682
259626914
1059430075
347668071
250377120
288348114
94284326
456603921
589845971
753776911
9786532
917285785
175568471
136791987
1067501474
313018153
350430751
33910414
380986128
389124487
131176328
483952542
524826278
574984976
1067158039
1066973156
90518536
1066292346
402347481
1066330778
1066322960
1066224150
230679842
124560631
393115860
313710397
28579025
147947973
933314622
1050683833
67766783
29685405
1061006802
1063836350
499914235
885350730
568452126
1063757730
905347226
423933608
345371738
1062040975
39647816
185700809
1061696197
480922701
1061337968
1061069370
1022263688
22285075
505923457
403864733
151865076
205333237
403739161
29463569
328226793
25417919
277988447
218143973
515081899
1047193976
296675093
1055362014
1056466280
38797711
619325658
1055869561
1055845129
17367189
455207394
48376125
710820500
1055375131
1055221861
633122153
1054378032
35984043
16789745
336006003
67768136
922997160
134584001
521484514
28801072
1049156076
44240583
805188312
32375712
58214819
30324351
161446763
924644634
997707638
311789101
351133674
152824041
26377076
239008614
613964447
192659250
243054280
956628919
355647833
997199286
217563731
529587521
574109990
589133921
545540239
1046398058
132952814
305370797
1040409366
871838732
855288265
274596828
1042954856
356574974
29637946
625562809
800585605
15289575
20327177
289136200
1031328918
1031863880
1031664036
257699814
860592518
50064785
45134467
395629220
880828184
219962709
22978984
165988007
1040639994
131791939
356898997
16291780
1021005492
1040509584
20361115
911099629
563972340
15558111
27054529
430725063
19867559
924458946
289089786
980980321
49314250
24719842
515219042
322178798
61046743
241355790
17517737
536669413
139772126
250689031
1037894888
20566386
171043439
21941054
1038753170
24543696
37978457
232167331
52400214
93521636
970872025
525351467
1036822854
577803930
997914721
552701042
515163628
1035146334
114779258
1035064164
1033569462
91111473
223060432
268154469
742896157
987727754
988069986
38881309
276867334
427964735
61113927
1029157519
38031210
1029564440
1013824446
275588581
66454829
273906341
616219522
1027641055
67450215
1027560409
983802132
1027417339
1027342476
59643483
1027041445
603264901
41520029
331091930
273554564
886042746
378807651
53086722
610116513
1026616231
927898116
1026334015
1026413330
589425352
340500995
1026077881
568263525
96807388
1025561856
207281341
54523265
939216541
17157040
745774062
484784058
987278947
900676910
1024372040
498076990
629017248
1023294366
544188086
579853082
1018761115
1022568421
1002761684
6839502
939621458
1021137036
1020986580
201045307
834224520
172008778
1011735198
608668870
1019786563
267365518
1019476826
102546916
898874016
19545893
135146468
540285889
39241247
116084117
66386573
260568083
873095323
150921142
989697252
274156040
1015802058
21267434
32544219
948491592
110313871
109442805
1015570891
41729722
999829441
218363406
1006838994
282073439
489931776
1013456863
118712577
61955271
1007272088
206676260
1012438790
272984775
971412384
1005306049
238844644
1011916974
402271538
214182925
271584019
106225651
256983429
329714197
513315101
1009300698
863990394
1008940788
453994510
969451742
713540882
1002305340
16908556
951911317
103714189
297203825
807061908
879411966
269343000
41163378
985351614
134511934
885253970
60090241
197567344
312136756
625941461
1002313952
397382646
316244687
548244225
382399473
728925182
1000620686
293801793
50076513
998540420
30294996
17042772
596718380
45964623
966178958
6794502
79023244
927509503
532239698
811602013
28749406
502383907
992187546
844278222
851275135
28349245
180315847
257221953
390460509
972195282
254616847
48707325
991326234
571093906
120330485
32007346
32872645
957343477
566797274
989944933
711813612
512420416
957501343
934933188
600991865
16158621
988750638
84202318
716227033
502440556
49094502
202937369
28490208
290103926
552988281
987436590
986421296
746688974
987124309
190237092
887348108
985314109
966006836
81939081
913336020
961516344
980630244
751561122
977369880
35053726
982745574
69297657
983096588
539175637
93640938
41196210
93972021
983424698
22872124
980842292
109052182
38132281
982670856
892073610
981771733
164732631
34879697
31303673
980980411
143849481
295694029
874660124
601853671
24309308
43356935
81584936
943519208
177427007
353117427
978187970
977182764
318655249
126709513
64268097
339753033
805777398
367695492
972961404
920024191
522796514
6822212
870178076
719081594
124516129
974786281
908512627
355211726
242512732
973964407
23279108
16678113
17705416
883673814
402518008
44616872
110821245
972714392
450324323
198928268
84517525
944625337
558185399
579247455
466132254
970446895
971026154
25579447
485908198
39564491
968733121
970912074
970250792
969411752
359649643
970359337
970041493
383747873
968538614
968231485
591359155
271617925
967608097
844640742
538143512
932935250
849964434
170048282
41121684
967094678
962928344
153362584
486699898
712308830
314333856
367484118
966390300
155217348
965518320
260284292
55122253
21426423
586661298
336858721
356558312
964394359
518246432
938269976
308849483
961547570
963452131
823920823
235289128
515004628
331677780
841342315
928015836
961848282
803642598
322316869
230825834
810212574
961370652
960603138
950716970
949915052
62222291
548821052
148704102
960740281
62813406
743444011
163981795
958870644
18221881
14800298
958154828
903320070
928535569
602997805
957314545
957341588
956812411
259544466
717131070
303499111
35485210
161715233
954685196
583691648
36384763
22930392
21871400
21707136
954770474
954507924
460539136
17471677
148525724
27189797
953746902
216314362
123053758
22110100
26161104
952754912
24588707
952318358
776293896
285271123
947074730
612253733
264818499
951273852
872916056
28401770
408934435
281757087
829976012
75744345
950358066
323770657
932526342
950195132
950122171
700259988
706669735
597002698
949294760
186139185
948970940
300749765
942850212
820934347
947986890
118951353
164345238
937798255
925284823
454324248
933120872
948387937
932547356
425284038
948327654
310128043
947605070
355045171
192104684
482017371
945991604
447627305
269151818
947083326
788140560
39831978
35856797
910900046
49969221
28856628
164238937
788352756
945236713
381817599
25887354
485813834
42241065
937580660
817584505
885924895
27702528
939588793
448221727
921608006
930826459
597738833
943340882
942915452
924908455
360608875
942843326
57497888
140275842
942630090
941613253
941641424
942461198
20957491
48621507
942180708
230322276
127311170
874863673
941816328
941992585
941875819
463892328
28595965
941339940
940974096
227139868
791967744
940587295
399477022
940460600
874228146
16281338
892742209
883713030
27156731
940036621
249452591
54064918
27744629
935988103
506035434
474537547
635794448
46498862
800162478
935987066
938403618
90563627
918058446
193497484
35885364
158146042
894578132
858640794
602942907
48525035
419765623
928539882
859631203
937592683
337275574
218936411
158856534
220241174
521324914
231725657
17979752
67154578
18535568
315608512
303785645
935996227
917584200
283776947
24419642
315187878
241527338
510288005
421770009
29863032
541602011
20003710
935305448
933204858
362602281
623421312
500915583
834731384
48044433
177420923
16236231
243505247
217455507
896883102
289694012
68527439
852894709
558196932
907804274
79198754
192615461
348733316
900406358
933513546
141615307
102112269
933470924
442936102
249400622
261447924
579027682
383048271
52740397
930829561
485304367
254131836
932981052
251234669
816526603
26387752
573996866
22852656
845446328
217483334
16208558
490404815
378347093
16857440
932550553
549786889
53045479
932475032
27810947
41737032
168771781
45670620
65074211
931074283
374910457
27996941
581385747
189904289
856725720
554381840
12780712
74830707
327618377
900301374
546383424
932004397
296111971
807892585
347166332
790424792
297050107
14169938
80429133
370456892
275571514
557837506
635849332
504876471
242538140
824306918
42924968
52267434
100316459
26143774
568328339
330071561
825591919
356609475
18726257
21685492
251591183
314767678
172721937
308221765
572033536
867179598
522815087
227518598
20074880
633335845
54230623
156153590
844595852
17365549
403876346
352397293
305333450
26676404
20709102
499453626
32558605
41272436
259981476
29080187
704514134
430946619
41188704
475610001
237560884
98025951
66445317
164544386
131204248
74323169
511780281
450953748
872719009
65412815
898930861
807891698
17755636
378050475
282915772
254736343
22102654
27267742
453628830
103438938
385962095
48176829
415682555
829419546
931069898
25144690
64828536
262441441
359727080
15236590
390284212
600664971
189566147
513904633
410488335
516840524
39523108
230898419
377536482
268105734
512481392
931009988
535547765
21365928
572527378
459733826
480005118
319389623
260546917
22306317
89094379
22642765
930878869
301024099
801523267
862965792
24001408
25185366
819863226
456974541
527990099
203314656
930958123
431804462
865698314
19092897
411890402
32638289
49766524
192404148
930946147
559926056
24618118
454696392
405947456
274193215
411666447
259512620
451517918
519997592
503786331
