4547869279
4610619013
96655484
715401469118132224
2485533937
4864864365
3314535722
4890276589
705446574328057856
710037060321546240
696724741806231554
710560065279893504
2348339620
2467794883
4913810798
395693272
708448534702329856
3316868654
3293741005
19173608
709497411144523776
721133296273502208
3277814538
3419294291
2975468251
3418980555
706558548537270272
713611018719473664
3161660191
3744122597
2393063119
2906973191
709492573421764608
913095559
3685247237
81387093
3424711689
4822536123
2958201126
721714052469141508
704168185306685441
630733106
3271255423
2443770223
1107889039
4867884322
52580063
4916150592
16533972
3322524560
179247347
1287955633
3196949748
3238538277
2276670139
2419935481
2157680293
2177011200
48023742
24740407
15054482
1199105664
14725870
99558026
21719965
21412711
519055173
