709272653366841344
39151448
2233644056
2339603999
26063370
4571450189
4769116686
4874219392
712082414168887297
4839515489
3506240833
4803966621
3838362674
2286989322
3092599437
1191934267
4725806312
57034723
1514611741
4254935961
4618140082
4779577740
3550254376
4235917216
933290545
3271211635
4403788933
40101423
3215359727
21681442
3368216716
26103367
4010683295
27599956
310268739
28006779
3256974978
18548136
3289117747
3301429793
611100958
3237144108
1572199592
3232291160
27725735
3155112431
2202152528
28644277
41929237
1463176951
3127990442
3105902030
3110653158
589019612
17033125
2997272262
3063738972
67667316
3044474405
2874244577
2971277959
2959616824
2957675983
2918733781
948070074
2917841460
23921749
1393809228
2802975929
35990788
13371002
2688917503
1432327278
341196103
154320835
344174874
2471680698
2395640557
27036541
26085539
2456472100
2456468620
18272353
493626184
1318980511
18157933
2286796130
2342050112
2358318536
56246192
19154577
1405534902
182916123
267247267
490929190
760145162
16158531
2283034862
2229575420
2206291909
1931475720
2241439765
2275862612
2285960258
2276603540
2240449951
2287439149
2278491439
2276529740
1422399025
2154101778
2170054382
183422194
48485419
1643415612
499592372
12125822
1343263129
1442362183
558474264
170910466
174805702
794622974
1419224612
20217363
25761842
57196519
78853174
22987520
96004441
36036827
14382937
19380934
20419964
56049308
60128618
27595388
9570452
31257247
566760102
381944328
25904015
349207107
53864306
130893890
16164761
14893515
28726814
45254337
14105068
632459943
21644753
31635394
450362732
25872285
64904714
185656884
30813132
56959879
