3258600467
715593993266958336
58793903
4101440119
3301808224
3860556990
720996372527321088
3854038335
3023037872
4592412038
1063663872
445255584
4519522633
4519083373
4518986478
715302819134353408
498446608
714563188969312257
175668036
713736440811810816
4509620420
335830282
2457501782
3548565796
1705474345
708672596506775552
4711405641
353052832
2396809861
706231869717790720
2468381876
702167000165052420
4363101740
2556977868
4879326425
4884424084
4506817814
44247366
89005813
4407346338
3226073636
4374981258
3065078689
4749622651
4508814446
2199406945
634307213
3226162088
4853134918
186139072
4806262765
4531561681
1461514256
197224505
1471192874
441253114
3241726027
2643991943
549421270
780396596
324645981
393816871
149941492
62411246
388586325
2751720157
552383116
3973429877
3904388066
3145464572
3476821396
3742047553
139988522
2805889629
55054527
46550868
2981035372
375375392
2495289312
123982098
3365299113
428637573
402014484
1741068883
41945982
605531288
3260051996
213522273
562894274
3221846586
3253101384
1357811714
2673904272
3306308315
279628372
3296849722
203209207
3230334494
2453812009
1874085271
342601720
1280640152
3240970091
435553086
3174860516
3223917983
2302363782
620592632
2999964176
3037025800
24391817
3096598592
3038413987
328661962
894014810
3064363096
627099959
21918037
3028735277
534875908
322769700
251210659
1302295813
2692777083
3050554943
2353820613
224779291
2842193446
3032290966
2206662256
34107061
439498155
448419765
270145973
846628411
2996165917
45454350
426794897
1426574444
2977995320
1155610964
280241952
1382838468
2962327067
603140416
2583086798
132646498
389765741
1070836298
254759172
363429864
2308745537
2881242646
2858569896
2322429429
314299168
707915423
2808892347
925884842
1635832226
392335385
2347528201
432821697
838454286
2649307580
323998361
2763532352
2757343478
1029893701
2594073847
2730350243
2175300623
54935806
2642739813
433468132
2491325724
2519251903
243987640
568828767
958736480
84167309
2409106025
2324656128
2549001884
527890337
2576268017
2475453620
74452613
181232644
6236872
171789224
2456993161
355992349
1165840394
2520180676
769714429
30381603
2472756328
2495758427
457996569
42270201
719241217
65974416
287456393
416462971
1370949572
2344459399
718131854
2402448833
78766832
519753721
2264247146
393753413
89743482
548378074
2358536942
240470139
7548612
584163687
423789774
76951957
365188772
2310754007
1002499722
18124823
954393432
2255634770
844669987
459768859
1597488769
2271784743
929664925
1329697994
250764191
91421097
2220596455
143557079
786322110
157524239
419570248
258351633
24289093
232428965
1069494366
1029510492
1646554765
25360966
797346228
1854500262
276662169
764355578
2179659209
2155898173
2179183123
78776484
412538639
1952567137
705074303
55745402
177182826
1659750990
708539950
407246745
278856709
304173305
112816139
1894033753
165308366
218970830
1891496833
64171570
164726992
1846218559
562437722
430360560
363817300
813934566
410344409
499354563
1685797273
80409932
850843146
583339340
612163217
1653648024
1639158877
1644150522
1637080891
1636230559
1629405510
1411355946
15267107
783856201
603263823
1022450546
1327569769
1559382582
767154002
859029654
1268441478
262465539
626152854
979040652
1140986221
553950514
541884653
608450275
1403960198
362047430
440520622
275012925
39604804
1349127337
1316750875
564009499
1110485839
1263553442
197399672
219847064
1195778869
304708362
963163849
530849108
1250097991
52250077
626063345
1198261244
780982483
848522780
1155516991
1028673980
335693217
1132237776
1120079630
286525879
1120112293
263403868
398346842
839767944
132660220
254298828
1079995483
635619771
968902868
824206004
339878077
368535526
868222795
1023549685
744453384
15659248
392472231
542814915
385794241
969133610
160398582
54422724
990039271
950136552
974367392
152147982
985765614
985298641
324383714
103493159
925549291
912406429
890005248
519978129
867352801
52395190
442084428
57127133
626913289
741191390
243408002
615522577
568634009
857270298
509612281
827517211
804598158
21662776
847669754
44773253
366495732
431171107
344533208
55445081
834380834
465927492
154959533
411559556
223972082
346316994
415767516
426137505
43184511
740934217
116068897
202383166
521386415
412628525
521819357
772080104
271939022
43463698
594210009
595500626
731055529
408931728
495294161
457828560
580114117
389510385
575872144
466947011
52197162
111564931
481270903
34363149
621438496
30365172
537781452
543848948
466115773
18823832
388395501
616742652
613566946
312338996
581462766
206366150
441190187
592103143
445077436
254325389
539575908
426160552
491344010
592083707
582024589
348529459
248424294
591476998
588623984
557896255
553047573
549153806
552965081
552966121
466017474
553054161
581244031
552960889
552965113
28033246
60785695
289429313
146337188
579334589
39892424
572257638
343831401
560410772
551516288
216942635
59484467
562936571
467660851
344258789
282829509
422843208
191105142
548531823
424307267
412369818
20281524
553857403
551499745
552341958
461544662
339861881
540809299
313613130
93412531
390906791
523781207
42147710
386281003
517050365
464315388
529079256
473494947
489705141
518242310
494686077
114877507
515044647
409648850
508890432
507925238
251416111
499784995
496025682
174117643
419835080
389538900
488503076
418049585
65250304
354104299
33246139
423936920
434493615
363295190
186241565
463155564
174083145
437177916
431213284
429572525
109748180
346215518
358358789
364295138
341312101
385722071
441569273
450055690
462202295
385573264
463908838
183906120
462401874
461560452
256326507
407045277
303582747
382128101
285243301
458587754
224768577
432721665
451196945
261516357
204098704
398242006
240530472
254903147
261339986
315191740
441428113
443055430
111781135
32217218
434547128
33245573
400417654
342521515
427966829
433806778
433776858
362895028
307930789
430966062
25380276
418316416
219518088
261766248
423653666
38879767
207320307
419946219
410029544
418386666
417586610
138594454
127032520
415781608
356537871
371453193
173008017
406673962
32905804
33116027
346696535
373615564
38973922
396566133
389701643
377606152
387437205
227480676
57436026
261731654
377733976
230344788
379290215
101358986
343753707
155015385
107257596
358542164
163576098
308098388
134924641
19754993
339602761
307724591
306599726
315315711
161023704
28033918
176955837
294951617
294090523
194393457
144158967
240767867
143843377
249331322
166879471
162614287
21225030
236991195
70747078
18354458
150537487
97697905
21689130
46186400
185503479
184651199
