3019993142
720854745066262528
16615740
721805766127153152
4440678868
4245679886
4826384373
720699972505706496
37213533
277648471
4597312288
3296864902
350259821
2910352654
2343197753
359786296
271588095
2427495832
2983601583
708597204857057281
37376499
3538137623
3058800096
4928428143
2931345964
2728837720
1939073910
3003997105
4884456852
4375049172
4375344433
1544159990
3377785474
1474699874
3421258540
2300728760
389262523
4894571807
2959881450
2205225532
2821275845
302730412
2279624209
128137757
1288442766
3430974687
316162898
2376530401
3365765907
2336100012
27266362
2512948074
4170674740
2883224033
76004066
220484646
939654566
4270486393
188684410
4275868332
4117720398
1061036053
3496344503
2765192680
87403396
3399677217
3333563194
3972671355
34717830
2957509745
3920611036
3398969679
623584562
2393340769
3339850993
263425576
1570977937
3092261951
3323271273
1633874094
3289163604
3000766146
1262857273
592456694
2477854344
2685317257
1075227326
855288602
3363418630
3095695636
3338711086
548251404
2509167200
3294302229
3313212705
1943979708
380371729
3029840321
1947845179
2977331824
3000284941
2953008302
2952401031
1064288612
100459639
2922295600
107763468
894376982
812866806
287862278
2684704891
2893480562
2635719869
817299308
502952845
2877611
1217323658
354258839
541393420
330715317
2489210430
1032044509
333747203
370073955
2352551760
870737466
1537999832
1567027410
1480658581
1544562001
1120030188
405022806
1209610712
348879266
1309277396
963831750
168688575
1307995807
1287508842
592190340
1291867735
1242762799
1267030370
743511300
1188356335
1028585748
1219017860
440388434
