3303432567
4591738981
109059510
447589014
522336818
2420631715
2445522998
2925875766
73301751
258100271
3302816971
133419394
3307063809
378078282
1942049544
843608635
76881795
2913067890
2546670960
251845646
1725759493
798500203
2397970626
304584805
20620402
2492077729
1189206745
1129562748
2392140421
557397395
581937335
27902805
118947113
21779185
1371099404
33425506
2208414762
76348185
114466257
1929102918
565685678
387958403
513392945
762487148
493388265
889744470
493636730
557919065
344845623
26333131
104347922
461822705
48082257
24561449
33370828
168779030
73026239
21239770
129728664
136054652
