4686369295
4911172133
2408129601
1928075936
1958312641
1276277076
981652092
2173919799
707392586789466113
2376391677
3196877148
2944657874
2191190245
928494042
981740204
613262250
619676644
2729640036
707059426767798273
3412404111
2763983860
3142214717
574847738
335418822
1010211589
2900225493
700754317729406976
479874135
2419774507
3033736371
1548512064
2575484395
3728110455
2788038768
4168166549
1833384343
4139109087
3044048529
4698346674
3215085771
2321794752
829961047
427612638
451237261
411553218
2184768694
383981109
532816940
2885955569
145066180
2898267100
2420512384
3134750555
3960943401
2561187034
2945154862
550274727
3308175556
2516835533
4238219957
266286864
2354795824
393101256
1561134552
2445469186
4146071237
1170216446
2387918077
2867639859
2218327294
4091804777
472610324
1526442834
1523108028
2728697907
2509116068
3057885502
3058414566
3453808395
1720632002
1064771569
263836691
3436896448
3434997767
431561854
2685671043
2733857014
2555325468
2949925001
2483231554
1700723262
1064412871
2804944762
2563805116
2959149573
129526785
3222727606
2429292566
3365237026
2511003690
3269776963
2175004347
1463663682
3335763143
2355596754
2419245344
3347798219
2326808723
458918292
2318956791
3199268056
846259417
2742790806
3339470505
3253784548
2351535166
2500175215
411186264
3329759399
2332860844
3095759320
3125399195
3325826607
2729618828
2364191129
1240345909
2818046780
21950663
2316156066
2998633079
3225632071
3229558360
3073843222
3178497522
2795244254
2840059695
2890063155
2888644955
895787316
323532566
203668248
3239714115
1255319282
484365851
3075714437
3207498927
2647247105
2612027029
2848936036
1223432820
253016503
726257341
622006231
512616597
2695911924
839033268
3084346170
3033757259
2458741874
1656689929
3066608589
3053807106
2841540201
615585496
2321030964
1604532468
490862147
2901858556
2994708422
2997733181
2892981670
787991454
1700384041
1909675326
719247360
2802809480
700032648
2986039434
2977037525
2959930984
557345000
1257822614
2956855719
2942788463
2941754123
2887645210
627784661
1120299372
1293190844
726837571
244344539
2278892200
889959612
770266879
2885738158
1445201214
726464864
134815801
2582172618
599732716
2300693017
1426353558
1087887530
2872857670
1413689684
2867859588
2304826281
2849936421
588032649
2838596171
510910535
2863775992
2880108776
2442165008
2872549057
707107635
2830852251
1035369062
2854219988
1948161458
2790323787
853795508
1606639560
2783185389
1367673973
2419611188
1918074822
1199537834
985754484
2773299092
2593477855
2741337568
2435114552
555540684
554767296
364799301
606799886
2565879321
2572321262
2173954174
1008044088
2528897977
2392195873
522526329
194734931
1727994853
1149285468
499154518
1166478138
612817777
484371313
1491784338
2413386055
1499491537
1618483500
1093363586
2371735592
2384030880
2271935432
2292788166
437208656
2369569856
2346200232
2334952342
2339775900
2299112928
863896238
2338254927
2188527848
2333884315
2319280282
1462562010
1939354596
2290641306
2193846604
2288712674
2281182337
1312564694
1631159418
2176084557
2249435620
2190352773
1284563576
2214727494
2216582178
2264071190
244235775
2230749522
2220559022
2168409418
747704990
2197797456
615422908
1907294730
301460791
1393730490
1252906124
1486087165
1711198142
2236047912
2261210724
974704206
629580650
487168345
1510712287
377550858
1697017380
2241562739
2259076242
2240509089
1692102354
2194207948
1694175385
2166053705
540242154
2163603350
1281398760
2235373497
1385190512
1885906188
1898037877
1894512648
739839373
1596014976
1918617846
1670848489
2196055481
2163887704
2233120227
1219702957
446569371
1892367464
2209670780
1059286633
1589903072
1053871574
2185462168
2181270630
2178330555
2180285973
1860672842
1945135238
1547876359
941309712
391186994
2214107008
1315217730
1708055893
1308453332
2160640779
1555577539
1711350446
214675724
1934173050
1419698869
853817880
623102193
2165416361
635345870
2154661138
319432076
706476885
2184810413
1543985646
585762228
1318618652
1281170528
1039164890
1188570816
1185796640
2158687820
1519326992
378791815
1685150774
472148927
1540733245
2204698386
1928271428
339619631
2192184092
2184594461
462569739
1914744618
1141221260
1732583569
1025317286
1959342012
1855059595
752345576
1682312918
602979254
1544195364
2251023943
2180015469
2190231693
1570836278
2211240605
1343413574
1883394414
1615816740
923590772
1655892360
245753112
2222994090
445795597
2168038827
1301722614
2233518095
823037389
877542266
2184748630
428441946
1014405434
2238289213
2209896291
2147812092
1161807943
1859024618
2211260035
95811247
1958919902
168019325
464251015
1154776135
1499381610
1422839876
1388399120
1954843770
2236112360
1131004140
2246433728
2247726722
1525310928
2226994246
2170161904
241262678
2194925815
2247499320
1413062076
1937798442
2245703857
813492342
1275691272
706768546
2225935455
631902252
2227207887
2248596319
1111241437
1696079432
2227359387
112763338
554345608
1326964164
2247368088
1675769732
2167154674
2226842263
2191558123
396343326
2237564966
302888531
2224434142
1051915687
2159204375
2192933994
961747664
547823176
2170851267
2161885609
2149012689
1891680386
1485106460
278834304
1935492608
126016806
1963816009
1260636961
1918476510
1897495098
1932815774
1889672737
716923503
630293619
1893932335
1930400846
1897715102
52292874
1737064292
1894930764
1889676528
1238286572
1884035270
1527813157
1679792587
1612985532
1569181957
1575838188
1616112794
1616375905
1547753839
873767912
1581810709
893875051
705492535
185631461
1621046474
1602905558
292382304
1231593391
597623606
614530262
750993895
582187420
1611946369
1421793386
1541053783
1346819443
841875554
1352470267
1405108657
1058578340
1593053995
1026820010
858436508
1321114495
704940954
886581751
737516312
1260703554
1569016315
1612468338
1342815876
1527893600
1537446740
1278894205
1620598290
1618609502
1598587316
1616311826
1583938280
1115027377
1618391059
962873154
1482260724
565576452
1453484539
1568585084
1616013770
1612582477
1586444538
974408430
1586845724
1615184492
1557903967
1572573258
1596683238
321204198
475629463
1339693904
1618754965
1609615544
783202292
560446488
1615675075
1597154364
1290014641
1107400645
717010770
220350922
1617949879
1608934574
1615516285
912377977
1256645820
562839770
353224314
1615580768
379637387
1536101978
540171915
1612524937
1455158203
1619648042
1604153215
1240390518
1619268835
1539115020
1419519950
1435816026
561604210
1475045276
1409293765
1420476498
608255345
508160104
1392916508
998579324
1144223077
1289865235
1075136162
1083238886
1381056248
1381062535
1381056025
1363995792
1364263405
1241413015
1363991160
1353825138
1387001562
1353847591
1160019140
1084980781
1381038690
1360512210
1349132862
1385887795
1385875724
1385884273
1385873270
1385881795
1385868668
1347771360
1347795295
1347765643
1347753614
1347758197
1347753505
1347745015
1360532148
1360464908
1385835026
1368902222
1385806350
1346391746
1385796534
1334009280
1385820337
1333994390
1353099042
1353148405
1282444519
1353130922
1370806352
1385906468
1385869974
1385872778
1276265768
1378005342
1378002326
1323523754
1106404231
1062047527
1368746455
1368725256
1368747392
1044304897
1361694716
1361693785
1361682187
1241248453
1361634450
1130077993
1368479755
1368686006
1368680366
1306821265
954957312
1346218856
1346186886
1319200764
1317942007
1317923251
1317883057
602619009
1317876510
1365930680
1365793082
1360661780
1360651622
1358082666
1350988560
1350986124
1351009441
1365722785
1350947215
1365797216
1365790333
1365730386
1346505104
709476914
626436038
865676839
1259835883
963529262
253811628
578538269
258165311
