2925093230
4827691697
700608762143490048
454938408
1966253173
712638259852087296
852927266
724673048771723264
3324915662
40885665
3595058299
435134490
931753944
39773126
2643188897
433582802
17580600
995324587
1527750960
706559968267345921
4392352942
705355286056464386
1593131269
1955132936
16703058
720032934066024448
703632717129375744
708293036657270784
705703135629586433
705689029648453632
152967326
771623947
3478542677
753553188
3404589677
122938292
712723995557236736
635219332
950011351
710382093042376704
3203128031
3203100905
1907964372
1254392718
2174391561
4887188363
1696354280
4360221497
4884254121
362570408
4631328923
4492856955
4480929508
4415508807
4310716653
1892839530
4275958816
4209814408
1189141550
4155360501
246352369
4102831643
934341474
2359268154
3378001234
1595291168
1120013352
3879028095
3732230476
3597396195
3026265389
1347307230
2168117970
3375839853
220964854
3421559015
964769653
3055140006
3391934865
203183189
3391049883
1137570162
3388869369
3282406016
3379999167
2615049857
3373294114
320662182
3343207791
3091684599
3332441422
3316994968
445566915
3290989102
1088248190
1495301892
3235845327
3225609587
439348294
1475941386
1246084754
1563403544
443367192
710583633
3038606316
2592581822
3075459367
891096794
1154812238
3082751116
436917662
2615788590
347997186
969631291
1645928786
3008511113
1952163444
397278567
387684178
442777496
515536411
2906212743
2954945825
573319384
2217748032
260848873
1220929746
827652056
1451923394
281985480
717741019
562262395
403620831
261156101
916582699
2813349615
1913035412
1004457931
2870907667
2850179735
2645343811
517338027
703702784
227596816
2853648550
111362706
2876578219
211416299
1672546676
115699242
352212492
2159993921
2753549219
1178038770
1528337184
384247862
26183396
2161521899
214864788
2580229400
1621217539
2633650832
2552730698
211898612
635511873
2555858976
1677400069
419508307
438171866
111894233
1003762472
1073140242
612404793
831847459
2432571490
305100466
367958317
821159642
1026274212
2199507329
255877042
227950233
2469242809
2472032584
1500683036
107108375
520398722
1295740790
2203370110
246288186
800868132
