2210128628
115681686
696697298500349952
2978932775
70156027
264829038
721769683163160576
3141260807
1699588867
2922510686
2279437949
2465228118
719194366791835648
404005564
326832327
713717378564169732
710990834972233728
1031168119
2814085479
721584352795037696
719899496440848386
717186619862716417
714447867038052352
717578709906038784
4894383424
3032181655
4853077385
2990905858
715592304984129536
3301728255
2922500155
483415153
3247941871
633130881
2807870120
3046531949
426535701
1606572625
357527626
30877353
1080691639
24817294
426727471
3669839412
928935920
919947757
3592343243
3401419469
4256434813
3310660647
739968648
201120123
3161897846
4312198641
2957732800
45571759
3288624266
1027299769
4847592094
2826874038
4894577567
4830962835
260624301
3434702973
3014071069
3235387016
1201897890
495169549
4109024663
1593195907
2960217576
4280505683
4391954548
1876607971
222433252
2342499536
3622866495
3780497963
3738708552
4485297020
3170901140
1425861204
4244710018
4486911373
3358780945
90341974
1165163324
4473006432
340399669
4375872868
4258340668
4258162097
4382850095
2466339073
1609360616
395067914
98477435
1930467102
164322849
25169797
2174457974
25631102
4146934873
1165435177
314536041
261431332
1583197964
3851154916
970942356
26665297
1350430603
4312577543
4170674740
182755290
126589365
2789687493
188684410
422124565
3239160259
2983406336
605901100
2485482460
2193619835
720341393
703142805
1599590900
1494533923
1034552527
39808642
460129509
