127936182
20830344
2528911500
540395212
725562746511613952
3098384727
2651716056
725135815840567298
2472722514
138463658
60784269
3610927513
724941371266703362
17277281
4387685536
33079769
4735071436
2411379336
1039246303
2527828914
94282470
4600898635
3023037872
4611764419
4183234889
1034582047
710146442707476480
1046607578
15655454
506431797
374138602
227741628
25692368
2316246829
2465228118
191479479
2339759725
2577742813
499202239
596569548
17852602
720480488817836032
50094643
853259838
1038728449
207643274
25015147
79016169
77540948
1128075277
2550292849
12975572
718082532760281088
94607882
2481937027
2588109960
48320268
208083510
277805390
707194711488929796
158060289
121656624
3257412572
162876920
182265955
1092326809
302929814
713520119331364865
942868836
718292380483469312
2204369600
3257411366
352963308
718537270559518720
2375609028
4401672503
500992923
25375688
15234461
3320596632
716969253275111425
823112684
2257946473
256174941
37828123
4178011460
15367370
16425315
208967993
4583075363
58005329
343772856
111225697
2802980811
709790020333395968
703743682797838336
591270307
703870903193571328
717786508430716928
514849030
4823938105
715746949765332992
711943922390446085
712367412826546176
711121809408708609
30451574
2959497429
3197559114
1433427858
2793018356
47336979
2260150651
705730866790711296
1035721525
1850929850
2450502337
836265236
75584152
260800824
3025955181
2915855838
1526148606
1368478189
2395224468
105295143
4547869279
715273665823293442
716068209586089984
2393063119
3035922106
499076384
4475708953
885733974
704431930637467648
70602290
544459972
120181792
2469920562
1618641848
111832673
3846172739
2904389591
2436301850
100235408
200254683
3997047618
429160738
3303330952
1573265210
4322750914
1642303326
715704010657894400
3015123375
712745471052292096
4129629580
716345442825605120
620945156
3957855665
716683255869792256
25539759
2800810057
735050322
2792409146
3074150277
3179662599
17372211
473322379
342894187
15571399
717174266614136832
3389414267
3438374192
713214519867092992
22171033
716684847272574977
480328481
716126778918584320
2239132832
4839944799
372616192
717263022562127872
3672229759
2377979489
2843901666
717252276298100736
717244838224257024
920500903
277334813
2464920451
717231749978329088
313288354
703553072098893824
216191478
3412307893
2575802131
16364446
3112836522
361442459
30105049
2955099937
2958331791
2893507258
2564478599
2668881708
2678607175
1571424739
24980447
943637894
871172881
2506861071
352849609
1317656376
2262516118
44208060
157087127
25696095
1736783797
331747409
1450234628
1388874518
98554753
49878003
601178847
223264872
614722136
119185526
66229208
606619803
16424998
29779093
443369184
350611214
237891482
19404475
252211197
369119711
499407290
519995820
438618104
394769360
411948068
408908482
415873676
28679289
16579836
29304755
328257277
50184355
77360123
66797683
206901598
221300944
109604468
28022123
212506064
152717430
215571137
218860220
216068306
138020689
195754407
47417053
106219644
126192809
24381232
6577802
18791763
55991727
