3269142402
33014441
3854038335
3023037872
722196658545692672
3260357396
3383733773
3385236489
3347003583
4850193997
4651935628
2798922304
580857186
2500992631
3547868187
4136360811
4081225452
2797908839
3887341813
544931404
317009052
25301103
3583185319
36714188
18548136
463205843
3057211215
1337301116
3315893149
3438953325
707664625
271588095
3263203685
3120467488
2718771733
2488224795
2781238532
3261187914
3371808070
3138338070
2971504611
3356100147
3065661609
1385756124
2797294037
2444549665
2200458703
2909240801
3332052989
3074728380
2975239445
769049966
2225228816
2918015942
1195527025
560787815
3196311897
3296680271
1315698307
3299849273
3087538942
3089974415
3101396472
2745191195
3126281144
3165950287
3164335552
2940545469
778976910
3082588635
15219770
703561088
258820098
3039286640
2250861883
60877863
162506460
2952804909
2497580114
2968044624
2516651122
2445725827
2180674152
2895562361
2473823042
1106260800
2574522617
283802642
2879828153
2877254666
303486909
2177146431
2544816846
2831753944
2395396765
2313928494
2372376732
2409709056
2273977262
2840824101
2882407758
2880196826
2830973440
2222434976
2291595228
2744841631
185399099
17513025
621590103
2784704338
1326089154
2852037355
400087339
2520237444
585180772
259275937
102128711
41210800
2674834648
1965172435
2439324091
240980357
633865579
1649550487
129595914
2436816914
2646956819
1407686677
2786295825
1519693405
2763981712
365145221
2485457323
2797678946
25892047
379508299
2766437907
2760603010
1320073344
2365773553
1661242646
51242248
2313945602
2356743661
2768099343
1586105480
1656825386
1347370196
1471010376
471772542
2780532764
43412340
2301222608
268613555
2380486267
1870139029
2469919202
1062649825
1301511762
2537370523
2345828610
2466624446
2469871777
393693452
1143332995
183036873
2550841416
303967163
2580385748
388078775
2479962194
2553247520
988973262
2470131428
304286473
2268020904
331400291
126028354
431798966
872401087
2390706829
320259433
521818551
493707687
111692622
909747486
1284547483
125241911
844754646
366631306
620532546
1296444475
129321232
515342101
252712815
1173739910
1095817051
158890007
1332562003
1340775002
242517309
1335522930
257276115
15112249
757384027
1334943655
250805847
291513686
22341769
1334840498
945089533
