4440678868
2201085398
3758730674
4896413649
701137039438299140
414415556
704326886059581441
1327372602
2753900931
2345233621
24067286
4837341791
4835901641
2513718176
3376359567
437061339
1107037892
4310321780
4515136715
2208024194
3547695435
2271352328
2165650676
3324111694
3350688411
4198564077
4198472717
4190407587
4156699402
4157993991
18512945
952789759
716218044
4005916217
3782794823
3016584770
1552380199
3451383939
3439748325
3428686247
3405392391
3405039795
1630739677
361970833
1575800046
2798666348
2298406723
3335241665
1940248056
2998973413
331380967
3080732573
2898646281
2435925079
1090173139
1005747918
2508484466
1707857599
3222268834
3166328303
546381403
3172957613
449499348
3147252856
3140115497
2957194306
59804598
1597117422
2890798891
3090984614
983094980
3063940664
2499457392
3066860097
3045467095
2341270722
909065738
2686100426
3051564652
3048656619
2861572548
3028608956
2757042543
53996317
2996015514
2986729655
2915258707
1441501795
2913582552
2167426973
840304814
2953544998
2918524121
2914454076
1496508145
1103756568
2889926249
887933419
2866667032
2878870665
1965859274
1651796414
2384473868
1025449147
2881436023
2528783070
2621482341
458820036
2878764955
2329371872
1513858224
2796519581
2189561935
2717604074
1426967670
2294023571
923626662
994145154
2773690698
2835109232
1921004701
2773980286
2778173351
217969483
2292752369
1663631228
1125738116
343157640
2763674633
190382957
218895162
2760824079
1591095614
707030988
790350907
2606606077
2477620826
2719990456
407379913
2737130297
1507933328
468790286
567689872
2319962653
1268768275
2552299884
387302110
601596348
2654441437
1003182266
1609463646
2556749066
2699777715
1920987978
2651573867
2592004405
744679243
348508497
1293212833
2618634095
701347083
2610083794
2607704453
1446896970
2512914487
1376709384
1960040827
1275536875
2533440045
2521914321
2459134908
2493485980
2462652099
2446436486
2393708389
1421926488
29742925
2385681271
2435520237
1273132878
2385387800
487215458
2373447808
2373893992
865383841
1713619770
1711586642
800853589
2372199759
1979450210
2184611797
2216634448
719680529
2350984668
355062252
2364103551
719923581
2348589210
528081242
1053834421
2324921217
1279321969
2205384641
1636195182
1881125774
2282592945
2284456794
92736338
1945495836
1705742108
708691114
1070797140
788379726
213878199
935824351
2151929575
720793136
2172693488
2151672688
2165523777
2159928470
1414206234
610934494
789593232
911086891
328760411
2149565438
636727033
1691276522
82439350
364105160
1016633983
1643727906
1648930219
1242109411
1870046418
1852938223
471635726
1847624702
1368603895
1565137154
1702463934
1697359567
1027227698
1694515928
1191964927
1387887091
1557059742
987470137
1493081754
979591578
1423010720
1563207750
1654139689
431245618
903341660
542670714
1607189792
1138420850
885530221
938291563
226447563
411950512
558878869
1205974183
1562054917
956830645
711506658
1542531132
1541973409
1541500236
1112892655
801670711
570254053
1172270030
621873488
499981333
234159618
858951000
737787254
1412146993
1495619941
1491929833
504634780
1290243559
479851991
552321770
1422001273
842703091
818663802
451824560
1064766943
862232510
1293298466
1370113086
809592067
1318141860
705118603
