703369037619703808
146250466
366903749
253021643
19245158
31040588
96851005
4920614840
2438191848
4875220407
705211495
704165675506401280
709419098439086080
714742941709893632
281246799
2168505228
4826214923
95915769
2412406063
17971747
104718489
1381777315
901963182
37233478
313093435
4649160022
286068989
707249821858578432
3965705000
342796036
591114033
4375377674
4924363882
4911803953
3252064987
2958982578
3141369019
20178452
240128322
118746248
4749596717
4785717502
4305670343
1009317907
2478616940
15478947
278652140
3096688904
3030293771
272260320
394997735
2354883653
4583011456
23772946
33866167
4517902698
17459342
2444393364
3015048309
134307293
1214221033
950192707
142074329
19965117
4222514439
3246570732
3386675735
30891902
110245999
328380333
858576853
3796104792
3951496152
466442413
14232345
3598815325
3273160015
15415422
1231605428
610906771
15948196
1887410658
15753970
3658115834
3656081959
31093832
3603305594
3608545454
3634963693
1479656232
2857496403
3313935866
3238571825
704616895
341915796
2959073615
3097723095
20772268
300796368
21592725
411416082
3251962787
3019983033
57427512
593033988
3294064515
3193710316
2759874776
332234038
163967602
2715652495
138230717
2163466087
3333397343
2273550061
1017247716
1403807852
2796998582
2820645946
272006877
1252281174
2715659808
1442304997
218629760
101075786
3155123743
1874134819
18949610
2237176868
7200502
2577521665
14961220
3119849379
118174426
3123722260
21023734
3095828963
105178925
2631309802
3030410590
2865027776
3085121037
874403544
2464094190
14579415
574669359
3048108626
2378371026
390185872
1126478058
2850299525
3016956658
14932628
1216216393
82151473
1257619345
347552084
1012477196
25168788
86116171
2936946049
221002099
1242326816
2926180357
267247267
995590147
2882754831
2882175570
2212531
274789264
14803010
148777871
17670841
85516474
2613663846
403622222
2810604625
1932609314
2808904615
19007995
2613677570
6837782
17586287
1048931
2728371132
18084770
1317007538
202764846
371773449
2397798204
48497048
44057267
14532173
2569713475
2561789822
2615754240
133128555
804659
584976774
2592949281
2550470365
197857257
1052251526
912795390
2530771903
113527012
1369882333
2262474864
293327183
91298698
31419286
1012481738
2428002667
192894169
2386884968
16115979
36973087
476849218
2330015431
2413079280
2385918289
2157706031
260907612
21815860
2344456518
100607025
2339512692
14780856
1474170786
15838969
274506293
6655492
1927195688
285404812
109127035
17349756
1969831027
482484230
11740322
116842809
137494411
154702858
15514343
559089438
2214731484
14454099
15642485
1931847925
15395801
18801179
419739283
30125674
1618183610
15947897
118815525
253693387
1249486225
31413974
480992257
284155407
28037590
18618361
69374363
624844401
553090963
448196262
602901986
1216792003
74175429
355485790
27310632
56738964
20886638
20778158
10257092
586877603
9162072
16410667
338558588
135960816
119971159
73826384
12328562
15162193
17195698
1027597213
998165318
514982605
969077863
153026638
43966640
26689406
14369314
34327946
240075391
17974328
34677717
546044555
364591405
876879745
18005963
405501574
45643296
102699534
180493863
717133112
714558918
18735040
29850771
39632628
491958930
428495359
297421397
371459511
291307786
341039648
587010978
21455105
138637080
96709780
574683563
456410204
14435773
564021835
538465280
379066288
104550651
543832814
15365579
89379869
820969
495341850
65510348
239943979
15667012
350889463
12133462
481833252
78067917
470891883
487163202
21203256
44965643
74170457
480034187
14114105
35893872
34977398
423103779
16784112
14395573
11258942
9414192
7109242
253485721
18733741
23774241
19992977
58829635
407339978
123303693
404289108
119955338
41596762
273035435
10698372
44506204
20827700
193964861
18572635
65062434
219053069
271735564
24626639
28418087
318775170
191870462
333222608
309199523
288655785
286596235
110782268
17059190
62643312
14293312
19564804
253695341
17491437
195858619
75737506
179586689
298640734
142964912
120176793
240085508
42899337
243719039
273331665
284472960
15008776
689273
15906646
275383541
105903534
18359352
14464848
6123672
54518652
56763259
258717925
145732929
94506267
256286031
255742738
7805532
242935724
13915882
182191675
16330548
23807001
23001170
225528639
235882712
70434334
36133146
28213653
15755302
22851407
15660225
220820208
13328382
79868018
21891161
211485943
195511966
89794417
195024123
20253374
28056691
44231771
176749546
52248952
187795425
23951536
138874953
21786358
19336500
115084153
167053318
40296822
165648989
16522715
18407864
9254492
41156997
16210689
141773700
141251368
140437158
14069676
14036132
46330642
7301612
31444922
78208738
12806752
15906321
110229090
19073958
107899959
18724930
106156906
71147678
17508476
13913202
63218380
17450037
3469531
17885526
34649918
16043308
17409518
49948991
85308096
79134753
1065661
83728603
82973904
82594579
5125901
81374715
78023193
79975846
79466731
2695901
25063158
19014503
22975766
42709895
69163114
41890754
17097639
21032868
61339296
65122526
55290488
27984222
15635634
57028902
15706464
58337258
27232005
50554408
11039092
8958862
19185151
19473846
52389372
52390456
12614072
22714475
48537453
16947249
48558133
46235713
41201903
46152531
6602942
7133352
44132011
19843954
14957413
44265386
16741915
2782631
23083305
42163292
26584161
9382222
40014190
24095069
29183229
26501959
14296548
27676889
34591199
37580686
14465779
36681161
22067116
14969662
14185365
33356573
18086840
813286
30591997
16077192
29909358
24984980
27535703
14519584
28151202
25127263
27383500
19293924
27735486
14215355
27435865
16371486
26759503
818660
23625395
14388021
25088090
21374843
24506881
21154453
22562297
21818391
15131310
22658194
23084540
777846
21433562
12375892
20868337
17546569
17845005
2946031
20791433
14016492
10849812
10658322
7765092
3020571
6293942
19046715
14593550
14908838
18561882
18188874
17938474
12610952
17705706
16240290
17089529
17291745
15855854
17117279
16538235
14917186
7380242
15943723
1248881
14926357
14164328
15774005
14500280
15828803
15828799
15828705
6873092
15462992
14178699
15350212
15147376
14627539
14208397
14433364
14202357
14098094
6849722
886081
14326853
13153622
9131462
7216282
14471173
14098210
7925362
14427945
14376877
14216972
13220902
11277752
10852222
689973
12165312
6899902
14130688
6896592
8471052
5472682
14178043
1914971
8556912
12268532
6894952
5872172
5574502
1560631
5495292
657653
769
2881811
1956381
11688
1270191
8708
1280631
