88070923
4414725803
4508630900
3349965453
3416153772
4442339121
4746074508
41224459
709897775362605056
1598997302
710805653103759360
710732372245925888
4811584422
2998451675
721737068322271232
725540463328002048
366517094
4678257476
4340273833
718136291951525888
725506036430303232
20830344
192538987
94818581
724287952000446464
114350985
3439223476
23049758
2824462851
1368478189
725368911265320960
709851598214684673
135577188
1622460632
4895096885
90216597
21888315
4715923693
2511162391
77575897
701277152201805824
496328612
16647387
526985477
724244299399892992
19341224
3179662599
715619700068192257
3072976129
4872173841
712391107439665152
3304455363
710533987316400129
154350597
3905715985
3059435032
714614269032198144
3310040952
417227201
723264313536974848
706022494373679104
724713229910306816
724429346547466240
2618573184
704889875212926976
605963171
4551720146
719898702366662656
3392941000
533712415
4771593853
723850262364979201
719959526905094144
719535575288647681
227641798
102703051
719480828816830464
2650426551
709046708571738112
373367371
195097004
283943556
4636949955
4910800213
347696176
565873727
324552159
4797850879
210269467
1041079664
1299803965
51210644
4405432109
721081786332233730
2993449593
756139310
906540168
1863840511
4343410455
160831009
723832594891034624
3123030220
1102660934
21899437
2791180910
3022158560
4374334703
705333567543504896
704682505052422144
709492573421764608
1007990689
4282439188
3091382410
723694857018060800
1314107029
127499705
1665665456
3271255423
706534551682727936
701233568962494464
3809379317
897281857
256136354
2899949927
255504289
4749272904
2845207617
952112047
2242085304
634595966
735610483
140320022
121598328
556736472
721421795
720438079232811009
4780854029
4358227407
718232120968290305
25048747
38351186
435509701
1343305784
3066382722
569501495
4449824052
3951302129
64357440
3287916110
706562279282761728
3130824484
712772376870522880
3436173213
1420739510
3244962238
3430176958
19264136
3321166045
2845681325
4781576424
864927037
53704876
704289848673357824
3053280354
2292492709
3243011651
617223173
3884658672
4834942336
709846113163939842
68152271
3115816309
4100953924
1027809378
870642614
4703557268
134229245
228134082
31025283
467810972
3580385187
21634278
2950495616
4027004532
865472892
1446411870
50276735
3331918745
151757803
258633117
3756112462
2510362008
2553941234
1595364620
714903361242460160
1363449445
703681242429046784
4734689232
46663515
16716652
161113714
700526143951106050
714549089170497536
54773913
722945608013590530
4905645177
707286829741899776
305211380
24255681
719313943273934848
4786763677
590440877
3434719150
1222028304
44329824
4862031445
719974159183286272
3379125117
3101613139
887359567
281244257
582414063
4598034012
703459988144959488
3494008336
1952998376
1209639745
717360080232906752
277355403
1472543887
2516633820
3309169489
719582240196308992
4873283560
136102085
4049454617
733326702
2205261256
3958215027
401675584
485373368
162786595
30131354
4236806414
194097857
718834655441657858
85144671
857001662
475302517
4739845481
4708379511
4756017559
4872612725
3367987133
17148456
4928486901
2906973191
387661638
714920195400269826
4033576757
3795292154
705103783047598080
3253754767
16606038
3159920865
1185048103
908203088
1555331312
3769782916
3412434748
718550672732499968
567626521
3151927958
714202855666794496
73587082
634429167
875097295
3033669203
788458608
249504637
218006318
273287404
594233612
720850305756213248
3069361299
3034782866
2237237556
4165642155
577337789
717868898876526592
4861280291
3957920723
18545481
3092625141
709497411144523776
4913478318
82383649
2916054140
710155950498263040
9376622
4918581312
3409498392
2534195028
3307702756
702162686126247936
374395043
412914400
3007163826
715548600584048641
2603953490
4352533774
3711628096
2815402063
3697166300
721627448714993665
3054471976
4447740432
717499396393291776
4706343433
16878629
3267586404
272918023
70883367
289066063
2410866554
1376536760
3305657700
1351095835
4808999154
2670737053
2208095516
3873587412
1537114890
212543625
721133296273502208
165145111
2863214615
51757492
480500298
2466447313
71807953
3031838684
3285819409
23691853
484999518
4552434832
3951491722
4495515442
2319339266
720623978134372352
375864094
322890279
710990834972233728
3331835352
4861929296
3278060623
709994844781998080
4870642869
2770032641
326441040
525713285
713768020284301312
701682077314355200
305727891
711977155542921216
4871229092
3753356896
3692170093
4912125625
3184471478
4859377717
4664457868
3685247237
4928347811
4703755045
705229345745276928
40898836
274891222
3302023462
3398030380
1861277300
818358278
4821135339
713220523677892608
2213472541
4875592876
4837512845
1622562956
224005957
4338733993
4749997479
287531586
3320712379
406041989
857339838
3958240768
22093878
535639721
403246522
3239482929
1871441173
24081461
4155603863
705217587857092608
2391736202
4875208666
3281910150
4375193021
704692489110876161
3324614036
3296504462
710212758466236416
4914539795
222974563
17563445
29610442
4355797094
4739200227
4729317440
2845849081
4888146839
3306240758
395615772
4813914716
2581758266
844814726
716828928984219649
1558861508
2431253425
18993272
717820719942356994
710646152060919809
802659122
705806017817260032
3661168817
2424016218
16004747
218193050
703614521693315072
2997910595
1937603808
707077738620780544
3739209309
464215072
3149982419
550987205
930431917
4729659442
606033804
3539369717
718139901
800445865
703995932048756736
2882663919
48887254
250395409
791841379
702641876294209536
3419294291
79646958
7080552
4164161908
189736126
3309841465
709426609
3109442285
33270656
4235632753
4182380774
336638653
3416488763
61049859
717484315198808068
849862741
3045017425
2652282242
381855363
1128075277
424927514
903377622
2956820940
3289295713
3424711689
619345580
107012365
19403055
2161171076
3251799358
710639096431927296
3230771323
1622596016
4906740262
701844305560731649
2563898342
4135446075
713067566210490372
2540238422
4765516376
1625378737
314502124
1622451026
40102509
4899603948
1155742220
3221693515
708039673684295680
99732283
701878958011375617
3871640773
3337133659
716928692501524480
877883018
706248927712927749
713693744718020608
3314535722
3106842290
131014117
22179696
4858336276
177728250
317561814
4340433312
55772489
3018331781
4798732947
191479479
4744930874
18500852
3580248555
1725625309
219983463
715660963383537664
214321539
860691823
710920492354416640
4607503932
3023863007
388441407
711442613383999488
573173793
3265899319
706558548537270272
3311911386
1002317977
701711884072800256
2313729012
4531792273
3246358172
1072992504
29530235
3105709501
4220373573
164429187
3185488506
3440895073
1424501114
4883869587
712872467438706688
3277814538
714262935665786880
78194344
2417844248
885871045
4725775572
4102376488
902319876
3220851492
4691189473
36501344
3192848121
705041520060030977
711056579403984898
3475478302
4624500980
115681686
701970112635654147
4196436912
2912754262
702712957315067904
4885197972
4364693417
4706270920
902808547
108554712
3037194236
46315077
109960811
3836008983
2501522820
1674504678
22936237
3946915763
3709245494
3293741005
263397023
3909925639
3644296515
40712573
4430503527
3744122597
406978288
3016501992
3233123245
258025056
705287473136447488
2638042382
750915709
2550649962
454443609
3390665254
3284112337
76966092
714451419764490240
2388537038
877666716
714392145356914689
702540493905907712
4750204803
46302096
4547869279
1439570792
4289431230
4103087435
1833789710
185635130
4332740714
3246106559
3282395822
19173608
3861733523
700286457
442895257
21407691
2253716484
709085791427821568
2742401966
706543696389529601
963270684
4761064634
49151228
4893125805
4854362998
3995400639
2616166573
379241844
711267822807097345
3392826359
1624985887
3622204523
1641131924
25635800
25228648
3248141375
705498364792561664
148814280
538547125
483471011
246226498
2564057876
3022045469
1064203465
2954839276
711876285258190848
712410643647897603
3947696837
3346986731
15267920
2911296111
2770255129
2379371342
711979135225225216
3140109174
1191779618
4430536468
710535347613147136
831776245
2730538274
1575689569
553439970
4144190115
1625288022
4475571378
705441494698762240
2545681856
708856225878900736
2758608535
15079137
111966379
3020455940
151945857
4557155056
705861358017974272
4412170513
300809540
813915560
705902960967094272
494588923
4048813457
1338765866
2265048648
3719751939
421575263
2553721579
2378128764
1332646021
4417981454
847362966
2667001627
304652356
701060749498544129
1345822466
80735559
3313177544
36027911
2997035789
4324015713
4175663597
4843763159
3255782781
62782534
2828705712
1099506044
1553019715
3504385223
232591949
3343825753
3115981435
560647192
2966610479
703709203
1145790265
21360280
2684905784
417282310
701623760953081856
703360146810937345
4860148380
35662739
16557999
4847761864
4888490956
80310070
3401496707
3161457283
459440575
701550184543596545
100598321
701717002772226048
2416274757
2900833007
4222678455
1123444626
2960735259
545812541
3250195010
4913799607
3401503871
3300667914
2727935599
2400679081
4822119385
2309191963
27351303
4764109626
4659264436
3135036812
1858981789
4893169347
189264618
22577886
2288526260
3121561866
2894912146
492076394
3059400121
374098031
4005375497
175743717
381603450
4860961644
4756702244
4873744208
4726747338
1345155409
4457514012
4874608830
53838199
4828053853
330533696
2974878665
68071703
20700426
4770251420
3301619051
2209721096
3312028990
4764433525
18315727
4236024057
2790719550
329408729
4848250505
1251462421
2924278814
2535094122
266981445
4856198476
4142219812
2547064380
4663864938
2690447774
4836847125
3285771834
4759413795
4846163481
3230110087
3222320437
3095096014
4737978519
155629096
4803248876
1083967088
3415380466
4786906332
250426745
260145739
820184737
17192613
1615526214
4774865653
3462311247
2790005679
1703806824
2575013647
4765925193
4700891897
2591248220
2864738362
4634311473
1445012850
2323898540
2286120100
1729316834
3177908844
4330763953
4209670100
4614147432
3791637262
4722368714
2867778704
4453257012
4705698978
2765590612
2614696184
220229174
3229294574
535559485
4334360920
4691984480
4694130685
432121903
2210261760
188614905
3024135141
1055526338
29312479
870442639
86974669
2156087417
4663101314
4554450196
2886888711
2798679269
3262797258
2995259284
2269562449
4565725757
2911003641
4062837748
4348049598
38008564
3061806272
1366493156
2906629179
951999582
4049112012
231494480
444405241
2462317500
1358134974
4537892060
433138255
3870565221
3383239815
3026402898
3393229426
3950066243
4356536415
4397972794
2320200302
32470325
14481746
3427571939
4435011257
2616231068
3317460504
3094069649
303995437
4363355128
4422501202
4176139394
770014614
4508540953
4372770401
2391726255
481760063
831787964
4250671245
3086124463
2823953578
2250989555
2483010143
1447375976
239760871
3908344154
36210793
2835466293
4349036062
4424822113
4203629054
2370378411
1628606756
4129363152
4313615849
3248253698
815493158
4020313933
2586487314
925635024
33786290
4382740933
3111755545
2291645455
2993455340
3294335863
2799262498
34016398
4357676293
4257743967
796992450
4340020992
1171855088
3532944434
4206561755
3301823619
2749586568
2349505747
4018381361
29336037
2712819564
2348129666
889671493
4062447373
4165371975
1167040572
4094878874
1027202444
394111765
4173798318
3853522874
4218389009
150518148
3373201097
354417020
506048335
534560891
1951814629
3052961886
4261976658
4203196060
1228728582
4197191122
4193300027
2899522158
2817862311
433137670
3516641773
4136405845
3138529409
4168857633
2576478084
1844079300
4152704602
64851361
4186361053
4152255683
4183342699
3264842958
3262737374
3320918613
3161677111
3273213031
3695674940
29268418
4093433232
3291294852
3247421778
4148743334
4126956527
4113529637
4141898833
487903636
519796898
2831112458
23008116
33923443
3312067009
57309626
3466155739
3325563077
2460426734
34730520
2326484976
163537740
1380484886
618350130
3410827497
2386615373
2713626576
3346845209
1372515324
3996005712
3616707079
17205957
4047253221
3328965086
4013816720
3811391237
3427381272
4047003974
2908583901
3263793740
2329647314
3950959034
4032838702
3309035233
4040951297
4005085172
3959271980
3024184847
3937313414
3158333460
3931154008
3862446372
3145742334
3253917482
3246924024
3788274567
1170230660
1055648125
1867577274
3275280249
23461759
539564707
2882980253
73725383
3809588293
467118512
3091498623
3177809205
981674707
3026506446
594722705
92769124
3154219234
327164492
3161597875
3943519100
474202929
3115218291
2335753418
3989592087
2783415126
3990581015
3126901971
2209187334
1523462852
3907465158
274924933
2291184216
1675760744
1353564092
3873758474
2388201240
3932550437
3932171991
2478992848
44709286
2371479674
3490505294
3899493195
833569459
2181716737
3152855325
1346579209
3318197970
1311877753
3731362342
3252967191
1679297863
357668606
2750513041
3249375314
36490348
1264373778
473285651
3802769175
1506009751
573119670
3027141429
2377511128
2452299985
30471435
3732087734
3731235192
1484354562
555390146
3810246975
48821753
3291803407
3243843538
3529712592
3330340479
3679118354
2413458513
3505673189
2347353810
2732132669
3496884792
3624728534
3697307121
1862871337
3286068174
3687427815
3121654503
3298523802
889421053
213865108
28035851
1881300187
3405603345
2563989319
3624856096
3622669227
543223190
2526819141
3513459553
3285705524
3438146091
1219419481
3222278295
2740077913
2240131634
2200164995
432834316
466442413
2358227439
1962743659
344990680
144004946
339775430
3442254441
131103229
3460734934
3345994153
2924848159
3427165288
3352262833
3448615763
1081459310
3238226332
1007614736
243328277
3436356802
574197946
3435536632
3312723139
3242828065
2501567514
3434262693
3321733501
2550519463
199937748
3319771988
75914971
3217667139
3420937894
3317260160
620381863
1877562348
3247372236
2950932751
185906955
3405750970
3302510736
225558920
1611359456
70681850
3302058026
2815734281
3318192802
105988684
3311677040
3412308695
3310898660
1898447497
3309326610
3308068273
546076336
2467434324
3245390504
331231467
2467415874
627111891
16828628
1581972032
2334786217
3235259922
1372715958
3300903823
3060835460
831138554
3303964741
83192557
3303407522
988065253
240315352
802863529
3178167575
3372472510
18969736
3301202221
3346499945
3295926463
2800897079
1958729737
3242725038
3383456110
1703489486
2497336783
239114352
3360653692
2353164987
545568991
2947242937
3016385972
3073030322
3023037872
3191611129
2675397212
1329438223
2989656444
534715392
2994729779
2222259511
2981102618
51611475
2897881165
177434135
2567157542
2886304283
3307505193
382027571
3282286818
391033238
3007613075
2814132798
210159869
148223114
3238195454
1959724544
2462718397
1206793848
1793877594
3062186929
526747419
3236344762
3375928618
35874031
2561881320
3374339925
175190411
2938277315
592334262
411896335
3370848069
3273447066
904487058
2177390274
200496340
3272100504
2252241126
3353571184
333605271
3219794342
2849149873
3270871362
3270700350
2427175382
3268430610
3246833093
2593610952
1445403884
3358420091
2883674075
2902373587
3267145134
2245152259
3266237718
2303904625
2715316441
36294445
2904187137
419180124
1854581840
2153051809
3350618805
55539987
788368039
755570370
20079589
158148200
715144885
2316534483
3347010975
26635780
2428213730
3220820726
2777271781
200751709
2884243819
2975193721
824102258
3252157058
1956689754
3249486156
3333872451
2237393034
3249158972
2951106493
246938604
339832905
862315394
2911408211
3060679870
1621220348
3326517820
3126921579
2338333194
2750530419
3125875383
474564975
2360113976
16382360
3241499276
3316150689
56872458
2225336695
2468126198
3240399943
108369638
2422672752
3311869419
3060461630
408908347
2797966293
23028288
1207099902
2877013490
2998799499
897348895
2950688942
2151875748
1217636382
3094202124
1360615250
3223685665
3226783008
2729367486
3045069223
331696670
3232224176
3226055666
3231979430
3191354382
3304975287
3300324532
3069004286
1682028421
2883447079
3303832215
1465688676
2840573109
3229531723
27560369
3229198704
2789636398
65189937
2186616541
35425418
826960248
405577640
1424768365
3300908525
65130553
965592506
2899845169
3110102391
3142025062
3011476025
2804752471
3221480192
3101300031
3021938908
2946980362
2186062965
1549007898
176336596
3296255921
3091816390
2172220070
3195653160
3233666049
125233653
110928701
2239395164
438449199
3176976139
1019106212
2440499917
1377180487
3129942647
2167832724
1645975554
2322934346
26539442
3293223785
3121763914
2599998692
1552100222
3290238443
87768403
2565632084
3196237419
150126147
2999630391
492445012
3116753314
1881047419
2531379131
199435885
3044560484
3185632777
3051475274
2261091238
3198323358
474400035
67875816
3032067742
1720096063
3095200633
99701496
137702165
482113210
2288262212
2254785589
3091999618
2559925034
504849826
3122003322
3024626899
2420814144
3238969961
27686229
2472722514
2909962239
3125748665
2795026992
119168244
3233681217
2285681216
2883977478
2276483456
412701523
1868213112
3007783536
3149269622
548778432
28830480
3089617168
575690565
1031599578
3207280820
2479344294
23483073
3122948581
2147930059
3161019538
1947628230
20228233
1472778943
3125793652
2885705555
2319126482
2557158574
2736303306
2688350148
439623705
3195747973
344802895
2279664523
14391873
24903371
3195475718
2412352471
3032313522
14358523
3041507834
3041131962
3122983383
3189899274
3194117558
216933938
2586167756
2387323388
31179164
1187793236
3122994779
3122986631
3105737981
3140861658
108498637
520995345
3107534950
2570722760
2921101795
3241034409
74460479
2707254158
2593563955
2770227662
2990201388
3105720886
540045959
487132378
293136425
2871257595
729325668
3165960429
3164302063
1368429008
120036324
3183215300
3190280556
396988769
2827109622
3110242216
300076375
39570831
37970586
3125177211
2728264865
2855207190
17139579
1956694080
2782095388
521016853
2909397931
15210060
1077120944
3062356371
3092251858
210167067
2918056465
2856075522
2376010556
3104933457
3105600849
3125248337
3122998811
624556771
3239599499
1718392129
44135635
3038572789
2857429277
2845547055
3065694411
175419846
2829184779
2798682100
629106817
1321182901
3105114339
3152329430
118448026
2528783070
3105079378
1192028204
219463644
2495571270
3030545597
1373564887
17372211
3004846859
278256988
3129073359
2982088181
3017350861
3006676329
370192044
2446284594
2951159073
563109393
3146609952
1633524530
2427930492
3127049842
2981782721
2937402363
2728757167
2781115008
3125285501
3174538271
2453437621
2184841976
798754428
1732529784
27282633
2946154083
476832820
886230144
16587002
3118346787
2509002055
3129994461
3038525160
3181117195
3038520372
3083675304
74622741
3178102705
1887456704
45105778
3107389617
316480814
32164801
2466187542
2518739700
991432730
3225307305
3228902494
2493503832
900492324
1717040064
3152262848
2837115036
478855762
2383721767
2856025126
3181997936
3181748575
131703461
3225542979
23949957
1012545667
151920993
3091510882
3090022683
2552914826
2455362542
3191868148
1446896970
2891227775
184583667
17986973
872100596
383060796
442407741
2789889671
3105128206
2538320492
2545027398
2287527962
3072328483
748185511
3121542709
3026248593
3188819307
14297098
885794670
1881450464
2893039463
2893068202
3031095711
3054901515
2888430895
2927317544
556942410
2940545469
19978049
2174756347
1611640464
3030283766
2298914774
2251495428
3028389958
2277800833
629970472
3215232309
3152442726
323289381
2728700391
2826570646
2751202304
2875599382
2713683168
1322257022
2227266128
3177508195
24733117
2978435349
708467076
2189561935
819178759
3161926745
2746623857
2696950669
2904561473
26113992
546609941
3021817826
3172420597
2965222533
200998116
3112085626
3072979103
2955804862
3031798300
2361394124
2493094016
2329804459
93659262
3170114046
319148114
3148803020
2900745378
1736961432
3168395406
3024476522
3168151644
2789628045
2538316141
3125223717
162708426
364556378
2335289324
3044053570
2312494016
2952448174
3109643149
3018848341
3194817477
2899769039
3169414343
3150171078
2929149005
13361922
3098445117
358464823
1963571004
207033687
3010210590
2472683478
38619478
269093954
3069226916
129750125
2842405026
198605683
2254632679
1839108602
2359311132
3143127161
1305020701
3069994104
380694956
3020425427
2393063119
119416027
462170206
488152532
3128875501
1648582782
2965432565
3082527096
1885366470
1412064840
172852209
220482647
3116843627
3161457666
631669280
2148937274
3025108965
2793018356
1967230249
3031942490
1005126732
191052555
2773374301
335561868
155329660
262998922
3158198130
3105875746
3027748684
121153053
3155846468
2171200586
20107602
3076943675
416696463
3077079353
3118061945
1398390313
2984727962
2410047224
59141515
274508914
3012066215
3034056982
257618318
1950832999
3045472107
3022882490
1668647460
3107864022
2852516807
3164175136
63335939
1665548646
3154672724
3041069907
2937701728
3037051987
2548452300
3153916423
2158066474
1172931523
166921090
2911061835
836786904
327025474
240943344
2584109300
1872867204
1628248153
1235105838
2394676678
2214847005
56315666
1458227252
2352070412
2521187111
1280291174
780843103
2837035496
2411695442
2609762756
2999121963
3040052210
231975234
50194961
2926661695
2417477874
522783417
1126689901
3116196362
334266844
99763265
3144725996
1110662156
3116959388
1860195919
2988367241
315560891
3148559400
3146605202
2917854906
364988246
2372693960
737530482
3130361939
3148784670
2463770810
17400487
238717282
2988853226
2457954944
2904633554
2981968605
2937327616
2524695894
44139919
538673804
506867776
137954118
2865260798
1317043656
1863477588
18863455
2986981203
3149195647
2227183596
1895922452
545417733
522566870
594045237
2591679516
3113392540
322230095
779093905
3109255041
1645884246
3131190550
3151200317
3116090948
3105884915
414159624
2707386055
3063036080
3102623838
2531004270
423941805
244716728
2916125365
2988276303
2504989746
57034334
785569123
2595373312
3065572172
1411012520
210522936
2729904426
593975078
1020857448
2740146525
1273960022
270943100
596993535
94620467
913228118
2156709984
531629036
3142560830
513822723
2986405813
519124087
1676495131
3098601870
3091512533
467523179
2715547724
2614101470
2432779706
171761906
303401032
534903573
3114736527
1901652758
570963734
37249903
2511940339
2988942472
18815657
801072524
2713094767
2568027897
3063041535
3001494054
2480099293
2192758383
2963830033
19782840
23999320
1197362822
2808289285
2899875403
1550720456
182377433
3000222692
58934739
7789342
2574001358
2471806080
1927615796
22696182
3140522209
829366202
3140328086
16831986
320205537
18921488
3057646390
1606418880
2564640128
2748541087
3139381176
2738697140
223231071
45920157
1916971278
3091823015
1608622200
2903513619
2836528966
907165158
93904802
182665962
283301194
345057428
1898011363
2960045220
320453568
1437141637
74909342
2911039074
1888089174
23268382
567716577
96307231
2933134871
1164105180
2495686176
37315032
3069285240
27432747
246104718
2823621726
2973725320
1209258558
3087609498
55166712
2811051640
45203177
2616395930
3024426078
2975092683
3131353911
478181166
2993506244
2826736309
168518165
3062561324
237682259
3060160309
23975324
3125178366
2990582293
3033283268
631533867
2847449866
728944662
127030142
3060583292
3111936060
1691545213
3073323654
2705805788
3118643875
3108434175
2491858399
121671968
506540846
60639109
1702148870
3001500039
112924655
2859830698
3090089896
2942515823
33244137
2778061608
1519623595
2899200187
3089629656
3033432274
3007177939
2975494555
3080217116
3004284791
2394085628
3102052079
3045260287
109561366
82814604
599663095
3044749527
2549647958
1732624986
45032343
60796121
2470502486
2743206953
579165654
2897087448
2596524152
337472248
2734614039
562577357
61608747
1976507426
30357579
3074941626
2516072779
3118394561
2450019842
28484970
39651447
2388982110
1391027346
3116583903
2347299216
3015047386
820205892
3069840587
101756062
220928091
1262776610
53829677
102246979
2258262637
13463862
3112151026
32789366
3111192202
349418922
31891798
67178172
3092627981
34503804
36832842
368458178
116572493
17943171
2492171767
42208855
20515090
2918312640
792795914
2995259119
3104736318
164729939
922007348
47336979
16151935
3039393803
3014706347
35176496
2927460395
2248884439
60784269
2412230340
2177222186
2996720139
16248319
1835960774
2875080674
67930459
2555323970
2862673982
1327288770
117200890
48181762
2538418658
2697183510
231023430
275218811
2434001850
609841269
1347002923
2895094386
47974390
3094443583
1152267740
62842700
2964350391
403092460
517722097
279612469
1242466129
2607123872
3083996178
906343686
901734229
45931083
2968691363
273400168
1656608798
3091131187
3077942093
166425132
2213108042
2681526697
308997977
2845212608
2998918730
922086175
2997614634
31514136
2955864309
1463103571
46295685
1258959031
2411828940
141705869
2846149222
859082947
3024318209
2755272962
46190093
26965521
2528947140
2447773698
1196531330
3029560861
2996108380
2897593697
68598070
821979836
2583069936
2941208600
3044735896
422319684
3011543062
3004278676
1707900248
247306295
2896042986
2901757343
2784633800
2989700024
40978378
2759777944
31504040
96863903
3014462574
3033812902
979348304
2800083503
2688309187
591403936
2762253282
2717655553
265645925
959697078
2960113640
2336280854
3065922340
1926879984
604486877
526579895
484854027
1610216311
3027628333
90541262
2939968578
2563958059
3066758194
50218809
444575639
783529658
1035116941
2817485345
2967194872
22373162
566827798
3058919010
1597133779
2423235167
2938346227
2994552257
25062618
1886607632
38247323
2986427548
1949267214
69970248
2995360291
3044845078
1526119010
386911462
3047028332
230423507
3044947954
113203111
38244366
3054920554
1673379312
1414075693
3010410258
2916913125
2763322693
2954154106
3014039603
2854372025
1948892750
85866196
1284745723
2699122381
2874130341
583142443
2511484669
1695642894
2232049396
2959537479
935885550
2764315114
554487897
2946625031
2314845715
1948264196
1075193779
81774795
2740563252
2575012010
2991729837
3057072141
3055902423
2589519360
2499632564
308155020
1138759182
1559937942
1319956886
3032183339
2266702910
2432666996
1051437492
2813667919
3059565850
1100910482
2844689995
3036490850
3049964225
161844924
2293242422
2753124690
609831858
415581969
715609046
2805950208
40764568
734374141
1570456826
2212637460
3022749834
2963984033
2187117308
150649182
3019548729
353496431
2784391310
605179793
2413230044
1950000786
3030425243
2494237140
49057307
18267466
16700729
36593049
2785651718
1659511890
3035510676
2734687134
774184586
466115668
579221658
1338047336
2925228863
42135344
2812406971
2961716784
2398257330
345131103
93723543
188734208
3020656017
1261680835
95680195
485967099
2414709972
3024329352
2829833362
3046990600
2938583689
30785977
3029077136
2956877916
560034981
1011422586
2365966811
2916782764
2943162715
2873001533
2202307988
1949715769
2302257134
2546363364
803621239
2762518271
3009461252
2647133050
598406138
2403329675
3035675535
1069278361
2361516942
3044470666
3039770357
169564888
126592212
2523317676
3024987587
3013824180
1525689241
317871841
18397027
3044325251
45547886
119521385
182314545
71796971
2976787475
2932938625
144527487
337862999
2183449346
383553758
1950938442
2966608396
3032895281
96747030
2832392629
1284105554
1284063006
2869448858
2908460072
89280654
330791427
426331477
231505530
7152212
2491549904
1933684717
20528789
630645066
294852352
2564281542
2794893153
2321473375
736652090
1319454804
3007289197
2850747269
3040046579
3039765893
2911336586
2080931
2810435802
18340132
163582516
53263853
23761484
212005766
27883417
547537854
925666188
727763989
473637762
2980912257
38804737
14913837
151079975
177219288
3020037510
3011422698
3037343524
562372370
3011471838
45265619
2910970543
612931307
1959974190
3008765726
873385830
3036045772
2311735646
2868135916
2516454559
160047813
813949716
3017609018
1200629773
2898141218
91942071
2535776749
457338834
544642947
3021679420
315524527
561674923
3028991128
1068181818
629426409
735106172
999656748
2327875423
2224143236
2956486562
20775724
60924007
2578240705
1969630836
2910167806
1950213576
225652815
1950116798
3012192518
2829111240
2732481650
18042278
174737843
2935513414
1867557966
2293813525
1912392294
2986295768
1069755114
2928701984
2945946388
1154628679
2557647588
2437662536
83739394
2986336666
3029636001
2796447062
2951268543
262254309
15120121
1908533748
1001809176
2209458890
1103608208
2372490521
3027327573
158125269
2517258128
85346225
2953007923
3011739366
2387153004
3026520741
1364016961
20732140
2185248516
1950338562
2835769639
437695069
2739384473
483195215
1004075138
2384670944
3028117923
3023448521
1923451652
2177130499
250416435
976857223
2935169342
2773826034
883336856
3016274305
164305985
2723404855
2813095986
53022103
2859894767
3011505452
279126269
292447074
3012985081
315872795
2522889758
2303750858
1909502827
142331814
970613982
2340605852
1928355998
21041007
1900272475
3013755450
2374713848
22095748
1699171428
2308378440
239673414
45496943
229724182
2759066101
2666568380
2994951508
1108807484
972550398
503285065
72481599
1365672319
2347232989
3006387171
496990632
2835403700
513132344
48935222
2806237688
1176603422
113631750
232183410
2271898840
2941214822
630927264
465257804
89581967
2990187833
131293926
1353281034
987472982
3013415804
2742960801
1532569885
2905686566
2865078826
2170973066
391627315
2295343929
211063953
3025696085
2766940874
3025762961
2816395922
1187690628
522540775
1449744306
2826643409
103913301
2424383984
369883043
1931811601
611700128
2908087023
3012116459
3000205539
2571254980
855227984
973844581
1726358070
2930239166
2930431411
2381312521
2888894400
2982082455
406752344
2993525591
2248985028
2969530862
3005802044
1602415255
2457317083
1157919126
2484303019
1289705827
1319546864
2650456126
2942346505
32581816
26518374
2980071867
17276219
2831934672
2817120322
700935106
481982442
1196407668
3008621094
2834331647
121072766
2560344484
3002505221
2557519051
2768337892
130007072
3003753453
1533840589
2205267235
3001937309
2996470508
2830387566
2971981913
2988137871
2927875744
2316139933
2502911436
389669612
2175522062
2297696764
1424105654
2460061236
1862810282
1245060674
154994801
36116203
2728617621
737465773
2331132835
2276033715
2973568480
2300607168
1668906331
2975906151
2975970748
2975964370
2398498584
2711244271
2967380654
2952436731
329791343
2905300965
3008419385
370577034
2895951606
1063211694
2846796219
872649847
17907878
1138423621
106804211
1577287394
2978207915
612913995
169634370
3012225171
2683927256
2278462675
1206064758
1717215607
2981264093
2470193383
341740186
284878467
75112589
2986649956
25335915
302877784
2936322349
2350565556
2975325838
51352022
51902819
2513676390
600683990
38965083
181905888
2955125939
2914926523
2396926410
45819958
2766728457
336069081
451523186
23013697
1022944800
3001409695
2890392221
2838243165
36182333
3001572360
2935965144
271147332
17831464
1349787607
913208384
482312055
2903220007
2907212060
1265371136
2335384843
235998838
2923070694
2898445154
2997546120
3001840329
2964933435
2938140036
1950790388
2294840984
434635376
455179917
1493267851
2998639473
2900346776
2990840810
1381795645
20326812
519713644
2934700892
104221356
2783429546
2944662637
2888955153
2763882690
2928020538
2236632812
1631895986
2926817654
2954145629
408954926
2302585800
2473286948
794313074
974972960
93676837
509072423
21065479
2312599250
1904078928
2754388228
748351916
1610187517
760466738
134700704
121555276
2249569357
2484687302
887905129
18554585
2957683070
2685199019
401534412
2594247193
75830770
1945117369
54395156
584911013
2321322426
587450353
49013218
1496545255
301396615
2996539577
2843168429
279222187
1434635390
2161930194
3000664540
2586167802
2906840542
2906716583
1969597980
1252415268
302510445
2989920891
2330849820
97285407
563281155
1663666740
2910008937
1288965344
2995985198
1608948967
1120447374
2383039039
2943580606
407389600
433551832
18305815
31407357
406784853
2471277110
177612773
2963088345
903152953
1356395700
2902106572
2821142984
123142588
201885911
1727365250
1382723892
2841813573
1288993892
960766050
33560599
37332302
2550302528
2302127575
243839619
2188577185
558035830
2902135220
2385165414
25007589
596541160
1594507952
2991306185
2989218423
1952857542
346836110
516133678
2946409330
2934647392
2800771502
2902046294
2916106794
137455381
625662405
2155748941
235362301
2158646444
12912542
2226839737
66344815
2528383177
2988342969
2370077893
1068864637
2690902158
1027387964
2729820933
2308709359
2315565908
2909958405
27461981
2930194170
2902156208
741788137
19512908
81126713
466000743
2478893108
2916156230
944945096
610966298
2340717812
1922040008
41924009
1312209140
2368437692
249780338
2920133175
2830255505
2241671448
1926114337
1122821059
2948045043
181770112
1887486780
22270993
271194883
2471614340
83879550
2502200664
2713177031
423820604
97383592
22931529
2489990580
2196378314
935457662
1899323670
2984456741
564927741
2926259182
27943433
1542114595
1286733985
369189316
2282822146
111547732
397153645
2926002349
2558837868
267449695
2451213262
2987961044
2745417202
2921864643
391316671
2922876276
1421498360
199288584
548884319
2712763874
2971124897
260781332
2907836260
41970321
493335010
1284818610
364652052
2580578053
1389481098
2939007541
2971582090
391897915
32698512
2986115696
2980599426
593460958
2980603358
36792190
1443486378
288119427
2891075681
22199366
1346929950
2946566053
2580886322
2823383906
2876805738
46517850
2454557100
1296638533
2961613551
2695207645
70707436
220009809
2908287770
44672556
417867016
2899482415
2772328316
88168692
2970527738
2771654007
2834221130
2674223424
2869602539
379479954
2950580254
2940035764
2928141774
573121197
710117998
2927773393
2820242688
2729223054
2682013394
2872709946
2374149744
2908314997
2790658390
1691109650
2864438148
2512612789
2588754918
2963379383
2378435822
164308569
2882174191
2979214420
2315610308
1228639387
2844687242
2983240148
51854771
2978768554
2930559373
2918868666
506896639
1478042934
844482439
2388063445
1556978514
48181983
75136876
2956929686
2944749812
2897065484
2323149134
294991606
2695311619
2881647443
831729216
340399669
2875052947
121218651
28566291
964503648
2919858989
1302350875
896603766
1917303128
2300394122
2890303152
792206659
2959790880
2932673696
2509208545
2907411348
2901481442
19681358
546261083
483393391
2181493465
574904749
69469543
31057963
623584562
92752327
85138339
40530952
129949447
2975575181
1937948592
2975480782
2969239445
369106550
175192928
2754441885
2970239289
46252894
18565896
2888785234
1466972714
1571946236
335308373
2607071638
2971291433
2573132274
2516862678
2482911169
2973484553
2973676959
2452238208
2860406256
19900434
43194021
2951349921
1120187466
72510159
2552515015
2731487725
1912070575
2958224492
2324514370
607986847
2901264640
2792845350
2507685914
39003445
2371688263
2603506554
2768300309
2450186083
38749080
2293329019
2917982420
67453149
306868255
2550249877
1053677504
533152036
80639285
2547259032
19236097
703683907
2882179109
2967247481
2919910279
2745472088
2432214339
880237465
226387404
2844913631
457006460
2774073101
2964509713
2166735512
2952399660
2930519534
98495393
431139974
403864026
2893376307
1736769547
2180953062
890872201
531478621
2911525543
2616209796
880756303
333405020
1281011112
987314539
514744589
1239719576
400452123
2934389163
2212759952
110458857
240877623
316635261
2683324987
353925814
2792512009
1449503378
372573735
2673414339
253831082
30206446
825608011
65854394
1018523378
2923153398
2222195234
37657423
2367222127
1254490128
245028321
2921845222
898728732
149885762
1484256702
842378744
358499705
157161926
822697
787367634
1161374101
635192256
530921102
36789992
825281214
2829929063
204786099
862831734
399402033
2213405891
366498127
329247033
1853228562
2921876159
1426631756
2898151868
627753316
2893285614
2505140550
72430689
2261602740
1582007119
2235023258
2583369971
409384934
2773130031
2931724321
1110577860
2789621310
1418130872
2178423914
981421351
165664908
1418611513
2959522869
168485883
594085924
2914046139
451450856
2933932729
514912782
2286905856
2943264688
2870823110
211344774
2576106281
508267759
2868072658
2953210493
563370038
2325589548
2346056620
581346199
919037827
450728404
1287520418
2788940095
17420951
2690608402
48834856
2916110593
30711732
562927744
1321399808
564083701
1601619937
28671851
922279172
50201573
150446380
2911285238
496551847
2544111799
2796973626
37085627
416765077
510729672
36662023
292929271
35099519
1303007947
1359973026
751564710
1544015983
2270707610
436795156
930683335
1728718722
43203630
557220611
53111469
472595625
261830610
2919984768
1929615410
55748114
21260858
2298743826
2491848110
2734813518
20269307
1118003827
461558727
2936656075
340934794
753205987
375324507
536971446
2938545352
1228205280
366403007
262134446
319097183
19948559
777059101
239432753
463342844
1426253114
2184024872
411525878
18324068
45196556
893338705
375200713
2853410675
950678312
88258912
381254776
575640880
563863798
500645143
375447114
1410746617
2813950279
2956888200
107792558
2933832139
2901970275
338291677
2847646308
2933107255
564947756
508245467
2378019222
253633640
124686784
915916063
1665840014
2956184108
2909857634
2835468229
2780248292
1721812080
2728784058
356434482
2946656402
2940452666
2814085479
2952986911
2949458490
2949996462
2950159255
2927745493
2805944361
1354574178
276668085
2788668084
2473737432
232289825
129731176
115727624
1276720423
2796050240
80838016
55946105
2423015958
398644168
599640456
2720780149
516890199
1191728732
483413836
1889791320
1874703134
2895264308
1617816648
2415765410
2941907952
475236536
1871895014
286349282
2925856853
2415674455
2418979002
156113195
2916322332
202774675
2159779477
2286905538
2660053663
249754857
27228928
2416860835
2885985034
2797284375
2953155392
2665489905
2889571612
326380075
2791451110
24222640
1890976934
1958569866
593871970
2946937543
25159559
352345266
181026507
1542335869
256213216
8757452
93863314
1013653598
525867047
2836812741
2833961450
286712924
2874148960
22821055
2273432036
315477574
2336872559
60910932
2874086374
2885043855
513704992
2439158484
2308675122
2880122418
1689378834
2374652118
126665405
2799676560
709713509
343157640
2894764846
27901877
2949306358
2703502530
1334178985
425494511
2893505132
1658602944
39327538
290336441
1879156038
1339721988
121678178
623481824
2927466537
1431278618
2815264997
1960362528
2895384648
1864103306
2836839637
2721288782
834586094
2724563700
2799184845
133760639
22173790
428456644
21307916
22528995
532977876
785524554
35913271
2571203778
2931751196
603574184
2781144690
621606939
269620333
2213157290
2939111375
1581319537
529555835
48087532
93343850
2695810070
2741752771
2830051135
514404215
2897232768
2945805102
124727478
2587535550
2678942856
2689144026
611600999
2772614161
267959962
2736666878
2846409211
2830642691
247124972
2687840425
404560300
594676360
427924454
18031710
1693894483
2784693848
32274411
69670307
2857967952
23219627
2783055582
30989204
1051455504
2890839417
24368748
2903158613
27005310
890236020
2236815721
346947239
1102456254
2754843121
531486752
242313340
1075558352
1621166748
624538663
2389558150
451733032
1962424525
1940209664
461782436
55113967
305791304
18772468
94576212
105860110
2423820284
2824265726
1327861206
2507442756
2886872237
96476726
2907873631
2885427139
2870163390
21651982
55004670
1017876734
2541919056
43081521
35706185
400089719
2229203052
616821136
2873174340
192024694
723490698
2913910685
2740862600
2782941807
1117723327
1262274348
418867782
574220290
239153238
169245808
1418166697
527360744
999585985
221497983
2778431279
584007872
564041346
1858640754
42194318
2751618611
408219053
18523265
341191157
1046385942
531806071
14396621
21253575
263285930
887806442
1606271485
141301490
62633545
2749259748
2800367281
2806351155
2939165321
2259359791
2795451741
257157013
2943122833
109782727
2927770729
2866999419
2938199235
1103488309
972339018
2861684196
2910202513
2495669707
2292053171
2458821102
376587968
2937811306
2937667205
2853693904
1407855932
417278209
2922464879
215683551
2902030526
2454751844
893851525
418279741
1562815776
188970040
337392550
2908228695
2530651261
473422361
2359746710
2873330705
2937736236
2935264039
374041135
2162099762
1027100742
7548732
2382790728
1142554405
2451433968
318682758
899709774
1053718502
400294294
43662736
27427649
2281139611
329954688
283320945
2661129758
2931663298
209906335
2828869125
32327555
2874334686
1095558246
125793686
1074583705
1618739178
2930119198
2293383554
1898938777
168262212
634288354
251668274
258527170
2549701992
216646768
2426252714
398919818
2473142576
1856039281
2786688200
549623478
405499105
38506401
1149980071
2835579048
2859960675
365004530
477410739
2248872964
2421118248
2903394346
1449778460
2925110698
239603284
2906333558
2354367164
2650939647
2701492915
314243234
1717464030
2931655050
1426345705
2908646959
224704470
1066207495
2922481222
358868343
34541622
520808962
21467875
309374492
187963589
2770238941
203271861
2912606495
2269790035
258887048
2765419359
78687173
229291732
2914640092
885684950
798864146
2711727011
885571634
2526069158
329145638
2793188445
254172680
948597494
2796735706
326668876
902058222
330358455
46537726
187951987
1078094414
985189326
359661415
2586993949
2471546497
2857300083
2513811746
2894241610
2293776739
2918275341
2837232529
2186440241
26979999
314252006
2465258120
2917607687
2374415527
2703695556
2914926244
2776795189
2863774500
33571894
2735889614
2573362600
516238234
2652830652
2867737271
2743507550
2878552640
2663801778
616677817
2695339990
2915640977
122596891
1909000370
2320507177
1147778072
2512494217
59886468
7880822
869265468
2707146924
25692368
2647466738
2910130759
2796218525
1940918766
136432427
570854575
352494317
1216085676
222960084
717968347
1963491806
1557432798
889613070
1652936227
1566209258
23468661
787955030
2471494182
2246845242
2844725178
388934581
2906647599
67350721
2874221135
2906816195
2921832440
2525042328
326639353
180393623
893923441
2835630906
17723632
450038568
1582117950
2911416355
472280781
509696506
232720513
1319496044
2528833368
2784098463
1477348038
2292738051
975217231
2773068746
2726311681
2740556801
905374200
379479080
2148299336
258102381
2288763768
1941434864
591981595
157398659
334807765
50174923
259059584
2436820354
2468206917
287455193
2799188925
2561962244
16193260
24431556
2852481650
981285295
2914240152
2917967455
261749735
595250319
134959712
2370992114
2887746208
1059435140
2876130641
1195930988
2903366680
755716560
868637460
2647763185
2173598801
2511584504
349222101
272388054
2896489721
2892265178
892115894
585373512
140640762
76348185
2469185712
720945812
321572161
522664889
16155881
1154956032
2377335007
2899458861
12591732
2876752578
2187404520
36563254
700113544
1093468681
874251416
1912223431
22456513
2497500073
1948322714
22099720
223719518
2600570018
303798555
33529092
2897921679
15273001
366819502
2355246416
1869664320
1095800010
238384492
565005440
154292343
2466656898
177644273
94721866
593700012
394134197
364844072
1453209829
454513795
2433326850
1135993442
2396808271
1049126498
992173328
2502895924
29428194
28478793
90408018
2424205688
18244206
1320708157
353461486
301407473
458214340
2416577449
68173937
258155646
2915132683
1939110636
259674489
2234972424
75736238
263788401
724860661
2595161094
13006262
94169729
2513050795
339677220
836710074
43993658
2233955108
405963037
1566610304
27799202
69768385
158286198
100784901
167621823
398182076
532285060
379498878
1635639116
2835554966
17951493
446515316
133042870
2882922897
2892644896
2761445958
37836873
2892038758
2891771182
2909508859
456300007
19491594
60113766
741412231
2242105939
105040178
105295143
90964095
334603161
558856151
339182018
305312541
451331487
2648441622
129531185
274556937
375858736
33811812
2327706199
794645850
2616520477
243293667
2399812585
2270543852
307641183
833963088
2346652446
1049681827
52024198
1217982678
2546562188
435512486
1008492163
892071500
2670390968
53434947
2792409146
519823702
2715586658
1201605662
1875962700
2317476986
23678096
477196264
2357581674
19786336
2259787508
193759500
605635673
2906246336
940274250
104874562
124175717
28461667
2161491157
21044127
2886089873
188595869
1109735724
728786725
304894058
2885226569
2696922744
920832487
2889586411
2891815002
2870780848
2904261043
2883601571
2888929170
428633619
2900762904
94607882
45893741
2792034505
28096105
19511717
1029560786
1206220766
2577196796
603217858
2236865520
2307247033
2881193321
588047030
2845924565
553126021
1861065793
254410443
1119451231
2549619966
12737282
2877202043
2899574461
1555219508
2599057032
2885772432
378924029
1301709583
268026050
777235291
75821016
2873758167
2873419571
2895799146
2777981939
2868178126
2706436976
119160368
1178249580
2747061320
1569384817
133769431
2517883349
414215041
768449142
297457814
2866019177
2411283445
2718609396
1559636965
1415558060
1713327404
2522775577
2850191787
567836841
517039011
2850582634
518744362
1558957111
2849312312
726577010
307076651
20118767
593105630
1097268498
985947811
128762172
2836664690
216604722
377069578
2853762705
2859594983
111081551
41580628
425704938
261085620
628038157
976941404
284596172
44209472
270636028
743527070
1663975998
885721369
481808646
21789755
258173948
258921256
2306791693
94384054
2459929928
27287594
231269881
1715591142
2861036539
28941586
120181792
1655392543
1109685884
87246393
1488238916
2512732765
2280736746
1255214533
2314075110
2364398778
2585061890
2855234925
1140696739
1565589667
2855217870
2332346064
56449803
548509124
141230119
2283572839
2806602095
357959239
2787585211
417076736
1559262644
2639886744
1558169514
1690783116
937804356
437441899
141066265
2324832497
198952576
345198739
457712573
2873821944
2800748813
590009065
2510005899
2842681056
2593271341
196363241
2712140239
2866551091
2804097602
2270716080
1668984794
625876566
222387441
2210014609
2824973768
2792310214
1979100811
2858412865
2297460836
372929228
474848276
2793211828
2813478942
2646345013
1027488674
2365858463
540813072
2558905384
2569693620
2549090173
2340812936
583213934
1096601774
1887210126
2842670756
367764074
2826469800
2761910691
36677276
25148961
2565004740
2388064016
2232058446
392323361
313728939
2798420476
497045665
2809361855
2254194734
41400882
2789489687
745862250
14828860
1522197980
2458823978
2801085903
2329425493
270223448
2819401849
2767941133
2798205340
2535668358
394824539
1673014093
2408155106
763588974
1949387677
2580852152
532818436
562486314
2690273300
2834478990
787166287
2833743715
769946629
245402879
796442724
2780485281
2285751389
2779216062
2832289338
124469976
2767635100
1898358410
373226298
2829001112
2414644784
1887758646
1477347427
2827158668
933838470
27066532
2773194214
904028612
2402211746
2244198564
1655334871
54668136
2786575592
2266057086
1426945903
2419819679
2790638954
2799096229
2409571602
2190229710
2812166786
842887717
798772399
2481384596
355266622
68168173
2500342200
2806713355
2624440756
2685277116
2148480245
859121216
1486263163
2696929423
1949978258
2803650348
1965515870
864800300
2668936490
2766380038
2537065927
1129415527
2436048710
2763830189
2775556262
1674637056
2544959005
2686199862
1954234958
2639295420
2548838834
208275314
1454956470
2192624426
208315126
2786696456
2299715158
1881530090
2415888583
1323150433
2757343636
304643035
2235567284
2746272301
1706059974
1169757278
531566031
318101684
2555562800
574892157
2725192089
2354982534
305837384
2356073252
72366233
2715188317
2595307674
2758858712
2683852404
1855033237
2754178872
2740368943
391715109
2507262113
2751695437
2310788652
170371033
2728622511
2241080666
2740424318
2605710427
2657922276
2465459906
2450652582
253007970
1398194666
1902559285
2694160675
1668785029
2313184021
2629001703
2738125592
147351908
854875705
2735874356
844181774
2273902765
1391830688
2546756340
2646141146
720317124
710643386
2677427912
2550355459
2663352307
43563585
226815025
2425729796
1945489286
2714854479
2365784564
412504699
2652598408
473241699
100369646
2722131078
2194898888
2471511716
2737655848
2719686007
2416255914
2718593993
1720857410
2694063212
2715240793
23665481
2312986582
2604603566
2470228154
2686417880
2706090234
30045396
2652786690
2705996516
46366203
2551142310
1618924291
423167597
2300381075
281197368
2207780696
1322975544
894220537
241206211
2610678042
2562467258
2289918842
283593475
88674124
2616636398
2414846401
2724387574
165574958
1607780965
2531289550
1503370800
30435427
1960971956
1320841710
2385790909
349160533
1730051844
1265759022
1149210018
944035944
2664829477
2257863216
2360430026
1645130130
73774016
171519577
2401144389
909287167
241961531
1035081134
398511028
2387152024
38798938
1591368283
325585553
342894187
340804120
2658685339
214058253
2600047068
2450889686
256628776
522794267
461760887
2178553484
1910077428
2279794766
2432258372
2638708244
2706572145
542266605
83645743
408679093
104921182
2689396385
2448079418
182898734
461301890
2255243876
1202196907
2283036289
2227425576
615746943
2617641270
1828820287
24935003
300837226
358358053
2321745516
1667896128
996372662
1240476673
1270982012
71040499
237984820
79884891
2347619431
2613865862
1308343394
1596748478
479254487
2297105786
2614658473
1427780287
2198759663
1711876722
176122526
2317380980
529548712
350279068
2295217322
2258300143
2307314352
2479409160
1368601634
452971300
2413394682
2610359389
2353864603
950909406
2591642600
2681132206
69425663
2269656913
2575071793
2583135727
2374116194
1972666124
161925204
41417878
624930610
2561847120
285913451
1350303332
2259653550
22643800
2602625610
2413384368
633335997
68687869
28465478
18444388
395971697
972909709
2353391712
2241417253
821541224
2193928861
866849376
290405491
1709622690
2329015318
21415115
121621498
2432808509
2553795375
1969387814
1201251338
77240955
2246376950
83234491
228313325
2537342004
2388782066
2660698833
1359040722
2498890044
36032320
2589884616
2243288088
2196692178
20215316
242099453
153490795
1337136602
14543748
89510026
2316215852
2373924434
1679457528
16625041
1489270045
1968387715
435958880
2329579932
21587082
933693476
519525113
2198298228
317284206
2264409549
2391591091
217634501
1935643562
2595279402
2368205449
2573421306
118401061
1912914235
19102612
111193728
1132678628
2369199326
1122908876
88222637
58966831
1228839474
2317094602
885794358
718407278
60763202
2449650492
2456676294
545927599
17749926
29445904
174618314
19479214
342519345
1500089766
483251984
18034656
552708299
236928181
152892982
2422633351
159389938
260347287
525630064
21541548
35751024
2559571460
164037051
584460732
1648794829
2504548104
825989060
2447436024
1606029594
2400087618
1872701666
909894608
2376662347
860017958
2564714539
735389034
158545608
148030986
2644230603
2518081681
1648968535
2587059248
600581009
1141242042
2567807982
2486026082
154982943
1942106185
71998639
32135630
291343180
2345016749
2584513202
2516676793
2578799414
2465009022
2579156623
483771071
2518746518
2291434267
770289144
1489479500
1961704364
2579734496
1546057686
2243051899
1653569588
128679788
451057674
140200890
543787174
1543437272
2568869742
122014550
1612009542
2575427484
482172065
109060294
929942353
298317641
2575081104
343587342
2574969018
424757138
2603808424
272058058
1367971122
2572117718
295004759
2393345282
2524081138
2618063098
2293534128
877983739
423807028
188013000
30197540
2567902675
862374578
410967625
2266747369
2548709538
93786937
2570392981
2536163252
709404201
2559448963
50774064
1665906258
2341734566
2449704830
2565528101
1247451433
2403597854
2423798942
2534588126
1040958458
1967878298
15175819
14505871
2225547304
2470012454
1165214384
1367974088
2588359779
48771393
278888992
2562915878
2542179624
323918881
1373119880
2425039456
2238305266
2540464909
429198533
280826651
715281021
1242545995
549006120
64828599
860184570
2364827886
533957368
468274644
977601830
1837902956
2549930556
528766080
247761839
1647821786
2486208030
2385806719
36375798
2555394504
1956528691
35767916
57497901
1074663391
420285954
2235626015
590839765
2423397579
2495679265
2541531140
2586798334
2465376606
580928975
883089601
2397225510
2358808129
368016474
499266305
2492004018
2537590525
2546906389
2413883605
2424194545
126134277
753927410
539142928
2488983553
22523182
834094464
182265955
485026057
2551976472
855076160
799059019
2550149346
570273682
2445569411
19939596
1441856462
940368062
2385929821
600148628
2432410959
1421924396
2540270526
25770408
2436912148
2483763258
2344120482
2526035216
971145752
15224565
395919803
574361291
2505604898
985186471
2268093187
972311155
24869391
2484474427
1462099164
591161523
38589890
8071902
2485388762
1436573725
2581161207
2355342080
2575547813
295072897
1653213780
2378806591
336328667
2482917571
51128459
98131140
2252347188
1496451092
94857536
156714051
162133347
2491819562
1449161942
2305910366
566613425
478383774
2523120974
178527524
5644772
59461030
93880124
2538408271
1251812930
2345686349
1368492650
329628740
35216399
2201951496
1613240288
408505415
2532065739
2355189440
328388476
2469358992
160365218
942868836
21416153
1431493266
2173281505
450919703
805599150
15170286
557444210
407130574
603708824
836224104
2188394888
632985793
772080115
561654065
1146728694
708522042
282366050
215140959
240788192
2476311594
152645792
551644827
2417443025
1564289864
2443278500
2484690829
1010128573
1150915164
288629888
110821443
356199275
2437165376
561802635
2512100576
247757659
48439371
2421130880
284542517
1636315873
16711026
2513787775
2258108742
349419581
2372371898
406489223
2545660265
1357358274
515154835
620451650
354220270
290097255
2479261554
458909659
867459434
2363565848
1226255756
506864606
291506429
460848476
38765669
2307356047
2286178927
878916812
2194502587
1426169473
637286084
2470400563
93637779
23350413
394748291
1360331695
2178143970
1431873422
212670233
1110591578
82733558
2495394631
595745162
2478238020
2513225130
2317857709
393768350
1696980096
246854614
2354311304
559977174
212004905
921292178
964026504
1481233566
