2906650214
2638042382
3031917432
488543818
720772791574900737
1097852275
379225543
4636949955
2893768217
3274916322
194097857
2478015324
121549267
379962842
703990775223169025
3434903014
3058503729
4355797094
83312898
2534195028
912854852
3854038335
3023037872
3535292002
4918528479
3300751833
711836609876856832
4893125805
626603996
1553281753
715204731782561793
4808999154
4700436012
3228455198
4729317440
4898087031
3254709360
705902960967094272
235337115
4796707521
2874359694
3224850985
38902695
415791040
709747162792333312
2749858280
24840112
708116652320116736
33014441
212543625
701875869569003520
28534205
3317287716
1491304592
4703755045
21407691
475158308
35104660
20897273
713768020284301312
3749872277
702628810483765249
67729222
48887254
2590168794
4910168507
1427512069
349584581
44135635
153283018
716615772311658497
706692222473752576
4696541605
1007288292
29288337
4036201153
703788786854010880
21839695
704006510523904000
346924655
2535818742
54086042
619402133
3505493176
121656624
4102376488
711443436449058816
711380591065694209
40908168
933693476
713541501632970752
66265121
26241252
4815572195
49210897
1091712824
205566790
703094040930037760
3386087038
40045792
432832791
2771555113
65455370
956217427
3022045469
2814256422
538547125
2359737948
772505262
17327882
70940944
4858754638
3312516276
54052856
3612731472
884202938
17131970
255615395
1119649460
2400468403
696606410029842433
719429521
561654065
908203088
707639842793005058
3961519173
3360388514
3265506044
703303258476036096
3709245494
4651346533
2272847424
316401797
18124830
343435434
152313793
1572156842
559656338
704353017106206721
704459368323006466
3309041036
493082857
127882772
4917247211
3034782866
2764770081
3795821783
591092889
4787266529
2219308640
2849954968
4854254675
23047147
3420435673
2943204281
4708225304
732045908
154550390
4220373573
1977419539
2611662579
25314325
19515059
829735580
4923881719
1609593908
3633611729
3310659202
374138602
90748312
604016671
89005813
1640975034
4877205951
25770408
2247181157
4265253193
232720513
1338765866
2832071262
3419294115
496136624
4183453293
2241736975
3309624613
3383955313
2354367164
2607948705
2488997646
174316096
2891588206
100285837
4043440054
833963088
2203736545
435958880
272132327
76966092
417227541
62815642
190589983
2203735422
27054030
3082399059
3234108048
3214214153
2262108740
61524337
466069259
880785217
188522158
2810024680
376117998
3297831257
2511584504
952112047
60784269
71063316
2910648118
399402033
2734607333
57652284
383896720
137380559
114048029
28096105
2512732765
22440812
1969454683
478010576
599620358
414703687
1832338724
297516981
273208287
2152799365
253014407
1852833895
201811300
2360065243
198857245
1943540358
1886690089
17971747
2225766402
27311044
316276191
194259388
339832905
50434933
