718459069061840897
716653905418051584
709872787041550337
3306357576
3886338083
4857419224
2667915011
566813737
2739581590
4561362915
4378733422
4115437642
4107717093
785172366
1507912676
3295579281
1321151065
1599055496
3239061622
2328139754
2323124232
2718410025
2806583402
1132499712
1665325982
352781848
1225388768
1349469216
3095742395
3085898247
3042039234
3029465679
3025894535
1538462545
520847797
952486166
2245167428
1370833464
2977366473
2973341518
2162112865
2747984580
2720069651
2955354382
2905786240
2897916806
1629658495
2192225398
1195816194
2651786470
2355471439
2335996081
540518948
1129327164
2311117320
2316708223
956591791
991637040
2152089324
1236402080
832463328
2249680879
1651726452
1321239020
1711540915
966974358
247483626
2342694860
2269574769
