722180499733639168
22326665
721526681316495361
1183681723
709241473451970560
3050758647
4908048015
631397592
709738728173019137
2464705736
186470733
708870251103055872
1251015918
1470682658
2443287072
705246631151669248
706152548772745216
1049279202
2580355683
591442988
3385239173
458868435
225850513
2792971308
420976501
725069899
2561863076
385067271
4839401693
172451215
595054660
1335531204
4833557338
144651285
4319439202
3766866797
503923334
4461351321
4768204768
4706617889
2750321091
4719579760
2728411458
601534885
967373478
2669108464
3300992913
3448360457
783041138
2304976143
2542556526
599601086
4308167855
40976641
549546789
2300512189
36592179
4252620683
4290809002
4068134245
547919203
1250340680
26838677
2738243848
377134112
1619047615
1203303337
3234016255
2310960921
314266402
18897886
591039360
3019369294
561787992
3346314928
592285452
127697565
3990644656
548877988
563379832
3951959243
3130256003
463476311
2397121040
453495702
2377079072
3050395486
3229654725
3839119409
3400848622
636674993
3757347496
457575061
1005225654
378361474
3519605962
2220316809
1290020017
532845285
3559290437
3516810135
3528897496
1205960149
1220124697
2922852669
3435909651
3374919293
356582518
2889785175
1370970438
868692960
3263381654
2477290487
3382517733
1655823240
3409530519
1564778671
1554526496
2568235558
452719488
1712729624
3396376882
2474372201
1689702032
3391357713
584334579
429512067
461774467
3291421940
3249185974
3369983427
368709891
1646634054
3368691111
2182044971
369106167
3293411409
948700094
718423895
163984852
952522268
426863355
2588050926
635879453
3330672201
2994885638
2361252166
2909644659
337860450
3303418199
2560271376
3296732403
1592638752
1248746695
452590873
2296699959
3073640417
3230239680
3297293033
417450284
3220656818
836770454
528558151
3245296437
3239799651
3234717748
480995622
2938970757
2806315405
2293928863
413434910
2852486360
619163641
2332018323
3206038372
2211244149
3185018007
3184919290
2647354333
3165566741
3164153452
3160172302
399320224
1970196650
3135371837
481418952
3077449970
3130971172
1862429035
2779186698
3128089996
466096452
3125607611
3013781855
1690156214
3118464981
1038960564
3106246017
3041852640
258198074
1414453315
552398623
803383214
3084990921
3074125779
553650143
713277385
3053210574
83969466
3051043866
589411832
352527483
566928354
3066904265
504910275
1589678334
239110400
2384122415
3064241673
3060254343
3054513358
627846325
2957510614
472151022
3002055374
2957848821
2167392117
3010506426
2965234444
418153086
1690030578
618412026
956296776
565688692
616765196
1036210423
2400162221
2985083410
2966967273
2965118289
2967757832
2571054240
580286937
2969070161
2959648233
2968481447
613729042
2961040960
2960231015
2958923776
769883612
1621961088
1708104776
2527677474
2756942456
2868360612
2920266016
563397258
2666587884
635720849
2925896517
2918440919
2434875346
610202429
2490431240
926611098
1191064362
725509958
708314495
65061164
2588556259
1152580879
2452369914
122831628
2563672132
2884784139
2862696952
1181129046
2842785451
2812320006
306010607
2885579376
2867954063
363506755
2728230202
549556871
363951715
1424243227
829408104
2361832085
64272646
2831117555
2868020370
35125951
2858683573
1909010264
2546228583
410045177
2828757172
2703564231
2854712563
2646681614
2500111423
2806442325
288360065
831959882
2787487155
2681584481
1222947530
971953890
1488739848
2830482804
2651543764
2392216305
581479900
2823277626
618620736
2775823162
2816261880
845387514
636639445
2768172184
2732129028
2767491059
805440265
1263327877
381168386
101008936
197555278
172106333
703841217
842237324
2779550556
265136096
2742316403
567784960
176519918
1142977068
59544594
2358407490
432959870
2264672271
702077760
2421583619
1566995936
2511060677
729078128
2685775366
1278882264
2735121425
2737435573
2518689939
2740200029
2213135771
1634310608
518227690
398367689
535868109
2209781889
26551289
270653938
2585425809
597988939
1452109260
2571438255
2724669075
2572423107
1186467144
2716775146
1656498319
184876899
2714710229
91409212
2646708709
2646509864
2708266366
1270484160
2615847166
1628111592
553840114
955881842
582314303
2655157066
2653980178
2500338386
1942412912
2560588247
494476949
2479185319
2566945828
251448886
872715883
1190394216
629596163
966669193
1591277060
2567260970
2576157266
2611086657
1884292267
2566384838
1186786800
2607800878
2596054875
1111992180
1938339319
2421665294
1129463119
2160033812
445141252
1162951130
946469150
2531135922
1423544240
2502891225
600697563
824117328
636553621
2528534209
911284022
2526332976
2478998125
2393973869
355235325
2396818079
2429640057
1152562802
2504692154
382252848
290897511
2208212445
71865957
627979603
603825952
99567045
2515752430
1918592563
1622145157
407069205
2444109240
623333337
284823553
408846350
421541526
298889818
2236539660
1914134498
2444760301
1522608860
1626778524
2468433857
746216174
501441445
2274879821
2191811422
801754098
502226157
1537134494
1737683911
568407675
1646993005
2151613522
451733741
331365188
2263146489
851580132
767941344
531404862
498333431
2371837295
634035970
2411828151
2314525647
1002475958
1431747750
1071888768
394189058
2293855403
445828342
2376184654
2381186493
76517792
1008044088
624236511
418195765
2362033421
2223656137
1422220610
399613416
368057932
1492899098
2351112576
1674162572
950534994
404160234
2349132387
2336464827
622061825
1053711116
610296132
473514130
1627947974
549036156
2334757751
1064652072
2330736629
1426559708
2326846071
2319981031
1579441748
624033131
853295946
510755623
2294055749
2304410806
2303183601
1579529071
2309178194
2284219815
443346078
1702473092
1309133600
841896870
2296111749
2294154430
1635694244
2287213762
336135482
2282446841
184278983
364983245
2255245283
1950191623
1942359662
2273911635
2270027056
1700786576
715185978
1201394917
2253637913
473483769
613731064
2255558890
1861666340
516177606
412622923
763828536
1038472165
459605054
554675197
2227993023
418159810
321766388
392501106
1569546163
1468461187
2209766751
727216478
2230729458
1885080258
470765589
1581301004
2202082649
630296116
281297091
2198636691
1541473124
789458694
1061940756
2194981667
130365055
1894530284
519837836
2190288629
1395759812
2190535785
2182448123
893727685
2177621266
488070794
1249784810
1574059826
2177297860
612634483
290637013
1689388022
1699908650
1546159574
1439096222
614051241
1942353433
2159068297
1855369110
2155941436
1107860874
2186635885
2169762406
814242379
2176890038
787325430
2175180553
1398618236
940483374
349419429
1965067651
547051875
2169421360
1390006008
1618332744
315900481
708560979
1307468912
549022239
336904423
615716882
2172758180
71878924
2159875640
1568313348
622221166
562532293
635082559
1625556624
880440475
2156112894
613741233
428658912
711705569
1217093731
1319759618
770726952
1018614722
1884077264
534802057
1874914453
703222708
1975488445
620447897
1275065040
363498939
721154067
594331203
720053860
1277730746
1493430840
717857619
1023459948
716814340
1159929078
1500085278
782883696
1306216904
1691380490
554675993
1668870895
731026465
798474620
702196391
1732584846
349441604
155721660
1334899423
375361591
1877388864
331366392
1551170640
750476442
437837195
1411543440
1287439099
979120482
586065675
803082810
1888592419
1884889158
585235596
219896157
1869783822
1628297449
1035731324
1733705695
950960946
566787649
1553598432
432879965
1718054755
350479223
1692015278
1532524500
790521636
521777072
1220019882
1716440288
1653839618
264186011
1604368578
1625584741
1713822324
1658638070
328539785
1592495906
950701488
1034131849
615484548
296448214
597166710
1447906458
1213013184
557301624
294664360
565607613
1302044720
349908332
1496188344
1683739262
356621676
1335430830
1561492886
911508043
567670687
1363196328
354330265
327479816
635950574
268590560
316523353
333033263
945041701
1587195457
1343083453
1618587062
737865691
1614308180
1495922400
984026868
463345438
795323270
921158797
1337963534
1049536568
1591699406
700095224
606738303
398347824
1519828356
500389912
1439744792
414373271
1115569640
1276675950
393146896
1335351494
92852320
560037112
548792558
