234357848
4879609798
448208990
714646445161361409
4417972694
707974083275845632
2959186882
2162709369
1836288337
705184603342901248
29030995
3142773600
503767089
2326562753
2384464256
266864460
503330802
2808219345
4839624028
2338642264
4658328436
4719689499
4638334102
4600382303
2319288509
4344867821
3087420374
1732278732
4134648799
328474134
3960745337
2715218771
2300395414
522605761
3754541956
2722352711
3239444278
3293682320
2788475955
387689271
830026358
1365857581
1214515824
1872864954
3039505895
2372751667
2665797320
3295776522
3255479966
839730698
3127433812
1093453440
3272170392
3359861235
2492198285
3354324921
2371188524
910835070
3342336202
3342110021
3141424332
19278548
2913582552
933279396
3161826442
2934186513
3214644538
729155442
3178181776
759383232
3154041960
1161827305
3080615175
2262794596
2433676612
2778094433
317474345
1537499527
1334398068
3093361270
1835344316
1608825768
2591560033
1416473934
2800740138
2423129607
2927539205
2370247619
1609313462
1296533479
2923807655
2963970097
2277996184
2444327698
798975372
3001753929
2894969129
511344503
2155885168
2940938589
564241650
33923443
141559920
357410224
2905737094
2874461764
2868009303
2864474602
2860779149
2753303710
528971319
2792547117
2299345755
2531688405
559537724
2333061826
2579421628
2580647966
2213024397
451689578
2747265284
2528376145
228518617
1345863552
838666351
2731671260
251220319
1349723730
2720184549
2529470048
2716048828
61723876
2708238417
204887235
2261050220
2572498763
175605389
1671719744
2219374677
2546234986
2546717510
385687863
2220404984
2564070468
1242598370
2327907456
766903501
2468157511
2423575061
1090343630
2514066801
2297286656
2496395353
2546105313
2468294523
2480355551
2451672241
2447731482
238923113
2352094316
2447153391
2400933093
2277121639
2255928242
2423349808
2398307216
2396711485
2335936326
2372194953
2395207313
2185396821
2368396826
2368633633
2301744702
2280801271
2308086427
2231052408
2372150061
838388383
774139698
2352223159
2260562658
2371540029
2345959456
1202872554
2277276173
2332935536
1372986990
2279158028
2324230945
30160168
1682171852
2300926518
1077337008
2262753796
1423473966
251389797
1890221173
1670583854
61003804
1618831508
930965378
2172088826
2213407834
1480634076
1422061268
2209213992
1187363570
2201677717
1715295150
1288128768
214162237
603178838
1306449368
184950588
2172264289
874368012
1610896681
2167332281
2166866050
484156117
1631404244
2163729045
1279354856
433817337
1660760983
578370853
745558159
2156510184
1935520938
1311984889
296415108
1538875081
1864620870
361517577
223371416
1881673111
253328986
1413905275
79650494
1858518150
543744453
511364796
375284436
1753185230
1733553104
229925020
1105507448
1689628376
1673239051
488871599
633466968
1574069474
331817478
1621666304
1599337621
1613711720
1586607480
1528230840
1279102867
94786981
1460363130
836721337
1278729265
1473205724
1463454356
1067103570
807898296
1364851784
1445915041
900429096
1040829336
1054125198
1041277238
1359191983
1370238541
1276153052
1244689586
710972875
701870683
