2540573335
4782711894
3298242432
3133633698
703550401111564288
2202743251
710552265627725825
2200765176
2978932775
2965933887
22326665
2218367388
316338221
573859422
3088492475
4799794400
2287104904
2847620340
468011623
2852235150
704615189744852992
708411822
621796371
3018083889
1347866143
885733974
3400750605
2904938965
2682013394
1036088394
706180287336738816
1583257789
970942356
397865035
4719849394
3384250169
1620479064
3307174909
2236205214
718264208283054080
3124434531
2853154915
582755823
1622607145
4410508039
192972511
703508195596107776
6108862
19785863
2454360372
4870017677
3302945299
2258175419
210646332
521591301
2963912852
4170290218
3230540371
705981061344276480
1625329896
2695974361
1622425980
1624952732
229385617
4339993515
573089181
200391437
4544043619
4684577300
4633880297
4645246574
3036834725
121590739
17536486
2334540781
456178697
63354862
1096453080
4092296511
4188591208
2485945218
3030888807
2950402049
4104024854
1084472604
3253955821
23665495
1939300699
2437766502
3438357485
1699988947
2447954629
33816757
588329941
2872876643
3814758694
3063677434
3898913597
3373322223
29789545
3437074498
1601888868
453904248
33014441
3279707425
2565403538
408908347
1111197548
3496324577
730449002
3062691269
487906908
2647491174
473285651
533694588
2928000543
3201316757
14645160
570963734
3238256251
3040835177
35521239
75040646
3315715796
233675340
2616460788
2739295955
2501350286
3300585522
3138980313
1166748871
2896976794
1447490672
942242269
2579314335
2790772253
2722058293
3018678809
3119195721
2896867607
3225113742
2904444377
2719064993
2168013040
3409018781
1327363891
3314859335
3407314234
1589351125
2886979846
2911858006
840462212
287338424
113785006
598096213
356390509
3108770059
2523880550
289644871
2664713497
171735350
2252166622
2288376318
2726565976
3404193189
1493171054
3241997129
262200118
1585739672
2560909924
2473913775
335043806
1365054966
1568773230
3236256917
2400706567
3232320355
2923835038
3038541493
575462534
3191350845
2731012476
3406713262
2941076972
1893672355
3001569634
749610950
2397061405
2871681536
568794369
3183168822
2388599278
3304747622
74550293
84332906
3394853829
1107398995
1265745264
2424289652
312894499
967549476
2173248583
2256822183
2616977977
2209612734
2177222186
216327310
430056119
1957855106
2465936211
2949395982
87403396
2843168429
100714925
2847712169
3316235535
3173055023
3273658375
294803959
17881816
903017047
3318274012
2209599433
203728247
2935752142
2181530584
316583587
3294599419
37599351
3095194954
70614644
2479036434
61665624
629902656
2947789311
49655953
3109442372
36253089
3158612482
575015276
2908559936
294874373
2756254131
2889137119
534816166
32508654
3317602331
378932270
182384817
23230387
3212501320
1578981804
3177124592
2799000361
24617933
520995345
2908833807
426156348
599110041
1979162636
18732820
21600530
3350593367
706798206
886100425
25312899
2440856407
2963782925
3281317698
2218580042
734114760
415536583
262627111
2218579753
3231940386
3352927713
340555734
2799367713
260840059
3269429924
754867356
3238331626
1099504052
3115633290
388078261
3141066650
275066483
2823496487
3246198432
2878171142
3280475078
937750002
3280105632
965939628
3380673029
3380608311
3380651872
2279723755
58578131
740856804
1109703859
373084763
77128292
50210851
28962484
327649741
22311903
3054198166
3140940775
23461759
2408190632
20181216
22086943
3231931394
3327803453
2375960708
3196593883
2607182518
29325712
950739366
35563552
2866223687
233580966
26493881
3231966745
3215341881
2507572542
627341799
3345247067
3340086965
3371232880
1327497120
3276731785
3370173683
2232449444
484018605
2235082016
21837967
3366502749
3369349493
3369413956
3231925920
2874145254
293338829
1223883481
2759383252
2164557895
3568411
30357579
56293707
2411648544
3074886387
1416858218
3103584877
771259189
54769979
3148544080
385625684
769023781
3039321045
3245386108
1107483672
630669007
85008170
814274114
3267409232
2695119588
2385538538
1223262276
2877315993
38485326
2457805076
2237611408
42091611
416776813
570867466
1915460629
987739472
115773671
2984742886
234470696
236242525
525927423
125325752
3345493031
2650144729
3061909152
3347381069
2776179746
42903387
2986593075
45774895
2434103761
111698159
3186773604
2976822286
69681766
2723171460
167760471
727763989
156486884
731807868
205957912
1630688886
2868474815
130723351
2156557774
2892485667
2911254941
3241369799
2572844671
740954192
109237155
35120520
95740429
37391190
33495086
35099519
2299772966
3116545656
2791242312
436795156
2420795100
3196720456
979696386
2983054937
3156705419
113572056
2258343396
40235427
886048392
3165694218
428919303
2157885953
3344257935
562967344
2816034768
2513811746
256203095
762504444
2348001169
286246867
1713944696
65753582
3152200976
3120502682
3208170743
2407763940
2476025142
1378877155
3186974767
3208584448
3094525860
80134138
321306716
32896052
3071318357
3199948049
2680473439
3233129947
2696887802
2608870238
769013047
233070040
2162595136
2650581678
3247618458
1531192957
115827236
2825637094
3214560243
2563975074
578321883
3243750983
3171644955
246866759
999834451
2379443372
100638300
2595885932
2559891481
2889971646
1732624986
3323385629
2944996509
3099897763
40530952
607625426
2801576643
1536608371
592244584
1489703012
1322206404
2929203243
1128809850
975480486
3186889884
214666268
3208133129
2999635392
3186887832
3214564971
95943762
173413459
103106691
2370783140
384058899
3233132461
387472759
2157743257
222189121
2780215928
2753490355
1003946618
2911415899
3236655528
3242764657
3113229141
1473587414
2833503909
94625964
28765616
1554054288
3124839023
2908507796
85124669
2916253804
3186821720
560619863
2732753069
775214953
3176953453
1141341918
1619406871
40759945
3215987753
232487911
3074106648
3151502850
44403627
382376481
1899141181
708926149
1707976981
38535159
2227129788
533820537
1199166613
339106180
568552898
3169931236
2666696756
286906860
2885174556
2783429546
1967939774
551513922
219297355
369665603
2832687983
539054514
1268450984
2753124690
99340647
2695425582
1621180316
1594257067
218079025
2742787710
1455805142
2586390576
327708244
2611193768
229334080
2418979002
3167383694
1370986902
102804190
2398159140
238067477
2728530895
2863250514
85653101
2806641497
3170920852
245611372
3012286094
3235891489
1608999528
2516484264
3168139329
2415765410
2243423603
205802474
22944766
261680103
2296494996
1308665274
2196439492
91267688
1420125404
383953014
3304331247
2781122741
3024185812
124218750
3023532574
3246286871
3023080053
1969767326
2907794736
936241338
2923941843
53826200
298484176
15267920
2775433778
1263218426
2588302560
564411003
460943563
326380075
256290551
271683389
77288077
108562681
2285744808
729521743
729508760
87710468
39369255
1499026446
1915539536
3291808060
17344200
856504104
2890333632
334235577
2828832024
3140985906
754652118
2317435260
637353191
545184214
349757375
593695731
919797284
3042415620
3246529913
2823033751
2799962795
2917198364
2545236572
633156267
436690538
2874275870
2214737972
389805046
65558306
464494443
3222637466
2912915334
223622738
2900838206
310738599
2365816214
3226832736
400482282
2555627401
2210022488
2927356612
2352271350
210735868
163081096
2377784323
251468534
2929188022
1664934326
3294845451
3223880580
3224704782
3118659893
84110391
3223977902
2557232442
3117333418
2875329094
1951786886
2476974026
1258444693
189554283
3186676958
3246809866
1617816648
347570137
2515110069
14760559
800190414
1393268702
790331797
2716720865
81545830
237479477
863009586
2749892920
307129908
1226784751
2351065100
1949140645
3058054714
1071010459
2277336560
772374025
1090514047
2148693998
775226636
2177537796
312149036
2365650854
2764230506
2322723667
2931542936
488263289
3077277494
36417162
309874805
775204423
604052832
2743266287
310086542
2547233616
554473068
157257876
16702542
82149309
1328750544
57440214
3178448744
3105289262
2264166826
2278917139
3194684615
2549647958
2642438760
33923443
195747980
2596673712
605581023
29612198
232433219
388548814
451057674
2808994064
337914268
3153024146
710302327
3087851107
424479663
382213082
262284707
147846373
3187308381
3003759950
536688712
3122998811
3146207285
316300861
282813073
591770473
1628523498
1380971438
3116787925
3016469986
3142453094
141864252
369892957
2919650476
1063663872
2227779030
2893201341
129731176
575598669
774072534
2601785378
396601079
615501427
3129260817
2500007554
1462317296
18804875
2522854471
147100764
337374913
2904187806
942454994
1570141640
2959571185
2500204220
363189270
3000466160
237152561
1167477294
880315879
3073523747
528718571
1530446064
2966454010
526728012
356689595
2929126835
2300022616
2893178577
827492088
115801376
1271796374
3021561852
2898741037
26878274
110608919
1194863629
2835941120
3039726701
262749118
346909982
445953984
3105547361
225625338
605744186
93163171
593460958
2480756365
2756706419
3070911322
2910520516
2638277661
2545957203
384972050
501656103
753539659
1648767024
1197371713
1276740074
2859838855
21896677
1406076446
2302967857
1131930708
3020009547
1865178908
1952440328
3068980800
2643347683
2764187363
553604679
2529002313
2758104237
36977042
2995531619
2535776749
1583056988
2975362786
523912263
3027600862
611959284
2557987632
2203444819
2516839896
2839079795
2991089073
2276979781
2989409448
50380597
1634440950
2988857911
2944276536
547106180
184796429
253689291
2331133657
2936413595
2477321887
2906287794
2584485940
2509796990
2271887935
2858317410
1289567035
2901137419
2383883077
2892463843
2867903068
2921083992
1159207224
381339650
64281970
2861004760
576103799
2355002593
2895412697
2502719042
1233475880
239246106
2725068440
1063940930
1890209922
2883906321
1922027940
2898745093
1865740554
250867224
2784485730
2758507491
1692476708
2732820312
2740462406
2379510230
14937626
2616755084
2595538644
