3854038335
3126795495
4712471662
613119608
714077261947863042
2601214136
703430052684406785
3253147236
3192740554
2283735004
2979242891
2894977999
96342715
4694095747
428495056
4751060177
994039513
3042196008
603253603
4265307623
4314594795
4157297895
2367095802
977586084
2439146269
3333226805
977284572
3241713606
2984969334
298284081
3306566487
3302425623
3290244233
848114641
610784434
105631954
1180600141
3217166721
475079675
3158004764
1378341704
2197081088
1255228502
452493612
1202591678
564284785
2162065813
985236001
1873487754
422433474
2783436380
2431314992
727533715
2330952924
2915679795
393642067
2988363463
2545056240
2761410854
2241360990
2620162261
533501682
1538129972
2864804992
600531578
406708513
2871463606
2807393257
2207562831
381662372
2743250074
2826531499
2812060772
278831990
1020326965
2235671797
2362955732
729647485
474319929
1069072596
2731609485
804106148
513637385
879637555
51939573
2421394098
2421694286
2421162073
2421095713
2421599252
2421112770
2421365551
1666760130
2574704836
2462092348
1624289960
2276062863
840123038
2493381080
516359647
2483035543
456389667
883976251
1411843412
423687959
50091532
106335390
915899382
300309837
2388505200
2389591915
2382077581
2356179157
2276544636
2301519284
2359293870
423853930
2342593571
2342563156
2202371130
457087313
2244193170
521619645
409509588
2180450992
472511959
1654614979
914490240
1390056944
386891140
1950611484
379883642
325222915
1301879516
462450282
1979224201
1372828920
62359623
346728073
519188663
1667296650
1659045372
404195812
249259780
1071366086
1612996087
296474430
1359272876
1458551941
133766912
546963525
527916414
1676910181
1092620449
967841881
1675653949
