1674968245
417637713
73995257
3047235725
23929786
305811736
2907073757
4417993033
719374397732220928
43087041
4854811690
3262229545
4410493333
715176511733628928
4703799612
369595381
714428861942013953
705727891238027264
3320140273
3640515675
76885233
205510399
17243913
1153337785
3638069002
3545228354
3638095096
31655399
703807389024190464
701711687468994560
4927183227
1583197964
1964287261
4371655113
335320739
2720433737
4309636995
15067045
172497121
4140031994
3399558947
3293072686
3039547794
19066239
3608226373
3292230603
278848205
3152654915
3004960138
118344955
442999479
813899491
2992603544
3181419499
878719854
432149645
355445976
3273941432
258460972
301220109
127309141
2288928726
2778114756
32482311
1940353644
41995398
906790099
3192548863
253253039
574129785
3008416524
587784298
2333017830
3082091829
2331035677
22362788
129901589
2616452274
3053103995
3039155901
2371189538
375399372
132291807
278098811
2903836317
272008224
2191277311
356569519
2806192125
27458910
1451596074
853860997
80893418
2528429834
14807098
58711406
606401210
41926330
127586691
2180313402
35316366
2215218835
2305310646
52265114
2205995904
2272416169
50137045
62861160
1661695754
30639815
7739532
101222301
42191653
136208522
1962991261
938258293
14848381
97613140
2246247510
43850315
153933567
1722758040
972648740
242817377
18687276
517172853
314077638
57124597
563849607
118731561
15875508
193248786
238086904
104181552
188984562
21832552
90678325
154143614
125578505
14530310
101213254
63768826
68111684
22795492
55481747
15684517
30142340
32415655
23945902
21676653
16077794
14128859
14097461
14740231
