724732359539589120
4412170753
2424332042
2848125898
54642254
23536653
717433689442009088
2670312236
1322920741
2511298235
2502420836
2189255021
39564881
2451139982
1176717554
2690471882
4377108976
4363377017
26479918
4298178027
365036425
4251666587
3874843474
4040827521
3863860278
2968310879
1067944501
514856840
3834863003
3705621854
2225465113
17895507
924312926
3725125036
3701665395
45622815
3312159769
245186323
17521248
1692818022
3419030181
28448488
3413595651
45499590
3287874264
248698689
39384036
430637334
28013264
2371338116
2822975802
2965857839
414872798
1965134503
68984413
3047949561
1898650285
3295915181
3293292298
3222434222
494348659
2941152520
3215130219
3197645453
1400329009
466130234
427146553
2943403276
89507073
2840713780
337536649
1570879716
228786495
22079213
378094059
1319449776
2543475794
1920340376
39111085
23771507
2409160541
113204590
382839711
2282754146
1611218935
54545806
888052904
487083656
2180577410
419890660
49359240
1650319224
819898722
358194524
85952637
1507252880
557903259
153542101
282156857
35951271
1431203209
25948633
