254786409
625358920
725729806608949248
29009925
2332562460
52405679
17280474
4725401603
725155267713859584
3161627575
26504109
4754688623
3426176358
2969177920
3770383097
548212983
40811708
4884507793
27626656
357239112
354054576
724997214150397952
2274968058
908392705
629647965
61513444
1975732478
229385617
228478065
99976232
4180431132
394764765
15045793
582802360
808889089
3341738548
62184726
413640202
3028382926
235540238
724459819659341824
2556329109
14751352
3153226343
2189195138
4828104139
276317526
717000536902381568
722703490691252225
162861975
723724978533896192
472132412
723361726909931520
273583092
4452488294
710304284642914308
737240024
178023320
23699841
509143274
243457687
1052827578
22774516
3068196520
2201373950
427921959
722518811774164992
2241430441
3289421799
21048875
322846108
1905377352
206348868
226450143
34531020
118696814
582829522
3959992332
105305259
511066016
408531774
598285297
721454749317537796
721341566527229952
3201178533
335353366
471625593
4913603244
2201496456
26967246
525713285
454497880
2669210610
461486309
82757586
401453255
1909366230
1692476521
4340090173
994257902
801008616
30267675
370202830
206819924
4658086846
2944910525
3369190451
3664627815
38799606
26761214
277834631
139181794
2347247707
97468446
2322968462
602319589
441642720
365621162
4720373282
709905230
22702010
1316847986
1547424528
3323051906
1146597823
3294151942
62562916
2196092280
2370732374
63741685
717382868788461570
719520367082106880
1271698578
719487899247493120
3652499728
3158356283
439171951
718748928036876288
4901834699
591270307
3123897103
983486088
4221037473
717875267209924608
803163498
218301931
3146648621
409309528
471502181
4799959052
1038062131
15356711
756360192
4063151715
705061915811119104
221947343
198671509
18339274
711009936587620353
717070984411348992
164291790
4895642799
298123498
2729884076
1976794279
2306054896
838809360
201436130
1009135796
2417608681
25540506
19155657
499503299
17841130
451655041
29747366
1548905124
168409088
585110184
715275731689938944
2911598275
715151781718831104
257754245
703211157759401984
710483204365492224
4850867212
226841390
4834099655
773612113
489970379
513211982
2726394449
1322315024
611817117
712987988540567552
712902119548780544
712130952152002564
2855696620
712143917362221057
1173928688
3396192154
483174793
708695429869776896
17433343
212369520
713221657243025409
3002222957
25723175
14104848
2613834305
50402606
296290239
3073201057
475421159
331861538
4859605988
19459971
3279977256
373314615
3196473691
56017553
2478361399
254376696
237053530
711953528114184192
34755196
4798235554
242310716
1344720704
3317127548
322226692
4387886714
253181743
28595062
212677260
4791278751
4902797521
221632026
620907724
72649885
231638599
102645468
703045003673624578
44976756
295194370
2481626652
317336870
517989631
710114880418947072
259829878
242191496
263015325
432521961
2300759143
335951345
928879663
2413319749
2281852331
315987372
580910213
698252718184517633
19167366
718293108
2389884723
1634042664
709435211151511552
4019280496
50310326
399017799
2892935788
708428992869584896
471340882
2485834153
4855270091
3615114857
55150841
1906335426
707217171340857344
704353878611988480
3149853711
401697238
707689248560775168
2292727867
2860297136
1596125000
2318502818
103735781
363365584
298322834
7201082
604167809
475979046
707201920792797184
4879866755
264350966
264380667
2710168226
163978507
499242965
474800220
706113779214508032
705602817952579584
170026452
705460719135944706
2241631370
4788267975
4825956113
751772773
4111970410
139209250
583484647
2538027020
2591692026
769920786
55947736
75189027
2886632396
540258283
220545129
4895863874
77655670
193943137
36956834
31025367
14504907
713689280
332531382
2582611760
365148121
1300467901
857056478
371907598
180530100
31738818
703601801824768000
71503817
861652014
4879096737
465983867
3438674999
703190105662562304
2891388632
537578598
44798696
26589609
2783008551
2920720174
2874180577
472627825
7073652
412834411
219770478
68504607
2524390378
3242426152
3331358026
701049550258233346
2372166100
44686963
162837149
18451860
1559315078
192324941
55660550
45632793
246597981
261354349
118360035
506102465
701886012260110337
4919681807
450816829
589994951
100775910
86294626
1265806458
701044890508120066
320818622
701477740197736448
164813232
701434481748520962
2815381704
2300306796
4917502317
18886077
701115205481160705
41112209
51784974
2310672416
253280304
104939162
351919575
31583857
1333136929
829867868
4236025287
34852426
4757485463
589097272
27082661
33560320
760553322
3136475600
19505794
2988742673
3301213235
499804300
1648162908
788107693
260082990
323580011
4919018678
4921769956
288824621
4902330573
2354319284
545483634
3235999293
3723360859
3286764854
26276952
3436672067
2868256340
71366964
4824721521
219476991
170763960
354063789
62943498
49460136
3300916993
289713498
3948824133
217321615
4902266357
2194430197
8991202
3428985035
450456574
2234401
4724061614
2225075275
3515434845
4739431998
772238905
2736373310
33761681
1442703254
169301481
219981189
403647943
60975251
309400390
279311680
256353509
462481715
34291979
1918500924
3356035391
320529407
1046352450
2465445726
237754722
1364360478
1098397182
74832442
4897885323
175426467
2161743374
2800986959
526989066
97589391
201771588
231444391
502064078
3421187855
283291265
2597175062
1132193580
423862920
611180491
156344570
697463784860876800
3297271324
1543209662
259150415
78812863
185232574
4893511954
4579070237
4704852855
496951939
2904196516
2240085776
3000211400
90329708
225165724
24578794
4889800751
528859777
737866058
334357232
162749050
4882632346
1357441729
4773206836
18614466
25934345
4860083126
2737089741
23158057
2321499505
25859277
19025232
387265448
1052695741
597053407
2593913372
4878387280
354997955
509071514
464384144
62633125
1973063442
3035282690
35811406
2952357230
2993164775
1910129568
4518460585
216882451
15767718
2952037349
1852421292
3181956325
455778551
4833922803
930966092
306605626
352396899
138183778
4510268848
341550433
345388061
259979809
285698303
467658391
859865431
156682969
256804139
33704322
21773389
1360786974
879376561
3526731383
46873213
22237720
106954305
84603193
33382137
4354819288
1601879070
133005951
3436190045
2880369196
367834466
108021761
3685020572
426311910
18482366
201946496
201650805
1020047424
344096638
108843388
16529321
3191947030
2833381608
29763551
630216604
1975766658
18343958
4865348133
2195265818
2835703969
16190557
3015935494
1733108978
1493891592
424181065
59186171
179135192
48597403
67057803
2330801953
4293415576
817318939
211263724
3753503662
4833418666
17399040
4850828680
21711510
2231456276
225858323
1231756537
66011038
224423761
423140020
436707351
62736762
1640681918
3426101884
27762777
4845999071
350664546
22708279
29324243
318630104
3664008859
260440792
3167244104
305762435
4700346442
2634777789
4706861727
482430493
40725322
76981624
2353505287
142304690
2779792034
152486239
4798011144
1964372875
328400268
36685935
2777607380
1095591307
70787346
54898563
14277040
54373283
3082309084
4833357923
4832992355
170771648
83019383
2803715233
4827416356
139955862
1312516248
2801820871
2996035125
3468428722
24334056
207291876
2578820839
839518783
4824119363
2293113462
4824096761
2841248311
557409366
2153740759
49556936
4744441724
33789593
3371370755
3145920843
1182656395
2453578782
391374316
613199949
36682061
4811988867
4806887181
109272922
4580001558
487379753
60702742
4754922852
45376671
52031168
203683508
17778051
15497893
11830332
244229395
48145071
2801800781
216756806
17501637
561178596
44428880
75157743
979253419
105309567
37311044
2362947746
1179947988
338386032
65610703
454579131
2334667175
4407749613
633191896
585741399
240657300
1389493454
3320956909
1360489129
2263166959
17058805
326300443
4745207352
113091885
930801055
536778045
69501127
3955114048
20647012
17016893
2914197707
13481622
4772908516
28863933
3718037532
4770710783
55284612
4767355534
99742289
1016454469
4221034215
619993559
2343989617
2937169966
917447749
2559998024
2339562325
248695553
4737551722
183882668
4291469960
2153372684
1115444779
245970080
273203190
4730596049
494200496
273504996
263417190
582879785
23332107
21654050
28405871
3972849313
244702210
537511414
32768658
4115561594
53400830
199246892
381546914
503880930
2760862253
453351283
258390955
25119593
311765658
221181563
1877053902
3997069881
43711595
157153498
208297173
407640982
548581865
373265036
3144047021
3323552097
24611067
47712943
369654833
563065543
81122430
4705718795
379033090
2886511810
20958254
399194405
215843760
35958588
223343665
71721424
3900042514
1719681860
139647882
14692895
341156066
185582770
1733577882
319102548
24237353
493796261
236260229
193965779
1858023878
748786958
38501200
1478600785
2283854923
18321433
21140203
221879812
2255955607
3924148606
1518267265
514099301
96404479
341774815
4692388280
325062176
4694886925
4695609980
4692893312
1471516279
160306674
635647236
501652200
112522264
532063345
3366296271
3891260297
4507205189
4657951965
62279542
4655170120
360553301
4594156816
16094534
39055319
42572193
2249230478
2991919455
46476526
190533817
4601844743
484200916
3837706534
189708001
1938824124
3836624962
8519682
723167298
1573499911
38773313
1324506320
79265662
164796654
3382554785
229116729
4329414981
119516821
1024746494
22377395
277307708
44159905
18974481
53151349
126066695
634785391
3346774823
1415423359
1686389167
4559829094
388952933
4322009774
2883529795
417163456
15271184
1729898162
611715074
751874060
39112925
556905004
305821203
2914187872
363408730
2660883866
44466584
73986605
502123506
207325675
4469509577
279726380
581943670
272698034
15900502
249420652
3852329415
37681188
62404274
3119435668
862002342
113777658
3108444050
86234942
1536846468
734673
165642094
540904895
2756154164
556122141
95506442
2648833268
4492395743
250289744
3041892935
2712782144
358482230
3369357394
575362035
120377760
3313711405
2162521757
98544819
759208536
2200594069
606780390
193443843
2521159801
321659988
1393547250
2615506119
709225142
44717799
2534086200
601904258
3165753169
248775988
381290780
2496482990
279146542
1500991496
47514247
843469093
17899783
467094562
26012309
17337064
2789897849
302097111
367987475
1340428375
4363207035
3025905748
193590927
472955388
3478304413
4481748200
48795485
34157927
139988522
118022214
2440673797
3442706836
18587683
621573655
200879177
232325780
49698099
982484658
295299583
31631018
14200391
125784974
25410160
9882782
27382067
2522249316
2233713018
16937563
2713084759
240104698
273112827
15473967
1643794778
3427005587
23935538
596814879
306502902
19491564
965421450
1517126281
2471879203
126777342
1295511564
3424441204
2471237478
4229212239
182381024
219690900
2924336836
4086421757
481490944
3405603837
1048445544
45929905
4329316153
4358751134
29964258
330949577
79474071
4248454523
2830960897
321998325
4214787919
3873794963
102779924
1371657624
42373035
4158993674
982647174
557271639
3171021435
108783555
3239034235
284218773
4167153209
2694919677
2514282521
998285107
44419617
414974521
33647453
2891648020
3308868906
3301282464
3402768664
16314606
1671563256
17369018
367105503
1949191998
3196741356
95249944
1948147512
274622560
2159390574
28072911
80391378
751854668
480384372
356355915
300986499
95083293
3646980377
268974215
2537614428
2433761408
3118466334
461455238
231906611
1546279813
29976067
37011735
332203616
1360009176
1385992597
1273506308
95084967
2849983319
1265153456
2810236356
2651803284
3987464999
177192030
1694311884
20563569
2633833572
1179210919
2415836424
42225419
84886323
570921834
25366350
3836574376
2842605844
262844502
261705971
2879947272
1066035944
3067123405
3476901613
4190202549
68805675
801193910
227892380
398927838
356010011
3250716186
424450730
1317869887
115514777
2282709386
1397713195
23220613
4147237933
196266503
17794006
476945813
17951843
2795236248
269449659
140540706
21604837
4195585038
445836032
51936844
3429241180
16386284
9505502
242907999
35359528
3401390351
1307846796
248452641
4148373435
260943627
1369550598
1158036426
17444760
34652621
4136868677
4070657673
1447778028
3681657494
2303428627
467594742
242092329
320992456
3046466533
4147365794
53275468
22105838
43748373
1209401269
74682179
262144590
260230288
606678031
111032677
2936272219
137483009
978177475
318175962
355866075
3333391391
429388373
617511186
266386119
18121727
1132690304
1839307770
29841917
24284794
34710138
570402730
150033118
486113368
249397271
3185794170
161707958
2298462625
39139851
40938240
1562422670
339287638
1035986389
14298545
135158682
205255813
3234842987
507779357
1694640090
1977085951
1689124070
3924259581
141189815
4073952856
3812503999
2787005552
278401649
500865312
3983588355
88294437
2934024822
335427546
95939983
3795848123
97532131
4042605322
48103581
887907120
4055099733
453302129
1275758395
3029419523
152112504
44411410
1060946532
2228499853
2381156678
303957924
4009726701
4033633701
2973147219
27216960
3308452705
357556217
72403086
2831494069
3078098923
1275321758
245025642
20875598
2371868606
924722174
604080014
1954309494
2476954156
865570867
331991853
902034852
380423643
3589131197
557028238
18322618
91865380
3958135289
134142132
2448999331
19080655
75025864
161250053
159294634
355290795
47118947
27769935
247856466
292020974
50795956
348892768
353350842
370686789
601239263
3323874414
2474116171
156307328
3992591254
435155271
563830096
470045755
3930498323
3173693517
1157135683
2525567926
2952673006
2449810844
60360458
613648540
2213436716
315197575
972482328
49485600
334980447
290849758
3237181230
701214643
548153905
3894076998
382309757
247889411
519764689
2178908568
2577115836
720058882
2804043336
3322166246
3311222341
167911458
2894603535
296187326
291447657
110742901
75826370
731710176
2532466645
144719986
3865784717
206324795
330490084
736325749
222182887
47559277
286840908
355172912
26019218
24708656
77295661
123731484
451112347
3307587808
344104127
112297864
170522257
3655695736
19733911
1135701325
2195039462
126932659
1057057927
825397712
240098298
1649781252
117475235
3737946373
3379069456
214233457
40890050
2667699241
890088571
14458130
356192149
3688767376
71058846
325887533
341578061
294045623
627580581
3677048357
1593827286
51296091
1712450588
91811276
2810443858
1954624465
2902092559
3527450113
14606798
2152168375
117120414
613439158
169583664
3532103175
61900425
3663306148
3372984916
357918616
148415631
50758608
924238368
3681408076
39769889
262650302
96118861
169179321
1007087737
2897830111
18077636
3602679677
3044313280
141453630
2273055984
471703687
3587847023
3329040428
49342919
73548227
260048843
90022631
3545985801
26604326
3447797954
399804448
329657164
515556644
2188562808
627812056
1222831896
337315740
259462531
523544271
1295616248
147401896
89619255
3305463615
341928818
149999819
17300197
2769659789
2984507175
265050389
155922358
2979094324
3312030854
132224608
237481280
348747365
53868940
23099516
3338596880
2959493721
1399734038
399111305
96353786
46523204
291472046
2538186312
1921154929
157751047
60470792
35837897
2299763310
2864797391
23654724
2207733494
2254054801
2734912185
155018316
102749784
155292072
82466748
182131918
1365003668
29194271
241670077
43222757
38476367
218665969
1511430926
311662055
430736162
396927065
1571456736
125368492
3420342687
28165127
3314956698
1341866221
16479227
40241904
188170346
3092763281
22019269
2892189022
2363402810
2601329148
2844514127
348645673
554166271
21322956
461544551
3312417674
51516927
772687566
3409692933
110845095
20707966
56253177
349087573
2926070175
1434593486
18528331
529777318
3392347685
2714664570
1271108826
3290029736
223140016
2530747105
148012029
346275035
3353217459
181701828
3397174271
267850802
18316690
1010252712
46658506
352528867
3395933409
83687024
2685523854
74832740
48313101
577660168
73698745
250317700
33292567
302111155
26363082
3352661596
3290616242
2664652195
3389373477
3387641849
1676446074
45939113
23947213
1078197835
2291426329
20924915
862615356
28874784
430299718
870503581
464352277
3121448765
1564423297
1696825466
3367052968
2156456207
3366124707
3256803295
174230987
971129101
1002037201
1335404900
1532134794
179527320
115421615
2877549205
3355182562
829838286
3354141521
3352497202
1418264336
384146710
2714654931
753789372
2276794681
54334880
261845654
50869305
375880567
344376045
17031897
537936912
1223625204
2606436941
14792770
221854975
2385723871
3252927793
3330551494
18991540
181592654
1480552381
234640158
2882498617
20027949
1654035020
3334717552
25609077
37579771
461129528
3315956140
3108165408
1723367144
3192183835
15443907
376392766
3307161027
113748798
633424719
2836547152
313999171
307535670
427570271
267358343
3305518731
3066575642
3251593557
3302458474
587882351
3301882996
3217683197
15854287
3225794785
32763026
2862077736
844005072
1048722518
184911352
27246327
195971681
2483155888
1942078093
3288735220
1050565250
267175103
453643952
560591804
822027816
47170501
46734272
2271902304
1960851697
50149793
2417446800
2512910989
3193455757
45355685
327624280
3023682070
46216281
24912044
2955587524
126494089
515748885
25290349
50918992
287478476
209662066
961278918
210684204
1308753476
1489426200
14611645
24708045
1576654056
326307830
42751544
107761092
34326169
15682680
412343894
2376555279
74924764
348117523
248277393
245973065
14851688
1322828178
213372143
1104400440
1152459810
45726250
31288651
114690272
153629744
15230523
36592384
3151242964
1360361772
24961748
312190939
574641577
144940154
305291107
166041412
25884584
3233451989
2305253154
3233416869
1585891309
57073227
601052301
358512222
1644787898
2982753611
2864658313
210801999
2811710599
1313265630
961797541
2645248236
790537879
375129671
1365219812
57814245
100045262
131506459
3178921444
326682860
860062652
3218791361
2303776021
136633706
2678239310
2947255374
409365587
2308962284
908199222
76693277
1633258123
2895932581
842630341
3187274327
2576236079
19030439
87602778
55592652
3145349206
2845776194
3165493613
21727996
2230379864
2888753306
393802902
3092541045
120136890
495254955
20529228
17597215
30028650
396941059
39100999
317562281
3142080017
713139227
3023185882
635797613
193149048
3137496960
3131289652
2331842539
2228540946
1475745116
3118702715
3129182071
67869075
2779038646
3094431031
3119583962
184862400
359907476
3122501991
3117715525
497112234
3115414780
3103996021
1241889860
337350783
2854149208
2813259536
3114754828
52956968
68823511
560814461
2336908730
551148287
1419458634
3081791374
217762365
16272286
20058669
27285477
52389323
35675767
2993456771
794378647
584837764
931302144
67708990
3092550483
187045609
392203287
34257607
2798193492
2231488412
19956688
33905822
2555318484
437126959
321662804
870942931
200899162
136346296
308093413
75049621
3059083613
42900909
102726578
384124771
31186367
20367547
290720535
553964146
32045958
241968187
97810004
1022766792
65346071
2745124113
2929995219
3028465655
365092874
172431265
2790954488
105995051
1173360012
266671101
3030507401
2988440603
256990800
2201955082
578800750
377330000
26129315
18363029
10374422
72097799
27660973
1126189962
1096265234
316281037
3000840653
217320682
190092420
3045126339
25016878
550310242
2847129297
2722731101
3022049132
153124526
364979362
2561870485
184769470
3033828551
783664453
2329418377
2828274108
140152817
462759644
266121474
2915050573
260230547
43962844
3030575027
3011820468
2946623685
3026837753
2424623108
239840686
119871041
344878464
48059384
55653151
3026926023
1539298416
37708058
819997075
3000999896
2189327105
822004165
499850748
18755935
185786416
1452061352
3019792493
40758548
70551161
1153295389
84456176
48943182
7967632
86208869
2999634756
3014608071
378011035
15657393
152249856
299027251
776652246
255198100
2990349054
3002152723
2887631380
2995869460
42706725
21813874
1732131944
2436553163
20692953
22366267
469081878
2985941753
15987168
1105245282
2868792059
38368292
241383916
2345489820
27121792
15999694
2685824922
27783119
324671163
2418330518
2693404599
1583343733
90427204
139939892
2987385810
524465844
122846320
551899010
320251125
109610251
2987485707
1673297892
168988979
1851995941
1525331688
37110908
2980453491
167482765
1898266723
125723223
2912072247
67747673
431681197
2565732337
97748915
338563974
1280279454
467790249
28835588
14681034
1237078621
2510332320
2976412738
2319656458
2865567862
2953388560
2975458160
805230144
21222864
1962605016
66932687
1871058674
17036237
242926155
212297936
464264340
125868422
258510361
629480615
99356149
1399935104
2961968755
2956420784
2964809751
109138069
16970817
24719842
2152575987
2963042158
2962066077
73021856
17288606
2946175827
39913280
286502719
130485748
26327388
2253857671
1365750296
2888252913
42744149
177657091
160295534
574437392
368943936
361143081
14126694
752261888
583396455
1008620100
1152117697
199669150
1199376648
91196011
2933882627
42460228
29831621
2924322759
726561252
2939876970
2737232061
2895352817
558633032
419521605
2933947569
30787412
2646058152
2917478295
2931031535
33747977
456767501
46422934
266744156
42907628
2162761443
1348242781
589536648
48939663
2788827017
1024920020
385457245
2155387952
244637694
50130482
38175070
2917945203
374479794
39480502
24450305
398148993
2542731407
2321952977
23369400
100410579
197282701
2889314461
1897861710
210513921
958160354
274218971
182992352
235951849
259753550
2920226773
1395822588
2727006568
517738044
508885647
16317166
327972239
1530126367
2550365922
25697947
237460776
17884598
1651204196
733076671
991892982
145023731
1436185118
144665306
33195010
2912443369
2911411008
277643412
382717292
2413029571
273289255
875914562
2892185686
2891417613
2580769987
624843135
534871385
8845592
2842613710
2858764505
2770308996
2230592760
1531752781
22550141
271540844
287541273
346228364
2878584610
1498134818
626171349
374654908
277426268
2896091833
16208321
38923641
1716835352
53419416
2737483960
2505126759
2649356107
782282167
218886016
1080306914
1403793594
218503228
2870509366
401020591
305422720
2844630867
2682755647
1363309243
904483406
710250675
2832200587
1928900636
2746464256
343697371
46987545
178130011
247599928
747034308
229827131
58823904
251979735
2868864794
555723957
2177224099
2860924966
1978369272
34051052
385676797
461777869
2853323152
1947435522
145251457
326567243
526449658
538585294
16829022
5442642
207770283
507972021
61505102
2878717830
1532234701
1947050130
2848788338
21593914
2705502151
2709392520
1423061965
377576700
116068033
113251409
2427397190
784259131
18820718
214885718
2260089537
2432549275
2873476506
2571145477
382091150
336028807
1917497821
20300930
29162306
60910859
382720706
52740237
16918080
93775042
2812474428
1422072144
1942560164
229919884
349723344
1325101519
528949429
2364846798
29621417
318196821
886962758
2858457836
1433620722
870320202
1397256212
929646158
17846903
313760259
71935210
2828365209
22027114
30870088
99523081
2824898917
2824768149
18822460
32740323
1019032993
2736356867
18793603
413350658
2819741019
370430341
1101903038
18197819
1447296895
759360079
461778695
1140594343
1467846444
18759895
275070751
179892856
1316792160
218196624
50336742
124850063
196412657
36186783
460460560
2616483793
86111340
870402247
428979133
480002469
2408319202
318725909
2493279841
309221156
495636317
1413616568
362485905
19157233
2612179520
362661965
90287844
165589781
269916011
2752681753
331860449
537413368
2783331606
228512713
15459455
260402145
378698071
90428177
280450738
915748926
557038787
111643791
214061840
40170405
2457763392
227688270
730086612
2768849457
506833658
303043345
2769915449
2410944935
13411032
303158250
86771194
227543457
776163296
134025866
178377843
119629014
17224376
229243462
2790328340
2256373299
195315302
2488532971
77486775
1952262584
403821490
2321501228
2801976962
2328528581
281277892
2165066721
2800104067
325211176
51666132
36205147
431084626
586124304
779326362
2798178474
132564162
2471722520
120966143
28237270
2762538131
236844149
2343732793
24151272
69702342
29149545
344136195
87500545
176888165
378666951
402761766
338331080
1718540178
416311594
2490542179
458852683
2574941306
464299753
23770381
2659305402
244985375
44352916
2752465462
477246460
2445782956
456951806
32305870
180414611
29607148
348220520
45915505
35099975
34226699
133910588
1861881368
305105992
491654659
20489170
546343638
260903892
471438191
232743364
17332454
707631378
606756598
317554130
156471258
44974173
2759377836
26614801
2745069704
238411032
550168900
633784696
2748641855
269906813
2747726755
267768064
230577906
260352672
284522880
1160793830
399571396
2745696067
403535435
18924773
399096290
636629677
1150969206
393150713
224823146
2170331972
2742275835
2422185829
811576698
2437949395
2726209249
351814079
171738378
1338608527
37118260
382396215
2718990782
490460537
1355793986
266776846
300989211
83906314
600383543
18735785
8803602
274128057
49780983
28792043
1285949539
287748237
104659212
376168689
2215189174
2587889815
250896568
749726467
2707059042
31163181
2706492392
19378947
1965519818
2372269638
2340489028
2694145362
14209167
29342313
122393214
163323914
2676567464
20428698
301622897
315938228
39297072
158670519
379051396
618673932
485398854
1938488126
29461591
28837133
404584322
2674096057
27966810
2180454895
599745325
42799029
18235898
2611960358
116986352
610740941
400366702
256621862
519773077
455221179
2713631428
216509813
589553460
2648367168
1911409170
22493611
2361942464
246438977
79578680
609286877
207956429
324076353
1433887020
455901922
2683650970
128262120
33268930
2370032800
1485151220
91264760
19476779
1369919335
324557953
21692472
296016078
1023637728
1046606804
1343600288
2338709113
2302267966
18756711
1424397132
151064573
34779583
1359345528
772132280
1560282486
386725028
267434495
112873247
1375538666
2556372931
18941436
24115320
624237209
2570051749
2565064543
725577499
25917787
1656923964
1281661806
2552979565
415940902
340470018
2186749146
210187314
591156440
197119174
304043974
130602700
2299795247
263696452
1069123196
270174132
1955386717
134385714
22289623
527728841
243189335
392878042
2557272044
1213263175
6033382
261312567
394717313
1543592424
103143089
353254939
309150176
16841494
2545103922
2413872150
557963781
569115091
33986038
891062779
2460925059
27317161
2170018283
800211498
427387457
2355344611
81187761
45664210
26384380
177533262
445902563
158226516
163969762
292033046
264319255
30470677
183472510
286332948
2325212857
233594332
2292714386
225580101
2509090280
822176724
356343186
2501126462
154039541
415722736
27018125
136393708
599452591
1875685202
37195904
394886330
88259820
41244501
321020046
30140156
344301882
17456140
1309209332
392891837
2249609450
305073940
94463448
2482955953
292014315
1623272358
15983273
401617043
14323366
17749926
1132018670
883417568
2472197012
163956123
159336437
24753921
1375058058
2422733736
142353824
2363638880
1349607438
2378107208
20373133
906631614
758017939
146256111
157613995
260441577
527663362
60410095
1470319040
2471790031
31420381
2166923521
532464634
73381015
18944615
533955071
870258187
25025409
336284490
472072419
64209073
431577918
75797373
146529622
1405873800
458877017
24013405
1318608396
223352902
312760813
228596812
729440966
614734807
15975639
82530401
100619132
605081491
219329534
627124575
69166764
2271733288
23912162
17850098
14217032
2467914348
2466102139
953721872
2437228028
390267286
29752534
77678048
2279573412
263258233
261502650
66336260
18915446
1107783409
480650271
2460282691
873950084
59108010
252093219
33877377
1408978814
1400665226
600559767
33519899
30791932
218023654
272714908
395469747
17906329
38339140
32212680
1671070268
188938004
1400334576
60793712
2456838480
410467812
2201904843
154548668
25357173
52849228
38419159
99743139
313525664
1674013885
104183420
1348930537
2443950852
292069599
2440969560
61340294
189937269
2440125956
2439512606
240949539
2347627314
93237336
2358226880
849269106
323230117
49000818
208676914
2432461861
164503441
22961827
2431053294
47267912
1005219277
54333132
223298563
320426984
2368832678
1917674635
2352379148
1112869152
217376427
812156041
2424583891
47553900
1175194656
237032390
154130614
56679604
36998136
2159662278
2413217084
2422256756
721292563
380887640
43102031
388634561
1861003176
1521913411
2415308624
1967927960
46475276
2412363860
2415244392
263312822
56441290
585303848
358763809
2411830957
2372368447
247786634
173156072
368724946
1343435472
37210827
2361134634
343425861
21760872
1349920183
36970085
2400270295
73532315
21108862
75804080
315923886
310074932
109233519
2341383030
226992538
369001138
708041065
262633038
198428734
74959957
790309974
9962022
28864402
69335136
2386236637
1152795696
1385986105
42520414
966858084
605462195
137260673
1920090302
1418825858
2380922047
158815651
968974458
2276638962
734808002
2393154568
354450970
210932478
387974958
1300296134
2149966752
532428172
137171785
595978205
504682667
2336905268
2168095042
2351906845
492487030
404154433
310172274
68061583
1668932840
2362537665
547764477
37241611
402371568
596003001
296425751
16499927
1733404680
1494363079
1276614308
2350895117
30380230
28402887
315610316
26663644
1308565904
369616788
24748955
122828450
16552577
1532488129
2220158880
1927589978
48699269
821766230
170143933
77032491
334417108
160650733
33747430
633077667
7347012
18965588
868240866
26108141
835685838
1845137424
436013055
1310763212
41591698
29112261
468420117
411726253
19350645
557937302
748220298
256191160
2153795718
2298548539
1926612337
26644466
2214370777
763901216
2363982598
424213080
268013901
261467074
1960554841
294362032
18985592
323811966
7961202
859976976
1064831335
2335870220
164408418
78557336
996066158
18175161
545071114
59262720
2153952528
29246836
104215146
1258379011
840154406
322509116
310404596
585202002
345474703
2347349324
2355147913
18351421
1380012342
25918247
339360714
227045264
1129211948
371723057
2328976372
1283520366
50048674
2329070037
2258602885
324077186
1240232599
84626477
89506705
243539856
1108260374
2249691282
1177513076
456825168
261321323
2326136618
21166474
708135746
633966366
156807394
276220345
78946886
265991923
33602210
512170480
29827275
202470965
264550251
48382726
433095864
2341403628
17874638
454986371
2354661
199035294
207692591
25571908
15911767
632254847
19025756
2212995808
1283536982
2199069704
250744593
425789222
520881313
765671118
155471916
2266062270
18493302
316645165
27717650
26097872
12104122
31628632
1431885433
2323978611
1949342947
1311827298
754830703
409308732
2279855826
155622059
289082738
428702080
2321188093
2313842532
2240775421
518680128
1847302273
254156293
801388950
239242012
21241717
2151247592
331704075
411808662
22093804
2319255194
309955297
557977341
2193499928
2242660660
351776435
14573930
19616592
44915566
596598903
209650917
2317701300
282885868
489961842
2303537342
2316125936
430141016
80428362
629786658
130851786
2313991386
321481464
2180756856
295710093
2305960959
914583847
27379064
37025884
262177745
2308424984
176394477
39416313
1203049219
134304819
15529667
467857939
541718201
393999010
526804336
232120274
25828942
18883336
35984999
1716806126
2293828469
19032274
1616540252
16297471
310974981
728798972
2300439985
175296586
302366518
2296360028
2273117895
2292247002
43233733
14260102
285113381
269904836
1696959661
297817296
278688026
18498731
626934215
171905036
21676423
16829047
2259088062
582033572
23446158
84776436
578403654
246480687
11636352
1242859290
2230403994
476384319
261067815
89450695
1128758294
1659040508
1433358144
116499778
980461
1406358882
191984928
1191167359
1975315776
73783585
277022312
2278845385
36213453
455976682
251924324
45548108
398250119
374653926
885708206
17001971
110974731
556362897
715114447
174305318
465040592
14804548
319723503
274861548
2289432445
197869772
260993770
1534295472
618575088
1729152607
2229473751
18297415
22332341
15935431
16583833
385203446
1544032898
444878248
97761569
101937105
241408107
712989005
527790262
259775375
52961793
2282489262
207997482
28847836
563345445
1579309592
57137210
1838108192
346891056
511070531
314324021
69041666
474974066
460735395
597880243
89513963
348543379
2274079537
2220499842
1138463996
568422337
442112979
1452032514
1109158872
207617302
1884839204
465679226
1454010752
1270774663
2269717802
288997854
211150550
2268196818
2268787512
12582472
1180009333
2153703832
2261738984
40159109
790120326
291332069
2225294003
1668644965
192913906
1678987891
49703764
621553811
1179603241
1330448880
20568371
392701650
2254959332
618102738
114745106
223748530
485388245
20871600
717903375
19437972
59019453
2242292522
182644069
349927989
350682666
628952033
1488477013
236263301
120585198
97335161
987374887
153245438
1603748720
2219692275
54213017
17155459
19387332
17653991
86362773
199051201
220161415
264306244
370564193
2249460732
77304134
25565943
2247769476
56251813
1013194274
1917278384
2186700722
142500011
2167130310
293564413
27848168
2236826372
370889554
61588483
121849626
34488920
573095099
2167357029
101414219
294675703
491479949
43391453
45875989
368382095
236915531
148750408
19162527
2181686124
21280649
2221902133
2221207800
230736695
346602021
48238462
228873349
48424944
2182744573
2214394489
258659606
56460744
1465896084
2209243003
412376269
2207991145
178615792
944471310
360887097
95798568
1205657306
186073431
1917072632
1488620779
16238631
217134338
394437078
1720056985
1853067216
467509185
271995634
2171145873
56938244
279398209
1069105472
48389613
2196267272
21212745
224743719
183603842
337181126
40142971
1405656619
275139977
43659642
945978883
1413497040
804642661
376728699
212620338
320524842
343103252
544252820
1764503544
213403940
1702369368
27689679
16093070
2188830686
968188992
1255582892
1236128708
396121218
230916689
488866474
2178264528
580259977
1878080324
38090869
1656286128
167517106
334325857
335735896
33398742
2148490967
2174395206
1263405342
1912301599
1050571764
2168888629
2167563277
746304038
188343397
182882013
2158994537
55351736
400115842
19028084
186931287
533972176
252770390
705858249
277791765
628379399
1591254643
258519307
2152910757
1357298414
228426881
395787421
333086447
394119043
1452531596
2151361369
143224814
2150278782
117781510
392745253
1906660298
190837563
18704890
51944022
898301664
453862606
158432192
500285522
937058154
1978545144
193406804
241267409
1461649975
53065480
112448482
162060891
279226447
24891925
28539197
1298972413
444561373
912905480
58571042
62268093
370119419
76647911
1139761345
634534933
403367131
412648830
1049460835
20560983
719589238
216433448
188620031
326481415
1971527743
428604204
585463426
1969431504
818445422
872689944
173821142
20078045
62015308
401175737
1447957530
1963201867
72252355
20703161
949758140
1934476723
1009693111
108603796
16134993
54751300
272176015
1068770988
1723947500
1899601722
274664147
582772655
298869834
1013912029
23681968
19318159
23703586
83606056
1859606562
302273348
599800587
1293103597
447968114
91357836
999628842
1857591102
30526343
244814729
397662695
1908284826
1074455964
900868724
1927426116
631699008
63299323
449146245
293821136
35937858
1926067626
1077864961
389564657
479600440
800532295
612931307
1917222128
1918163550
313676275
1901207616
277122823
14378052
968930996
1488907928
962369364
1594661738
1901991613
546048480
1630724006
223909615
1899371978
1596078565
364514303
906434130
1012695091
1020506240
1375068686
48116643
1691944716
845957803
361246812
29157032
328792483
1877008531
227565300
231804643
29727564
35668892
1875494108
1187265998
481770585
585800357
350040015
1716840097
134275448
20856461
355192912
1681208570
36711850
1861443446
340044440
771666432
580077937
400726107
19002407
310328007
68511405
902138658
40663911
14289197
113957685
1340184788
126788257
1675181053
1262780605
1740077294
274806435
1732970370
1679194628
1730666125
118745735
346184469
751923632
1724180125
370465706
602043206
1722672852
1711218488
10417992
1111757762
261262015
180045710
346186426
1326856338
1445159870
72323160
1707458755
446694767
29633967
21613900
1701927955
350256938
28924498
281307418
980520091
30289859
258588334
1617698406
54868945
1061742260
51820826
1686186008
583706309
899589006
1192272506
858369474
481748914
359681960
361195970
1686024480
20053729
1611863581
261766480
388627940
1629985146
28037158
234470055
1397351586
353639558
1452182431
894641418
50738039
223485792
240870753
17032881
1665922500
35831334
1667779734
11673662
1122765608
1532403828
240426325
1275819565
593212377
405311175
628940140
41620354
88050677
541904753
1616217696
19384438
354543774
283633722
31403637
40319066
2677
14134608
259471528
39363261
46205268
1647417854
84355003
67686357
87490623
16582297
497968083
1549136347
222709789
381109411
540165063
34294844
293180056
383437452
558084250
25661807
19456976
632833193
1196210468
463878694
391724419
76768792
57464099
33458082
951974082
273699614
28202908
47564983
67491304
300415414
1630381843
27701641
162393250
78644968
38453917
478915081
411120243
19634639
38985333
24807769
18750320
142492658
250785407
44639315
274809595
881106972
210083279
65411326
457363629
45429069
21368754
1056534234
1618475090
821853210
789661286
1068639703
23145274
262679758
731033388
1422372800
375873174
381669078
1611911940
1468012454
593921302
1272828121
1095527179
265783783
159662142
259510259
1126843458
285036845
71135228
440039562
19582102
611329112
323701408
98451002
897600127
1383391782
137773499
762650838
223135635
182579580
574567472
42495712
1167362774
1604157355
150979044
16053973
23648412
276186673
269919183
60090916
368175084
291965712
38195787
52922652
236175521
436675622
104751226
1222317774
76730512
222893940
18737754
507379428
333669548
545810855
42294442
62621241
1027533860
574744098
608575746
411542706
32284977
54345283
333089181
992232529
233105646
26306262
379924325
53339070
346617990
50191548
141376173
16537365
862128438
423649785
95484898
230372020
49848702
632346820
26745304
1581106957
53828706
191891079
889450722
1435698805
175787624
21872611
378094013
426293172
330008337
33616548
1280208278
832486915
233041425
26849578
1105115497
714758864
417491564
283619537
787197728
1553197512
616551994
394854582
1491523039
116186122
595737895
191773323
16655616
1412771047
462388252
189690999
26950936
783343952
459603501
1396623576
1545763358
706990663
349762265
306222431
217548419
233683513
82950999
26553067
589139700
103307026
16371383
119770671
990142376
531915639
591888435
493111013
1486340064
406446779
840251280
18311478
360076659
1486858686
506955619
21185650
217217365
130954029
361581611
1157152982
23823624
625129963
1366319761
412562037
280320852
448603918
60886134
293304333
257397526
15935614
163628481
310604272
431798826
31310399
1329417120
707528839
1517817499
83514568
930990654
1498281307
27090152
19376981
18556300
332896595
1514030354
20408619
185789841
356188933
225176717
466784610
1138687243
1500136614
599452469
1499513504
58903152
233220436
471023096
49533260
1491685098
140402434
880200187
1490464429
91252366
48402822
743581146
339112231
396251075
137506263
573856891
64420485
256164831
51226805
38221470
1465671968
1074268982
40333430
398815382
1481124932
389248985
19996051
441421114
720159613
39245542
1472144096
95070052
306459742
1231037557
169568160
156846708
20557393
919533990
225071530
343752813
304648027
377970211
49803349
1467574069
819880304
828993266
397328991
1453070851
1331599566
1457237473
462415191
505078364
474258408
1378586221
488666317
1398090234
523337995
1450336573
118834685
196697822
961369658
1237240938
22359318
889063904
577187858
1252679522
731127054
109220792
1436470946
23022056
41873532
26548401
345597145
390966931
47137818
267443394
330495799
237800135
23485329
385108265
339631895
420455192
18455693
1206792090
488575924
1011599916
254162660
27218922
525539202
758600216
18519676
253716230
247485715
389465848
338645687
53980114
436871061
244743370
477110623
12750212
1289487342
1419624494
158106500
1418734130
29823586
516978611
1418355367
1418339024
66716022
86383611
23824576
45011903
140529942
308122184
172514509
39592769
1132445814
9843392
259862999
223098029
321144165
774756096
17913
49835138
178958932
92775643
33926872
348246901
425498315
991626319
210675547
38244157
847544880
1354325588
17525171
1347071545
96587731
420857086
315304407
1396944036
25958053
373461690
451210830
102806514
54791067
1246273074
9162512
227469180
1031598781
351121529
316536242
29750825
255847247
28088827
273763469
134135876
1385137278
418123549
225787925
17162201
151210860
1357742618
352592930
185956415
759871441
1260057720
47547103
401786997
1379275105
525880331
64669403
35026522
1082030719
163423371
17927213
268383244
37605054
210780763
48708296
1373031560
201830233
81854321
1319629632
401562262
632450900
1355437832
1359381938
339433582
303594254
1344397788
1290858823
26222119
85149067
17882897
1227903793
380729254
29023294
36096239
88844913
23720594
1222721378
449111705
944860098
991098348
48151748
229106304
965494939
215523187
85693767
270285446
1288492310
456215681
52861644
553721053
428423824
1117916340
196479769
1280429880
47100757
257987495
375244088
1268611782
1267096130
312904554
32272016
22641828
1262726562
51695844
218954088
1258838311
55751080
320877456
1250308171
1244846670
30292664
578718044
1228180284
468147851
1242257024
1209579391
22379184
334658690
1215844412
564256097
394989775
222433193
21112996
929847390
245385426
635896626
595111279
497536392
34493341
21882141
596672576
303864850
302200757
134637509
300531959
148173373
277588568
312647608
956382744
16012322
712880779
519685039
631209470
161989724
612939239
428449196
1193542532
1191623226
108141424
897496129
315841211
31649510
323436469
825090426
311815591
38526061
588555496
272686429
1169576784
67062824
1113272791
16829652
84358313
344517434
607433503
247059408
277561227
309864580
394915941
15781646
26609560
411778324
22927464
364820715
14057492
472377992
859109406
985044092
608435755
15125467
491509349
1137841248
291697186
19022444
163679698
17140478
22326636
14904348
421401500
20832037
159443971
38044455
32841119
29706223
1127972772
18126240
706310587
405833477
1090417861
719114503
76348185
714340597
1018083266
65388062
75922561
221533648
399158467
885991908
95911389
19242169
1079888100
177685684
296317566
214972819
28465170
881301367
1078172634
588559211
240441533
52472994
214498778
592227967
363282326
14564484
435495421
222166997
29119141
758472019
534916355
20073914
47791735
273598148
582098887
1098981126
525751556
1077725419
382242508
221559173
576660310
480688095
837144722
20028152
32222602
88375266
51580454
34731979
23032984
213536051
832126692
19928778
423778582
312086463
385532819
740695776
454563191
28829360
32687083
41662354
51622866
322701929
173494321
400346529
38071804
999632724
999655159
439821826
1092004434
1090219334
90654464
71881940
987224208
177387193
1085093671
437390939
49500062
584579552
1087194962
989983399
389553702
573151593
20902237
104047687
52612940
196200429
69638854
326315947
735621116
240962444
150215204
1007250109
68570286
132611725
205471545
221583934
432162847
587098631
15337523
327706337
19245655
968932944
390627891
389464317
214934902
97713534
207842597
34956495
554721893
961181022
23899326
1061692698
406391873
1059177810
363841629
344232045
46454516
391535762
61078826
131558691
330857366
46417855
249757361
524393030
605793537
373486105
174392607
365652210
144326869
351960425
754168591
15157676
348448267
95146794
377269073
60322006
156860038
120746666
408106956
344506458
111474242
922475551
966695636
17704990
365674685
116638762
158735468
125131199
930925766
214629571
888101294
1024744442
46400492
166638185
60916533
527412827
352085445
293031886
305805924
435850290
1022809400
953848694
260943149
219715828
314281991
13423622
235828944
93513148
28324703
1017761532
250173769
40761185
1011882912
114597587
358180848
71515895
14579415
897010976
799356816
31008457
1004356315
937472150
191504018
1000626308
207501788
744609541
357665050
216422233
743724062
313995318
24912638
993610140
485935851
993584442
601247195
22800970
991375147
49801021
99337673
475219154
36832237
155639947
987477871
325994896
987076819
30164526
137431462
348595419
982798386
36025970
967455470
196002642
54087036
344761835
65075709
260410420
492642174
144497607
15977312
234516403
973782270
28821593
85482894
897446996
633766057
304267686
108018253
580367477
313888969
28130946
35880834
516776836
106652299
273593079
898456032
474314369
910726154
548902156
241186279
134792275
592334983
449288824
278472826
57834534
187235348
259558405
541608542
281502902
336053249
17639794
222748982
16190435
588374851
890031644
19172821
947864868
308619632
34389648
895329750
772750086
795408560
556603720
83816037
114353740
60652814
573224081
353406328
122721748
28481618
28804440
157045145
20166608
50357159
25575057
494187520
400749908
459855435
863437568
215301565
19299646
285658654
344048295
293610353
52440347
17453775
22522178
242122179
16823277
20829034
82911978
370061621
231866682
101143292
825367669
33889958
28803288
29826195
885489284
950213732
216715565
17556700
230221451
469708616
441558918
46382014
467375788
138550486
582056539
446277034
62282621
216589182
800574565
46305313
26899446
119837817
945180266
135792358
353004281
189252968
325108373
884838289
85722328
223625268
708232412
736882064
940548354
878688014
430364229
122186657
18604926
180142433
38468939
932908536
514976077
5399072
23488154
272781110
287843534
28844992
453099059
97025965
216807704
272503288
483402101
442220488
271365254
197274037
250409479
36964191
774348078
486862490
80943530
262465684
337356520
304134146
39996129
318129596
216988196
304544548
23375856
81261073
21069651
17344553
565488348
8708432
291940756
247322594
296946119
792102600
509432945
623168482
54693297
33972508
14962637
18555883
565858309
366885359
8343662
584208210
341593478
550638973
44124556
535479240
900165085
914823259
604871206
29067803
904453591
567686303
22161611
460682275
226022303
904857146
556849771
173853626
36659887
394787555
232917501
19409436
107192515
174579086
440407819
901982472
28026988
433555850
20600371
26429632
193169399
28718796
76692792
284652567
27488546
89538046
450215884
237454606
31108501
308237820
28255456
23152624
191670869
178228775
633834374
894534840
32674236
146440344
892214628
186711082
344563247
272650194
269948307
18854429
147951588
511314500
127561080
395713340
413881780
56427874
190470411
69971028
861945024
590128709
320813037
315522429
71610097
68549951
886837747
589402824
883103024
56189866
135974369
365507244
360763530
753112795
852054554
866724054
22631369
446674553
860764818
243019865
267192138
854901349
744084078
207864369
9554662
253365835
349532647
151241270
729258632
336226023
487063539
40199646
846966883
136407811
504995658
481663048
403076729
295417164
29733643
53788660
32277700
843851905
163344572
69360981
777754657
479279118
557547012
23821728
473517830
193526647
104827407
832204224
344423231
22886719
774675
40996460
69962492
606007729
728486713
78533908
16292153
234417421
84666842
228847041
283024461
23686158
815660352
10922752
50860581
58334235
809304900
238708628
781680769
336149290
15768979
69605961
709839787
58700400
802490096
627860484
308043337
575023438
114083136
792180871
37132081
785348918
17858288
49780393
80113709
391347706
14292394
463414643
454852198
347472173
405114393
627535589
612641091
228666797
16561237
364274253
309611149
519583859
41066734
314614600
768883022
267369638
319022329
761884866
24726884
191172606
396209884
500434172
384575675
152988703
131883678
488070229
167405098
633988818
743287543
28497467
36963117
153148261
756069996
392330139
318171818
256376428
216879551
293327665
375616589
319194668
359674721
19216996
451642611
18906599
288854648
383052387
288976406
300254410
74416343
186365680
315957889
284330776
358467811
443114710
481621617
746846564
557117475
738170671
27051238
26334440
545226895
139175700
241217879
163967389
585622027
360237652
247903554
350342765
302161702
28037044
33061633
244785477
17669279
344030830
14397555
741898266
459399584
578298434
733086954
222627553
25346735
600961508
17416684
211340745
63347363
720126738
392266039
385172942
522572261
134850326
82991819
720201512
355856144
14217771
115289987
15141657
547743042
36026857
43268347
14546284
618177817
140669007
402929013
38982131
216885121
23243207
395452373
218191627
95455920
157772761
19984614
24303914
525467045
22304988
23400557
22728078
440881705
34918911
297022973
295827266
28470684
355931032
28593036
474480658
188261847
21679530
589464753
322079217
52320374
598044964
290553290
191618102
195762263
172647934
26291285
53397079
293805936
39803721
20250286
270345245
50613388
263343206
308547162
89462714
160007373
510948317
295489158
556194866
366131836
600236918
467952708
214750680
146239636
27028530
304917122
289065681
587629672
268854222
495538375
319847576
545162366
120235943
294628573
18455219
36948436
33729104
26066268
201753258
7355542
43740069
704273976
237319959
261998467
589407599
261892140
365596901
391057645
79768844
78925997
27367803
435321951
475437849
56864265
274589577
599340032
232283631
109148470
248002893
19494781
703859694
34177217
267954592
433267080
636588823
15483186
634023082
415932537
31304347
17487919
40967474
28479681
631396062
19562248
633785944
31431593
597905589
594552202
195915157
282116226
45466813
631002655
14073928
32969037
438708309
437197949
293672566
619421644
351200477
454381383
61349720
142389824
73664947
15602069
357230389
59270618
278854337
239934889
243728710
28248955
71674195
121279036
335581467
581821518
38053706
27154653
611821802
610397676
41198968
21684253
66654083
319440595
479039788
17572567
21583406
87378654
227201605
348534091
282245814
234896236
325614656
21197806
184834744
50348940
433003910
553099797
173538830
137453643
552782904
562177230
595701235
605583387
184224537
352821448
379214294
337713682
104952689
393093901
19306606
307120772
24443284
24805314
154347745
289327375
283664467
552846724
292032132
338748110
26901122
202207385
361263795
564945132
191734048
158877679
157793733
136910581
16865082
260966454
17960155
326895461
596352021
109166559
194518461
55963801
14114466
17854636
595770264
51229225
587851622
589311939
571146617
376281497
590524595
578356298
42678202
147102001
342969628
14494919
59167552
583821913
260917876
184657213
246615418
289212373
36509105
183374606
581287759
105001395
582256514
493553974
581837562
274121346
581993607
546072819
14286436
54706326
22802973
400964160
428444905
475497383
508256414
538379117
477449344
228543696
18709479
111975429
559083772
21964179
347854438
17289514
553263317
134997939
532596148
41852011
27936739
16189209
228903474
23633168
380997042
51647892
103902508
23830044
468827011
17880462
515805284
324967625
159633987
26034576
21324205
425249146
71920255
49179450
86357670
480165177
569590231
501316047
372404858
12507272
181024553
181952516
357253018
21450698
40235985
368625568
564676602
260824491
114782468
310200286
426636549
16818310
25194307
88814763
507823027
211031107
300407149
52918656
