405334242
52279814
3331835352
2861152027
208083510
2457306370
4611867383
166549213
387661638
795181796
3416505311
291650241
2302134816
723307674331418624
3033004077
262855072
4610619013
725664621097418752
365182629
725069832291389440
427141675
4832017176
3390788428
1703155350
2583268333
3321840816
702524531412488193
2945770833
4392505274
707282345192263680
111225697
94818581
705441738391838720
2747914606
3349762485
3120301769
4041698549
49068640
492668043
240664803
4845909810
40675306
705427858080948225
3887020360
244818597
1569158894
2776376446
2801160439
4855720452
231156134
19173608
711393889731657732
138581916
21587082
127499705
531351424
3158234814
2485974872
2893517406
2178681566
3284112337
16206579
347627434
3316868654
2588109960
4717892303
107033885
705773574817079297
4799346261
3677742792
104944845
4246248252
2771406515
722842727663190016
34428405
2874359694
188803735
4856946233
429703285
2400490256
235337115
271602903
705001163301715968
62870442
1046880763
2899960626
1531331814
2858271148
19068720
33186808
153283018
2282665776
1016680590
49058252
715741583652421633
3259126782
1539524610
711897471069237248
709153130714243072
71852382
50094643
1038439202
60784269
4700436012
4706270920
4867884322
379225543
44135635
4857577607
2749858280
42585184
61272704
4653073094
1255748754
3964326918
3271255423
72093227
717734382681866241
3438374192
829735580
115681686
3661479505
1033301990
4547869279
709497411144523776
1038456618
1007390336
19341224
3393406799
705902960967094272
4102376488
3947076802
1537114890
190589983
2183906074
77012250
3873587412
16703058
705041520060030977
711961066507374593
177662447
4169815095
22075828
2988425829
3086791541
3026604743
34091029
2562772165
1332016987
136301956
46229155
1893306356
629644187
1354626090
1413106326
581680967
1537037274
15651636
1871810870
1054895971
115211804
17684731
238859897
1697257345
17515544
1435302390
242265599
1154080052
593156444
15146090
132136096
1213700798
846083132
480589248
544800797
68721477
363750918
1314030134
303890664
1468844347
154092710
112479899
1591198440
33133810
39504861
16408253
1117904142
19608297
555353022
1551075828
15731309
185392431
357180164
94247228
234253506
195895813
565343157
173613510
888023024
478856192
16658058
18485106
42799135
301836553
1128670184
116483677
287656869
127101042
25567416
241725400
284598401
15470209
14941706
278180625
16175706
18214064
555135814
388410944
