121656624
723940038241857536
132274733
48100522
2478015324
4220373573
55999144
395693272
2771406515
709388957046280192
2434306537
3452894301
1053197520
2393063119
715606140260843520
4065725475
111225697
710212758466236416
3389414267
2650655484
342894187
4135012158
4547869279
19173608
3115816309
4887373775
702879461461659648
4806406998
261749735
38976390
725135815840567298
3031942490
4893125805
208083510
3316868654
41919896
2874640793
705446574328057856
706558548537270272
4874688476
710990834972233728
603391246
709018942904340480
718466041446277120
17698731
3138761981
1359973026
3677742792
1200713864
713555902385795073
162876920
712772376870522880
1034460020
720408513994862592
3179662599
713134112358334468
4715093443
4658714413
3975285492
3160431013
