963430316
55539703
532161975
704614323549806592
2758618904
868399878
527047903
2797640724
2315601367
718377646393008128
182119386
718364002603110401
2457230528
403343202
377986435
823318303
525713285
4034888787
480270631
1211508229
20901492
3069661529
188724279
15584831
236759882
2393358176
1241204786
3319861060
4163918355
257061861
4909846006
3360203243
243294897
3083699440
4812879614
71570782
187889678
326539677
3291151420
36335692
204291654
3108520420
22019233
123894629
289250469
3182593950
4330158197
3005628437
4249611455
2834278094
3241676902
989166360
3281878826
75040646
930707947
253573027
444131443
3812917222
334845063
415522533
132941503
27852426
263759756
3375990417
2996611772
3322426465
3322266920
2894810723
3297557402
1493572698
1875855577
3245199443
2777282877
3354916175
2983011973
3285387085
2180477960
3374838233
239427338
3286233176
3281986124
525802175
36957988
2253025016
3234187064
1567844280
1879691402
3291688455
20664150
201672905
24021788
2979961067
3026164036
2846567385
42490423
57451014
3213739541
23998482
380833253
78623519
3137457951
2801392970
24186210
173390198
77681274
1089476491
748701997
2349003500
1414926517
1244789958
3072191049
21191528
326704518
106720464
2545783749
15004060
946608908
2962238255
3014626617
341391104
2457823680
2368495891
15179921
1196532720
2962596538
23576935
479697468
1725100538
67290303
1208248320
763842344
2562772733
52751822
2917939534
30328902
2490148435
319226112
2710143776
2194121208
2894332815
1671661873
1927265810
168173675
929702006
2828736276
361104082
1278235622
2360452030
388818004
1570256402
302787311
98845361
19978049
602832134
244017423
1034759832
33883041
229050901
2521052088
1545561554
14410711
202197774
277207639
1658427780
1266749719
16877999
22383707
1208243444
2359588058
331597080
1375942826
28805743
34327387
335528902
369757927
173904693
48231511
277659514
203046943
106719311
52581420
469455225
225829997
122412653
177974212
