3972430216
2316246829
3089832311
720029785800491008
2466339073
718798149490487296
247956809
2217250374
2455573616
911626069
4818375613
1550675556
2339067271
4781924401
2297342210
3804114494
342894187
4475226678
3320217354
111225697
1618641848
65506051
583142443
972311155
120181792
3023863007
347627434
732980827
208083510
2332239307
552805528
3306439630
3340542018
2779857823
1623353839
3390912579
250475890
1616537724
3271142059
1669225572
3279063799
3366360244
40144648
1576247400
3134447688
3132987030
3087648027
2757578334
38284001
173275017
2562084416
2996305264
3081889322
2569349076
105837388
17289494
3013132904
17327882
2513075658
18953266
207597130
2873220923
810107982
1895592649
325099595
2287246668
1499503104
2726968011
1428578702
1162105759
496332521
2155127633
2472796027
225487171
570048220
2289717163
2299928311
2312751451
1056281168
216058636
68250862
42741029
1216981892
602188858
15774855
1002191126
436181267
1966758037
1327078226
1584370298
541055404
174291481
446732725
988034131
370360398
750852372
