2218366681
2218362612
3023037872
4855164370
2864960979
525713285
433009788
620150647
2238290820
4580790022
87791010
2450855955
431209204
560813082
4848009526
4911675465
3122385725
2990543591
715014779501461504
714551637789052928
714155656308252674
1365319867
561695744
226371605
249714431
263402869
4838957332
1442826572
2415318159
269422083
3752314828
2991903421
704436978230558721
1973644826
3323316682
4902012629
2391176856
22209201
454526764
403179438
258576828
341778104
374984394
3076306087
81305695
340556085
4698930211
3090836074
300419425
3952811362
783687672
3123302742
3399539441
50089756
269088206
3435023590
327482864
183534399
384075483
1858463886
2778293072
249795879
4537504276
264810275
3157762155
343187571
3096851720
4271382072
4259987789
3957249375
2858604026
325071513
154241204
3310854831
4142917515
4083237562
3857687482
4106248107
3956074635
3093919519
2449491600
42324354
275537685
78997380
439279983
405978050
3090789233
870704486
583341190
1017857029
282295570
745502527
183086925
460664771
3407286785
21397395
312999142
2195629714
1485121448
2392033406
79837944
336366816
15129352
796833608
349546111
299700774
395532048
186463755
1247868162
3168009874
3122901358
2915233442
1021266301
991893426
3000411989
3073568315
493583752
1721089218
2861276075
3058636436
2941153469
2159225258
391658546
3044394729
20757018
188854444
278332361
399797500
2495322383
842168888
415921362
2928853451
2928755824
365624130
2869671226
191713398
2573866632
2859767698
503412898
2563767303
30138752
248103811
522708033
2583117397
2619144844
293319850
2308625106
2204090430
2761646333
147002239
274065905
315531130
2740098183
297417902
249947148
625205503
135177608
28208201
2602002194
2672316436
915730298
2638363714
2188561338
30053805
23171860
2534389461
176265703
192692603
437444052
1395817129
2442093311
1378486134
473218328
27141039
304256595
2420393313
2386476545
2373080430
452681222
222914750
263398468
2332575128
2311041730
2311388798
2302371491
1928834846
2301879607
2148465741
2302570843
780657409
605684780
1970498636
2246694116
375085631
764830254
24092525
115821113
346231194
903027624
190131896
1707706574
322025457
334456000
753532183
411699112
235714327
112343499
410277940
389705463
1602414091
355264695
1508326729
1328238218
242134878
395724752
337832078
44263515
1385905874
971312778
739329157
234873616
321520191
432878847
1397529679
393025004
1364670973
865292977
21409374
1349889715
262515853
1281010730
93953390
21419852
277753268
1228840483
741306306
1226284980
241030915
317805692
952744027
292656661
356971550
790250269
1167226424
1125277261
862667072
510836153
1044543842
55862321
426172148
403833440
1106659069
1038155623
103443615
615271588
579136806
999454616
531411106
1020267342
261462689
385152520
304652551
399467761
949973094
878193788
413389408
914470758
909595183
499307416
227652672
70255048
79093221
52620393
378869490
81473232
109422104
860123298
295203994
701739930
575782938
851404352
610539871
610470349
414352365
607407384
395111887
445903323
472143289
281074455
14530589
148517781
234550994
456272724
427002059
637169492
427149602
246900506
64923252
498166152
24934322
330778016
195510133
402114609
192030024
258528604
614852004
63743621
508445794
23820699
475356103
385630220
19946007
378810058
529586283
573819883
153878144
456131687
568691019
62408956
506212626
142955084
553712166
485115150
463343385
526012097
291414115
50466379
24129112
379452397
450402084
410328507
388532449
398355208
295943958
531595506
521943878
263939606
207296803
47201340
394232005
203403466
288268898
498809500
499249206
497327786
275986864
483513373
419972254
52741313
253744506
408063375
448204202
370925870
38790203
44743195
473991409
184259067
399201629
371797970
472629205
412418330
335219826
9106882
466165305
462113153
119322547
299692559
43776247
383743235
455486287
323789461
350058484
309273637
364983009
449050742
443153929
343184615
381557984
365494354
422701466
437078946
433930491
431520273
362579573
419050274
64319318
407905744
24056216
72406950
105907990
381294066
370322334
407441274
248981736
242996944
234452547
393541836
261056373
172004790
86859171
228787342
65195210
344473376
346281034
382833209
25893108
44494724
332993463
18808731
320772463
87823544
362630778
191659034
237983705
351080919
184060011
307323469
352076458
251000435
155735050
270725990
341173073
26811167
269873584
291903948
276781352
309883428
248448096
247689864
196841586
314184296
237080955
240533030
269594647
212363028
277212907
275413028
298763614
293618335
35582561
264016552
263906451
56918162
271543301
270409600
265108620
256397110
105029433
186945571
192206388
14806417
28464031
196312006
253643333
178104653
236718431
187421508
39163912
117968994
62329639
133559391
