3389583568
2840575275
2977422557
1318828302
722259911065804800
3298917651
3754325603
1462313593
19122315
2491081213
2400889484
4883931957
710591222402785280
86072750
916327850
4707113053
236450005
2675387586
2420727379
240527238
3010664694
50664572
57058318
3301993221
32789366
1319883463
3934256458
159483057
3398583313
1265612173
1536488724
290570868
622073561
3268525057
3317312268
547363355
42034114
410823160
3278998506
316084728
2698237196
3151023660
1634544032
3125795726
132928314
2879193385
2925314183
2252396174
360177359
1480581998
3013599710
1951728966
2530830345
424711422
28022257
3005899337
227189962
3187042988
253016851
2524399288
2497596252
635512087
866504532
3164269369
2841326331
965896909
3092577441
498259242
393013363
14828860
244647004
459436167
880417508
26539442
3015425981
343694184
31541210
2902078321
1145939611
2790011106
85496556
495360790
16841910
18924460
2387674987
1297138531
2836118735
59300440
2813484798
93526835
1718465299
1312367672
2255511122
1859369972
1636853262
394220226
1643687467
1480199418
614441215
611005911
176900298
722926494
1625667900
867151974
355926771
1566209258
983714958
156702048
1549348784
177188775
22935663
16917543
383199455
75191586
456249684
