3133851347
4623644299
722820336945733633
2908813361
33398080
4277796317
40336414
3150177589
2153549784
2914447081
4824675673
4738936267
19788155
4875281911
3060824900
604860405
2967385536
269781641
739811311
3223643742
3252106336
3014912463
3003812217
2400745866
438583732
2316268260
1173724303
3131350600
3120431276
3127485196
3107876012
3081710595
3079638990
3029667701
3081797301
2992745170
1178034740
2996671089
3004960138
763743908
2934078894
83724543
48600450
2960258750
2468438927
2206782192
2767643950
2751005739
51923666
2416367984
2214852271
261916595
76484355
635793315
873776226
788255526
1406651060
242140387
135950665
172715819
18500037
324675428
30530747
928336946
78105431
145837423
531658606
22946369
16343400
795394897
573863279
141052920
537258232
340405377
350075574
23855345
