4591741681
2273332789
706681812307804161
4419756198
446272327
3025907121
1180127012
55121922
1557217981
322255131
3095864921
2454417098
2454416324
3021116141
2454427957
2454426559
2454413958
3021197189
2454420968
2454414078
2454411612
2454416648
3020985885
3081710322
2881713375
2920455279
135767303
343795638
16206960
495309260
1282027082
2321230099
88598182
1337162582
81570761
2278557500
2287444807
29913107
1615483326
2305193605
2285905374
2305414158
424693956
1587176756
1881377755
1639307143
2165699587
1723646336
1612026096
1364659686
829527271
1046750090
723238172
