720029785800491008
2465228118
16703058
852862003
714228603555217408
707256617771929600
702860717175676928
2352578048
3314045059
80703645
1895833638
2428126878
144909618
3900958817
1390094640
3254824526
3335293582
118960416
3290869768
16833021
2986821785
2317081898
18077915
2914215046
2908382043
1975536973
2880252387
174634807
336901710
16298699
2737729481
185801356
2465146394
2645757588
1428296827
2279555118
136414520
275282236
24043761
1531639112
2297563723
2299755362
29515530
1539745800
1433495226
147331268
1950424729
69354923
139948844
22453474
1667838600
186262041
1633900094
61521263
130369721
1343501785
347161849
20854441
41625563
621430171
