723455290046185472
3285489752
34449711
1069278361
723205463832055811
3407828625
712872467438706688
3364079325
268556198
2438724661
3083974971
2357019313
218550151
3804766812
4291157833
3604935614
3882849253
407198947
3285639534
1189770074
3426429867
3222493518
3283998242
3309206938
1433198834
2903077458
2904722110
155614385
2825647046
2742061420
2377803829
156359847
33086349
2528467133
2405282702
396599873
2273957438
90504510
2287398504
596679402
213539435
2286257516
75356217
2317523611
91718214
