3299252471
695568104479465472
4693705232
2361515064
395693272
2967449939
3003754917
721981200563363840
125444562
1367974088
14410652
3341511353
1475593736
4896696938
3309989336
16513416
3356878574
964341224
2809434797
115681686
62934106
713469428868988928
3295909099
1897969111
713819484474085376
3267456386
350838755
723531821602971648
717056665145749504
108419077
715500137804652544
59830916
722922532039442432
3305711731
2335591549
892037664
1908565106
928934761
571212190
2197603344
615687834
2205664842
720778779589787648
718960053286526976
720144685604450304
718955950451908608
720221257409683456
637367503
2469552655
263592449
713378883618209792
2374995626
342894187
1726542289
345603038
190589983
225419046
963430316
2890214177
722064461041770496
212275098
105295143
1832911620
2469920562
218549519
4051826355
721916981675499520
3031942490
254717520
37153105
4714530196
1022377002
710670965898932224
123653013
2579500110
713378666764312576
175439376
3007968583
3118819991
721767165620305921
4182701204
4218867575
24935003
721764508977491969
722800129
2327733390
122125119
1329229902
745957801
632177266
237927681
25066225
126252503
453770974
96107852
91392923
15549723
18266012
126487586
265516231
20438722
118779917
121234925
38947987
55353433
184589988
180036316
58872421
163552808
22259556
18016767
22013059
96205951
72284492
