3015351274
333053154
4322838083
2897593697
321516796
3325377563
56929066
2752934886
2489729144
3232721801
620543681
827188339
2928392019
2803551007
457338834
1178849714
3001405136
1693499504
1573265210
3011870303
92065030
3298096270
3191065986
1962117006
3207696940
506692674
2359311132
67559398
139510761
126592212
18618833
44504025
614165574
410778280
43414122
3310660647
3177139873
328695608
2327482747
2331855188
2939525592
908627772
179198762
70674403
1187266296
1686445543
3134014839
271915137
268896552
3252412249
1499096726
71431412
21362398
30595358
1703406186
437082398
28687910
164521248
