930912222
721137464488960000
3854038335
694616463882207234
715194967665152000
2751747366
2201951496
710145568400547841
544735713
1433630456
2374664610
4688941098
710109770942840832
717141115187568640
740907043
710450542863056896
4919350494
20817660
711032547858358272
2586546817
4817689121
3236443652
1357379160
3689857043
1435997245
1073624779
3092419504
3331285090
3153932187
3065031551
3027000855
2891574109
1916283403
1554138386
2475970292
2319853964
2305420158
721309545
1673586560
2235632432
1967625896
2183940997
1065300043
2175126106
713370516
1452787446
1729713486
1943109187
1626707785
1595231922
1620361381
