3023037872
3854038335
15807888
715961598842695681
2857070208
52626508
3006033067
710539199015837696
2422811035
3316318741
4886526550
66500217
18773339
2482163473
4645320077
1390839236
3010568215
4839592563
14433036
68402680
4764355286
16482279
938344320
4481393596
4736818043
4703957060
4434415993
4490703743
322873219
3246346695
4520577074
3507440476
4289674823
4315632373
61279674
4196974814
2896085005
46398762
18844105
4078158313
4054146313
194219713
37308289
2887586003
3322001000
317394409
3841745472
316275784
57814198
1468252945
3622357512
3599655072
257618089
22397053
3495101117
2974403137
445107052
2674861855
3010674746
32650597
1943558664
774193776
3416723920
3407796472
28072238
20740328
3289163604
3093249304
405022806
3376077352
3278844188
904182199
3274963609
34213398
85824238
18987286
3063943025
1447753970
1960690154
67358874
2213329609
1529490080
3221802542
2993829982
36721877
37745356
3195012457
3249877889
3225374453
3234181559
3008544445
2805222786
48430599
1567852070
420632566
3188064951
3129381505
2937110261
2791814018
3142894484
3112337803
1531337624
18635250
3128426430
3131083965
380763551
218427811
1340839262
2418129530
2347940484
863610986
282316299
3014667616
3098352848
3094517754
2320773038
2736422407
2241519368
3070145461
46475344
3054500501
601356846
19034759
3013878260
1560411703
3020152708
3008356129
24733117
475147871
2967484841
20238835
2933213749
2912946276
2889777023
2238845082
2760162149
2871539437
2856338041
26701160
2289262064
2831617962
2828275075
120592256
504887577
2815394113
2805228552
625292013
15562649
1163624833
2583740051
2791309675
591450436
17918367
50552719
50188208
2426598744
2634818531
1445003623
345502372
2530746926
1612116030
315368017
389975835
805545049
52778489
20657355
26386708
116550205
2319156751
38030164
233743875
27489357
190146866
219000821
332516982
2261743556
2246372432
14081681
2198666583
2171528844
2200493900
1267311378
739551084
18207133
284580370
367951588
628355447
22486382
261666455
228765963
165115472
16950528
64286594
300144900
216605658
64198076
20086239
801596149
1617238369
62867191
897638228
1428045746
15062528
15225658
60250397
1377356748
1344740683
65148479
62866733
1264887606
1243263991
61989026
219733623
1180820197
21662283
235017058
998407208
997629481
960701095
499981398
18907543
953679798
158606103
19004196
50141610
255024890
101821968
120241048
109688080
153486934
104713668
90373878
622600917
240847882
293850763
874400640
15722979
365711229
173561614
490283837
546211625
595394914
55810354
18929035
602154018
28420293
582124308
14213042
555249364
19070623
568417957
16119193
177494544
560555148
25151842
553998901
253788651
133821902
356357539
36698873
134886619
16281067
46588445
237118980
21384670
489860606
17611529
478186104
438717204
373042539
471639881
93472564
19330857
432862372
432559160
63039870
431260325
428672334
300018789
424397882
403509416
404644156
195706573
382778200
376807149
230634694
22850212
273525708
70086374
227396365
234374331
238680788
16515964
50903824
213762302
20026600
117085122
16589405
268489048
100356791
13782032
266561308
164355552
71285318
10493972
227721137
258179694
148881707
41747605
67494507
252928682
237170463
227264691
218903553
218868056
218817672
218892303
218902700
229664058
218908588
218850651
17813247
226598916
59928809
205467359
158232890
22184387
14545767
201565223
201132436
198713541
171775613
189942910
16911866
22168877
26221611
53004267
41844137
13569012
171592863
181633220
179630418
84508309
38903917
90027576
176538332
161222762
104501441
160154732
117979893
26618468
14379001
74644754
72577328
28986525
48634612
108298042
60564250
14621259
155244945
63100957
16360046
97027265
5526292
22987468
14831865
46587927
145222538
139670595
80122084
18650003
10415712
108788543
39990485
95174565
83716559
109417887
103222557
28877939
22276232
118463462
37070277
54783436
30452836
108856560
85864600
45764940
101630541
133630241
73236973
136441532
21507883
55419136
38506049
92674584
15254146
15759863
130242371
18917148
123757069
16923050
24898059
119387243
50437570
15101182
31565795
43237308
90477652
104097088
59082722
46974640
75059343
50285062
14078180
120491368
28419168
35804399
83235893
14955509
38832482
14451294
73908704
17938958
67601602
124335683
60134494
126345025
56048402
57457477
36458393
67466265
71312554
40237506
86451986
16554602
73012144
116044347
38830686
95901615
18326115
39136803
75028535
63039818
46827274
51764313
53086079
77252018
32298723
86448877
102829042
68123936
36421300
22062132
115848090
39191303
47881690
114436247
121558538
19459879
76632656
29620256
85190199
120815447
100571997
12441712
18102660
42348571
72904412
85151040
71179221
65643307
18673924
95909807
55882303
16559320
70451660
68994537
62298320
68330335
94845981
33671997
54931722
19041751
15213128
48326068
65678795
73884194
19568473
112450776
95901097
44877559
85159854
115815608
116116820
104778635
15717970
15519828
51170360
11545732
51446354
72636428
24387045
46484034
100870182
27396708
68859154
22234257
88960426
17354797
113077069
10076702
74196818
115774590
9836582
81093422
84327025
64476386
50821216
109643394
91577027
110969453
17347890
22633405
18295287
29548063
112455455
33232917
35825639
18383195
75250516
27183171
45311509
34767150
113659052
66766564
18725724
41944977
25290300
100599792
23238935
18196721
16539108
31055073
67601089
56822861
41238441
7891592
88284142
89460538
15959806
66567842
24899578
43386123
109192511
21922314
108826434
105463431
102404246
82963960
61023825
15734464
16819934
24825275
46077104
93763130
22996053
66332762
21850829
46259451
30877173
105238127
105227047
96900014
78525960
19483682
70232861
39698834
83074954
64237293
44858731
71334521
88984746
100192104
15793787
105647770
18664838
10785292
21430495
102321474
25726282
56824716
19101611
34552159
102407583
57081932
96818184
62336688
97193707
92838060
87795643
24859536
22777809
20765008
39141427
32561274
29657072
60734999
17008328
81981258
81979157
42327561
83533298
41078029
44723025
36249985
30420196
95307417
24738484
16396920
56799780
13881572
65486037
62554155
70958343
98746290
20915293
91340953
94663909
89498090
18686823
70945218
56743330
27700636
16527701
97159970
16673966
83907758
97878306
97244645
64041270
69725008
75711686
33066917
97375319
22981343
73208262
30173948
25334756
82409203
31386266
25344447
56711636
26717814
55387864
50710205
14837385
21200319
60721118
89018778
65007640
27626115
16642233
23249204
59468232
75711106
66248288
24821555
24430413
16129800
94388760
25921504
43637071
94385455
60767059
62403871
70359538
36041880
32889986
32886189
27660244
26590804
15443101
40159637
19253237
20750643
33363032
80589297
34605032
82785335
44582909
18724045
62222196
93466673
16312422
84116090
18163579
38221637
21114267
17194090
69907128
14821347
60226353
21561620
43821067
57117519
81920590
50205962
83508739
86320997
16831658
87229756
60345696
56369728
42601947
17259227
55494822
17221783
48963185
83738301
841541
19098222
77645945
52103922
85263463
25919376
73909215
87812442
50180893
88834134
24781626
87137097
48932069
26540950
15244220
17068947
88872301
36517500
87529295
73481226
16436098
39935911
22573714
30546091
17006500
66748883
23148563
60523798
62800151
86884668
36650905
71827112
70915316
19641640
25898134
38867794
80365765
76468626
67743456
32998543
76815733
70892432
22887217
23349990
40299387
57797799
67298625
18472763
35244169
69053353
59231323
34241591
46351727
82527217
75312251
80903872
35276478
83883973
16297418
32365762
19586694
39587534
62069925
23060234
16413061
33652242
84033832
85316850
61988630
18005045
42673536
82527299
16816940
65427262
75017171
24056419
25262272
42865716
62553762
21474095
23550943
19185002
83790289
44403079
15896379
15820875
23166140
74816579
16694234
56158040
21381831
6120472
61452509
23002352
78380411
31113677
38004986
30483792
37985526
30188852
20789740
29413354
41715854
15664977
76140670
3725701
53212117
47049897
35194876
13049582
22421558
17357668
25763891
44642308
41585958
37529450
15267917
79235998
81705713
66900512
79680806
29959105
27060914
81370068
61928600
17331200
41509482
81038999
79234109
59947457
15465963
80268869
25946686
19428899
49481533
79933806
19774545
65201599
66772127
31325144
16907515
39657792
25593014
79988084
57878642
47852384
25393475
78347961
22993977
60643214
21040094
76396902
19047481
53792151
78822426
20382123
20259714
17313772
15811314
21739588
57273107
68453529
38808045
29787311
59135969
60638237
20720626
44358673
64124184
29240504
20296098
57870956
20948569
54774657
44113733
21543259
14287286
25123197
20414217
18894866
70305774
63963032
70258323
78064603
67552507
15285352
28266050
46254126
51775699
42756367
73102680
77676174
23557628
67422805
16605600
15664262
74303701
32548173
74176582
59870221
32693541
39096376
14852926
69499918
15968305
74181175
46471997
49899183
76966971
16560398
63582581
18189723
72648106
26212078
76587634
75510222
72122398
74829705
21431160
67655528
76345395
27191172
56568904
20866126
75212679
24607729
42113866
75341898
14389132
18424661
21138026
26993824
38568000
63474488
15481195
16383523
2977171
55144879
15848274
18651808
75141220
56090241
23128690
15763379
16270580
72238477
37198753
17561810
73378086
15942379
24206535
69713999
67140883
68693544
67506139
1501881
10828722
62709340
17931915
16645352
71938782
30621351
34307967
65128991
50007797
73790543
27355338
7457322
18620441
63352652
47380528
34840057
31532139
27174712
72879476
68622573
72362942
31052208
33158533
71382029
18589522
18621686
71483829
26608673
8627252
43939636
18543153
43611250
61601255
44064925
13082862
72673290
50372681
73117828
42749330
28153657
16781500
53129665
25838797
14261168
33420178
72770237
28471132
60386098
20847634
43907008
15600217
14134276
59504001
12768202
53313179
38303320
42467691
18293151
72233458
72397402
67102587
55602200
63093773
46505695
24436190
22715184
58207257
71167875
48180138
27961004
8057672
15336468
45997175
50186649
71760609
16989501
63121219
35092175
17147838
23885448
70265807
32463475
67764452
20655848
34166457
62026732
20509442
17554288
18889637
36737942
56247517
23703690
66953160
18379329
70562892
37758313
18177947
17279559
15706633
23502302
21703132
17311573
63758922
35730865
35725319
35748736
16150075
38045603
30872859
68635373
37568760
25456339
36080974
45364030
17796228
44915772
2023191
43799209
65447372
20734886
16624180
64840302
35999886
67890793
69183764
46878436
36990012
24564866
34569915
33153203
68001318
40450862
16966928
63617625
69173312
68113729
64498655
43963194
53885007
20399746
69217658
17385961
69217346
69448258
67365807
42490740
15758846
14610275
21421394
37213910
69212128
69211420
43882817
69304089
28621470
17375330
15261742
16953808
15841258
68876803
15724408
27529150
68934910
44673457
68934419
68934130
22920319
58024503
11333532
49370396
14314467
47830440
26463182
44372160
28913128
24467798
66317967
62967065
66526730
29387465
40101517
58560084
14213491
41884204
54135215
16971411
27076855
16724548
33021129
18864950
66188538
39843020
58054917
16824146
42166787
45955003
30402581
36074667
51791938
18132667
37545188
43251286
7350652
68331745
17128499
68331139
10971502
67075837
21883088
68330512
15580975
18481400
17174401
15983316
68326759
68326456
68325936
68325840
19587240
68324321
16886925
15991049
68324029
68201431
68323679
67826703
68201379
19387352
68322962
68201342
27988447
42232892
8377772
32897020
44249782
15006658
18171314
40902681
44740201
15446520
46147171
9834992
18367832
18027950
15326572
65349100
31695276
37041989
16858020
14633814
21754969
15982008
53244782
15427823
16119654
52537443
31851012
17459328
67015463
64854841
63670403
65873072
66656374
66606585
15819996
31048009
60217882
16481781
61391184
44020351
40257072
14460932
45823375
17937495
41173746
15508743
67602590
57575137
23659584
17291996
18312906
27593098
59347403
48244303
15829132
65075703
64748720
57754620
62982800
18267655
13547812
59337355
22144364
39586129
17024849
32038168
27938907
38248818
16271507
18420252
19940627
28542721
58119949
19634655
36190761
66789461
61595999
15831817
15811031
29497195
48718249
41995798
66091028
66282107
39702594
66741310
61702096
35334503
62323603
15816264
22105011
43385759
36231493
59582503
15336156
15266322
804455
61399098
66718014
17627344
60077544
23579355
67264657
14455255
32431483
17266226
25379483
14430060
18332323
61973829
9274492
15195171
65566759
47204428
25965585
66934948
60849844
38511990
14808307
49099401
56728342
36955474
61112096
15773297
17850012
17363004
18500764
20847101
15198785
34743761
58874004
67516392
62984400
15497493
25417573
22330787
23012318
67478186
21331977
39437369
20660609
18276100
65937942
15470209
66235166
55867074
44014060
16504108
9082652
66154588
67447480
17506869
67385098
38978753
63654147
17980871
15158464
54482046
67109796
21836409
38310347
59151270
16745000
27348157
18583464
18501435
14629667
20941225
54615452
15119203
17374533
17969737
54720795
57450822
38100740
16868009
36572099
53557554
60196321
30746796
16433133
65222699
16737298
64515368
14079425
16832044
41974740
45015221
49768232
17136009
17556539
18364267
64487744
47879221
47271538
46783644
33059908
21532822
21519628
62936824
16001987
14800352
48059063
46502787
56698292
17996989
52125072
43340921
64589990
62924293
17984956
46129421
35105008
46125540
64031852
17357109
49547280
59020877
18617853
61265914
64246090
64958442
62661043
19675049
16619016
59318800
51819658
14548883
61230411
16179650
54186097
49338117
57451584
36013215
17940950
22380011
18575236
38886169
35521028
24802291
30622080
32878335
26713363
60658410
19254838
57224068
60252825
50044815
29993730
33108901
30626305
62288532
53107442
49452003
50919161
46060705
64654741
38438069
51611676
62417052
61252097
15336701
38563605
52415284
16630985
60217578
63499741
11918252
62678803
51848897
59314339
62656044
64451977
51902734
63272272
53113025
61986447
17272082
17619017
15771948
46204459
24295842
14316765
64885388
61621368
53820095
24085562
58003804
45113189
56762439
20341051
49597032
55197969
47565980
54142182
23633164
45362604
54622260
19992789
51641978
44440876
49922775
17821226
15322417
47246257
49535735
35047468
21230593
42697606
47214284
23490723
47617441
32872917
19410260
44327218
45750532
20641769
45229867
11967942
45149445
11942252
26966482
40105488
15469704
44548018
44382814
24204434
34378546
44312374
18228127
44280426
19642012
43473054
40814738
42072447
42132173
28605572
40540328
29688242
28202829
37253267
35754014
36468626
38393098
16875239
30871563
16788493
36772065
36820983
37134598
18616974
36725403
35579250
19148833
35105122
33505562
14225610
17212689
29896759
29892613
16943817
33686703
20468944
22441611
14075883
32600196
31763359
19543958
31093471
31014260
16443232
29332655
18786575
28428934
24732474
26129324
27589326
21657354
26733518
24639045
18058990
23909105
16368224
17041657
26221049
24484951
14652246
21433609
796649
16351831
15912503
14290217
19629762
17109912
19818558
19619663
18317436
18244858
17958854
17095188
16959458
14402688
799499
13634082
