723154889233166337
723068511812087808
55895708
4440678868
2659696782
32313579
2786724027
2168887922
719551525002067969
4519542860
4705379720
716105053996756992
73986605
393340817
355597205
1972399777
3202094859
4638731534
37706096
593954945
341974726
4019999363
4888981973
2905534360
3764455001
83185208
2571060276
2991895259
4733024802
586884714
2337837390
449799864
3422801296
3613022000
4394163748
175092174
389191493
3410827497
449323623
551001559
1353358350
2253681615
4157212576
4157092870
4099625793
16009645
2728941769
3253733147
3990257476
3786213554
3851870847
3815945079
2185699957
315267238
3356070651
41589764
3446637796
3420637479
250262086
3436266112
3346950171
3420348159
3428253749
3344204025
2809453828
97012215
189101826
1448742782
234814549
22636989
24600120
3360749056
3267732217
1964428267
3353642169
3086177438
335978358
928544148
3336499703
3323571207
3321985691
3176597795
269816646
3234524918
3172457343
64337225
2977265888
2641366260
2322894822
2322869101
3230144554
2414951208
225860427
1562176483
298803341
63314187
291741009
2845657158
3124276017
3061136939
1651810134
3092621525
3093453657
3083769183
3068568348
3080044953
256069809
2976600178
2798664057
2912161215
2981845853
2821403505
2362288357
2829248290
344370074
3019221771
188222517
38225841
2983507343
52458861
48596893
47475405
39416585
1517830513
2926052180
2926206200
2978212700
2974917087
301759618
22776753
2972229793
14128614
129863599
2818678531
21058779
2813599991
2938773053
2939202372
904346720
2539652144
502867174
2242891386
2567441434
2926210168
2886439095
2204329573
231809330
1966573669
103248502
52085314
1732885879
2197406567
14227761
38489972
1711480490
1089282956
2892177244
2887001883
136750667
2795322023
2876973046
2889136946
2857022561
2883503138
2876756322
440537767
60639580
2865024086
2859066060
2780203452
2778399309
633041113
2737476611
46932445
2763602693
2777366389
2753330284
2751904750
45660245
2745680968
15232167
2731193716
2699147539
41440219
275531770
2331029539
70159662
419116225
189445411
1367341040
1870289280
2600234425
483663094
1604099610
554862565
26860316
2554457436
2540935483
124653272
2506045164
41945377
213053914
2370113256
473855218
2203568618
2437239712
896264312
26048425
18670548
1731952652
427773391
28360185
92806380
2203332945
39350523
2207674496
1696837898
96926753
458584014
2151622351
15151307
1315677206
1979290280
90944685
1363164462
1928097481
31524862
574705231
40047188
294375090
35724925
1334550276
1329995053
97266383
22017413
1455348529
1393737822
1377029072
15725051
1327569331
1326934093
1282100706
18183592
101955849
92575552
351764433
31424890
137630794
620548524
36690220
962928931
899686231
899668646
102716878
52877100
831013994
837570829
718729489
23072543
771528336
845410676
787451336
814289670
100567309
81470074
722595116
757176542
243395352
310682338
189280780
335208718
546166684
587127116
583262084
306021971
28570161
547956414
233650947
514226114
539254744
314207871
275086181
313624299
22587851
31583882
439280924
281635883
472202206
460492827
43116772
329797923
454374486
109421334
453140171
32564563
37605302
333770238
340921392
193004399
421139576
46494352
28544779
414178178
405101411
16637291
200918565
342537601
380496863
372349350
273693450
158210538
367864571
209121800
354431129
29612009
361490984
55097120
55102951
71652831
41758363
75850840
353990776
213990342
57476319
286200003
289945069
355355051
355559825
360136241
356875423
357865589
357625671
357243415
356481229
316081804
158220894
349233866
313824813
333449607
352345422
355565867
349870250
327150126
268088014
251213181
14112296
249802621
37679333
333770530
69116564
257980630
27545955
308245033
301804303
250281118
21540725
16604770
246488731
73733037
193569418
263630882
285151004
17232879
200982024
19410522
48594158
20158907
235689386
221955541
97184051
14669889
73287584
21890296
14114068
231916416
129650414
20545688
25027036
19201019
24260931
206208578
244610778
242639892
66382777
18286197
236538822
229890142
17021445
14857903
220405904
74474629
180181685
176271676
16637275
19512526
64907680
53829774
110263455
46919646
187089667
144232154
90922435
16140140
27923694
176125974
111066978
36849573
20926746
160599964
71314666
41721840
156659720
154211247
147511273
123795406
124375504
55416004
26036390
140970034
46907336
140041392
29833105
71324781
110129533
48882016
14175153
14536664
124196965
131425146
19195914
14569350
17121898
76636068
128834257
105599280
81533230
17846897
126459753
24389096
88098535
120476363
67340483
123029039
120326226
75439619
117051036
118999217
116063020
31218090
16732063
104862255
85493424
35015947
19211835
81652279
108553868
102626629
20271080
115760596
97396248
57741784
75073274
111584414
62400309
111663465
114245885
48400836
20915293
76268672
105168290
113398905
84142246
44357367
109717296
109380912
16736650
19568473
95472061
38007150
13881572
85524221
16063523
47440027
79217570
101536428
102549808
101170966
17093617
82216631
74407293
85344014
23140259
18558142
102999294
101828872
105622471
37388900
101921739
85852370
100720237
14780049
84649018
69437373
100329527
56495977
56500046
53450872
53453404
61090987
102117445
53402633
18438439
106073655
18766484
105976387
82527591
65364573
103221093
25752660
16121626
106533478
71285135
16093024
107802703
21836409
37699378
14610275
17070787
5925682
15470209
9834992
50855842
18879847
23703690
30964508
90192160
15158464
75588663
103304222
37929777
77274748
104593018
16306269
100049609
105693132
17598251
19403036
88020660
86969969
92809728
101807918
95363572
102361079
76186153
60542425
106176808
19161364
103944949
95070934
24231108
32616567
97092444
83635372
25031931
49188598
89826140
19734025
39777013
90433116
63739421
70788197
18565342
68514422
7971552
2154891
33572518
102815948
102400037
92756265
96738788
104643830
30439416
49874198
38407885
44787098
101537132
102455007
18931823
26924531
43889273
38714096
24213913
34896129
80837073
66300924
18166728
73683746
49541458
34644399
25792679
80501867
100333263
96122872
93706975
98274751
62528919
94490274
16021293
95081721
97478608
90727639
71518488
27716621
26697711
90506427
69540989
94637585
98904141
23688153
94162259
22283396
98014335
60417388
39211535
14998779
87547234
75843866
93648344
53547293
90725543
97472747
97166292
88735643
97442603
78105814
90495473
56203663
95858216
18955730
20448497
96654941
80065138
81398824
91192317
51181541
93199908
71929963
27486338
16409392
91405530
70132830
79293022
78130569
80491599
75025380
18213505
89386711
91170002
16435307
25155043
39152296
38243820
92485439
44984870
76837511
7350652
92081391
92253623
16317694
90507104
45545666
16174633
32181039
26072444
91495397
38888994
31039597
22525358
40000779
19263576
35231395
22710894
15773884
93717137
26418346
91448070
66383659
30011816
65279533
23960104
24371056
26647413
75889562
48168817
58638876
16435117
16666620
75224327
21622514
55694636
80060809
70966509
40956246
13072282
70011947
56718656
40840627
24973477
52734107
51886386
51291024
619913
50140718
49484278
14305711
41887857
25029621
45717302
31143083
40242727
37968769
36475045
14414594
31073153
18170255
34157929
32975600
32954977
27962793
26402184
25473857
24207803
20760957
17813493
20116932
18547967
6362172
15638008
15804321
17424519
16602936
16356530
8268882
