724571026521133056
724466219932368898
715958373380960257
712561707286192128
3304487523
2493748802
267838617
710905709488160768
45167704
197310872
4388095785
1034689718
4413006312
4254171683
3042495377
706022308767535104
1708204176
50395799
4891152886
701438640531120128
145739063
4890487721
100151506
2336138846
191940544
4749901703
4690702256
384562130
18500852
459520912
339982328
3031127819
1673622517
1271233682
3444832697
4247130555
4266318831
847642303
4238747433
24416431
4012786617
90907655
541877473
2970717602
4006007133
3898001833
3305474750
48071162
3304711872
775847360
2958771425
3386376013
3458977101
3429618333
2992819468
3399974764
271699512
2849540816
2218554032
3282981559
2857122079
190293679
3215245882
54446960
718578462
3231990602
434320264
3289829015
3190500715
3108228258
959030204
1478044712
1599032948
2799268439
3185260756
150438189
75551241
17393161
811591820
27748180
293939227
97372957
3148414834
193850773
78453495
59235603
2499930355
2811700279
19935055
68776325
3053677705
3053605062
3053643350
2830437492
3070239114
113173444
3042759158
3048586035
1138028898
3039842469
3004192768
53144975
39399861
13691972
569459117
539075056
460550365
58601223
19314329
836192640
1064233268
2850062298
2688242815
385717469
206373711
472634877
538543657
2174137856
1428385676
17488246
908410884
1039952102
426351169
302072062
1149337675
219693545
