720151007926181888
4362664474
4855164370
722264871383879682
719882610445590528
710035907508887552
880731726
84513115
717542961232351233
3012852325
3354305541
457505451
713911986656923648
2983601583
4897275046
4510728493
2372328997
4871731384
140116276
3536459532
3538137623
3313602290
4408120994
1161830617
4804061050
1190221885
907884296
21621749
4375260674
4375366213
4375303752
952451851
2893516148
4256026758
3250039850
4878873539
2471461118
2520643038
4182995361
16392948
1290268680
4197689967
2960748011
3005527511
2938829506
1038396806
2983425289
4266212265
3682195517
2417717924
4142392226
3253887827
3302828785
2931050661
3846740173
3854469193
3853760712
3854365153
3853659612
3845609959
3846344834
3847527973
3845723232
3854187252
3854465894
3846876613
3854619314
3854062334
3845813053
3854281872
3955294993
298086347
298740311
3715171633
1058986776
3273368960
3423441328
480784165
3241759668
917008826
3343823861
2815914616
3396712048
2393013007
2444549665
401394498
3381656705
1904757385
89042063
1905685099
3227056690
2299239462
2435925079
3196851374
2335537380
3243970953
3191658770
3010470016
3174649166
341564005
2920071458
3153770144
117248935
2908409587
51242248
1125671204
3058044485
2883295131
3065348964
3110185679
3109787381
3103032035
3058073331
3111895864
3030027573
718578462
3094908175
2901252492
631577253
2881853727
847679660
2943158392
2735562261
1665822907
1016974471
2994116028
2316647520
2161580641
1078065625
2950465969
2903741601
2938724430
1708610635
2508786320
2880429602
2505777884
2734131965
2823496449
2544035582
2177234727
829532492
2452272307
2825150400
2712593846
74509736
2767980771
2792131332
2762614366
2795205614
2763627472
416102888
1213971175
2594645329
2733413852
1969272362
2726935165
1375067238
2711001776
2707367520
2222033370
948652843
2686939231
2686814154
405022806
2652391147
2713217326
1475550859
2609115750
2377856660
1121847234
1551417392
372841324
2583471846
2521588933
973691400
2197203648
1498558914
2278652174
938995316
2504980164
1087643258
2235447337
83953905
1189156879
2466667492
2428921610
541060688
2417681210
398770883
2421215042
2419400876
2298789794
2411571564
716520099
2314211114
2403135864
2407725223
1057017686
1617125755
2338283851
1864557102
2373219884
1000542630
2338357971
1616634654
2344694192
2327670776
2228619032
2323422980
1546788769
2273307962
577752280
2290595556
1150692216
1716466272
2273621616
1255802622
2212450655
2256482312
1083680485
2237002730
1969919340
1475273774
1658951576
2235535273
2234321437
2234312316
2234282678
2234273216
2183598742
2202413899
2228927826
1961286330
2221772270
1492839378
1857361004
2212040521
1091226066
1421703876
74452613
1730251183
700121962
1977270631
1949609947
469480769
2165838504
1272059527
709794347
1700274978
1423638835
1576788961
1712434620
1663742066
450454080
