1965183372
4282421054
39067136
4171511734
569929563
3153919777
714922483435053056
717629491976089602
713275287903940608
489489771
2346285281
1628835708
568227929
722508882048913408
476697080
4002287627
4861126697
1670228964
722376077872484352
4107427463
52107773
4868659719
1180700030
2857955002
2696651425
1005045403
2420850852
2776276551
4334087532
3579659837
722238504072278016
722238178363621377
719399122680164354
4620691452
179149250
3235345375
384908643
369807320
722117142628450304
3177896053
2257253237
3214612253
3072768461
58366754
14129277
152013250
362578473
3027221626
788132138
30240117
177281036
492927457
2867425458
338154515
310695722
129224467
159340328
21417309
2941382987
34047021
98147956
1391083369
2787102590
392315446
2749159349
2712264849
2433667078
2496146676
2440044628
126344483
2280055542
2346155284
587737945
2147942765
1934352139
2229583400
2275855002
2274804312
166040813
2215229263
2243059362
2222495347
194668420
1977192582
1355222186
336694174
196169652
555342221
1205443322
1205108852
1188312840
1164444757
148964103
74180349
748328358
486508069
315116907
549755682
379540212
493874143
153235536
106275688
187016122
247538850
2081521
