702140542512070656
2485676983
2847767012
720677774537682945
718768145717194752
193018079
710404959670509568
710012805936766978
1000682874
1027809378
1419172291
2758506733
2401778629
4831104576
15785068
48689179
78590496
2612984134
600917457
286742680
20897273
419594385
244217439
1094339934
985599578
6092962
230558461
734446316
263289900
144278051
195088165
343539768
411427986
80878789
544987012
516527506
349709170
263149362
253292423
296836567
386478452
295510994
459998751
379304241
455820632
209666499
443286969
73541090
360958674
447152527
380214038
424840888
163350683
164233180
381729858
423723659
338843140
383371238
423428273
209526823
81849763
161314500
243055786
35579540
383118940
285375786
342143878
404005778
403192956
17225026
93001463
326398245
378764776
371058764
130326414
345636765
112640775
141228247
356489489
22519674
121641700
375148285
172622263
317378810
391300786
398236171
173348723
158436809
404148074
250469855
266111716
308454229
19734025
345966431
79633819
390900519
378187246
108021571
201584937
340797789
240343265
212282940
197560248
68442037
333521217
112328242
90078908
353224314
176724844
330030894
196735735
376605321
386488811
401278431
70871157
383982780
352754883
399371717
198587651
59137975
30404717
162965189
14279799
391282948
369814517
356635345
303998726
353396987
337440727
103001666
122888670
227606536
378211460
361825351
217887593
311848356
46683249
151306497
226546299
177596449
97383592
332978228
258196416
150417161
257458239
50240315
330007528
332827112
395008957
388881992
172258936
301145841
81189900
399201294
107912421
307206660
361439269
95357182
328970845
257034938
323602369
394982786
187626518
331491319
146855039
70337486
73530475
223391600
149097031
267121264
382346108
316851140
389442283
14657078
389327454
27805007
216062974
362443413
233110689
271807227
15958265
62461168
18136551
342546592
121005884
391283292
110277538
36412138
145541833
282847339
217316010
294381006
300729867
191635718
35657867
136867281
324996144
186293728
122285576
328654391
55121922
35190246
174291299
346559768
33705838
160149123
44403079
383289739
340378430
338501208
193679486
303039818
229782053
344311027
383779067
256725977
109758140
252676426
144997413
384134672
289717009
70731233
331594475
373443008
198776333
115131926
102393220
286217426
128844526
94580523
107431832
87861427
87829202
36301444
26941928
334133387
345518286
300995104
193265525
76555495
303673262
394536060
147499260
234400994
95112378
17394257
388700129
368967924
363808153
25236548
25485569
109504968
363237835
127741682
181099378
144809136
340671952
89642805
144805659
144800400
113677414
227639321
261309723
308872825
196524577
150588792
383380685
226889204
331564672
23838617
123812335
77423114
355969252
121341257
351003375
178686255
377850468
242313379
31163416
172669182
165583353
380741548
317370980
185481670
397127728
95320182
203190474
214202379
354752457
15406238
153295926
168631912
21053747
146586765
314367252
70377810
78640612
313141452
276241514
391100406
14730791
74423557
228932316
259662062
154321161
162568634
34882518
395847851
167179681
191532091
202591670
26188256
287098413
375288793
215898148
135862512
257305843
25375521
367808100
90543483
335300699
17978626
131814892
87663798
142176478
355386513
263526330
250392564
52734435
147782231
130463637
22882716
78205183
49700387
20741831
18362392
44032949
62770585
56609896
297502645
22411342
280304477
124690002
293729210
102194292
78446442
125837663
213264003
350623129
163650729
204578021
195635864
371506191
387834783
192780453
381771187
7288532
61496860
196161118
307972711
176687793
155079297
391864658
222974791
69533036
284835210
331717054
351815796
14104554
284365212
381307219
150403607
239074821
286640416
365322326
37607523
76797272
31407357
280919438
22303270
163324139
377088053
241066543
282323654
369746526
49859891
134573867
85500446
388620548
321472932
390013816
296894430
171312199
54500400
178117129
372188634
89663825
15063461
160181994
58959587
282817675
234621583
105434524
354444617
41844137
140253522
146940416
137582045
342923120
38196338
365551283
237387031
274254209
203327299
276902663
148856134
328486724
214242614
17838681
354574311
52358292
251270915
311848105
218193050
181612303
24415317
258684577
220125946
245501669
369566811
30841587
333088626
366255444
122616843
255008536
296317297
249744750
378958331
35318221
100342294
386075541
196846604
65517621
323643849
385007770
114752378
294876647
231255818
87872513
386978017
282249962
290717157
139514852
112427235
100281735
96713360
154749348
23089230
268289084
311847746
288566081
227609114
177111055
141462753
83160317
304260897
375803992
306275452
311848229
109405172
288877563
21917807
349248411
27188645
315428091
208122157
189228701
290244262
303256187
42217478
380015778
164875441
389180286
279478380
387892237
122405593
68088973
151944190
73002785
355943676
38485326
94841257
385301515
289441280
370559719
317927200
233048378
266956478
111089296
186992287
342078848
111893445
381105496
269626804
258831900
92570504
333406304
349645802
113235387
42831056
347416683
350343822
294157924
259507106
384996805
288449980
139479980
120549928
146137664
24027953
170830280
285758770
327613245
377392541
231023430
349404569
114910610
49735985
336245444
318847537
190424951
284262916
321309476
26246090
39753610
51411874
138118393
203877330
107691821
339097827
354982018
51425907
44877909
344849413
342050969
385505363
271231282
127553107
193035945
237962820
18215165
117651078
49718612
153356128
218375995
108456596
365588257
278195237
365718420
17783366
267293562
331195760
147902445
387710082
337818588
20652468
210994920
234647544
18702605
266285077
106052171
382202416
145266100
342883462
289786345
40803551
382213082
18991464
15749216
382252359
328221255
335700832
385141045
115753716
18500000
191999970
26159579
206077141
359451617
292447074
289950000
221968834
171709481
324491641
362438233
330239585
393889465
189006417
177626928
68999559
343021998
66504422
204836367
75982080
382291387
201131124
216464588
111097207
358141327
343867069
106498331
311130274
251726513
300685871
236609057
94516780
348963601
68703528
343050397
189469023
373014374
313853976
383209581
326585065
217226490
291932820
41582548
41080436
167446081
21040094
15830003
23516172
204263292
220319375
233158127
94610029
339759389
261919662
190634230
95173003
293941002
40994672
69828121
223521193
127429635
228111976
330528132
211211425
197729448
245462781
273144711
289620546
144411800
380435807
393746061
371760024
25707034
63039818
84346825
294407243
198049377
240754067
355442417
23269838
62336688
382670354
338441921
235851814
316824517
331179675
372662960
194962418
28707782
390333502
35779792
344432118
65928836
267040623
348222061
86662638
308650209
41115635
74434632
226432038
33035027
68175598
160620020
55885084
327680814
264469531
260406097
21087676
83919094
28153657
25344447
352924410
282836506
210460345
393193613
93085590
110325299
361364228
69994705
82931869
205632952
6116982
168853525
285673887
204903623
20746875
316963665
102845597
141983116
292494140
251698342
212301555
30100272
55882303
387671398
122198173
390392129
31840249
122478362
294528438
343467862
357522624
160204129
318253875
43377345
330100772
105860187
247700637
142771015
373124717
161858074
128271889
39166602
65513566
218307326
173325386
62987409
64195942
85001062
130543199
49818607
177777746
289800380
389074463
74881433
35358333
397404095
275170271
63765599
342722182
235299075
119793270
351113122
356853437
196885303
356339238
351862684
113435127
234536224
299927607
29620256
170167933
85559499
173012456
50394446
291523647
23796427
176815230
244859705
235271455
168518969
257657533
204628214
211917675
211909311
157875824
239658278
28637645
90184020
18512262
211872774
18399603
118886011
374422993
205036285
161345830
383152012
336303879
155340354
380114367
74153376
368710289
161480745
198728250
21141681
202528126
177246563
287915691
234142231
216348887
125483627
47864765
124999562
114342224
147658452
67962409
166770335
140883283
43548539
58725057
157089600
180796465
160434777
160610153
39808315
216416983
105578746
178700586
160561015
143497445
297689711
40227801
108323887
109865430
370175651
108620454
363880665
132113139
343458287
203061249
77725938
15592272
53141554
159444212
221362893
225347671
18157016
94735135
18300816
321122222
35040876
57583761
16316165
156055114
348506754
37635895
25453630
389277545
150180160
336668867
86645849
47427986
43293508
394241905
28486708
376131246
89289402
384880860
192909971
185663224
358889684
23619919
272453803
198781601
224827646
82567766
145765712
239647894
330081916
383977526
383977492
67940616
381254828
156439301
266642543
129814902
230480926
372758479
82891446
121238763
365245180
287888055
307174359
321275352
20258373
353739546
258423325
148039285
54439786
15576494
312171322
182464464
155622690
261929678
247572367
328886160
67762493
30738880
116765760
221711817
190207671
153341857
286767347
394871380
18613686
371483766
82749796
278063037
142470423
376475035
137989113
53019991
283214813
25380653
374093585
35346943
242593597
81725200
201172480
329456592
32719977
380435973
294518329
13396002
118187597
19898662
385197988
237150586
161270244
327266928
355144520
304114099
325188036
90972579
65525168
153136930
232669594
272978923
202938733
177482285
312186964
19877600
182333850
281097847
309862704
334423840
155342695
318829045
386995021
114519184
223466656
366033113
231463680
277373297
158966801
159513823
