1646831406
1859084874
3309987188
717950516496445440
4108061896
4102376488
40886429
4636949955
596376131
2512732765
3131328503
2415089295
3685286376
3043973408
1530830965
477113581
62554929
3067091175
248887508
76845329
1148202684
2656955220
2205516025
68801971
378933826
202677907
2975760761
2421657794
2709810240
2898613749
17169663
300975014
58816322
2728389066
353823316
964655858
17218126
868938282
2762826806
71344687
60635547
592821725
1463277864
349214552
614753867
20291592
780250526
744397506
992145258
21602702
2276372244
359939364
1534405033
37297348
255862560
2677549256
575023748
1571021078
254542440
405723784
48029066
2350167913
1258367606
2352296246
1918487851
119765035
2319631345
46689339
294176162
1206075084
17121146
265100786
1487813377
310619259
1086965672
1331682306
251168765
1558674043
