709364132420530177
4409106734
3329847575
2548791860
281940214
3285975517
2534195028
4859121911
4799161964
97033823
4331104845
4263243252
2871825860
3675126437
3404390051
2471414485
3235571402
122809702
3008380406
1209714918
192452463
937393496
187648429
3152720556
1393505743
254828349
217927435
3066829394
1004315898
3018144811
34986603
214581527
221462552
2266880575
39208764
374755038
58495650
791066965
214583178
214587715
1387234826
2733596576
2251513956
2666590664
98517527
62077810
2572531145
2421478796
2381241451
2359762586
2327190052
2329455060
58827136
1367929524
69049909
2151750504
2150187470
2280042716
214989576
2230940402
2200225106
430371575
153854649
1942933375
1135921578
205070072
37098706
929955967
1862496708
1547380837
1632237870
1625943890
323010850
1573200512
110052376
1565893291
1562990467
1558395384
41524863
34682707
34677171
25601555
237849700
219520456
993471007
989328775
105504485
31046328
201366642
1137368610
1062894037
1061863250
598692107
315002750
766862996
19255581
859965170
37778451
633490204
627982662
605918444
599316016
557262669
338034722
470846062
480374225
192555503
406829819
379734872
356246397
19455655
381227879
259438310
22179997
2883841
156388009
40407636
137106963
