4900011864
3955346774
1183887576
721547591012384769
2164781082
3009244004
219003007
252582298
1681881888
3343806305
4881963081
3834712754
545878496
4621437328
4574800295
218423826
722255044461113344
722253540123668480
722254317823115264
196296812
722251693795237888
722251614388645889
722250229865672704
722250603070664704
205139278
4041231914
3302046512
36250455
3282753349
3277578259
3194512032
2717507497
250438177
152537849
421021678
1437405337
397196653
2464911572
2746871242
85522189
2354096814
1574725500
432495653
720280861
