3854471175
4329898994
1616670204
44974515
4921552588
1369256052
2453097036
719262263513858048
44988298
928783794
714917089958608896
304722345
494468142
630576034
788458608
4859486447
717383223878221829
717045794315116546
306802556
1373567892
16466665
467951615
714092913442078720
282741821
592244584
4413144799
300756386
270084538
1503279752
1278942152
174072012
21830521
2674885669
2750312787
60784269
595744421
24264543
1476315348
3838140734
4858668557
1283877764
17494926
1012007072
44678475
2845310640
1670763313
4839635663
829366202
23254482
380630997
2730028546
4628146876
25206800
1026955694
582302784
96127105
3555278963
105597730
904317554
1194818384
105359458
21404194
1120912315
117764562
3430059983
176870206
707980194
3579202640
160274240
3569680455
74611440
3226887398
2813484739
516238234
3198719588
417228446
3318394955
844538911
158422012
123720426
472922455
17328892
2300468962
3102055119
952390309
2740215624
1096628941
168517345
16440035
20827869
9102082
382758645
2356335972
42688247
47762527
453508220
1124357371
960101954
744359779
524924802
3091999618
2468107034
2323123340
17012291
2323130083
365004530
2383039039
133420458
36049091
132946364
354932352
316767522
1380760856
2422365845
2986449922
3241424896
2731060568
3068246919
1648526107
2701323865
513497226
150108481
398934123
2323121594
3035848395
1141280576
36688557
337094177
61289352
22527376
3041670423
55302970
535817646
3121651835
1314563454
2219394674
2522836584
278148301
3032904767
3059574824
330396674
2960838995
2995055243
2456996011
15219770
600916709
33988682
18832202
102489303
2781163658
28710903
1072471058
25130543
1929615410
2951572420
2949487003
562319139
570111831
3009840040
343390102
390485670
67784561
3011411955
40982925
32425467
15730079
31022916
2999506385
2479002668
2517808421
2755429653
18120198
237101966
19619325
615916768
923507484
1547240174
2938928403
2936204803
2885697577
23136101
490616217
2892889270
32815097
417428685
539006653
2873211693
2894435004
1166089183
229298065
2415375014
2821655541
17525535
66577144
2183577908
2542609434
