720368503618822144
1305748099
1929787015
21588316
170495749
264461851
61112865
789776010
3024251430
701989792871948288
3047883674
501110855
52112334
701457190507270144
4867282391
1027783844
1979035982
45738953
404581058
160508144
2293357280
38077995
3299532569
3324963126
21519516
2961714247
3373016361
3250369184
3353255849
2286737301
19405853
3048691783
348644487
16037008
1213189598
2545507942
2686519406
2951670561
512189118
2898006325
1244429797
2847588223
937382449
108112237
1525390188
25137504
81498395
2476170606
39242497
2525945996
2480812932
2459117862
177808239
636570428
2273774159
1143353910
407848973
179215704
2177221070
723163760
303338437
584173764
56546392
57947184
