4440678868
2659696782
713774697851330562
712268173169573888
402975044
2805691798
4825289787
2798631769
4474953437
4297614862
1380904423
703888267
1350524036
3718548016
3600513677
3597966495
418311819
145114014
3192732577
3086488197
969021558
511011997
147669035
171531606
2956219935
2932120258
43652941
184593129
26780020
181335976
2797913044
1201857068
599355988
2761267833
2421355338
172083672
916979960
2740034483
2739505840
2732480361
2727385107
91620897
142271741
2659703005
2467233771
563392960
825823326
632507061
443890394
807233006
418746469
1447530349
628619137
1655459954
2366288659
2353654942
2257315773
2217873265
248914486
442687251
1360570790
88650890
1931643691
868812835
54100908
1654907701
633385405
1426252106
185334717
370377298
875548968
908479908
296517019
1219983336
1194741818
323218115
628826100
857067667
619112818
226232863
153391612
433900897
464878426
1377371898
254991990
144986688
298005707
861292976
249283862
146481936
566673192
109005245
246773286
70065717
828193231
249906047
199391695
628694268
60686657
349090400
601401374
608434183
203235497
589943231
184871069
218045417
160969229
343660631
544718921
339022655
78060575
176508585
198993628
459637889
302088271
158171726
366303297
326842822
70121828
341288310
