163242091
977221903
43282499
1893193824
20943823
724396949491818498
1965191148
143135452
1315800854
17875285
2975628774
716941702519472131
718075884679331840
1079662070
11238462
702291851630530562
446506935
717013023102205952
705557631130341376
722431216927010816
195441023
2601580629
164034936
705035249726525440
2726377452
119113941
528055712
718773032408494080
129637412
1290562154
3478469953
4307958497
15984779
582384262
1652158255
713392178135965696
19118715
467481569
2195703358
3887770873
3141458937
2542649226
3000300935
709779970525171713
73986605
4106145328
772236733
1883983987
2799602636
1040471053
704314901808828416
2478279156
455158561
2419599242
704316319320018944
27097700
18149649
875217217
893374364
2846039306
944440838
4894950655
17931481
4698972506
703363967561781248
15198499
231975535
2898006424
17805990
3255530678
2232466838
448136904
232413674
2292056072
79540314
24175323
3037135779
2305325960
1971923930
4796947048
40518885
367678541
2279148648
1436092699
4559564473
389164836
125989305
4820683625
4829841768
847881204
224266909
4509131895
4218395772
4836973307
4690675796
158424521
4838874225
112946682
2417646024
3308549875
49981122
2575667401
4772207053
2308861194
39944442
3298593481
17849861
1002854172
246238516
3138423275
1621220348
4723754535
4640119237
2487616830
3227629872
993812252
965808132
2907607831
49808787
3483686354
259689332
4668612138
3316463741
579662258
22282942
132695567
3390408148
461363118
3145495486
93587574
1927351226
4331639956
1574164760
80527745
2561982456
854074982
17916039
865128534
2844659651
4383269712
4454560872
1244249112
26941527
4305549519
2964910858
4173859275
1496787079
99188590
2444272312
199284922
4202370269
4228805198
3082741560
14753368
2360562750
96754630
4150274081
242836200
26389034
309267783
1475991793
32712790
620363097
3680712917
1651332630
254246030
3959481794
16686459
1648799059
552268503
544599546
3333645994
1665429793
3151989504
3621755719
3832739712
782765588
3068827316
3249140718
3221884908
40524982
1570093974
842707843
2305540434
22846273
359324793
3784310481
21526289
760040246
213778566
275713879
2751401177
2823161688
3299830045
1299711926
3617750773
17565293
3358067549
3451648997
607649048
518346485
741892363
2514201240
266876535
861634514
611817117
3322874097
3333391900
3294362383
968420252
45799305
847230961
3410667634
108003083
20700667
86306774
2773305342
2716186975
61555940
2561521470
2331754273
379581545
85125291
1362663577
3124914389
3330719592
135095999
1441547911
901772822
3311127168
207302039
1390919077
861749396
329052164
1255652256
3138325538
3198514046
3290040853
2337451728
546599864
2546374825
146430587
215726722
219690033
3343199631
287654492
3225407440
3334962250
3245483334
607435419
2177296167
1342223665
301031873
3326270003
102613950
3349446075
307974967
3347669458
3254305680
269321885
3225004828
3237620556
749773404
271125440
3220326936
3136216382
2187330631
541581868
259967234
3065764965
234653027
2963193042
3296628983
565814138
33171703
2273482825
3203424078
76731604
49438974
1198495381
2888489800
1107517640
3219387436
3236630260
3240973893
2367325614
61782056
763246788
1341162650
43427899
2149433965
34357465
95442208
456775925
550070055
3097264143
1657043154
2972745549
433702606
2984493631
3156379264
3077023496
2911422027
2212152260
2373429254
2687527520
492248259
2885414343
19410313
1969271574
234551337
3128266636
2335780350
1127074850
3118403553
2501282796
487214570
307219650
89217491
3064279109
21966030
49293518
2290244497
3091735664
358572177
3087876230
3042276895
40428628
559540476
222430428
2936002380
2854672283
1078020613
842287260
76469178
86657818
121828830
624252755
46654254
126458682
108405813
2886584755
51580658
105578945
2257765658
865865917
2992620115
3040367151
2871246711
269317383
184829820
573922199
2808869091
1098515726
158112645
201468930
148471064
831077762
416856305
596533825
369098181
166585955
58923873
30726471
2588309673
2666901193
3021292462
58766620
250636582
3007345883
3005330824
244192564
2968857082
1452267535
2976483581
2923794111
2990162297
807769471
21573217
568720375
573950748
44618547
551204319
538276433
2688142795
82291232
2533294008
2971440909
1635609391
935159041
477144478
86126124
2903216793
2461871299
632844209
447196068
2901025548
15418856
106459540
226047374
113660285
950315527
2935534593
83571906
1728935096
2760747461
36760316
2439398714
1694572735
2400104552
2926907346
2900116917
48043862
2790379077
571697166
1548077060
198901547
2868614494
832382653
2385609342
586290084
2610059983
746229540
2863712887
2891415749
799502112
2438743609
47688327
1327629254
167570444
1927545642
606432618
531390162
561693309
2896021220
2869270420
222223540
1959401982
174618157
331860840
793933110
2734844459
2883129116
14465823
2395569072
214817215
2235527678
1478959441
28931043
2800522898
2789804856
144315805
463134263
2832006923
551265406
534239596
2782120045
1339959552
2856517717
14297098
634795402
1733161998
2475803712
2749874024
404827159
2429428576
2829282445
2249182070
96440944
77589618
135076647
2751165195
138660814
2825239424
2733664947
1638832549
92506482
2773733201
36779353
2813425788
2500419590
2771740390
115055458
76030893
2666584151
21227390
2610827635
33900114
319384614
2305281835
35338189
28425070
577682797
2794818288
399546963
2376507941
1360010198
60178365
208119667
180952143
357192346
1444227150
31375866
876589850
2471656890
41221904
2474618808
255076274
22132384
2616058718
2349160975
2721393998
2615287807
1386705990
51118740
534309765
2729987361
882522966
2551281380
2616167246
29015885
2361119306
260559727
1321245378
2474400771
284379689
1435608684
902374057
130504757
2611220072
621093522
473526259
480511557
386774864
1231305674
1379954496
1301854998
506115060
2467811431
2602399399
2351203950
2589178189
17155503
202723828
126059354
2486542779
2362966320
171506437
2332095846
552225033
1375378896
28566669
393862980
1598703067
112895026
2426563849
407002867
2545531188
230543986
94178362
1042493072
108700265
562357656
2314950570
23190932
67969362
2492627149
428026495
2318534374
15400000
301083222
281248864
1723426784
823795758
1949831724
618358494
321278412
1965040148
24269741
1589542490
183398904
380151408
194467949
53476233
593903598
2465445054
46979725
58603429
111778805
2458555981
961672381
2448000175
2447808164
2447567149
2447570322
57875558
2492194948
2472143332
2447570850
2446451258
2447801378
2447518536
2449355228
2447569579
2448267636
2447691390
17206682
1955354527
70942477
458669379
1668121652
387806203
733161836
39837478
933288038
307892630
2209242625
121487868
2433527626
2383313918
85751606
1720123314
287807243
330015694
25750846
1574567930
177965133
2402080182
40506050
219406081
298466352
2370418638
35046417
25253761
246559875
2340353743
2154252409
1546621622
149687112
718625752
313609660
257924575
33948455
2291338633
709572246
1016696390
621452414
591450877
237384120
1247284447
2267262324
2337859904
501479773
38080923
612817778
1184223416
1325324060
21114680
40026515
130147556
2297176531
336108036
22096450
22333331
1482265556
315340941
456544262
1962645223
2306328503
2275959414
1574475186
101675485
730169636
308032389
380808233
595181297
1506318138
495974443
252728505
953595768
2215994392
306351569
361623661
1581151338
30785802
2234671802
2208354756
91507211
1658617562
312285559
2202407550
30477709
146173926
238906642
712443033
18181465
25559413
1873284595
38496572
1612494259
15008138
1525180110
271081387
562463275
1626494833
1434315109
2199967682
1964973002
28176763
2151875941
2186305304
697513
327446403
970955790
57176401
1450047373
1009067504
42410278
14263474
60897950
76466511
64965302
1911606955
45845899
1058515255
371933555
76129905
1550944200
16139225
205218999
1482830370
1090588910
887379319
34643640
24679724
1202364594
57123949
1286577342
109556698
514266231
1546726056
1712714869
1685969485
1332142226
1064787758
269886819
1648783135
238321786
38116860
1352642726
901672386
283999918
84157817
546809395
40697717
232937792
1289867131
84350207
602606824
17904034
1068056131
92117005
275556783
17888744
1541125507
147617491
1477063886
339328279
1315753549
381515181
237369575
105498890
17995064
1449271646
1508481144
14167842
1514744930
1318588880
1102350541
1535309634
1530102763
1485691681
1377843403
216290101
31923718
137938637
1132415492
568414475
1511579053
1511275532
1490756238
242033900
1484108262
371274647
942449400
191093188
707156874
360013754
534606511
535939518
125395048
893053752
471874308
787779362
1415656009
124858840
1374815306
26776649
1294024650
435620375
1352312270
29540152
15596316
1161333163
134454982
23462700
1329786044
494455318
403505990
187667887
390353529
1329853795
1190646722
31179614
480429973
1005309942
1167458144
126851499
1143171056
217200435
611833373
13995002
503029162
1004827513
46371924
500301245
15881136
223315197
37908789
36537273
1200898184
1115784283
541286767
1167021102
1183440996
805149000
15587207
38699242
126709822
216144343
38531213
35796889
131870554
832702286
556376732
1000213742
86840870
1081922756
584137167
114325836
1119229050
1041713414
112567375
81648545
37707961
409121144
312069510
1095747264
45966355
801467444
1062425936
574500535
47512111
565672114
211410859
625024171
515150905
269547431
624731539
104259430
449181090
136573609
74924875
798686826
294849140
361149850
50742616
989924802
272597686
16549272
159207133
167363211
304823614
742776836
389111071
42739071
19444771
153064519
450984214
17798216
966507954
19118955
246482613
148562765
123735637
456565968
432623593
14608246
445781731
35291280
262195617
20769988
359480752
606747984
29446528
167622806
20983347
373099515
17057299
845114468
728566442
581144761
21920569
637220024
790624064
242936168
521149616
326450140
779133528
443838507
767864803
492575100
430772873
633817824
442931363
27875501
724544444
372534263
466824760
39908880
450092992
119744572
267348952
194946118
338294791
233980589
322024752
289737147
15695579
49825601
25272930
21462369
32691608
490320316
48212295
273138558
21910042
582858432
451181957
420603705
121889931
425377171
65061706
335795276
513410709
317481559
99943864
26312845
330624185
550640237
104620505
478800067
63576712
383027173
564078875
564633271
552065746
495889380
28156390
287993517
174796619
471441140
409265136
36585087
96953729
397799262
317658949
390682663
519943650
21547184
474288037
515048428
25535627
115593343
162194427
316424903
322607367
64008841
54644026
14880207
75290151
534965454
114238986
25147928
391660604
536598365
16646243
267217476
458097741
91941015
91660064
496531052
503273602
203957045
258926868
489718299
487155179
297861585
312837054
431716672
203566140
456769656
251897595
26716267
485942821
486927143
49447455
417777651
391173050
391197244
407035425
18720785
19030409
94793663
120921094
18062321
323151000
269400185
19666640
467150315
27503607
102228590
6829792
289390055
389191876
405091059
260932893
350570775
385023958
34102072
51025901
15032604
257504914
386060473
376909947
19856771
14726688
284714189
384434850
448884273
129869361
53425262
448092566
84082004
98626008
219602344
33558825
187378947
323469608
46517769
415110261
18836973
435416207
133011518
417339423
48573680
17666789
24528878
83635877
122067080
25344447
412134536
376374623
380978672
237757377
236974332
410270792
407890618
382884542
398387413
63095213
28486708
416495683
14717610
46091367
245244006
244834977
236573486
42520576
361473638
17408788
58892667
25714099
15690497
15504256
403818531
317778530
194539080
222605093
36715114
46748633
14314467
23093367
245439953
400510383
19148082
318651670
242760568
253527051
46099695
399510305
392964050
392642925
105638962
132792679
184164887
71558253
246181381
159550978
183880805
317415571
47160850
318338998
160598385
114342224
19442219
366478443
249931523
5904232
342659139
140012624
370167846
50765082
284341071
382822518
28373583
43565783
227453000
348486931
337507291
329152184
338826632
34870253
340037240
38947869
374464517
28804129
20552783
239377612
154563407
367978315
201340469
208815634
352058208
116668210
323369660
263430730
24081672
54333431
354521346
179611734
57232451
43345252
28334628
303282800
100554465
167262097
321818413
307989762
242839151
50459077
28210511
297040316
144268746
323803069
311800397
167351211
239451538
289065306
191942251
218196888
62823516
254953662
324597775
16812678
28672172
105246650
324949900
25747081
65051748
40728125
113238583
325913817
256199759
48656931
27763572
28728711
198384917
16858620
246901445
34569818
143670981
250589951
313533555
110005077
149297533
309706673
23166140
284629268
307573671
156794404
14821347
143138028
95371025
208508624
297260391
26482749
269517048
214406546
149809393
135296895
297306856
193035945
286422805
127380169
65953901
73133166
73133283
167129539
17588052
268652444
282592858
48660743
73133582
73132738
209284080
47123927
26216969
288194916
101804469
17103414
97152627
235990134
267264735
15201174
39546547
282668367
124282076
14910806
72956580
274400071
38156431
246987808
178871823
262479511
242011722
197125502
165956213
78158452
45706342
243514008
246539814
167495547
189463341
54347734
101171750
44685462
128745297
67338236
131169654
82543007
17867982
248841153
218443543
15202017
14336645
15303097
97332210
205345138
234382864
152503104
270880279
170045355
49224286
20990078
236909509
223693516
212827556
245289134
250456182
80902044
170842479
110231066
267324679
29387424
178008471
60179235
138663320
80769387
239839562
11188622
99869642
44185863
157942298
95383530
17988263
17894146
34301349
146880916
39387510
61608065
216545865
71303900
25262199
145196428
15958265
254601716
110017972
19629341
93876749
43237308
18248698
22108647
48001737
16042788
187045054
129801455
178838105
165738659
253939610
39483931
85578386
252502907
120377583
19366307
16057554
254000697
23661767
205977494
61413756
119589549
142201594
131643746
14475899
233694516
74544181
8394422
18363349
29239622
252261471
146914743
220530686
233614967
229694344
189914591
198529080
131607087
250749662
17070787
103137600
223020205
216205206
130008813
238804872
17008328
23201657
22194637
247218058
209087417
27705367
194889249
244766201
64868193
215204281
46476526
222320271
76362902
41445829
182464464
160607734
214226162
26214162
147347064
235194785
109832408
8001252
21507883
18092970
114082048
51058509
163528238
55628431
182477041
234883105
16248319
236441684
203808481
242852954
87724904
23135992
17226172
19478383
40913922
75239505
202922808
225933586
185852817
238259461
45012049
234852582
17838661
163545730
57928919
17393627
19216918
75567037
236917838
108318602
17930608
60222187
206745290
75413081
18488014
19852199
234113425
17362299
66999435
81835863
137211331
51192612
220492110
173277574
108488269
158391736
186941524
22974016
72921950
77215040
228367534
25055205
43221627
14865439
214240376
27277991
228830871
19795149
50956998
226285866
159588735
194670028
133826350
205290139
145301067
24027953
28302705
18953266
159806510
211325183
101374191
223824283
15785068
149057611
192789416
97109713
144292064
141270375
112767672
47010826
122692026
151315973
58931737
224702448
122247368
187182022
17855061
82914732
217365727
35951271
33331321
219337066
167065200
117590354
17833400
132599946
46816086
103407635
220232213
185975619
22863306
40513225
203199471
195900371
141300390
134202266
144311077
122330348
26617664
19031927
220227119
52358292
18242032
27689207
43633016
18876735
38034200
65501848
223309017
70393730
135376100
20406226
62325634
62758291
16912085
90444465
217360208
16886925
14112296
20739503
39836499
222264243
144146366
109237155
216413517
24701503
24366461
221835136
43679518
40159637
41715854
16308159
222048835
15947185
90948918
24447437
186537247
17759943
62853257
116864496
74591948
215693815
19424009
17272255
172825753
73021111
29172984
221035150
39885951
22168877
19618046
27845072
101837409
212472003
125878073
121163505
217710319
164211166
11644922
16597806
216182942
15302201
207956549
18128070
18185124
198173569
159110996
14164297
14395257
190357165
42433134
743763
187850605
25262272
21751976
15724961
104775838
218494749
46381467
16132066
215196511
16886721
127038403
25737016
182099388
20786255
193405797
18022844
20948569
16304899
17295837
27934762
217780626
18521430
20292535
214299951
74167648
43845810
22377375
178057482
29653024
39427853
76905839
135422732
19505248
24425305
32668921
211673248
16703058
20485008
40719591
15535612
140075574
32592771
187397871
120189118
201375988
38199364
113658387
151073886
14593685
118435958
19102155
13167742
24597804
149895669
30080837
83488180
18041172
34672679
15280385
188324143
95797527
17879173
196272103
131898383
137836561
16299312
153040569
24245687
96379424
24030601
46019920
23264968
192248727
111638278
142354716
80236737
197544648
17031782
163336224
90709835
86221505
106143097
172842227
190318997
32950490
26874644
182049363
14984629
172483167
33676643
31557191
43335098
17592581
23519496
17898249
196823652
15302432
177686102
146163960
177685927
193578867
9379192
29225936
86386651
126098028
23343968
193674567
86062573
55150989
188306892
64944129
10607582
49476498
89385242
83907758
70495854
181699511
188586141
30848348
22683013
35743519
45687114
28841668
183993828
103058856
148405827
185617913
22321253
15067176
158611721
187321665
69186178
62336688
11041822
24844992
166272660
177383256
19599314
15590597
163982998
28416062
109013452
40328714
156166855
33530537
183824988
55885084
83919094
20187022
63039818
25328964
112493319
105410172
29620256
41108428
183992373
15576494
125435394
55882303
44403079
39913870
18548136
88349269
34714954
150941074
22664506
177298586
41829360
79398270
21040094
165987256
18336012
119178303
169241712
123858478
171596400
103034344
77825599
157820303
14771319
67431378
46309079
29805252
45314681
155806253
148371185
153112539
76036773
121890541
104778635
17276573
14200960
19201163
92558589
162793727
16926953
66168511
65642972
125421647
27435091
19489341
74894382
146631541
146071706
91004175
134063909
68442020
98404742
73140044
43636796
109395308
83928323
122578651
129329202
20570337
16896067
41712127
116808076
117147610
90999414
117142667
108825386
16154642
98970048
92996731
17163540
64283561
17004616
83894372
23694067
85595612
75661158
73802298
46714473
14392252
17431290
15663975
