4790356136
3411516553
2187524635
1313269879
2429846036
541261359
204171401
3130073651
121184959
700859697939656706
723380666805542912
875559054
722191011238297600
4218221832
4800558648
3253294579
2398095708
3298091964
2213396456
259339551
4216357241
26391721
2577611850
2462604312
83321942
719395259147427841
181107372
12101862
4832596633
94650447
279606409
27749419
1105092578
149410682
4861135554
2220740259
17863587
4506551234
4925832707
112785481
2794731148
710225392515346432
252808818
714449077660815360
3298012983
260654043
65070725
714317922219327489
23295013
2260150651
712149078470225920
799210399
894543403
712417877165543429
22601929
1650611540
4506705732
4665075439
25280925
3353385281
165696075
19514201
456401484
29838500
21211888
4704218148
260787822
709483605106384898
98573333
2519140574
849709538
4887083588
1051161757
1957307899
613389888
33052206
636573506
2901039660
4907796278
202714375
98961737
197583240
14467331
488124643
2353483351
742362506
4888633817
336026078
3837598035
96057469
27813435
19947338
17456130
4921477656
119179565
4375171512
200765043
2266150769
15401494
2366402181
2496498445
2295155880
2910971
4887222339
4872159697
1708179104
22836586
4870656336
62186253
188228035
4860598132
376933604
4826338010
19217011
4855525149
4817943942
371490536
2153603990
4848395919
401790812
2217570163
395735507
289410477
18487668
21695908
4770514154
22066530
14532355
4767050858
47335820
34537868
22680278
4151869091
12057032
4740898039
4061088253
4738598376
334090045
3466058055
4724777425
4432830314
3309210865
2269332553
3005447978
136755100
23774237
3590949913
4701890120
545235190
18695035
1527101042
44913395
3312310259
24106626
1024338679
134843865
15978244
2705084226
3417364359
1053630288
533761996
112837926
133831905
3132089990
4458773174
3511580540
3318154700
24007073
54455911
2307204553
314370825
1390772113
874838299
4184094556
74218502
3254820492
4287034636
19957088
3177084522
250232872
785073
2910614480
2655580988
2899966590
14838425
52657239
399685372
2694633251
22411342
4172933293
19327722
3030560920
3323515904
3666855387
46740457
1000548212
27222853
26787417
18076255
3160173523
3233170308
4043152110
616621701
4102393131
4104331154
2597349092
298896800
375365936
28279876
3153694802
3995800213
2777568650
1576289762
12454472
4021304299
278310556
159207564
2346739765
2657686950
3090116323
938183780
2195659904
3404463201
298112275
223686793
3319045081
27776858
32706491
308194276
15892789
18590705
572212125
3229144670
3805094052
538547125
53210455
1352802260
203766782
284883131
2856133766
409416027
2436493344
1883976468
234192566
14798210
308043084
3492213262
2835571424
588061233
2557834921
3300708768
35410326
459557733
2603304353
46017195
279494905
3523971673
3409056253
1099482618
364355433
3551217375
3394831872
44583506
86000993
20394392
2447682536
135766086
40914818
240805691
587231633
2896195370
3215225885
3332016372
3421133553
350181334
1061869028
16667912
47511276
109812855
3322309640
422182687
373580255
3320592235
51674021
2345653232
1933042237
702268440
619739299
199564447
1909540352
33014441
2213056854
3270675235
2927183334
175409001
1906313365
255715352
2997766520
40931468
19149166
324640886
45497231
236035315
145131646
2586842689
3285203605
1370452302
2882179037
962083675
81680850
3192390198
3265566031
95262554
25806962
2928791404
15928168
46099781
101819351
2242081482
2585325206
281194257
15833326
3254786749
29915928
3260460799
172486839
26336225
25774578
2659836403
206944793
750166520
573917423
63600181
3184989042
51556055
46024460
231636400
2908924044
3230476914
3259574899
287333780
44195724
18151161
65740240
20093080
145886822
14769191
3243664940
2922095048
3013950348
2825186511
2176869152
1030220792
3240327876
3222786211
221856313
3197681623
3302912079
17602724
271069464
17995400
384996631
102475469
554007074
411258783
2802178075
874218313
2804888737
311579050
27693055
403862587
432073829
943287703
3188041567
135351105
356620946
3194636304
266495189
2855854512
2217858205
3220796488
2379389654
479852375
26956175
3226718914
261849157
774700064
302124000
1566582709
3101809390
2287321754
74452613
2950658001
566643950
719436738
3145723265
3158308178
41323372
2586226892
393221152
3177638180
2802844995
34282709
40699138
3165991051
24769717
301125660
3096813817
3160775064
2548877918
3133777086
194425116
2933180749
526897329
2869590539
202907610
3031418992
3149272370
3146560101
434249563
3070483424
123971152
94018773
552314309
2806127482
3138178711
427000111
111812338
17506386
21125901
1643303280
957938731
2880636498
80329160
35809883
22035557
17985557
44509807
429171816
1689673039
2282524976
43996265
1153034726
2414214098
19928033
21735698
3087936811
7904742
3009755053
850124516
64637158
3074250304
93557607
66857272
3058636436
23922364
93328041
111674155
286776699
3052053938
385828368
15294551
1374992976
589441647
125760837
619348622
176632990
1466980836
92662167
879535778
1279366410
398851978
14485685
354760031
47173496
1567522345
2956580702
2445054727
550723837
489873318
222500859
1677783289
496035931
3034162118
299339859
1162459454
61371475
2820279766
2798439072
2436611628
14766930
3021477211
2992801132
2827503775
28033213
1037909916
2212048670
21251057
317482473
2206633543
160353443
2969644305
433482970
2986217672
3002467527
331121796
2999609676
444120026
2988277402
1021534128
16368471
2308832024
243064224
26454684
210630023
2923192568
314409150
66577524
19897594
2971730849
769661803
2875169828
2179081770
395094203
2730140321
2837300215
40655642
23916402
1434778196
2959997949
327659945
2352157008
27712354
45439810
2219056635
29396590
335121542
7941112
2944497102
790632973
338678342
83925833
63910490
736988887
23276801
1667066828
19475355
452484684
293316214
2934842343
282224284
403123906
22886478
151350976
64652341
2497557818
28048416
2542218103
310957045
167115591
1375935373
91969015
56583275
1523573486
100403677
2906248608
16053405
25032266
1950352128
79911700
2802676639
2735502073
2905658864
27515706
2586648804
2868605202
143079476
17654485
41963890
120603954
20825732
16529049
95256447
2894230194
275109539
2163196658
2849431074
22239212
22946769
17634321
232310339
466981860
1027471200
148693349
15523392
2441574433
178518192
2583071568
2853784460
212807449
408802705
19128199
197132725
2821355225
87885783
2713548577
34472756
1172692147
309178975
1612021
2795686781
35111142
2835676063
2834459473
1609717638
37873992
2393293820
187407805
16610487
834432864
37528675
2817681673
2747080912
14986462
42958727
2519028127
2805301122
16991302
98022942
2749716058
2760416879
382729466
2767586311
502166162
1440779348
2771027198
23945315
27991819
198049242
2752468842
2747560326
722877668
260446726
2736563929
2249447934
896126702
24843060
2610466052
6703062
42994822
173263139
1012172598
794831934
1366323109
423620709
2698732237
2434110775
382927649
2678928463
41752747
14320551
24745472
382414990
809626298
245892235
630321178
430420497
43397116
1944940686
2691302638
2433534989
22275556
2564282280
1406079464
7360002
557019025
2551123172
2586407162
247872070
21878763
306356872
74544801
781050750
112221761
755611939
900327422
37997708
248073300
121430487
85777246
2562864390
2439010140
995590147
2440829678
721165578
2542111944
2484242270
1541620177
2517088123
365659045
2534278315
26072995
19663214
1123161541
1541419962
15115815
2241309187
17102362
25238865
921614845
2518511642
2499371078
2500172677
484347310
96415480
15434016
2468690786
1347806700
31575194
1561410787
18882877
468031381
55080152
47127147
55082839
358475983
1608736675
260938579
1352111774
65228707
2335699712
400432494
2355824304
2360728494
1673780250
551602999
48524249
2432648906
2433517879
878153954
845431590
2163299438
2422582255
18259563
1162313490
183014479
35415407
320926679
2387669179
2377778564
1469049500
20255952
290062601
148552239
930837632
83686286
22885088
1885526479
2238377488
22655209
408566147
2245000782
438021870
250821451
516793781
2300245382
2301396355
2301014634
2312651185
2303749489
2240702845
2297570804
2314227150
2229441584
2289364248
2302235954
2274892326
2242966754
2283024974
2297755093
2240443740
2302389714
2286484669
2243647771
2305426177
2297750490
2240526746
2177503939
2308900213
2300466504
1290097296
2227632559
2280207931
384200565
312546347
362536632
1142727811
1556360892
22877898
591637869
24935240
915753020
507243910
8366212
2228838608
316918455
26037783
928946677
194404156
1627024165
71092292
443156552
47819162
42570462
22451551
22552461
2190335126
544399049
17283032
317292818
860480659
151641852
1717291320
17643283
220858407
274448752
11142822
27245232
176582882
1554021194
98072369
16605094
1445459616
15854326
1870354969
33735270
1591289358
180408324
17993926
477368115
1366206060
1463623152
22054783
574264945
135419411
127109886
230330434
20570903
118188226
1553584975
1636976994
1636385300
1632041263
59360151
158903366
24536606
1123488146
1276388197
1573689972
1563749155
196377497
1043717820
426242805
1043583414
16015051
1348639118
14503044
17520738
52993563
32219526
188779258
20501515
316178396
81033406
229265800
1480373114
799048507
1475440148
311736586
1461429901
590293336
127649358
150698172
247355925
246687395
235350067
33439885
1000614278
599933838
745611770
115238614
89639311
53181797
18779955
231910443
87982906
629617989
585231817
407531069
11728302
379442960
244802624
133905584
856802964
590348824
186164718
147411352
193455056
1136264540
28470157
229962518
468973437
1357790354
1355997158
50307266
55821600
544877462
31305880
226300064
267882340
1329834374
188971646
148412159
167947361
1255013910
22739438
1010208259
169662813
221906161
116908657
592848383
9950772
1212521552
67400040
1083983774
1201454370
525453104
125790654
30175337
1164215178
609372402
110250585
29024376
274070844
1116821689
36596265
53276426
19818106
512824150
414416922
1086686678
20109267
479331399
112636571
1031547582
595987902
1003057081
599607799
621517998
996073086
22200026
175116557
12429202
194141776
339745157
883321963
25102383
29510760
457094394
609601882
975755288
160839795
184635566
327855530
17750192
117956098
904448515
113585413
21490801
28020720
885628021
883035714
16638191
25337499
347075419
23365692
61138337
62933542
757237495
15834874
299609104
339503973
735909913
775157688
96663890
30932550
196745750
28184770
736541232
45612546
15950870
53204762
211980557
18224612
19724858
561212806
246481323
629197247
22701015
384706420
621467796
23914965
620509252
555157603
278236778
389106818
378900861
47488359
308919079
392227870
263601097
447835794
602245583
130834875
334528831
283670894
90275322
320994324
348406245
290147071
17396475
321071142
355210434
275401300
276687609
24660831
62894873
24961989
548918178
544713796
81540256
59715410
36880149
475379142
365554010
24920892
444955000
520641865
223596351
21161356
403104163
478110539
485256448
459963974
41670472
193525549
27078506
143608932
388538914
244754420
280256199
327146450
110074294
399904242
24135944
430216942
425190702
282723603
419371928
35689205
141746085
116530892
118185900
379492181
19606228
196248424
259453532
398942120
325711336
97626792
257186608
32663907
40260586
16246088
168752431
337870272
17158189
15251944
343219972
260157900
95361194
247574575
237412474
60390983
256596928
353410824
91958895
192839531
18687660
346551396
282875646
170478254
322022106
172256784
129845242
83185555
326016439
120142340
299790033
86681344
245623113
254130038
26299008
271606200
257966077
273631798
244821642
298702825
16059563
295415836
17822968
289199739
279102751
255805872
184613117
281341993
28290773
270917636
130682467
96662959
184193620
84351048
155691033
18479579
261573732
204943116
37098261
86241380
19774684
257811418
23729582
85241659
258943359
58569413
250748050
122060898
247544620
223992689
78807649
253342828
129900508
247343616
238230642
248765952
240597949
36316298
149060118
241617116
233441577
16408364
18480922
139986343
16042984
165347545
235412103
27361175
48558726
134867394
130684475
104097088
222243850
191369874
173213898
217483755
117715189
66714534
216274593
16524440
128472974
175006825
71025071
154182855
154181615
154049574
154183477
154185776
159595676
179212539
22256645
54302302
193766413
27603945
30556961
15808765
163184834
102496267
35679204
48212307
51373619
157917786
67551868
121919582
32332288
14842577
16360639
56923148
112953082
43962874
21823654
41247222
19520298
54801267
79918862
23624197
129901577
