4429227014
46094290
153116157
277120302
2218362828
3948572493
702238962937683968
1039438225
3329669380
705559028408172544
705542887635873792
3293074573
4917248771
715418501721116672
4872162052
4917865084
991131145
711032614681862144
721606041650274305
722474216667422725
2159998656
598594969
3077892213
25968283
4055270717
2319362190
2157387439
2782211491
4867540036
880869684
479843779
2180946674
3185631260
4837315805
471302049
715005929624846337
3006826902
1961234527
241015142
2999028841
311309381
3071086114
342063710
65586325
3065531261
330791427
23358340
2663472096
213581915
1021304966
2651131370
2764597928
1167632682
2731022304
721585526017359872
78508514
1269634826
14873369
786951920
568437023
15624210
3237532708
719510468117864448
876098737
1738524913
116151918
721311791796658176
4573828213
4113633495
355791438
2232930180
2430537896
720810227415834625
313781964
30578484
2981998643
3331526734
984987313
1488511759
347629053
2905826165
2708418745
31246325
3627003803
3408285299
2857509888
381870150
3469393287
2875835808
3021787897
121348227
387272226
201088572
2161109004
2348348227
2810156966
2533159068
2731038732
2654829030
418194224
301821273
1724215740
978703206
2517101540
63211389
161776582
93543868
2437646376
289767043
447558766
594783289
188916125
14897058
189386811
2275353542
22118946
885190436
533826276
34453860
255583239
327760766
1562687006
2296661142
2239126963
17768026
15657047
2198654876
128295014
95260808
153470837
1479602203
1374990426
1389722420
1024968390
81033406
71797193
959698915
827986496
1049612642
15905369
188735992
16702140
506433967
15180934
175967016
621253152
20707274
697973
17027454
211200283
16296069
532624893
58024264
517921526
14520297
312198115
301258999
442159956
402254035
409622250
430557433
356900197
366333249
111522096
17137987
17394244
335582812
21547488
267424783
304777064
274201037
95269219
125952729
15555092
80882582
89775756
112802282
65995675
95304983
81471885
19846589
44197443
25210712
30361860
20776982
29347567
26947525
15014741
19841902
17494478
17207222
