782896584
1250549730
1046415714
715375020956987393
176577069
717109128590655489
996468696
717868530402766848
4517320272
2939627517
709758958592983041
385032887
813678294
701389336760061952
391831968
572958651
380895432
1614053977
4880655753
1544878374
176674149
160584322
272019888
4839369365
3325865453
2831626412
714902846
3220498517
187698336
4716778533
1901117041
4731140114
969556591
850052119
20012866
2766404361
2950225791
2528846665
1122945259
589471346
205343223
201467322
2173465685
1909615602
4093166908
19084016
4278253589
834393476
2317656625
38552767
557199583
49050047
3642422777
510717779
1183063309
625232132
4184094556
620446291
3266906581
564968123
1373809668
4292566696
3291800846
4285905827
972650257
375946265
2644450532
4200203175
2884329337
1329859520
3330991366
3366006973
120181792
754352821
37352707
275247483
3431606207
341027424
745719900
772476600
322820710
704499343
3152058470
895491674
1942799742
3071099350
4172324711
4195249514
710172331
2419497043
4165726217
4135252274
3038469415
3687573267
120637858
2262033882
2394458389
3140932587
711143753
1079751836
365158055
344364883
194814104
3829096874
996185089
3239651624
2768542457
930387068
2922499382
4055613777
1593933020
416718722
19278548
2914014401
826224036
216908112
3772176869
3077686955
413584118
51544062
216748542
183640453
1869775495
3996283115
335329730
117512145
3788305581
3511579399
356605896
1004950694
2258451115
34716038
3038204229
2552307242
3345487839
3102696073
2909438406
2651679165
3009674455
2492862278
332523549
3027189201
834287059
2847065471
2239251646
1335667974
2988833538
2931963433
2864027915
2620034201
2544439423
2903789573
310270819
886999681
2191238090
2812608731
2698910124
215631662
2740176658
896463558
587849716
1853965346
2209353029
42766853
531549435
844964155
2608574304
416400023
1275318667
2214354343
444634342
1934499901
326074678
134583192
294744123
1445051282
1045871965
229331614
459891593
716956716
23324674
2193419900
892084338
1139903084
1940905333
174030990
395273302
2164062575
607752727
126016806
414462892
1659476202
1973929129
1435590444
1928395934
48660269
1056492074
767074213
178549307
316208823
1636840652
356010463
1466123486
815560831
338782718
290292340
774449250
1428932042
1428791053
856554686
427503738
1413087126
1125864853
1388621977
1379846744
298915295
1104189433
1281698072
466193951
1226646878
993343285
1271467536
1202529648
991711742
1250711623
1242560071
574536727
1250334680
629440678
938657858
1209563833
872416452
977478690
1129014390
630821637
933131324
920805031
1177322594
770001307
636833730
1043820811
870600733
946427108
241836738
1038173917
1151146148
870132452
1150298611
1128805838
1096510322
1144139568
340139728
1040206753
417605746
747468968
1052981232
464563299
817581145
297346507
501388656
916174926
620555841
392574968
939295831
1090894825
1072758246
951152078
116321095
970487012
1026476263
74499522
1018934208
556794235
990216938
940630028
970648566
959158081
948852164
903308935
915481088
217317106
54958827
25573527
514791820
554681074
464825504
546418322
246070250
202417844
233368885
615572683
187018307
138236643
455931026
556468055
234095624
579454020
149697523
568864734
567973023
411759792
53949044
347011722
546167213
28837480
434259395
426906419
403151221
409500286
412583745
418385238
245189844
65229642
111452052
514293214
426902862
463894497
88816441
16674726
429518568
443529452
257214419
287646051
28392217
228450893
177297836
