4684317336
460628943
859833272
3883026792
531714526
718352914243317761
16795628
2550074857
3196443574
3854038335
525595860
1895922452
2957464883
717755268499652608
2713454281
4905643589
477599726
3028159654
4439567534
4905997865
708304454358077440
4439587123
4439474352
4439538320
4439475972
708999658358620160
9864192
4439494212
4439544854
706839769796501504
4439563874
704030636735143936
4439541914
4439538446
4439539994
4439464572
709000851420028929
711601267030646785
714967439147139073
4439463858
4876486955
51612448
199410775
2774630226
2456501040
23248765
240144117
61651346
2459237767
2355756497
104789711
2184320539
23001804
9767622
4647462133
2701987350
485241325
4574885300
347579081
4418618892
3467503345
2953652225
751201100
3318192802
544346005
88272114
4139010495
22163983
3876273855
77322825
171714940
49633927
3823152317
233832954
15194242
3242678112
332314182
202865931
40345782
3224875826
203555664
23393212
3308355301
525865920
239516427
314475588
3384013624
3170532358
340046590
1378596505
2848789858
3228501721
2465758022
3186909212
3164504490
1855746026
59827372
3089430833
2978962468
21799699
1087019064
3040203959
336674502
3000146414
2993548357
16264395
474168310
537836388
2315546328
1408147482
2897697556
264273556
40079073
292670998
2829280928
1963705500
2774749037
87500545
2794855579
2752098873
232767064
20633274
598724340
2733628513
150769800
2720566407
240790984
2579200806
898711153
107711407
2202227414
392848050
200262745
2492550129
1363219952
2279069665
253604758
2233710186
33537967
377665623
2382164770
2384072101
103220212
2364578582
2347561832
2342276095
2306171845
2326944768
818959795
1574370540
2270910200
543669034
472749763
2180847410
2242454414
1896059725
363934348
42744294
2183810995
330672103
78992075
381828165
1067125394
181296181
1665514044
1686437570
24232091
91903283
378187086
566869298
357106721
102549090
330975179
96066150
1450747580
1323475748
1433792688
1424613751
57600512
4908911
534879753
1315711075
493522166
1219026512
138742895
19424054
1167864212
1099450842
414134438
66748301
19635248
1087013864
801289134
1076955223
35472744
557210220
342119889
1022485664
913623841
959618174
579872855
961883570
961871072
972156421
301175614
586191468
316142357
602454924
533810454
494612269
146731256
757742707
703981873
604873497
570440411
16217490
624911236
317102346
615322344
479611462
262798458
15374640
317813580
459360935
578032121
418452057
84359684
105832458
205879411
557935898
213174345
232093264
188034308
48722761
29245121
267423998
342482514
213099400
478806662
409344399
163632185
366232477
486851685
129847127
480410467
16447581
335221292
373509933
278274380
342643794
431698295
431698790
105035984
252222222
445667585
455624176
455995173
67049086
450099385
101876533
443182692
362929692
252678293
413239761
298126263
15702836
221106337
18191422
317600396
385073812
101872179
324126713
362074287
365035836
84182756
282156833
360392536
17566284
267489081
317884669
286360483
337868463
65074555
278250174
317075866
12408942
312427265
20444838
146108037
27164615
282713377
294792195
294280868
159757238
284883520
269472473
15676492
281175644
279167855
51328261
276845361
8696412
273042317
267821255
166211569
229778659
248712801
262168950
89522684
211888066
17567148
256811183
256208708
233879034
233017969
232490490
235456680
232517031
232517384
232479713
231419101
187733812
219493901
170815201
27339073
211616183
206046131
191264962
145768216
197646796
174542163
63902093
16472672
15773009
21719944
181974858
181395652
121118559
162954068
179724874
47824926
34037804
55447005
68670807
167755491
157010353
122406881
160123057
143257095
125348961
15457928
155070389
136001257
144751569
32248550
125671193
141360981
27947099
129421127
127954909
90753702
130735021
133493232
34556109
29866709
130254220
86121213
44910922
75829781
120592900
96584383
111333892
38864675
116023330
82254686
16827606
107876931
24188638
106072062
96056421
64335955
49677564
74931607
15931507
6036242
93537371
36148776
39530649
16846013
87252617
86854624
85164831
85425774
52525867
81608531
81549082
73530642
81432456
66600874
63208971
79790988
52250196
52927081
65544966
32608427
44237860
73756838
73158319
29129131
17512779
71600021
14894127
41381051
70880445
3554671
45944950
18601324
43919215
60374798
41600293
64335182
17307997
60679735
14702533
60134885
56740476
51423676
22195111
22181932
43369978
24726299
27891689
10969192
38519827
19371459
46979125
45499894
31632820
19326328
23795175
39216844
18065572
43159925
42535218
32595930
21972364
6302522
5714712
78573
27908572
15850118
28651422
28622026
25216995
19394112
813286
14335380
21158274
21926340
18514212
19283057
15160966
19348617
18749045
17977776
16892803
11643042
17812303
17354420
17686433
