4387685536
4912715302
61242633
719187199187673088
360523044
2181453624
700460399435468800
603986609
403171779
398919818
391507968
4412260453
720845375062482944
3257412572
1598545286
55348094
504874392
100018632
182095391
2460404730
166782436
2478015324
2869863291
4922298695
176336596
2605209092
34819081
511085575
2282706721
711716206684868608
3402491859
18822612
574535202
711246632164204544
427006149
311795318
279774570
3028964818
3353925088
4559632394
1162149854
69589561
707847874051227648
703997474713763841
4466716993
706695561554956288
21283508
84693360
704883269804789760
4269133787
16001409
703533062190137344
4804617090
704695497647325184
861281180
2992742396
2281308510
187680232
3146081122
710278115
550333429
4925746636
1577694332
2718760489
2538002649
4864669851
390112825
1348149288
4809095962
423841277
790097610
3406347503
20524546
3084738137
235995893
291969580
4342231456
14187091
42666762
2393063119
4779746833
145297400
4747397233
347627434
2538406641
2720003775
38937743
4071895936
2190297455
4429968574
180825074
238884313
55596529
180226397
3938601507
911780719
2327981773
4631208548
3372191713
47762747
3667173137
4444113080
1102452577
45208317
3975367935
4271665519
4211350325
2948316065
4071088492
117320673
1539542226
4202644993
3889108578
4145552361
34614773
3107318120
4107399677
3355452987
4113482354
268291998
990747152
4070258063
4070035583
771364052
4041672621
90584063
48136841
65644824
152251684
122516442
110864648
3903475012
3893140985
3891205703
3115218291
3776860935
17326922
19477569
61380466
1963329637
3655965328
32861518
3192586326
3562929793
3550077792
3584756956
3450141446
2944242488
19102612
3398646439
3359571080
16502275
45958309
2478999408
237475931
3280077210
2859392729
3426147131
3316139004
32969373
2896533894
32689909
1520880367
353890966
887899243
369766030
237961697
564222607
3402108105
3400031561
3285684336
2250484914
632235105
193535726
122075504
3022766354
3373145705
3215910189
1385736690
3290146204
40175686
98716835
531502581
50415234
3347411357
66931709
20993451
3008665736
3331785514
3248074021
3328421601
37960254
305463035
388923786
3241715324
836923092
3240711990
21556326
801488816
360217894
2354432624
169989916
2990722659
69651469
41012262
1253255245
527817346
3180850368
3161111184
3215279037
1392477223
3209117392
3187443905
87329337
29991678
32190568
1944542958
460723722
3108007423
2688028093
1674037232
42234415
31642062
17968063
2758849613
1065966613
394950492
2167161893
3107678144
450697476
2207906810
3061445838
3031652003
3100694188
1862471948
121814877
3093952975
1343143604
70663978
344318676
2610352166
375769349
3033699155
3070964507
1633577078
3065694347
180074028
18946473
3018921064
112519735
2598164906
226699360
139410002
2996462212
1002000578
1345246878
67399312
377607396
461521858
3029401377
23938540
2823300923
2746155506
3010150723
529052287
65716297
2984643821
2910986001
2994526169
157128280
2208943185
2269794547
14550855
1586489786
7508522
2804688560
250376516
14561851
34622069
271758139
2952256569
2950504389
2569861210
2934699081
2933286401
254777469
2924851337
2922426616
2922084029
2849307526
20564614
1480972933
68846346
2906000122
847376780
2904044674
1241817439
889485474
122196569
1246106221
366161148
28885875
15148637
2885836288
2886144533
2799908825
2883014368
2881884736
2878347161
1659519313
2855920019
2899615412
2868212363
2890608506
97240724
2860536131
2628783597
363531586
2476363670
2841926945
2869953450
527613971
2861777779
391087110
162126945
2859241597
72391444
2834174537
20266050
2292204462
155425170
2823927312
57360176
840127759
146595788
433450086
523554588
1414351447
2830503912
292367611
179535706
2772007601
2724456238
125165079
733774704
336521717
2757884500
2232379294
2278073724
2753933686
2776854228
1228630021
2758729063
1636898437
8071902
38429011
54723661
1281103692
2693835872
2697955062
21635096
2716227302
532287252
116518980
45334837
309805392
64740601
2317314600
546982174
87559968
2664719575
2716849828
24243009
2535755010
2491590425
2334534811
1949759298
281712827
7108202
2618234183
2436601874
2641320207
2541910172
457150551
329393812
857387624
594943955
399470176
15521002
2574188065
115732878
2568738002
2562283609
272273635
110222599
431698111
44655993
2538548088
860657988
330624157
2287103347
2499048414
825539900
17218135
2490565285
2529043053
248340905
387301120
2433923750
611408712
488081238
277173222
2450564791
19563355
604911709
2437497817
2435888323
822034442
2435435832
1245123966
18306883
2340809983
2434205790
501441301
34262135
1961812447
58382834
56475966
2402024976
2421037576
469068671
17604436
18836990
18129062
1902112645
2387357371
2355124070
2382823296
998283811
244140968
2374108868
330430396
2251420724
2300944237
2310777859
24263724
16041325
2331257167
2348064709
2346391442
2185647295
2319538219
2319936954
231623081
2339479334
452657001
1700196024
393799864
2337030524
1025292217
285825992
438932649
2181335082
2327668339
2328820338
1533898448
53789703
700046116
1146619776
285806582
509152187
2308348202
2304104900
2301247644
399777038
1941665342
1126864267
391705326
2218801608
237750442
15429020
532494990
2193317144
1063540418
2248717502
18515964
2259287634
1941281546
19115457
2250660013
1895910121
56489374
1043512640
2178135394
1918917284
48802517
25015050
2216649119
20128206
1545738079
2227755254
1887966427
380888213
542912839
63150856
2217678426
1861189772
287369429
758152039
1161169032
2204080146
2151548934
2176548596
484412211
900590094
386541602
110012907
1956866412
900494502
132697751
2182417266
2178090660
24471951
2163149096
2162339103
15300282
1214343163
344478160
151915913
2148595966
54695615
15877086
26990725
1944389695
14930128
159487398
396916951
694563
129019194
24318184
53265271
1586630388
321436716
94576212
1906012495
329323059
872125404
393145021
12687842
227517322
27408708
955552782
41159972
91267688
1907703300
1905895542
1651350872
311137675
17798031
1892772662
44504025
1554230390
34434801
155100757
52559650
318126461
1358137441
1087739306
478811914
21369073
294145954
1853188604
1854051518
17671735
218634414
825905041
1482617934
1568851314
1025751578
364280001
25783772
196212522
632653913
715034383
59006614
292590965
15485532
54557630
93412074
1697737742
217715695
1323220483
28358703
130841611
775898119
104264588
1645744866
19102664
290701890
560792544
1538681257
149315713
45225257
29446437
413406221
25237017
509000161
333301140
36472991
34291283
473665475
533421031
563121407
111698159
1623281287
1058826398
16296683
1605843314
512861631
1604587764
68446756
1588982185
190883443
1342740661
291970841
108652403
474334706
24310549
43980662
607605487
97747246
301176738
393645945
1346954671
1173688860
345754495
1564037544
16784555
23108383
24478162
67365030
61097799
28094219
22479263
17029336
77402546
49060209
37121249
1535473922
107511668
845820757
1137444254
233270151
1550862770
413265075
1537510980
131267601
50002273
525829973
14428644
1326925206
18334359
470505158
1322716063
1496185376
184817595
242618658
1464144738
916013965
600367168
1317369224
46709062
25732112
70156027
201368240
402434614
1438909004
772402322
44269628
378767675
1278377467
170462780
1071548532
415836996
133038796
280270986
45441595
25796213
15650882
19128954
1439396755
519895428
21823598
16265835
22085266
38703943
16710420
569915255
49226489
1394823181
802360614
52548061
322869048
142680138
23310219
309050850
21925400
1329017874
1173379382
14465607
1306699927
110194725
1398923185
17757005
63774891
410721232
14981534
15377346
198629198
52362482
467013817
1080880261
1364908842
141349380
25770408
1362224828
25989345
460413525
105637648
91002295
32278745
18438563
31423745
353813667
337760437
1319041080
863859296
104598468
15451434
78355897
34492708
932713160
27170541
1328409517
224281922
377645421
1157944255
279826562
1254610028
78772932
25855521
503797184
178369050
1114771333
200645872
77582266
1299516890
1170759284
15851359
15923445
531291518
14415941
25297993
966577340
72771329
1255582650
323710138
16690520
1265567587
62684164
1133994084
766541606
1254972774
885253970
56688487
1166283674
45692806
123284274
25104429
16799705
25209564
489693600
16931849
23396765
972039091
24915870
279280262
349520851
29208857
34069014
990010429
249979165
32559327
15535580
1175972827
134304819
21669223
46661944
100522660
170546103
17999966
478859510
86590910
409237467
569477454
56700054
891914660
249504740
22324985
955684424
754520617
1104785749
1007669634
1102403028
16259228
943810664
1100256349
34976385
60763202
36218299
18809436
611069694
383409163
17679507
465827161
16494919
52091456
23026197
950339118
286473092
1022287142
240076272
1066946792
961728157
39376309
305761394
447697553
128294139
872332512
31157393
713528203
27624620
110727546
66951419
1042921728
769866312
834164773
1031944069
45668234
421087265
403063874
15665001
563376074
600216597
534425743
1009195424
1021061504
1015762147
1016439829
1001579881
834624043
996817938
996220748
995990396
995217085
18176907
80886981
574528820
28249234
736321808
625306605
301686813
976816374
14386013
113819084
18843728
26122639
30837176
186501288
159193579
27410913
309567512
13640332
420816975
183823779
35104915
724449188
255024890
721291291
701633798
282248838
16591829
937383524
902079060
25398712
104642202
621422144
477429038
931035816
930849188
923131988
869508499
928539260
73026037
790834674
16267319
921832657
921447006
24247799
196898464
19012416
260059808
37450099
33366090
235337115
37194117
40692887
454362526
908094889
898528219
753050738
26578332
35654130
785476399
32897787
28802128
836821370
375824798
898231314
898785247
24189160
395279123
716039732
31911389
799271264
29410020
887886200
343087554
15068990
150040914
15238717
885413418
13737002
108034728
62380339
491842106
25694110
322884137
768016837
23331101
368041747
809406901
874696669
312430453
842924839
794517642
861813384
511306623
27721113
222357458
860832170
750177740
856007533
16584497
239664829
861665142
43188021
862096326
378135272
42921032
860898896
233500542
48505573
74915203
19561628
20859215
122455671
752193
15579696
479542100
34353063
607933114
44233870
807662018
53935500
19077055
838703287
769454250
737692424
831630703
391826801
17883621
30049463
427823366
327795107
525679625
356868685
40286509
143537394
38484359
49598269
815628246
558867242
782512033
327538371
518184499
397327355
809972990
209591324
451830213
578449109
347057474
114861286
436851549
341210185
118765976
803592194
360901637
752931672
20788761
796527032
66767119
561441494
749614411
287779615
17788412
526609761
88245802
622577520
573022434
66994817
21426423
287770753
630332608
179245596
21044127
563376224
322197315
768629695
353302200
757916688
98270910
38897912
108044354
246561953
513850493
438708593
597524906
573178001
33526792
38426403
718528694
5128421
557446083
715083464
22155110
703180482
701106025
93095119
636661911
635971143
17992664
372567505
369000553
629789826
26630161
14925552
131692829
156673988
552128651
38519208
389840174
319401145
296173427
618387092
557207039
181051781
405235160
401142708
538595660
17854933
19310905
534631258
28917489
242490495
19795220
259970084
94050088
113476423
454408828
125711814
308232087
600625181
428949158
25469747
87894327
24519597
451489118
476104537
249822329
21735971
469053807
18806126
52604123
450917304
194615561
16059475
38461582
592000603
159080148
110545675
16425672
238003065
17978110
502195327
536229300
22161563
448820795
72245844
5145071
578050329
412788816
413398594
16216510
132707866
572180278
526605629
550515890
480515620
33681636
547128507
555564658
241112978
546471639
36759389
152337043
96900680
193353352
558232134
45618109
505985248
487953862
467151515
133892325
433085576
256563325
552714179
543031213
113349947
244167280
544709555
164567208
19162179
545261303
99535478
31206367
127546268
204914342
472539555
56167383
97798938
535676175
534912298
29776503
525806562
533625295
17545624
6577802
25330668
55484467
530907223
529556531
528071618
526926501
526023885
525751424
525631548
13585452
445285855
20912914
26639309
444900672
24641952
55614411
459819381
70890758
513276881
19493490
20604599
84491326
513877251
58495385
15767195
15840710
492530175
197560374
498382486
48789524
17955706
324443860
227380237
486232509
485372859
262946773
26246387
88193607
324893567
322074102
19263524
259815512
62091778
372652578
25105516
306615208
484057140
418413811
76881118
246350430
477088638
394212913
477991320
480060234
54245115
1347161
109633530
465619875
250017058
61025017
61614322
46589764
213297006
24352323
34944920
468641936
15702490
15492842
112549655
464109674
272301678
91720971
185479682
235779492
81863835
304061429
128538685
176853382
18323139
426372818
457456677
428160652
331321734
452456243
309241274
15515169
432727221
380543879
87217702
227057629
19715277
99258485
405611406
130026524
249219716
426917520
423751304
377021122
92410035
69311408
424765392
424474226
29206866
23355672
28569011
91798000
75856021
21542704
349645487
106617936
307192380
139229568
207853618
402828487
408031557
23861287
408445592
36982043
24262690
14715573
385268789
334912288
378219138
27951865
191988777
399628230
124743210
281540744
389535825
59175680
180885750
397333969
396916129
205336320
385107980
21802385
180456597
19149869
386117523
89297892
41344876
278337223
390192379
379376909
250850334
384534189
329120413
16504108
387202458
384144428
247897929
19476176
43768566
14409191
309817267
69315767
316812353
204306836
373523253
58339140
362094206
283130017
62519262
45706884
263466153
375339319
26422595
331775975
54788101
371536789
49151228
370315447
267528965
318136173
244135955
40733547
212137496
337181368
362044577
361233636
143142698
49197559
16450697
358574548
353261879
29130873
14762502
22850120
259258980
18572452
17889628
353760562
155923805
103295124
211319416
17371046
129191002
24053009
23318036
36073331
43243022
345352171
289158198
52936800
20330214
297517713
128361295
62127524
122327420
181988452
225215636
310294154
342798812
56689996
33053861
91300291
266941855
288869759
316280232
316420379
335613828
330388585
76048953
98017357
331160039
242355232
14101232
20444702
335109947
87821845
41873849
22667849
22370463
58922658
46007759
96890880
15896517
129080402
312756231
322168365
206059667
49300765
313399573
321117037
19777405
239871673
319206620
16976934
18596552
20805189
145887308
37093688
315448429
280796837
170077549
28168392
23019018
20858828
119873032
293302841
308655800
20852453
41920879
142435070
52404972
213267499
63782612
39487367
45667247
23796787
28830469
19221043
111819608
52396151
138066292
52415049
177802486
52546819
140556400
52423635
298407876
52429563
150407468
52420731
19286059
242405906
73099646
47250821
277181844
41479951
53956743
22949852
154939072
14463037
117621571
26647636
292052771
287029027
61276313
289760529
256754213
53518232
148103546
54738724
287297991
14828860
286328521
260959516
14246001
278235394
281655123
148748542
231917071
281200356
15701234
278145569
77018791
40928206
19573458
85146136
19671147
49778781
254615229
268906382
98912540
245207966
34052950
141486005
248699486
263740570
41445718
245857708
18242400
244897183
76649729
29553784
251154720
263485273
42949607
26761322
25317243
15867006
262759787
38433502
229900903
17786785
33729171
139766522
21668616
66233923
42119981
180352415
252188087
2364311
194609570
48919609
185323087
22055226
11342532
42131648
244781367
241414554
17991971
241459075
17744593
235190657
14093404
117792647
31654984
236981133
213007689
188611970
134987682
86879754
235312723
74482441
14329466
17997613
55285804
232988032
209272406
48706704
158380632
227434236
16969200
225947714
124646507
24913802
180827783
52989817
138531610
39592187
15634938
109596333
222169907
18420827
189848503
221516141
180094762
167226264
216723487
24173132
34940883
15249154
45675533
16016472
130549238
35757699
215849535
130414595
26235267
98288438
16134419
73303753
19130617
204613556
191123200
17572116
210880909
16274574
197291128
76311165
14111836
187988997
64420403
203177848
28237548
82912382
202370888
142856366
196732980
143920874
11017682
19185897
15116570
181384098
76658220
153467139
176785998
194428938
182426999
70031407
14408790
189014684
15590663
189568563
97639845
15176949
22164977
184453078
179185604
183618610
16117930
616173
22509548
96442308
21703120
83500579
18791763
178963198
56807822
22075867
168640594
16336478
21500056
20814315
31481814
10102142
10102272
14402508
169144164
170659180
17404410
92812165
174025273
21349717
171246611
135260522
144925891
163564646
103716556
157994952
161028246
50036176
148401509
89099699
153529128
16497810
39929067
46705928
58005657
15773400
39710083
15133042
81292830
32156297
17820801
83201087
18456033
147867042
105191780
30428249
99073034
130387834
34676093
15079053
16168407
51600013
85827865
18251213
70871489
126493238
21882339
134900932
133001586
119947974
131941249
19877680
14874649
120952828
129856542
43392024
63754467
88428928
16181186
16609917
20686232
86396741
117653472
117283990
30182826
16300569
113712347
22449435
15825550
47652034
18481463
100063506
85576983
116864581
77616190
98728620
34468620
90813079
103129792
111464252
110898740
100650862
51486676
108161402
16355243
104402615
18155396
78983046
18076578
25910039
106139713
106227322
89982473
91184164
104210889
103480510
49230978
47836448
101643576
86864117
96224278
23446704
74014119
46438899
34279710
26582786
70736270
65388593
18205761
96003882
91700439
94404287
39295587
14637243
94211627
93986603
92828181
44480996
92534180
18809150
91685324
91721113
67165246
23946566
40931900
18072060
90031957
89932190
18341008
15105269
86396448
26103389
18026772
88966474
88422609
86787788
61785001
29301293
45653696
57806275
26025221
7713202
17912694
57013352
39538468
16017001
69445321
67343214
17237215
10031172
16833640
48238868
44738548
15518286
67106507
33418037
78130033
49572555
77487268
15812007
8356082
20246056
74510530
26306828
69696941
26819436
17841286
16426346
14307781
70905311
71217951
67472569
69317260
55087068
56715496
18168166
30258667
33889506
65973611
66365422
27946913
17340122
28847361
63652153
19786395
28263797
50718242
61163785
61087716
56240604
16260594
15789766
17013571
19323922
24278139
23681198
49972897
38005883
44156612
43476175
28416309
44207378
29277866
45924754
54392372
34637312
56097229
25376511
55652052
18576254
24455111
22158849
54914714
47189198
53041114
54135833
16255492
53750027
29279351
52802432
41984259
23796169
23431140
50117703
42031611
43334571
51346571
51344281
37134855
50542773
50473539
40372317
46567060
47764224
34771318
22884188
25791588
47218089
48190209
48092643
27685219
15268352
48252375
18875375
46746594
22107558
43347480
19657785
27582197
36077173
46446051
45575722
29600932
37757695
45954182
18922806
20538410
43631843
42966436
18857195
24149036
30498930
36003921
23874024
31100155
42668060
16161672
22234201
43054387
34434786
32225313
42786325
16647809
27590120
42311071
17488225
19003092
26946177
41666438
23448741
17729373
17639250
16693941
41202050
41207697
39046666
22715186
37532565
23148999
33475134
40168147
21652530
21355783
19193941
38668732
21021974
16131841
38460183
17594192
26507644
35148450
16873037
37205617
38116287
14429162
25766529
31193026
31216189
18885539
19034115
36710951
29350302
35835799
18686260
35911351
15793440
32426116
21281303
20958510
22300305
18393629
23400422
23274472
18086072
14600495
19679854
16492753
32425644
34815893
34644738
18981284
28726266
28826602
30501205
19239210
31188846
17800215
33038418
26089178
31534354
19597505
15851614
12504732
17275727
18287255
31172624
13768992
19251499
27800031
21059384
5447882
22399770
17624304
30029087
21012132
26554273
19170633
26132404
20675313
14105751
18079697
6116272
16266326
23260603
20995994
28888589
22303418
21989775
16862018
24912940
26705944
28586279
14912666
23667572
27921379
16051808
27157127
27500004
26666185
23696410
17947209
22642871
20194941
20755995
20857057
18319515
17583170
15707339
20768051
24362448
14547961
17830624
16425686
19312710
18746235
26756549
16703058
2347691
14726357
14190175
26575976
26449762
26530201
25725048
21004092
18456014
17202911
17902434
24465009
16672662
20081027
20939349
25983399
14761182
25246763
17900421
25698874
25557158
25690760
18957165
17092652
18203372
17918267
25095905
24589199
20409046
16245688
22153543
24925651
22219847
21789755
24842307
20877721
22495896
20267445
24600055
18233363
23385466
24404242
18598562
19275275
23125615
24283484
15218525
24186127
18810387
18144799
1729051
19016312
14744335
15655133
9244632
23606500
21675376
16605755
15937684
19341621
17141886
21943904
23459528
19445881
20142627
10687372
17837688
21840924
15406580
19688039
19044010
19384480
19242232
17708712
15503347
19827717
22772924
17794423
17829274
18003523
21496427
19559856
17629004
14866668
17190094
23186789
18372616
22887909
19259282
21144663
22922330
16550029
22934648
19051803
21021420
15571684
21302232
22508473
22674141
17726384
16514116
15727817
14410844
19039844
15064145
18511594
21732264
20570337
18599105
19161866
22005820
16792599
21070167
19262860
19630851
17685196
21501255
17139736
17945904
16285828
18043200
19124529
18363009
21895358
20887391
16061242
19306148
17344590
20732463
15136688
16893035
7060232
15726878
17911802
19847690
18104756
21675903
16684397
18271805
21653885
19127865
17820755
16082081
14604369
14730859
21570761
18093701
21539874
21035849
18415018
14376012
19099916
18385910
21436506
17979132
11102352
9272862
15343458
18955317
19547584
21406183
20778778
7455282
16024581
17560115
18228647
16582980
16716076
14818020
20890053
14091360
15201010
14736220
18991321
20959387
20854731
18713667
18745482
18210494
18473861
18837294
18792528
14535616
14511615
19737494
18598219
19686924
19183193
20249384
20324290
17477349
15406238
18171279
16417712
20261556
19473742
19039055
20419787
19921162
6750202
18836142
18191358
16116536
18110126
6945382
16721054
19012613
15035090
14913928
14872670
10376152
20294498
15445240
15230974
18249613
16314117
20251654
18129561
20215874
20194392
20174627
17916114
19718723
13209322
20031389
17336507
19818256
20059819
13881572
19415066
18859100
19538400
16264702
15360796
17622723
16088535
14403929
19840494
14730894
18424661
18379814
19219879
16173056
16419807
19813960
18266688
13976432
18308416
17093617
18087450
19578144
19571758
15945926
19521729
7143752
19500988
18625274
18375907
17085539
14718328
18254171
15822642
18585976
18481521
14363723
9508922
18313342
14788935
15502929
18276100
14966703
18693598
14344823
15829920
14414279
17596014
17334157
18558029
18202092
15166577
18767697
18621224
15475578
14763858
17511633
18790296
19026201
17429201
18969096
17993620
9105802
15692998
16920080
17589079
17919912
17892273
17711680
18980609
16340033
18959662
18742704
18949087
16800140
17934084
18823163
18660511
18914938
15432266
18020819
15239437
17790116
18137724
17563655
18824498
17582899
17411020
15847001
5482152
18836887
18835698
18835686
18835539
18834273
18833786
18833237
15670787
18324186
18738154
13673392
14520944
17453293
17602541
16405291
14904437
16350574
18552630
18767797
16248182
17923876
15976697
18215195
17203215
16457081
17924595
18171084
15044502
15807127
18167690
17094493
14936771
15804503
18123506
17291725
5417132
15649399
18224379
16819278
16568409
18588866
15207668
18003007
16636824
15978475
18306664
17107955
18398987
18496709
6820032
15680684
18545786
16641279
17927146
9643452
17767479
17287449
18332578
14407458
16611492
17856218
18034923
17964729
17850012
17664394
17501313
17009637
17963980
17930574
14197125
17079483
18088386
12471002
17937528
17094285
13118902
18065267
14110710
14937298
15809173
17419741
17884965
15287297
8542882
17926342
17908825
16319262
6620762
18404288
6975262
17591223
16899075
16814727
14132503
17823343
18582896
15697312
16699218
14922694
5693842
15878201
18550282
16218260
18444651
17551089
18020635
18205814
17095918
898491
17983497
15790190
18297092
7548732
16711024
16233111
18376867
17922886
17037940
18063698
8349572
14720411
17927830
17926920
16386887
17903209
14422565
15792240
18483350
15075753
16373606
18050020
15694150
18480449
17886496
16317810
16010099
5357812
14539706
18398882
16805861
17367994
16602995
12591732
16030877
17078632
17527466
15186308
14087249
17940521
16853265
14766591
804455
16042924
15932085
14643625
18453432
17777458
17952875
15487165
7126672
18435465
14774895
17641086
17938352
18071434
17452566
5539902
17387589
15125135
15428227
1653161
16005131
18125737
18070667
15908664
5511332
12144232
10633502
15394954
15029174
15897364
17966335
17946399
14150407
17399741
17039797
18241765
15724765
15996400
16949247
14594538
14888205
17871762
14389132
14885305
17602996
17738947
7848892
18247062
18019121
16333033
16045321
17626966
17495624
8184102
17699708
14676345
17345890
16434256
14080915
15696011
17288160
8234132
8740292
16135165
17390796
796409
16940885
15874136
18083652
15950463
18059559
16066056
935571
17685359
13193812
14800273
16248413
10196452
18419130
7294142
16232940
15657280
2704951
14365762
17552494
17826047
14575346
18338772
14774410
5403442
14075664
