2295944160
4831603043
1963995792
3391039258
3573288434
259349567
4706270920
724723077326770176
3284112337
2350324046
339832905
4085110516
1493267851
717756961698234371
192538987
720753245744939008
721624594562428928
395693272
719254367686107136
300155494
22789952
716522343665836032
2287887180
1727699204
3132842768
712872467438706688
342894187
4154041574
2588109960
190589983
17723632
3161660191
2393063119
320917731
932795072
721371169300066304
46302096
713600993229811713
2478015324
19173608
4547869279
3031942490
3027052225
356244914
208083510
3316868654
2650655484
714791179158691845
66693790
711977155542921216
2792409146
60784980
213015127
373431174
371269121
55882303
12144232
148078366
128151164
86364947
48380041
72701176
16814727
204053466
14389132
21501255
143230163
15868626
26565152
102894965
101873706
196584901
20958510
4796901
31175661
46719826
49224286
126434710
126156932
46767575
16440284
18549579
120523835
115724271
167639998
64977868
137455302
19480011
108881963
110645896
25770408
157695073
147563165
160641229
17606369
40630448
49135957
30288492
24990477
45414386
40957993
32924328
16054602
20347670
59486318
75436954
134805806
23166416
18267320
25997640
18791763
55082967
32121888
106800773
43975485
146468544
43221627
33716878
16849540
41209211
17233536
107550708
37339998
148393922
22887909
19491594
92317593
15612282
59305148
15745016
180635577
175076842
49964679
95740797
68888515
