2306403086
2514263058
45571759
3296542803
1075100750
3781381757
3818946629
33014441
87403396
835727653
12101862
469054182
2287226197
3343519774
409852011
3185762834
25712560
1207237237
16575396
1715975366
2540272855
510851719
1541586409
819653881
2470729130
2451862681
597561882
74600561
1707286116
75351956
145343226
27794638
30071385
20548092
56500479
459612808
392591378
452582876
369314019
38516492
20915051
610639173
22983825
40777577
62392226
786150427
581064327
132768573
24717966
505702808
470897762
46416413
318877142
287704891
189252968
14949454
142880956
167855845
142823563
152537009
146832429
17815038
130646628
21111715
27972759
15392391
