3854038335
722195782028410880
18957839
36719603
27857634
411798452
42966308
355847222
991192129
1146711434
373649047
274996868
23732347
85060230
817639086
757002026
322130346
121210586
24662923
223135570
217498071
218622706
156514686
89728339
22377576
101877424
21425995
81372636
75842804
41968865
70422191
62039817
50059541
61828912
25745470
62530957
31474109
40027661
61223752
20688845
18914604
49666469
53189998
19743130
38286244
27537621
6456502
17675840
24589199
23852985
15137996
20057082
18801671
15600721
15600799
17869282
11148502
18400867
818095
