2194977575
3950382749
2821371977
226192150
1273143962
83130916
1543831788
1942013598
2984574393
1468289676
2946374536
2864696411
2745703876
160394706
36731118
2659734213
298271687
2502701427
55217830
183644114
326111306
32948627
112702065
322312028
311347166
288723364
97697485
33111620
298172376
244908814
609124105
20100810
19209657
94024076
97859858
33372880
608752318
235780190
449176844
402037639
64856155
26841846
243813360
50338090
29894297
362536857
271034624
28111975
94663196
18049133
138421287
28195153
256236915
15273747
28115667
103629959
131954937
26058041
59178862
