171620638
713665138608455680
2755233188
91026095
3408649636
724396232160907266
3034822192
180870892
3266352259
95687734
4041899115
705510304298504192
463235638
3130567797
2892536462
2158166215
4872162052
4917865084
2159998656
2485522382
1239688148
2589656346
707535142559023108
2955474903
81414369
3197674430
50160950
4213892218
2429560626
865527421
3277924177
718823124188405760
3011339794
718152260396646400
3065531261
2296786080
2973322269
706201082
2262519410
2886382089
2826721902
714456749609259008
702246887965925376
259200990
392644715
109313722
1140744757
705348028949995520
2906465557
2806818712
1967714696
709144722867163136
700928467374776321
4163671826
2798517916
550568816
630788634
3040078483
1706487630
3234580439
701609590782210048
1709215867
2400598914
562246526
1264311894
15372749
233634783
4411343412
3302946943
2864704144
2326729398
3105401952
4306710734
2561883246
81730445
562995043
700988911124787201
233205224
2483089878
519010979
3112143628
701717514586226688
4899453275
3373071304
3232623634
3415385615
354958172
3123413072
4187476887
3596210232
2913907464
525713285
24342019
4919108034
702269346484199425
4890106402
4914405667
1188073926
1257667327
381104390
4835146691
3036718164
4839510123
2871635391
3365325754
4375125434
259845939
1656127080
237576272
42261445
2835829920
2624350957
268556198
190438206
538333196
595985589
334984455
77540948
164322849
25169797
4839753492
2541719725
3177317876
889967426
2722630372
989775830
2657307610
3093529939
4675310588
3973366281
2161833319
741988440
2390024791
347035301
2516718013
2885566502
3122566239
4256092994
158632178
50399544
64414615
205957912
292203040
2989035473
3180761504
3887120412
390510030
1724340230
153258696
4633246076
460206965
2607805581
87403396
2700840230
26917059
3388134071
3362468889
2281148935
2468418186
363901075
193162743
708087151
540118268
23461643
2698376641
159008138
242115126
4735927183
2743254073
194841266
296619457
465117397
3297914543
3443167339
184175177
481695526
251000270
4114950029
2274020612
3235814617
3405598708
1088357232
1462913281
4753922004
3765379275
23166262
70029963
490127535
2290014185
401123933
554578610
43458381
2309122032
3064783708
2958587563
794267544
31355458
4494086285
565787715
2251258213
18555128
1067750552
87422974
112308127
620257654
2918096799
1729109138
61091928
592183377
3397853656
3193810326
554840957
29309901
3110948170
146027028
60784269
33923443
4210198037
151401031
4258180153
704734632
239233506
91045504
1396478970
3600777254
2200031563
2469342968
3666470234
1291958636
4093809199
18702121
3021695749
384204031
38535159
43016389
2952391619
3260012448
1354824595
838917145
424380079
56699859
731807868
27439619
325708122
390439794
319029017
21382032
390446146
2564408234
389796443
2209599433
35726888
2507774258
180893928
319354549
41598618
2870790753
603986609
460180921
2809536521
2349262802
3236313342
1955406710
54246981
26250653
2820961748
376082510
21837967
759462883
353904663
545524221
2650144729
3246217141
3071841746
40759945
45106932
3254891328
3016415044
237833319
3546316222
21493380
932804480
123414292
3102296233
442653867
3639332654
2382825588
95764946
973854192
1057715923
3637868417
1955132936
2270982404
2387604200
370210021
1379201262
351466355
3020801179
2430099278
3015461332
3220521852
1190412133
3302950489
3180097796
2538971030
3364447811
2492360305
1184791003
626787017
792657602
1683488610
3275019169
2793018356
378270022
3020266881
3207627833
970474920
3390415240
22953186
1955340614
2276165209
2886116709
460625661
3257530452
3321599762
3135430246
2962770649
2965788550
3177321356
2591413387
3335490132
2687659056
2984265894
3032671584
94558801
338655698
3322728709
3002517906
46816997
3262759302
2565403538
3424496476
3226350692
2540699294
611959284
623584562
3424974573
3294527967
428919303
446504744
2983143101
1940672300
399302920
3067130101
546431596
52932862
198586241
273305539
3272609798
3391491826
2926184646
1923854178
3272266256
3215224845
355598081
18438022
1037084185
3174267215
3300825939
1352362573
201905104
32160353
206319049
2520042071
2980848232
318466831
234159978
2443228226
2999249534
3000189110
224028924
766985689
2893535499
2810651605
1651527360
2462603071
550681485
1613544084
2560467740
319385329
2181428244
1193383004
2562671037
1152452400
2263029044
348015576
2381521722
700576006
468812518
479067621
15096688
