2828760302
723009173466677248
24236151
723138625437765633
21124727
4064251217
2517853017
2332135842
12615912
1537558634
24796288
3054026647
720079351383851012
806871985
242894622
714091594438328320
4801103837
195975714
708315450837311489
3616819398
2156817609
3393366466
62097819
712022902183469057
267827867
52482870
2254188368
707472638457864193
1872894192
704443035568877569
4874465073
1357330244
4906663743
4765436790
2302332672
1676908453
2362850690
19686984
272502663
4738668505
185680169
15993122
307778241
51827065
3187391416
45890309
2168144010
1562825972
4528389852
4693211965
4674555955
220852096
4631309516
38109177
3606837448
4476062267
237485779
4259841262
4373461455
707549284
3304630529
1735239019
15361570
142051395
27991531
3361042318
26941928
3302559265
4211651236
26783282
16548742
456303473
476271231
19123904
24807054
2596612452
3374792577
18318098
4070664322
19787776
19375070
3331804391
145271179
26894763
3940526615
32447306
15462053
3924635961
15113571
2944455863
3679984455
267916015
16717918
3774729682
2704283200
3636074416
3633031457
2537346955
3720501556
540064051
1146863425
3253473396
2780804147
33923443
3524698516
3484679115
323956413
3422168651
3153835344
3312071022
3301245978
247458938
1099020150
15694072
3394939894
370056306
2650797529
3299840533
1424729042
2970279814
343450898
1058520120
20776497
1962883135
20493166
3324717712
43714011
19377000
14345113
86364947
17874756
14173299
25931465
21879831
18799245
154909422
944644639
3086975121
3238667809
3022922881
2250833036
3227256247
1275969896
245276425
3285311447
1940220200
3256659370
15099295
807176238
1040870706
3022220165
3185535912
8938742
18098065
2359557667
3228610959
717444312
9862752
33983012
1373172403
3224656553
854540731
3060100292
26074277
21398993
19124453
17991206
3194626509
124774031
3162861774
3102999358
158016531
236992650
3094769128
179546580
14412533
3166775805
3137586053
159616650
3153018566
24926288
132038130
15212187
34632388
2894148731
63334511
625198188
40078379
3107380917
2525307174
2858022851
16027841
3123900226
15357200
2361224263
1613795029
168622756
3062259267
1850806376
25541932
3102924834
45862743
210014692
3045260814
221188535
2149405781
113053708
27105334
114075572
3076442957
2504452635
16021038
20519694
345778232
221768985
249996517
2861608900
718603784
243639047
3001837585
61734492
20474813
1631159347
33616012
64496398
2982553048
210862000
2171603850
18906599
2998879196
1194250747
2909538536
1708274876
1543801099
865596984
22429979
438093097
13115502
197485346
15244782
2962792937
117102154
2458231830
563691118
222334502
248467983
2936522829
2624803278
231585587
2921413972
2885970963
210684204
23192201
60597848
47564983
19787444
2252958429
14372270
227875200
78694961
535835043
48226929
9480572
23386747
21097249
79345927
2883114741
91814917
987243566
2183476064
2565541490
2893670456
1543973953
2886384575
16291449
46823174
2391984596
66760857
64916983
54434938
2798816741
601254424
2893744891
2864194335
2737596722
2861219440
173190525
2872558250
2848158763
2446202510
515562132
2603976224
18978610
1130270582
24346536
74993542
243463292
118664177
2833926348
89771825
2823358108
2861732462
69794495
2658605569
240199983
2788552315
2194856942
353145646
1583814470
301612700
232899816
2805111167
2585955247
139607536
2786910957
80632388
183376172
27516042
2615564810
69618874
14750042
15356187
762204487
2798794161
308119119
168332195
339797590
2484492974
1546646065
2713606515
37421261
2790939763
2187233760
151139656
230663694
78690242
2743339279
245977917
269314519
292990703
13136732
17267824
16580052
13186572
170169003
370789794
2731529351
296060169
172952784
18677951
2721463650
109025212
1046678078
1497257304
1890927852
54567377
1375790016
16245758
40081885
1702520000
574557459
14676022
205522481
16314506
1449478590
15809272
3648061
11395432
67971294
20281013
184526881
2471204604
214092154
20176959
60433977
68570324
16540108
102159200
6828802
14966216
16595324
722139073
15146163
2516070439
18627820
589731563
21626489
41193257
331102730
190390414
170163241
2421047521
1478786738
373417841
1168310366
316197481
1635555948
280299519
48650395
552078286
2498991560
2433243962
2495313992
24943151
61058726
1199554158
2489901127
116873757
1614328003
543985024
562164118
2426178613
538385482
7597712
48687888
2259259550
26280898
19488231
119610949
276450489
2480368175
19777405
709081614
80161043
423115380
59425403
19273332
366855498
243795983
1287334873
121574367
127870840
16125224
28625566
29235589
34089249
21795901
547684684
43278268
2349159224
319784250
18433784
31402393
2402120221
14408412
2396641830
135223521
16504629
2407446105
361549858
370223376
291517581
2384330240
243325361
2377475666
22699322
97012471
16814879
26953478
2315817703
54626407
17153674
1183927532
1692833432
2289885073
369741310
236883022
16982410
2336317735
1943442283
2340650984
381236375
2338411075
2343134072
2342095351
20341986
77032777
432750096
26637348
2332976833
297895260
509011339
18497522
2321044481
1323256406
20813112
312435184
41204255
18171038
18991439
264025526
19669970
21695334
2312130865
14190817
504914052
138895307
1507008385
55918013
2291500417
2290218889
6092972
40958779
2272252166
2178677712
18112970
880404086
136713486
1895697998
1069702788
2252258946
1618037664
1683735242
22267908
2209719686
133486308
26247926
20109351
48890812
33537967
38474409
244697105
17513576
412349700
36495905
919860212
1532087922
35452656
321799506
1149464624
264949145
1277820894
19861540
24816651
220086346
394578714
917917771
170694418
603377606
17525171
360033479
1235000078
33155812
1022263688
244329752
234858162
203207697
1206000672
2190084024
43409523
1671133790
17715223
2180691218
15150648
23036307
20280088
285399460
20120417
313741693
31037199
636201304
12618392
2163895766
18951201
262194832
108645028
1452213726
30517870
767544486
1947265657
14246055
14591318
220517115
1900457448
15754881
1850271415
68303637
1730375012
168851287
1730486750
26812093
257553324
714265547
714402099
280996807
17897395
716149491
1961335032
54322823
389770689
16113700
266830495
112571117
28394129
1347310310
248993146
119120866
28357900
1905126823
376487640
1950379328
725874205
81876256
109979045
174103919
29795115
16669068
1432906369
1925171924
224812773
1694788602
56676482
380398686
18451200
370982639
1162187634
1716914930
68403785
80383397
307982591
16159321
120533487
1735040743
1901174024
21063192
191261147
261955876
1884231282
48536774
1029022087
1061709516
1679327953
265013439
15947712
85951515
180466386
1519759543
42119279
731758718
18086521
1468256168
19492692
573275963
1154729779
15017893
276300075
16800722
1861592809
281533388
1733144269
44971471
106520446
24716135
15723001
37227427
59331128
17065906
27753686
235346963
633201646
30534986
1690453310
16225122
115745371
1700481720
1549001184
1650623953
328999228
18028893
990269509
1048446804
10343682
1347084553
20696334
103699154
24049442
1641699337
142490217
5685012
113436947
348065113
53480160
29100243
1391664744
31408790
18822612
21020526
72966306
19248997
194814934
1480807057
23079511
52954222
22012091
370489880
569218257
344057170
1576078356
1539334166
38254095
17881467
488717668
1558049875
231657074
12081402
729177876
56680792
24195214
26092775
572404946
476975873
118410167
213396616
284145973
499240421
1517915904
483868601
1362944844
63857812
162563093
289343371
204517875
17583031
381609037
1450029050
167024520
1000198998
1090561
316375309
223167597
12926172
1160495677
16975830
580004619
594108845
1260420229
424474226
1370019930
322926223
1440729469
1440463633
28576220
69091913
42692687
23401565
477972233
275283146
88806753
142353824
236026761
14370917
267065316
119268471
246434598
780606002
1267418030
32281597
408522969
942156122
444088220
1119747817
121469977
1371969217
1173642900
12193342
14429525
50715793
27946192
40260612
21820345
31115870
976805210
57779843
1198644368
241258662
244701643
48029066
14247059
394662810
1329587233
1337220296
240539495
962917800
6999982
389759292
1198766904
1324132616
1020089065
375992203
346139771
143798379
49344636
205965649
119784462
15481546
754800440
1002163130
331475149
547796661
25921686
1275440990
80571081
256722469
29817099
128453199
107441863
1259734838
102850096
1198244186
800867006
963931525
304660164
54316890
370367198
847796935
1163921671
354270363
23376956
393758142
33530012
21032747
285756463
465628781
531792014
20071932
538816709
252296570
158372849
1112777250
16248895
208738101
1239867727
33207329
1235533939
469296371
16002085
456806128
1195648200
41599619
385006990
29757686
599051810
58469205
485842327
40887204
81972784
333176788
19889946
299802435
312862325
21885033
68335718
856294566
17516995
1191537726
830218441
330816212
1176215467
537732375
1173523698
1169148534
23035247
14295200
83828796
992882954
213044416
1157277889
14326805
34294663
113151599
1071186661
59177426
14428051
1123499935
1130823944
202035385
1102521408
14115381
257603219
45399221
362510239
159655293
255660750
549032781
615298549
112937040
337888528
297182759
521899352
57751453
443046644
165204211
546820570
461773506
1100434812
19500037
2232041
1089274788
339504738
67346899
18294521
21202320
62453219
347109339
132503740
284982397
14144487
14090017
94284326
30049463
23074394
1072167702
329593907
44300597
81193421
19670226
197137656
162336315
266866473
33755232
14757714
32516421
253182055
169679157
30756981
115144909
16021608
141243994
710820500
763575380
1048188895
161903531
1040083538
1039015249
99375270
346402709
14597239
116485899
445859961
633430193
1018753254
325288735
22076537
17245164
1004557242
28401561
32007346
41384217
22842160
16843180
989433727
716733902
983424698
297977699
18888577
15691217
18029328
35253515
441558918
847862059
479856992
254616847
974244984
264109916
242944499
15825290
18772897
972642912
18543332
970188078
11184582
240400850
277176981
47801689
16261500
962489011
18057537
958481402
29249435
958060303
956995399
937798255
233770491
526046097
323431155
429060479
80379987
945818677
57770539
500059090
948081336
529058029
49652628
15626595
946379388
187375521
64247364
478612142
945978440
931838516
841342315
15355936
939287468
98502625
19107878
936097628
21347025
919451119
21251668
96389440
367978765
52616049
260030347
279687441
17161189
25709609
557755760
14186393
927568897
19207402
442922429
915890827
924583621
753616375
35428550
105929549
473493850
918170839
836872057
914852443
15570213
21399457
526738774
830554608
872895121
47195586
255773292
407013776
172482310
214820511
249461038
188955426
230832125
22097192
378211475
33230618
473270848
853094455
237491462
18913509
22086608
884100476
288559606
582496203
874773098
449857037
58633529
272022357
219389396
14345778
25553027
8464512
255935705
423804754
37016777
624703384
860524332
43078558
120891674
858828523
299980829
154985728
269101066
120124775
857454668
226216875
16503944
15320854
74042461
18233595
322234897
31190328
17168586
107216098
14844272
836407974
46582653
16925437
440987983
1676151
130501974
18137749
29561321
829959362
73489523
16033549
774713730
822444830
47415772
159166814
822211262
103081016
278780128
21681603
39424828
821904804
18873711
321635204
15365998
15525507
221181172
403401886
309977060
15765912
217550862
63249121
812595925
83668232
31431528
788094085
111635980
804897104
803017700
803909737
180207120
449286436
16291960
377609596
556346002
42491982
15328811
397254406
798473029
14338159
620339017
198935531
19658637
15024479
21309506
625317702
620206790
13262862
164343425
774023504
21842781
31773185
9410952
166440649
745471867
788127170
138609690
32279166
314955857
60638610
15869287
22132157
49366362
24461039
9255772
72473481
16793287
29267436
762167125
68900806
777241332
70511174
14996610
195963329
569666511
280804405
14185317
26015134
771657734
18351840
1197291
15474755
380651902
399123429
207660339
17738678
762627475
234228894
16892567
41642900
20181965
333711168
62249431
117161855
607711194
28434601
599681859
718404992
24464743
743030708
755474179
233813795
87359702
632488933
16170444
27763028
34002638
48008605
739359528
745360411
53243232
22109355
22179577
53842408
394295036
21800063
42671201
18783975
19383225
751502814
23894817
52758198
364157313
326957691
26754847
21459909
278654482
225581622
19177652
575624039
59002832
28846221
172491865
751542331
122279206
529514264
394212913
354668292
46434726
513335656
23788966
238489818
25915690
11680962
744095821
58337316
609309590
102238997
57652284
735600667
116536328
16350574
728646522
151444950
14620003
568418549
163636220
443195244
562415721
208869097
630600687
723357433
23657437
517383888
15161585
14882435
340422281
24396610
50004425
621629034
515829808
34674857
329727032
18978553
246280669
197097039
17932231
14345515
274263703
19877680
701417107
620298978
385447668
146297850
566884841
320163111
22824318
341701057
635169700
278290768
53196604
104608458
121508282
21765964
18992010
363232403
266834648
24535148
37277363
330575788
408169174
28018753
20554167
95573246
607588282
606240978
360148549
18230440
562702365
21252618
628018533
32949540
74795410
50011708
60474479
161590168
104584845
24838506
417561609
20538641
77872376
183232421
184883988
122054743
74521793
616334626
429868263
248870295
28910989
17056266
19894091
22087935
29049220
18963809
22045045
279895911
193484225
196125121
20680399
89702361
230739094
221865069
320961907
377458508
85891935
262796929
288487455
23232204
378222973
25017913
28113052
596153715
427313039
92383771
15159913
22182215
479819592
576390072
138052372
594225717
8025532
47723728
186271257
260530770
21878635
464761017
16746493
14579415
454100672
348314640
94585998
580915072
572612451
15959440
22678323
557625590
538296208
218055596
378212699
276514405
285282880
568257428
28049266
565187423
191297322
222168864
218542998
19307789
25096888
143087729
560454060
22305216
39417511
330430604
402334759
293564490
27495966
103447346
168988218
242863610
509153686
25714160
159471232
351077088
60751806
414528645
63650107
16529160
323439740
38353028
60914833
25277879
41025450
29430343
82707462
41196210
25954698
353693193
540643375
66039551
16371006
495369951
15739640
19554219
481829214
157168343
512354282
21061726
20776147
16020751
14143989
422827850
24260994
526854691
462499933
18924052
518823232
515373035
242845829
488043944
227072509
19894837
492553483
279162316
478517324
518506781
52355324
138025922
501316047
507452390
16297707
289039183
455764741
258021307
34263289
514602627
175384910
53065480
261422883
54648182
25090110
284237165
19061684
484224706
142698328
113639296
501233130
16450259
89062564
988961
17685066
20098838
123933605
38350467
153181367
436598709
30772753
46312448
48338934
21719328
13754752
22898331
35586324
382205673
251423572
345647553
90154297
455019376
19792457
276214874
386204294
152029157
390368596
12921142
378097808
422209867
21824298
112555701
155709334
19401579
370896856
460601229
136300373
129742363
261300041
410642993
19461901
226978095
49234687
36275646
305344685
50360181
482054740
322024752
89081091
466511766
113413615
194320471
33060745
354214491
56552341
332963160
454127925
21519879
280407231
37031764
23624300
291869047
12155962
116619985
27678466
23439121
65073193
471051922
372440193
16309502
17240114
437644842
14939022
477829609
477224975
16835807
422292417
44299861
22869653
23196554
180086405
371525227
473172955
14689088
471956724
6332292
174145542
17212113
68722212
201218637
18469528
432766911
188509457
92275032
15582261
20900059
19208760
432626681
465461552
33371134
452154344
104615577
449037856
53438047
313325758
426888048
173835503
61169405
19540635
19716105
452822808
459045083
39588797
459039857
459322649
344752493
452521781
19358607
29051826
270043367
447963861
241280143
143200053
399821168
249949161
408511400
140205967
22141575
352095523
255346346
453391843
16645522
16019871
55529361
17968258
34331838
403349055
17342946
19124132
222622640
15580650
436872577
20410936
281707677
271992888
442347172
49658545
381155291
450002126
106197906
134019066
316832383
283618435
54635256
125413080
16353454
442810480
438057701
25409131
15900436
152988510
229183945
388513351
18697188
63877097
63189212
437578634
221852953
419117523
364183477
278622703
121292735
380973121
28365330
337926076
161772580
238247588
14428983
409689583
123281368
226968160
36729917
42743513
321507371
220707737
284639726
18766426
60919680
140289561
420255571
409661526
224674172
224385766
125746315
21792202
109446583
29555837
57319835
240014188
121530282
408988007
211602370
19083676
400238883
250848830
17132076
405800906
403895559
17449843
384718856
223523798
1933161
299000291
15750667
201930401
31122582
49758766
15727317
51747161
397416586
6415902
17470346
397147467
36028710
16712666
31264806
34842458
309130103
24362769
327013118
258961053
61011254
30081846
1899161
165730790
74566098
392883957
25751437
330594881
23817772
131516548
372904818
351019938
390299706
337175844
389076058
11864732
347354640
25568817
71346098
246326555
15433452
15457693
309855019
379378754
208050391
23357995
19307146
61863624
218597088
207044091
46557945
61342492
192829986
169806695
20245031
15824288
261962339
180631322
18309196
27311432
21307076
280649642
300888452
381164600
371853260
19270216
38547331
372129344
91016375
24439201
212352266
118382323
47878317
321245094
23536961
346268519
16898332
299335096
307803626
324229123
373405655
64360341
373236712
113214730
166391324
251621063
253667327
324302975
14187468
85496865
22149486
210983973
136538953
31476243
166533928
19042030
45236159
291730782
275464038
287457319
112549386
298765891
31332198
78670824
35887062
62399864
129513578
18683120
40711814
14079551
15905527
21111896
362647877
316839914
321700946
64213635
35953646
18968924
14591406
362866546
81449012
363591930
203538352
346091227
265655470
26934353
218647400
168777905
43927004
49529026
39137239
318607445
16097702
14632446
283591428
18018946
102433240
329854950
48841287
28301065
44498184
230628159
14639216
360836109
41529687
17546051
17506198
356951051
300335280
50303740
350982275
32422406
94658156
24222369
36727375
41272328
114499676
16034694
354680887
44636547
294726995
351685619
231911664
121566546
312966205
17368402
326255267
24598366
161768953
348306605
11771512
270523159
325673766
165049113
186830684
110723095
27005866
346709146
21608389
222481411
40680219
217995100
339120110
36840597
21301933
16459325
82347593
43188017
254186356
300900044
55484467
15485527
12310502
98957204
25513822
228060524
131630960
243860697
37084378
173991939
140074181
342216503
16469463
68822176
179809636
196195951
49594001
25664884
17313252
341026660
258082407
25545396
16069795
18516694
35137957
86425818
218867924
132330752
20538090
218856785
56415193
14270650
26754354
335732576
152268172
15606793
31128529
232368247
16259172
277551250
38707017
9287862
325717426
324608019
16956252
11391322
128040105
299072260
197406133
316998672
328834587
55430367
15329016
322401882
260893772
48821786
297898628
15664289
21766746
16117373
314585133
325061954
53112255
314342661
57839884
15935927
18357292
106618426
21351094
133161999
32484150
39421317
29442313
20802721
20822875
21306875
48472963
15717073
116529568
313544257
298164892
34583299
152341106
24105090
316950188
17214905
6751212
92517592
126184814
315301349
67053966
286164560
238535738
288339032
224357482
14753010
90402952
128337319
284674203
21336054
314196494
36098062
308131009
224027124
132132733
169785728
23153036
5906762
163243530
293131808
16930125
23090254
85849661
311054258
288693780
182063155
160907755
296957131
113474499
298209791
281731983
69355513
85161292
296947378
308096753
92092294
18523183
242993672
14295976
47911414
25283401
78369108
14616610
18825339
14284845
16107006
158579094
17239512
30050899
16916445
27051369
24564406
301750010
192076701
190662041
138129119
306505880
306486660
15930827
256011753
43815342
92548811
306233845
27443262
82462738
288250543
248881093
43419591
17763819
285701278
42995067
193794406
288140478
45970421
28308220
301144549
72603720
298183593
21519735
112811887
219112342
252404435
181326623
55369810
29779519
22255728
296718078
15356407
91586604
148098815
269483895
52223483
217685056
11866582
292890146
269215511
289285445
36116441
92743077
87067935
145267238
293551624
159609655
1759181
283684584
138839002
140286364
250357440
292995237
18035523
292267049
94523329
286686511
29272338
16439877
147994572
14327933
275370651
288821936
270931528
15816231
17965183
25261154
17622544
282646589
245454154
282611244
20799890
217651984
281663154
270447729
27387861
43184646
43901944
209741012
21103106
54997361
267150146
22396743
82247140
18064453
277593506
104299137
272490199
271126947
39171673
275029595
16653306
21892696
35921473
271742318
24764508
269706923
27951564
220157126
187627811
266543954
268891505
16170253
29361909
20562368
131227591
15816582
47721815
107234633
222538476
19086456
43725006
19041145
204598216
163762483
13850142
257288845
232442003
257749561
266703632
262068161
20196398
265810846
33070015
20996843
220737886
117188363
211598444
133888026
216777719
84206193
71433952
25796401
34365234
222836332
44260055
123730208
30715158
21702539
257924834
44603366
156512983
239649967
19791234
18146481
257810755
187548707
257879094
255618227
257578485
129271540
66386087
15766082
18220630
150774780
57868674
22632293
255300855
250393938
15277487
59536727
244298627
245424983
93876666
38473649
158232657
90077282
35546775
250837403
68801460
200692255
17528791
17272677
49896237
16640598
248974709
21263222
23605114
22676176
22422168
24713327
227954814
217974526
147584215
14217846
199836680
26040994
181013271
109576785
18678924
244947291
243000634
234796334
145982573
243894149
161514390
177332335
241218028
181203270
243691932
18921361
21686790
14677751
240370345
229388178
21925604
238892069
239630736
75460033
14616024
111087415
90746809
225018509
232135633
18941697
1934931
203226736
196875243
220263324
235156335
30183735
234224613
229254180
203719999
45730819
15379444
124548054
23086630
227037531
214969375
56000327
197307435
14955566
15097615
225053124
46061168
25302210
213624668
84766621
15922415
73487890
23550004
25969442
31765370
223221047
138818961
61585965
49620730
221520444
147597506
125064498
160660764
188110889
37993897
218728699
120202126
28725171
43444097
19222383
121952773
154930792
174645197
23700926
206803921
186574855
213172438
25511087
27338440
43171956
14182254
159592570
22438730
16188675
189082349
15924611
210558813
208736091
6273622
48771419
46947330
60608180
207475315
65106660
16348591
21316253
14049145
151485808
205420475
51195896
13233882
131098900
202533061
76661559
35744537
45203497
18891923
186833967
53692996
15689503
153080195
191090310
28969421
75747111
62507017
17445028
39155029
21961717
121219227
47482718
71854497
35758513
39888452
26919708
71028449
16984974
125638837
16743886
14445574
187015943
177601810
138804345
190452370
125181424
65233735
144925891
135655281
19538105
132319698
183935849
183682969
102558395
153694167
106801536
123936593
16509580
58908090
129325306
26506849
134835729
175535957
137466464
92418309
15338947
182037684
20464843
113399267
18496709
180569984
18812301
169411254
178772411
163293509
171172346
176815230
779799
104288223
174322908
29480148
36710767
19024819
15526687
76658220
20268045
93687464
19734958
169064052
156823868
67219994
122488212
165972993
148439696
17316885
19537193
4655251
13628152
15952867
60153685
30018613
148019014
117568189
32569038
21235571
34371118
67690348
22715186
161488008
153668635
23075409
18049240
18172905
34666433
14806872
43775629
57768217
154619001
121795745
151109480
152299457
14802146
132664306
148041033
16504108
59947068
22990108
83742122
15482040
138764685
139850405
1020351
6291962
33407495
16479174
43261488
23573409
62837563
14136622
17471150
18725891
21958275
36648731
19579228
25681333
134457790
44862952
12198522
21905301
132259796
17243213
89454943
17603231
131781646
28487033
130920011
106849100
28035458
21657675
92873166
2179951
70709534
27939337
29101085
124687229
43385314
48364045
15166261
125317486
125539507
42930296
16187637
19666264
21657051
21110195
119289506
67685428
36387880
14129299
21702480
18143563
17021844
14153020
106849508
47381968
15527028
103186235
7848802
21924320
114850704
33222598
110490219
14646092
40057701
78716102
33321148
16164985
49960226
112298439
38742528
12354832
70726389
16493886
95072551
7768402
21320283
15753553
33108701
107589647
18944963
62524028
34720784
65564752
19416225
16157855
52774637
29455548
21343058
11883722
5336752
15399512
21027715
64485600
21674448
19011374
8267242
12889162
92630602
14881239
26778199
102086868
79016364
20007834
16219550
94009493
96899214
82678818
24728637
20166462
15077344
16672403
21788594
21359628
21334179
98207983
8162322
15053214
35027698
65448844
1025521
18313617
97801859
78497401
97273195
14246001
11384102
22512883
15724082
63004503
14477880
14246657
16072058
15533624
14511951
16951547
90892428
21627786
87098546
84316910
21216378
74353757
79669784
79299760
15255914
19360002
15462146
27940326
44358681
10476942
16113596
26751997
47869237
12340562
23146741
31135510
19839856
38103717
15458694
24911207
15359578
16371887
27951009
19607657
19525253
18316334
17208847
24239169
23901643
22736324
21989564
926601
19195914
13493302
16826371
14858000
20090129
19655496
4278201
17095240
16035471
17957647
10419
17452788
