3182887447
4832681197
395390955
4864864365
211369803
391755404
291709775
703247602381418496
70156027
845690522
3271255423
4867884322
2955091368
705902960967094272
2393063119
963036704
57058641
2478015324
515932541
2973525349
3260657304
227410667
23305759
1580456054
111138017
25373969
28273116
3319254798
340934794
712230780513062912
890497890
69739698
3410689588
379314159
499202239
915677713
2319339266
4854250851
905019768
4364693417
988279338
381108914
923885029
705026794383085568
4232431215
3436894821
1734086719
3277814538
3284112337
3314535722
3830912607
3293741005
2975468251
3946915763
165145111
3950481494
449110269
2379998851
3677742792
4547869279
19341224
2619593276
2592010609
4821457353
242618658
21788148
2687815969
875097295
3325377563
3918298817
3721957513
3842341397
703561088
166295043
303511259
2357594088
190905427
2208101510
2276883043
2278641037
2292865520
2276538577
1967471376
2283182431
2243627143
2301011755
2297472554
2299164020
2207806712
2275011253
2240528347
26618468
508265308
