1649464801
714713652490846208
4840792640
724580651861716992
3308434720
722399139372392449
4888529721
4774079053
261210514
1032307680
1078030825
4636689264
547095036
3393104021
705497423678812160
3142239520
717267692588240896
27393477
714296470191607808
2796782881
192051237
4786456813
725327400222003200
718474389101101061
4143486264
726094274161467392
2430831048
2744373380
2485940832
36359651
170404126
218259650
26556899
611817117
725961712655015936
713980614588796928
4001793873
717981240620675072
2172114588
4717393516
2472764172
483980540
1649453299
724876672042934278
720299865104785409
53668939
42358350
34319481
724498175168512000
711945191133986816
718504346305105920
3067697880
1657588076
1109474383
4770626205
188213257
719216880297357312
718015329176305664
2425880040
3065896058
708593404922499072
3664412061
338584838
409353413
588175906
4842275217
4025837296
73477056
1569816632
707149067823030274
199317006
73470296
718496363714101248
724952913110536193
3311685183
2184311407
35817819
725382296086269952
3559893920
4921624814
2387470824
4493443709
722799080137621506
2485061814
2805767666
2717013770
295710712
259769145
221376878
2277837108
2354854206
719990773958053888
707554601025851392
705024238453964800
382506815
717669990867058688
725058690475298818
713643600827973632
721257673644228608
3565401437
2485214761
1657536822
707723975523229696
191413325
723605969897320448
947701183
20455336
1241909060
2726480652
703218214831050753
2850316964
3353129206
135162965
37178841
37934846
364352783
403516592
1497693384
3195970028
2428946564
708105721628364800
713073738342903809
2349661610
2426893045
4297261169
44068397
1578738596
2373149706
270453961
880620410
308997977
712620510375460864
31366707
4219963684
584130246
708173743890169856
3052737922
4615449373
2543686548
724615910691082240
129801083
724611065066168320
75329099
724599523205603330
724595639032659968
724595149901336576
271553829
2990283814
724588870667481088
724588548897251328
2753490355
702819350114230273
724580449968861185
195802836
724570291427483648
1855494900
2819823065
724560022081015808
719587455070900224
2705723028
724551206476062721
724545989357481984
724541710932516864
4794155302
4178108954
826960248
722727877700153344
40893994
721384402974969856
723811461303263232
717260656001548288
4253467397
400065033
26779518
250034113
3775088057
235102332
273438082
4644673002
21672394
22743455
718612331488485376
719340830322917376
240527238
718644710437355520
105161933
843134288
4777042974
720078288203284480
707739083884392452
297138516
2816007016
3371956624
719395709326262272
723880265207189504
3032890210
723195946067197952
723844690219569153
3880737496
702350515628335104
2952539039
2891225304
4448054233
236580290
735094597
704701255759822849
718588894426591232
707735161870401536
205791944
716481997988831233
4845789875
4892160709
1628609317
705555207221022720
3317350172
865711309
2382657660
56609344
1190498018
3558826873
4633311014
23025066
718346831797870592
723178181222535169
59830916
2478628598
716192024949612544
723115281111875585
705043112880578560
223613994
713778412230410240
4485753334
364009756
3238766446
2178293725
717694211269738496
3319467948
33601080
620073571
16529873
2906523779
252020392
713460623431057411
879161563
1463787757
2785637836
4816753709
4863672351
723103984253198337
76293696
720949511225503745
722321929995046913
3955924642
721559466622062592
151079975
702659538500112384
4921353345
720649603398414337
721144492309348352
714296263630426113
4196808167
713939208486961152
720255991401480192
4866853347
2147905205
18731529
707722363832541184
721611267513970688
702319185536393216
717362259677343744
2878209555
2523494754
17467699
632346708
4053462196
254888857
3955200743
268639000
2817096751
4331638113
53886585
705252009222524929
722623701401731072
713374972765298688
175757261
2691041346
399599593
713419348208197633
718122952781402113
707781735149391872
722475710
713860800738365440
15174860
189049589
713082838933966852
2469552655
722364895388442625
722367936686592000
51518802
722403415398203392
62452483
113416805
720648343320399873
110981879
707727709124894720
127108489
358464377
716480640498008065
716480340118745088
4923863962
709717393019379712
722095742718984193
718593895253336065
80107586
718598304301477888
718335934035554305
716356024215556097
718581668181852160
717738526012407810
3006826902
3642161414
17578576
719726834292781057
2868936190
704499191654047744
3071086114
1455594732
23008510
721762106014638082
710408614947770368
707855274254733312
720699756582932480
1118804126
2771011405
145612989
2953443143
534695290
3019496182
4746473109
714298823112306688
3117734956
717065730982694912
712965536267780098
2615416442
4751404819
716146624788045825
372835834
3182688221
16922018
2791795429
721600396586692608
703160682192089088
721087289431101440
2743411589
3007072406
4202910019
701397104409886721
2305210184
233842839
1246342765
717797401713487872
353498342
717595612770922496
713818824961691648
713514452922925057
572609848
95982652
3334492933
4668375612
2564053544
20289041
30349066
713666431704031234
3141376806
4508868496
90962053
52085314
3432659753
3192793019
3907476072
92021910
4847345243
3741164719
560062431
4147202654
2804122812
715266066675412993
720980512928608256
2310579596
249768807
4895985619
327141321
21874395
622449926
3297039887
2827854823
720947816680550400
720943418684346368
720942209042931712
720942539172356096
170449505
317198401
3120941811
2467073640
1012955082
125995600
716399679307714560
720300165827993601
3894883578
720654987194458112
121598314
103346588
2670892573
1039397540
1032961856
4579886477
2440295544
714883714593914882
720032934066024448
2166742986
706954810235490304
1685042425
720298189698433025
711581616930299906
3866255054
720275148616544256
4497640761
117240699
707430199735017473
4820445771
3235307350
703195900533846017
711861692699807744
3066170102
54619102
1038329322
2815906848
716477341434654720
1968716071
566415256
3183474259
949545120
48218522
2567569722
175500549
719143281989414912
3876481459
4888331759
3882472035
29097048
718550405857329156
1241364140
716477102329991169
4777209939
716479790631399424
700695975
718462430733578240
342894187
715418358552731649
1032965533
718221151571468288
4538914212
2187571819
717028108361199622
718133028225216512
718130417052827648
718129673423753218
714446394321346560
320960101
398791609
717133491968696320
4408764580
716088372490424320
713379274611236865
4878435543
2608133516
16155503
706224282804871169
717752495808913409
717079166592684032
1033267404
716478999258537984
1033027520
1963491806
1417494007
1034564510
703629778675486721
1018055515
717236320834347008
1037861304
715017518457470976
716477901294608385
17801505
713851052726980608
4874370073
716346908348813312
703891150739017729
710483111495258112
712310371936243713
3816776187
4598658797
714752145665425409
714352204879110144
2978465026
4602385214
405572379
571735543
715131294120804352
4895353573
4518998844
1397983850
60629333
716626816664936448
716602706857689088
716602184381702144
711192319760928770
4623240988
710451599345254400
1265018694
2603608866
715533877217918977
1591794392
709867545075916801
715930881601511425
2967851261
2322107286
714174731356913664
710377756941553664
704995107020382208
3014241108
714055899250368512
2214323316
1023918493
3035558652
3228028135
3857469562
3084561405
712902119548780544
734840887
2157203023
3179909104
709830418812510209
707298158771085314
709796547567820800
709295382421868544
3053432597
715488351965478913
4766197874
3946989433
1922080747
788889456
444166620
3024432467
3024362122
4857484487
1163109188
20228233
90031275
702308887
205333563
715217345392848896
1011755287
2539200439
715203551178399744
715168895934545920
4862537932
4106706740
709157999647059977
709239093658591232
714012159362076672
702220596172558336
89407344
4143934992
4701772223
2178437149
711462194056183809
2997776167
4886491028
961019947
4900823463
1175867204
1375860338
3072220933
711557535812100096
702744624754864128
714384758751555584
714231643666427905
708388519455100928
4890810004
711857561809641472
16475982
1532361872
710762136956497920
3243956411
713128159949021184
3145749712
714097509665210368
1650538020
707886223742775296
1049717496
1910065352
3978417838
224717499
3302195254
15279422
3060116401
1683118196
4600452677
1329438223
712661706992914434
4638051829
349518332
637024704
4314836721
3365616916
709061898386411521
712110837624926208
2565091397
708646770100666369
1674077179
1249624424
4791600673
705919868466569216
704946524380393472
17571027
713370521056976896
2915634197
704796976760668160
379756600
703612343373185024
151478997
710855771454623744
2449205839
701643403268784129
27912440
66196762
3242092404
18104730
4871805676
189050255
4827798614
2442900444
2238520130
1085595140
3972567065
3087912806
705859237583450112
193921029
708254467720753153
4496472507
4088295855
4017707601
3116659201
2445213588
712233453132058624
711852811919761408
711849339166007297
711850818509643776
4894726930
275113320
4871131665
2330679612
832649815
1854114698
712230056958038016
3312980472
2922500155
709775235508248576
100384380
449364390
711887869720322048
2459610476
2344075157
71607063
167898829
3438649391
3042088557
290165980
852441913
171655412
4178062214
996700741
2433112993
4777157318
245412151
3285123253
4791707720
301910562
514975730
1964286157
198582172
703115322081935360
1523388686
14884180
767920694
1894799838
1233538165
695486374422556672
3971807053
4407682839
154989419
2925148594
4002933929
4052215095
709687423958175745
2227631191
30414789
3995017035
705797702643126272
4320522688
1188699282
3299325386
3293096656
3078128985
702020783153893376
705813747936276480
1189829622
4906068461
766071379
136176337
226551996
3130802746
385928360
4506829633
3348051273
706353220906414081
3102622272
1267451629
3164498875
40597633
301337097
708588406876471296
4534358552
1691624924
4336055772
707579783836610561
706487087697100800
708622464977338368
231487744
3091701693
708382544635494400
702100991118745600
701730002312654848
701682843571752963
3306620816
2721912984
4680789229
2772620300
3428552307
707220519150444544
606456368
817988299
18957839
4901938726
4041261073
704693357805748224
702667804726661121
4914554230
1293654426
632851178
706222356927090688
4839591970
3289778925
2585826031
4925008759
4118054303
701025803631468544
3245631819
3424162559
347688820
3087240293
3419019460
3367889919
4776756829
15435890
1277611340
166490546
3801743355
4776817315
2435528623
1229392411
566565074
705536387693617152
705451182232375297
1964756323
1037581448
705980782519717888
330509397
700896605193576449
704437666524180480
2313794982
742272097
4894868608
522246220
705069436949143553
2714079919
702324456253829120
3356245763
4826268317
843099384
4850529450
4122233061
3881844574
34821630
4900898392
4184882229
2918995967
4926104216
4842286642
4811288004
4734230356
4141257946
704636331339735040
1186807902
2574476438
1189378363
704371646098972672
4913529789
245786684
16695295
1186348645
4926741502
4885335903
1964214510
3280020179
2192099668
702856925873086464
4878481923
4855840213
2420853642
702235907546595328
212025383
2433624678
2852395632
3193536538
701752694621470720
4834771671
845746712
2799439416
701579298566705152
2986590952
3484349721
4891662045
1423824241
4884995099
2331913824
1141302799
4869609797
3433130944
4853802702
3225485016
4634141741
2997867329
2777088003
4875753076
3879474863
4530046585
4736218889
4873583835
4872849297
158421026
4375100593
2897512322
78066082
125104224
4904927247
697101272298713088
2464319023
4905001829
4904973927
4866655444
4655092707
19192786
119809482
4845986633
1952380376
1039568845
4895053721
2956891102
1188008000
1622624952
4026771314
14941706
2577654037
695646323563954176
4263127815
4842649487
1183299007
2969936683
4838417883
37964410
4706305937
4341929417
290490080
379641843
779314484
4866340689
4868450711
4631992211
18618367
798885433
4867706806
1473313470
4872116157
4871649801
4553786653
2525805978
2589733616
18730862
4867458509
354759709
4837205516
1390167182
4852054895
329962164
4829335978
159558906
4032067994
4157832357
4681127078
3126690380
4848576755
3688874062
2908647866
4214895854
4414138115
1329145669
832097623
3544224376
4838571113
840534841
3017730435
1034130912
4837311106
21214705
4787401335
307312197
4798983702
3109356641
4703743470
4379448137
2412911131
1333391227
3246345534
4021064073
3313844651
832156290
4823678201
4656121755
4736442797
3176639849
145222843
3390007595
4638436208
3369870207
4614430035
2708536118
3328686118
2886554635
4586535381
4819339810
3068073724
4569404842
323998361
478285314
3423840838
4809133365
4469583382
4820637225
4467518607
304929769
4806411076
11695602
827319702
353048285
16997715
4003238723
106802408
3029755659
4613028693
4719527682
3088369390
258820098
3666446541
631592275
4767412240
617514582
312999231
3066373919
397169367
4714475062
4739934375
4719594378
4567289895
4400702477
972826051
4603902444
3405865535
4697010596
372008135
4714295596
1308392024
1653676969
152711371
4701783494
3011702871
12691912
36035454
4481796557
568278819
4229549085
550500722
2590902698
4142070503
4328061975
3401117417
19341224
4583541754
2610053203
2529378290
279571991
2520677515
27464227
4580010165
4548027263
4547807902
4435422372
443940062
4367283796
4564643493
228520906
242637589
2225909803
201894212
3764815393
147729653
4547609003
184798529
3299583705
4258802009
149446415
4323559752
3480662006
4287256874
4309973007
19671940
4139683414
4276961294
4310089108
2232660032
4420652837
2279285024
3489736273
4104150455
2447773698
2491642130
551534284
355783274
455647145
4034756598
4287821779
3176770727
3605972356
3094715909
400281600
3951613228
4537655137
4394474009
284338141
787076893
4514401093
1014931788
2786363237
2834329846
3846606853
4345767795
361062387
225073523
4102740016
214502989
3403230305
4421139919
2296218404
608199551
4395844419
466788641
512996487
3271996087
4487876592
103399691
3658421661
2836715790
3151206573
360448172
415745334
4450630752
4400398299
17986973
1272477793
2800959113
500626804
884683580
4289897360
208139326
4362408688
64361205
2360338115
858964134
3635371452
3239195254
4074029889
418558413
4347820767
463205843
2594588820
2269004257
4323443421
3286305842
1314702626
18031498
174044656
2999497553
3283985096
1868586278
947876934
3991154412
4213021870
284325026
1167073380
3091353916
4111072213
3128637045
3034124811
1663316522
2407424592
1187169870
31465017
4118444305
4199703734
23136101
2202370916
4111074973
62352918
3259382862
3916959149
3269874122
3357181499
1923890856
22695157
1238974663
3962110756
4117569312
3118423107
4112406793
4127285584
3822503296
3456533002
1245422732
1187157181
3364138852
4002415403
1189481634
599538343
3514093276
488312529
3568116139
4101714374
3791412859
3213707317
1532559510
529325419
4143346400
1191642175
3498920232
851667488
2887579240
4111716496
4109534299
1319231707
1277807990
1195050816
1412777114
4085786595
3530843416
27188645
3804436212
4002439217
3127732375
3401192039
4125342253
3351294934
3710946917
3004271681
2998978898
215690738
2236601768
1921640281
3151920396
118708912
1099909921
4061920827
49926325
3983178375
362373842
40812863
3064571446
3809770392
3890145382
96062997
2165676145
3311888438
3968613821
2320812032
407978066
3246174526
62738687
3939338728
2227088701
3138119856
1945935708
3340962209
1652752501
3490736053
24496065
3199732287
3772162272
3094695993
1418724234
3697137921
321536046
3770811735
3243254839
3668959573
3668206093
3570476713
361667685
2927474991
2899379324
3288414708
394063084
3707094141
555199890
3615903372
316365866
364163233
2380795860
3270437762
1732989216
616382491
30193378
119706371
3660672377
100840734
351857473
1733362400
3157935440
975568908
312723929
3033373710
3299716975
2507288594
575457119
636301142
2915054312
1021179800
2517499850
2797824824
2758326420
2488241747
1237435160
3400339725
2810669224
3525851128
3252323449
2583889045
3400792694
3305051093
3366518592
2561582418
1962117006
2312876410
2800068743
2197403257
227232061
2541901122
2360835006
33923443
2679416869
2454411085
2210942354
43446538
18906599
358546993
2543812933
2228799552
3128159195
3299126219
3431751513
494364396
3346508657
3164464543
3031777994
2507438162
3314861225
3229057103
3100201654
3166346887
2787028453
402332570
77562851
2985084196
3313418000
33174947
3300742782
69080196
25497330
878735510
1545773148
3021284438
218545525
2932662819
2917649938
3374910142
2604376841
1228887254
2449427197
624872439
3351733143
255529291
3345694671
3149082524
3153498278
3300858902
3401000110
3400196999
3182164041
3251049589
3148059595
1953747182
2703371010
410833515
3238743013
3301052010
3392768860
2575075028
58602118
528573213
221769086
2326329752
3373845807
862103916
2932962745
3159090695
2842615353
373409803
3253322898
57869363
3297612634
2599543602
3376726875
3303906081
2434840254
3384134841
771635953
3270838238
3307843343
1024281715
178973012
1861284590
995324587
2728876733
3281253246
3254682448
505813620
3067008162
3014001290
3117157116
3290760196
3147416330
3271354633
427702966
3373649231
3336986734
3371375890
3236920214
74186243
34725540
3366968008
3369140867
3273738572
3367839749
2546415828
3271883155
550907215
2984500463
3270174782
3361925625
2439144163
1909073868
107171757
3269888502
2481845888
3332955826
371734085
123203372
3087795900
28211309
1368134322
3244857083
3307063809
3257135563
3226233713
491715916
3261235058
188627138
2940765180
3246283014
3054344257
3050415301
3110918451
1083015613
743623879
2224989212
114396856
47515035
1223796470
2472441839
562346664
1279681465
595207695
209699042
3008722618
3330201028
3250000820
2821286086
2454419568
499947583
607596529
54073091
3099545567
442171635
1683852540
2331153588
3326764863
2218547234
2942401426
1245715808
2742343742
1578856364
1671187028
108183040
2395940738
3316944082
3183920636
3111308397
3184559215
406482609
3239661649
2986430571
3291831526
231094495
27601509
3164462966
3153138336
2847565146
85872613
2517569024
3234117961
2833170762
2360920921
3153320390
3227740400
59661272
203253392
2474214733
3305134882
3065060260
3021350843
2309999868
2308758618
3302253994
3123456972
2308588014
2915055716
52492709
3172894403
2831388305
632876550
927645446
1912630434
2998718991
2444100188
3291252171
3246145006
2457829333
2394373980
2348448553
2912831846
3192862328
2156967841
2810700641
3115276079
17010913
2541983004
588656964
3164942968
3016777170
3233671894
2441749830
3251048787
1875238705
504240923
964364258
243745071
3168933706
1649673751
978650898
2833745920
323234455
160264461
2752677905
2621555802
3189095977
113981953
22411342
2875266327
2764646727
2299919572
2597728994
543487569
2915051557
3230964298
2320821690
3170272889
316717174
468487910
2955737977
3071147053
3159813215
2836197692
3022263762
340216399
1460311483
393963023
1307770914
703915422
1270410014
86071272
3179593561
622073561
3053365799
207427552
2452826665
3197036211
3165304979
3043881993
2910283619
7009202
3207366088
3130332252
3171502580
3130322312
2463759186
3171797269
3122196539
3092656089
2452872000
2182438333
2189271014
3190872129
356731568
3186603243
1612360788
3182341889
1954714663
305731291
125341608
1937748572
3016505372
2410593827
3049096978
624102009
1427175548
322318777
2925305888
2979353957
22984215
3100697011
2911530247
438563943
2457823680
189251882
597653671
416892525
1511486172
1685911686
2825353445
2811134650
242230582
32525034
2719400038
469301444
1713024546
2306804816
2400404100
1605596095
2353282225
268397989
84911827
380229340
2207894850
2243937306
144968987
45844984
1701288678
621025328
981663991
745883030
1304298686
615002333
1590492134
1098415848
436684915
46131923
135850572
1512003181
529600055
197389475
114082770
757412827
1465275475
138840201
705659461
17055388
1416589058
1222679581
1243478078
385502970
21415687
1411288778
508538110
1406471280
1390419553
306259657
199851580
508200972
430603583
309906675
177445687
529157676
800522113
60024268
1017715393
1307406138
19603577
92569321
938657858
726677983
54558958
1263967032
454765790
120161892
1087177064
355203635
632056851
1230242670
1226762504
1221406616
157056598
989392464
183544242
319684001
1192720494
607315823
236124307
1039938162
436523411
413340621
343491578
200058417
22253202
943952695
353019465
21218806
199935969
389096962
550196124
1096312710
511925836
1161464784
1172615569
952360219
87651146
407770771
866173567
1153579814
1119305545
537599579
1120096242
125408666
1142275634
242212966
94128494
374462701
370091959
1041766878
250750779
978238548
1116241340
882729006
482966671
115165851
421043499
566854615
76348185
1079117018
1077812660
1092139136
252738486
414881822
973375717
988741470
500342686
395441701
1075298935
238931081
61606443
1050651182
28566669
602497772
1060395176
637033624
317789338
749858605
1041821792
862744592
1034448313
858510212
570888711
1025963786
1011884527
344955287
958748294
36982750
520913576
1013118331
490335799
997111070
1009445634
61115731
901628742
847173511
448859488
618988195
777762314
400396154
870427392
596047072
911901871
257620806
351563155
905746118
170253639
14579415
621980386
771329155
11327452
161922330
470092204
882150594
848164460
853400768
611989944
625427679
71626015
300712070
867421976
405876227
564701640
857290453
714025770
847321231
828639708
317462194
835710403
326450140
146182412
493967331
305999178
741382033
521115910
817097383
217010870
789569665
179993075
574414979
210753273
128874205
738552343
264996175
600504098
325571726
783530186
217997511
510513382
21120230
436056301
197973235
771261253
29186233
354650468
758129834
192846659
718940569
278778955
756896384
324822667
542776977
752799104
730206870
294558483
189547328
725078424
735166022
735097333
111548027
518904222
299176266
712221727
622062822
386716727
384956476
628085341
45036385
631582007
28811439
89081091
614586814
50316095
545897202
249100620
387701458
183272107
282434092
590786090
545253537
365072424
487665850
119428004
385470431
412590881
347395605
48482750
296907407
556715379
590866600
591912637
559505054
297837108
590051886
589984668
583777558
440433311
554984878
327860958
422887588
265215846
422713322
551013802
59708490
567887654
532057159
543055395
573351505
183736305
538022484
566407939
123900625
378234868
355881289
544863095
110275844
310008604
32353044
255066698
80374332
352040341
331959683
553065143
16546836
221821843
557725373
25116303
410826295
32330900
16332921
62694047
507593122
42567363
416711990
545967190
29376607
376362498
547402894
240162732
130853647
19789649
549699344
549386551
541917180
541304793
526359359
431882437
116656463
535972278
470430256
538913517
400980325
523534428
540794613
411846889
469201814
540093493
463912574
519902846
500643389
500642957
325146093
333980240
54420361
537563267
20787494
476976586
19545855
252648868
390917067
500643680
411068688
411077224
83903191
433504855
153092924
522524770
429752025
411069008
234736834
444061055
424251668
167048544
19711765
518932401
500642912
519339532
520884766
500643413
474797329
408901645
519554992
215906788
469201863
500644204
189841419
392879084
469206673
498970866
341016919
431879748
419205392
471341695
141521001
500642799
506562324
132848019
498989483
445830219
411915100
507270032
324338780
502893617
506081786
499891984
424253755
275563663
469203030
210803715
386037236
501929110
493229879
502758377
291521704
462257063
501934359
496360374
377916448
480806574
498949267
82724369
431107867
468123403
490259058
490254616
267692120
487533748
402078711
498615111
488615364
465299398
465298241
465298058
481823123
436467839
468121736
91200675
469211184
488573933
488590273
402378795
140402938
493674582
465297025
15308457
401887786
494241640
421417492
483327081
469203799
482169031
466589646
471166370
378169843
465297013
317403664
470891413
487282774
437440607
7992702
439410220
259191452
395114048
314414762
477388299
477387969
485504278
436866857
408834647
482219178
436869232
180556387
436867131
436868322
438710234
448282665
439571147
470890750
321229954
375086013
447237956
482199030
465410865
55016811
482123710
471186080
467833224
374783842
99988846
356252620
375649308
476386247
443060200
443064731
369809071
418095526
49546535
68911475
389759839
381646944
361314330
225738799
196392784
475636895
462194617
427285136
473389015
472821765
93930694
336639376
465555282
17994312
285229853
91544008
459584506
452908939
398976128
459191853
16248319
461825299
24716638
464161593
385602022
383978856
163658180
171151318
453387295
402176327
462839088
435191533
437862175
444703210
456861942
383980123
385601257
385593683
429873329
443105775
454609877
458789666
128943441
429945049
127352583
46810429
94875360
70134851
30069899
426516495
396187655
249141345
449574605
454715299
444994298
219785774
273374072
331171468
409427904
451779529
443850354
418117815
385603775
436573454
432304372
262522503
447841517
389188338
446794500
332562220
393113918
439417072
445111185
445110892
445110301
445121275
445120516
271130015
42871289
337967954
444355868
376191388
443113977
305763708
278480338
435830619
443132959
420015696
443060504
184364531
17594192
284242644
401937956
382542866
79714724
57704042
249519827
188620283
429949524
436093155
2518321
426605828
131963459
155232960
430157398
161066171
218794463
384751944
418858736
338119924
425066468
200735502
417366706
137441001
424855744
356132099
365734279
409906999
408339096
46440607
327474891
424110941
423314502
424665307
392794288
40850896
410509896
423902675
364201140
409159458
377091192
399974878
20155760
325376424
412429208
95456523
184120057
412906530
410016151
406953393
411963777
89466356
400700965
408672964
398179114
365027879
58422750
242774142
287123161
401959955
401958468
401952073
401954181
400015961
399685646
397169967
392127540
234804166
362925595
397317824
397909724
151201131
396983308
396502981
34952229
258881754
394859580
292302521
302051247
155697552
392615759
386051442
19526642
253565840
124054433
370782019
374017141
386648704
158616445
352376450
204943669
71808043
364681189
385909155
385944234
385868843
196054483
65239488
41335658
60215516
208526419
377350217
50612081
376357926
365562587
382859053
352215269
16263901
365912695
382703765
136520181
250079978
372610849
351590297
48566632
62872266
218015560
352228888
46069425
371733679
378072198
208579543
365903233
376096305
377409653
356369606
377172625
224801395
76586444
375519652
375964275
153000151
375566994
375535325
359985126
366938303
374948188
372139664
167071933
243353047
374573144
340433744
373709034
371803576
335155712
186031526
59707238
362429732
356410603
364350962
372193458
365910762
169887422
62466162
371740479
298017129
371716546
234891575
371276072
357494702
364650697
366962710
215299142
350411937
364962741
371024437
313818028
370864231
370348825
353857526
313818657
23342928
363670514
86343953
363737793
351888735
368288909
25330659
359733790
344553259
368988589
368960744
350280503
348514388
342289017
177823192
363676648
366273433
346832242
94649415
352745267
363462283
367337385
179612990
327078400
171899121
256203788
215895570
286209357
183899678
367273591
363373129
219513495
271782351
145518252
367591570
343124596
15861944
74419919
356343030
355515975
352760485
352751676
352761073
356244959
352756167
352759504
352751490
352756595
366918430
352753995
331091908
366598280
345545854
367243363
147827479
189821179
367070128
356245412
365517097
17681513
345056391
366540227
352751826
352760715
352753459
352751503
352755286
