4179216927
108698830
314547496
3836008983
1906418779
385337150
314090887
35216399
19341224
3284112337
989690640
4845069213
4844695547
4844731492
4401313348
4401188075
4845174525
4586677880
2647845984
28782732
708451237797236736
4547869279
3314758074
2393063119
4845001571
4401141256
2975468251
3277814538
2764921236
21588316
702100733571702789
342894187
208083510
3314535722
4844659635
347627434
4845158343
3330006093
2890616938
2188353444
109200080
2203787994
4861814379
3031777563
2781159643
2445459474
2448524059
788333744
4410329476
4585622610
84444981
1861862785
43111757
2918026560
1923902360
16194080
114096098
251465597
2423901716
1446108456
126640430
2298166525
121158213
709270888
2148833168
235161193
1347168998
1961161550
452695568
355005414
40721627
241416797
407685094
398565996
398258984
1700583565
