2485799167
27787064
3608715852
26304307
716346908348813312
3938017040
717204881476550658
710225392515346432
242746388
710129921151148035
3227916193
2511535650
31183535
2888212070
1697955452
3216568850
701266606421204992
204949980
3181332104
4886634597
3293402810
4771731745
4781119974
4674587360
17075780
385998940
3682046353
3937406714
4350028572
437971900
2810202638
1691877336
3799215380
322243325
110752810
471276386
2421617520
3316335805
2577521665
3345561555
3281756413
3276686120
2987307190
1877715602
2950754602
3177304902
192309658
3169023679
515058390
583054770
2306913564
3091119872
3017836496
332944669
326372844
179135409
3008570258
1012077673
2958198675
2929242015
41482500
2898687230
331978806
2243276448
1022639138
2545226318
2805159555
2407410678
2829762241
733556168
2805866592
2800058714
2557689548
2743302783
2725342820
2454483133
357625728
2546690178
214972083
1952819786
18678623
268139464
16478410
594411345
40414505
361033612
17723643
2604077269
1090431048
34282709
2650161440
37288373
2616117284
301795588
345129036
2598018709
23254288
393777900
2398098733
78495596
1416747379
219460248
34676598
22534490
2152396292
2562263773
16385353
906879325
2451497065
73618743
14519349
164593391
995590147
700079090
47565973
26663087
28666924
562154200
2486399629
1605086900
2290913383
863836782
2451479641
2420976632
2360667438
53076571
21927987
1597984326
2369740280
2330234379
16869293
1426704559
551675536
113189488
376486194
335095502
2320253143
489705333
2229576062
2215212812
2275854186
2299010306
21640866
16851144
16851187
423477279
374327684
1011695659
2277108372
30761202
1479888450
198586473
2153907128
625024144
752400751
72078754
399657624
1918309981
16701520
1370827208
22229074
1416412656
1402950674
795381073
598220866
1341145435
509528643
11056422
17093617
1020320552
17585161
266376962
92493531
807658387
931504928
902625204
950197254
898818295
869025619
850603002
489602836
869443579
900773030
846588780
868370563
803103764
851448073
278875593
195608726
26429512
429091923
370492185
316553349
40972993
283859978
19001291
42770825
5255121
18330658
60115844
143281043
49465390
