3376944683
2282243738
2362236874
1941496730
2726947529
1076770026
1031781300
4440678868
879004554
3038459562
479893633
1721318353
704507014609817602
721341343285424128
710755604004900865
715953979969171458
2218738416
712096447542513664
2370244060
2308925653
718461884521922560
1614856758
2865072316
190133781
429445670
1517610218
1633487952
716739987119726592
714972050650218496
1046169445
47612021
2157776471
3134603105
2822072631
1616667500
2663678201
716483576
624973139
702991311578726400
4093268308
2874266261
2818056816
1026750054
3093585857
2458748312
4432169183
2870042139
259819153
509550745
701983603748569088
245978168
3124233529
614730512
969013400
2198343379
697513191773843456
2604784242
4847542830
4854594171
2508563508
3020971750
3008407353
2990795171
4685519005
258996000
174930501
4231895661
4608019753
2691364937
319333556
2414212426
4465814655
2249051320
579035270
141352381
3372484805
4376712802
3754686256
3660822673
1358247858
4259997927
4254209663
101325539
4023570383
4190977779
3073694275
3691591582
2326863837
2235219283
2422873122
2453354910
160685341
356548298
3940991234
4005926512
3423366292
3972766048
3912443603
1965244776
3668055143
601179654
3908440583
3119355603
3700465395
178215906
3670223895
3814827082
3798718281
536834721
1628064583
3316608705
3441118455
3430839893
1224682494
473619095
541202818
2281133900
2321364704
3580118177
2874282865
3470713526
551510065
64737768
589972084
3529078817
343467177
2601962175
419930771
3483415635
2986403920
1357939507
2211318052
701409944
3381460786
865282123
444301527
3408124709
2211303225
1321802251
1865961373
3434840495
390483770
441128957
3432451235
3348332446
3085260545
1865147695
2874621009
1257196753
3315687530
3411184155
490943110
1149567866
3410016345
24067286
2368975878
3349149719
2607738335
3304710080
3398380215
3397518670
2176920433
848162077
2900001076
2874341284
626088607
2826786082
577440095
385887408
3186864242
1587025812
42514751
448070709
3376808963
1352418066
2809514579
2224465995
3277227067
1321191409
3096988175
2386095463
2808663432
3361780127
3357772145
1461869209
3004714109
3352003228
3180833345
28602301
3337462085
3251190505
3335892765
461646609
3333849976
3333333190
3322129553
3242247542
3315847570
3310163596
1352670355
3304504582
378765670
3241800227
1380337819
3011477435
2861871148
1102052120
1608613262
3194725062
2996718280
2583549535
27673417
2997485556
1323642043
361970162
2823738033
2749748651
3239351764
2360410140
2993376747
2435140771
1631753773
2397784297
602446955
1032932167
1489275636
1684093898
3185252819
3185192423
3177832456
2798849189
2560183659
3167785186
2473257776
1549198441
3026636968
3153066041
3045181022
744282474
3137913292
2270849542
3074260447
2603560956
151780404
3092273435
3081339302
3027156383
506725934
3077905221
3053020549
33923443
2153611186
1717301532
417344923
1535769169
1865295086
354633578
2555169008
378248220
2175442913
2148842877
506623313
1450078398
448164882
2744509462
1029567547
2975243348
2214636377
609361215
440243296
227030973
2946032692
2975739473
2941044131
584324793
2957912396
2964929697
2943191887
879229255
2961569884
2955374423
962726521
528126363
2741483369
2411863374
2934601239
2934555735
2926152585
2863400529
2896200507
513539877
2243744265
2417915524
2628693682
432115267
1858868420
2907540307
2888501165
312911849
2887306371
2822043857
896438660
2373395176
500144831
138932242
2858044960
2787029576
81871663
2790259571
2886538184
2826925320
2201348355
1231260024
2851245487
2842776034
497101124
2869805827
2869274604
769512764
635744558
2770671431
2367946639
253005980
1520781630
1319546863
2861086868
2552592794
282242526
539710893
2831402015
1214521681
633035765
2775439525
1527044575
2828585801
2816642487
915774072
428728996
2260569561
2780686869
2845385323
2777235241
1201747520
2198572691
1711211221
396979411
2244828994
936052633
2793102531
1064540869
1663827440
1572977922
2533567392
891195480
2519802347
1969736540
2791089025
2653044887
1355398957
2468239837
2820565386
2818612214
1591863007
2619335890
2198696806
2570018728
2218377474
2239187589
2243122350
2649546762
2227904014
399105721
438038186
2797654128
396365573
2258308632
2764982404
1566644276
539545197
2575932407
716905190
703177078
2762124238
2762117764
2761547463
1187964769
2748351881
1059440918
1855464061
451193160
2752911910
1319544728
2521827266
2487315742
1306771417
1638537655
2255221808
2742113288
105910320
2624502051
2744109795
2734387362
1421236699
2707906208
1660769958
2738272403
1663264250
2161494680
356312465
1121282516
2513251008
911520618
1613996035
2729055615
2732766741
1615460568
1108221378
1219993184
963587912
2729253929
2727762299
2306461121
709965467
432958221
258962782
432791448
708593145
1971662551
561619000
2335333441
2224121231
1872987014
2668212017
2245825689
493469918
2210600347
536024543
1661182580
2419145623
1582253564
248877508
2355418400
770548286
1600024429
378260123
2457447577
633080943
1031460535
2314466311
295257887
2696414158
2561333711
2281266390
2191159873
2411610008
2437721966
556429711
1621717411
1378024746
2677840467
603233735
261416946
574930676
2451776209
410258972
2243540999
1918390904
2164966821
1938321992
2321115693
1426204807
458649918
416971579
469852041
471042134
434545445
2348764250
2436853875
1375273850
1432002662
2220500838
746307295
832080548
1564142088
606863811
2623370679
2577086310
2471800808
2527136893
2221317286
2395467322
1447322168
330580642
2586875860
2612596377
994081212
1472699521
355829513
327515314
973139396
2548906320
466814233
2223587129
795103604
2567288741
2281279503
1220412708
566713515
2250813953
1337698694
1626398918
721216342
620561826
1279048782
2251030127
1965521184
362152776
608778100
1973278356
2411866242
2477825613
2439354937
2202350717
554070394
2460653524
2170045054
617548140
1885041968
893959700
558799514
1046045767
1258225231
1529690946
2150394508
930712340
1081478610
531740121
503696956
1350696823
2403367980
2258010565
2390627989
2310506794
2393337924
1191475074
834235574
1535521758
635842938
2385769843
2205678332
483479750
2400268481
1332645133
973096214
2368239824
2338542658
2377821417
2317049919
605628273
2336763239
2368147006
1733429706
2235071350
2326844633
866527062
2292309640
2255825871
1431639950
1252714345
1483258136
2205426135
2201256083
1483794643
1915830883
2198454693
1158541207
2149976441
1698235536
2206129698
1216938516
396198226
2161029466
506783797
1267971241
490497434
709750198
1118093490
715092560
1067190230
732123720
718543814
114859260
1729941588
1460815057
2155117881
1917420206
1626761545
251942211
1202919397
1551982164
1855832984
1976322872
2151438647
860387954
487976877
121283211
489750628
715344214
1102221714
355828287
1869788670
564665238
248906788
459799860
1597286779
