702452886039617536
708815076317245440
703762638493372417
714887512485801984
717351399974170626
717950516496445440
4586716272
3367987133
3339291910
43715612
4850460226
4846092981
389112512
4899316420
3238630843
252458613
407143262
3311940711
3706030515
34479227
3111497457
45053308
232805860
3303483619
3291169854
115016987
1942319953
1531785828
2527831765
591000831
2895381192
62596750
2957320065
2293681675
2923826819
2856209270
509613373
331228540
272235800
846765643
557386143
2803801471
252957906
1373262012
2593374667
2554148370
108109605
2484546307
1637153228
2320444070
2287294513
1560955999
1504307742
269475859
382217173
170165281
49466770
21207089
119692595
131454660
303447030
166858343
758246102
474629966
373626796
22799772
560387819
362714210
177753726
66843503
