1641577224
3354988469
17850785
275655925
716203410731585536
1656788335
1037468918
724683588839596033
1650081524
3309192645
36110149
4718546437
724430444515737601
1372148275
1070242490
4154022795
74918756
719272676917907461
1340122939
478157338
3330119233
283119574
4457456413
2363507700
57258444
52790910
144365176
3794912015
1286729125
2762253282
1639680164
3329739425
718792054218833920
4057170437
4921043565
2327293885
719746074823495680
4070211076
4830415276
413568998
1849968842
20571353
582496794
175435635
2246371640
489234619
3235295954
4781868466
3386230625
2195857172
176774848
2967224915
4593410782
3342793873
717261284966686721
2782134274
3750446293
717073699493384192
4646732474
2885555464
3351242653
4252507408
702919441546407936
3949027762
83832673
2417813233
4614011068
570870479
3246064157
54024912
14297098
1859963875
3323699568
703999818364899328
89911428
2928861256
4410453199
2800884500
711173611114131460
4756345456
25573788
154849863
253207647
3034408939
810841860
707276787101765632
309788079
545470568
1262930184
4914258212
4909606514
76689333
2954983687
2368452848
145395533
479787884
4765534710
3166266780
19954931
703891290862260224
3064126634
3092446425
15659535
3944400912
1020832243
2821971386
1516980212
230935972
634691248
323648321
506672249
18185124
2379798038
2202427232
272028812
4908189854
95338014
51644160
188817929
2614608612
52102976
218899577
2669532804
729078128
4478611340
2424383984
1476918324
15606203
4799362049
34561510
4496248702
483914609
2925362388
3919359614
76991120
56752880
1117140026
709747725487591426
380106088
3047315729
709646983275941888
989962710
4418433382
709463405329973249
300493991
136402916
899921592
335033659
3308100978
1251919076
899888540
1363307305
323376096
3625576892
707863020895129602
702956399412678656
259222736
705042575401558016
706000773256077312
271585326
3590034377
2640869977
583620941
4794399355
4811524159
442427895
1527928734
704102371778043905
703337451553591296
2468730852
361288541
3054832982
2824738975
701090193537966081
224436541
4061757383
221121356
31349232
2899846733
700507542267555841
946678891
1614119971
4919538736
4834029935
793106778
2608292262
23134978
2449205839
292892293
4744913005
4924069151
618147740
118638286
3399228078
294025447
3947886318
492725788
4333326019
4854354316
634915742
4859361494
4622667435
33352787
88120482
1449644064
4827351956
4915485628
33748410
281956417
3212535711
88961275
4912855870
3438943221
1390996074
44645318
3548447122
42933477
3265732808
3070165531
4851512182
245678071
302402692
112722463
1852826718
1167155690
317378810
4421652856
35215328
25148936
193158604
1428593905
26849869
303237188
609418770
111890800
144268387
22311903
698718028146483200
205786572
2419237316
588035925
3315335190
4330196252
154408781
4840720486
2295870535
371686507
258138846
565934844
474646595
3196651122
4747450276
4819971310
2353762592
490277766
4273970415
148119486
2688430086
353942086
326849716
2620347206
3309506964
4893036911
59914841
38615499
1490526733
3138172134
3187145860
597666956
4902734733
928791067
4892106022
66650195
2263973551
1008782282
330963076
1723460328
2955836975
1688528240
4706826099
40059480
72359454
207768328
4901346022
433983667
4857697462
1009718982
3338716749
2334396368
334331357
2994528556
4463182877
262953275
3266308910
2948546350
3016934710
2956658270
2974709686
4787242881
3698790379
2767605534
3037077637
4832671453
4883744662
4883537769
4870572134
3177698475
695920123522248706
4883229813
695647912664039424
4419290721
4882980879
3805902567
696060489332228096
4881339802
2462085810
4881815579
3287398062
4882373069
4882030023
4882269233
4837237888
3001038994
4608611054
4881916197
4698326239
4881438257
695966949168324608
4729536195
4881131009
4527705209
585596137
4879799146
4878906797
4850215333
1655108317
4878822129
4858588059
810841892
4878445235
4874201920
4875349462
281316590
4875483717
4877396405
3590027717
4877444560
4632345254
694897272421687297
4862439870
4715571470
4861517342
3041854430
4587489050
4434347839
4848533074
2570748161
4621952298
4858856124
531449219
337981307
179269707
2436538121
925231861
3913553417
552403869
3419323834
4870174229
4875572464
117191823
4595951968
4875033545
3229694758
4874898359
4872665775
3047717273
4868252992
3736308622
4700620096
4758268036
4707305106
1057121492
4581227472
321196077
1629264464
4873068975
2155076130
807259555
4788421732
4872889871
4851326107
694567571962597376
4847653517
2502051516
4872392123
3356575907
4204298207
2465005220
2719946021
4872037173
540873147
4871285014
3301205532
913945338
3292238879
4657601824
4864330059
2450284338
3039304672
4870677053
2942422866
4870425435
4870463303
4867936247
1173701916
2855426775
4869333207
453447887
4689298860
4498915647
3719310133
4842996391
4243102039
4583112316
4842603176
4842525734
3091948686
2869483991
4867699617
4838014112
4867618661
3193062771
2576026372
4866749050
4656961287
4757698523
4624936666
4866662685
4866306754
4839210739
4864556158
4735894544
4866007174
4006979237
3369008746
4865828117
4007033233
4865528896
2788386472
4837041607
4861511914
4854268197
3028200611
4864803532
3929990841
3429459041
1928086148
4205562327
318423524
4839701739
197917794
4833052982
713052861
3219029098
4829973198
4830413378
4855682441
4861312601
4861410575
718346215
2241519681
4855350485
1122396631
1223980147
4854959902
4859745111
4859488246
4654216484
1324673268
2411371306
3018111884
4851976060
3404999429
2719688420
4850314197
3130097660
4826483688
3142681842
3304701599
2499011313
3343085685
500100172
4324249755
3312731771
2564039735
4856253539
4346232747
1581436364
4732592548
4856407149
25572164
4811420899
4732235144
4855910007
4509003874
4836655181
4833625317
4855141761
4818384859
2878428252
4854411929
2755603739
4821451932
4818898997
4850184844
627422714
4564673560
4809598292
4838737156
3304549867
4839088713
1035617629
4803639138
4749638955
1444380654
44119461
4168168276
2473463761
1496363010
2474019476
4734616758
3367944748
4749080781
4711778779
2998979851
4837065599
4820336812
4721878153
4833822411
4832011389
2357298400
3373421579
3359011042
4712479862
4765022795
4503661992
4671645926
3150523828
4795575470
4833382577
4624659432
4423339452
4158308951
4716579665
4750696242
4340778681
4201557814
4832191743
3753693372
1708318434
4831779593
4518200080
4831728142
4725470956
4831076505
4785917479
2798950545
2276158300
4830515415
1041177650
4827709300
155954519
3317535369
378001687
2596881866
4828248634
3477706879
4828140941
4786113859
4771629128
4827892665
4827918844
4826070502
4822529525
4827772005
347471719
4823231843
4827417717
3838052359
2684500114
3000257434
4798490303
3781641616
1611425977
4826524366
4825401479
2217732814
4583166274
3335346879
2904410129
4653242599
4779792828
4768578466
3754755257
4824655793
4824462238
4635672795
4824441532
4524817576
3430550529
4774962938
2287950931
477349438
969016567
3013806251
4823242744
2891488780
4822770868
4820225962
4574039847
4775947692
4822496553
4822510864
3741975738
2964572469
4819257647
62296291
2499180035
4757508382
4759524615
4821759821
4647939505
3370653527
4818667985
1542361196
1260427562
2389589684
3187189394
4820031718
4556111243
4759630608
4480862255
4818599933
4750483964
4771872432
2870362715
2987722788
1158474463
4820185732
3312745817
169345562
4748916263
3864632133
3317295457
4000168780
4770462974
3997465164
4234711883
3565720816
2740357951
4765124366
4322825987
4818780347
4815931715
4769681593
4808527941
4769685205
4797106522
3304086064
2937588912
4745210593
906703387
3024526170
4617039023
2894244308
4817871179
4768394919
3291533715
3963486973
3000402167
3142892324
1689207534
4767184280
504899455
4766422332
4286664679
4766433452
4766129281
4278750795
4765939482
4815056487
4765938884
409654175
4765204340
4765288796
4765297526
4640114773
340309018
4773240995
4764663132
4136572107
4751618544
4764509425
4817279957
86797555
4817146815
4816371196
62708440
2977609839
4754562432
4744822574
187638220
4758590066
2776105599
4763029250
4760206813
4809934000
335629197
4761814274
4812755668
4768586854
4727989289
4727665888
3828237933
4797266542
4653928196
2598019416
4736013576
4807228695
2902411427
4646132983
3508665913
4645685840
225361986
4688453934
2462449124
4809830776
2802215995
1161642828
4696356937
4661970994
4649222293
4172775614
4091331923
4754827706
3084220089
110836643
17944853
3141369019
722508684
2214904758
4777506147
4742608260
4773203602
2782539254
49506792
1574348335
3854106437
4730720534
2530820438
2726705385
90661198
345989929
132927262
376366362
238326573
3646623022
4598361613
16667912
4618543109
3426707692
37599351
69755180
1410331244
229385617
4532939721
27193840
3246276182
1955132936
53058714
216798672
21360280
34020575
30177232
2588576678
76966092
4520655913
1658092255
127773540
192749697
17881816
16169289
3384859498
366204256
17721311
2948526713
261946519
109662132
2541433100
2745488034
3695157852
27439619
2759725590
1620797642
3582623773
3313935866
1706523937
396999574
1621424652
151379262
3459865343
85959129
207231907
768330302
137202108
3301043231
3862713193
248448661
3709665854
2564059472
3241748490
2153549784
136878969
3671488393
3660555380
2896884140
582845871
2984518900
705244468
2989169794
13231012
3281323057
1578016321
3222487933
3021969422
969026226
3144865631
293247053
38691512
98576075
102429652
3306531962
3125261529
3306625470
2167592075
2571688461
315295926
3036787489
320542934
2904068042
1424390995
786036102
3298410819
397397741
2553651336
622679277
498550641
213924016
2189393935
355847466
162448436
83151416
1646620274
1713881490
626117976
753868358
2757668429
529102725
3013056537
3270668455
2649805765
189277149
101956746
1671336492
3268386673
1290158293
1146866215
99740478
1540570958
1373174312
2882531934
381893631
93972122
2842954341
2811149729
901881912
2300748738
934078993
124965133
2560390289
197198204
2932982218
3329843967
150368880
2922271120
2970857663
2523202807
3083884435
2150250246
164469587
241405372
2306053472
3112212914
353292597
567647211
91903767
974824848
919646065
255313793
3066169783
154416531
3236459066
336641257
3223638949
3031801592
548775028
3042375900
3251348757
3224598150
3031055104
62832675
2458216183
3290093979
2360168855
287778871
2516621630
2767624682
2815858621
209282788
1597463402
2350437241
1007787524
550761899
290825802
2903615109
932662957
717044155
465922861
226587329
2161517576
3142878462
59968102
1081578872
99188091
865671829
2463481656
945563198
1677103910
130685201
514040400
301083222
2425790982
1684983122
42966273
299494415
1870233954
619643010
3078861352
17520649
109068988
295072691
2754253147
2858313011
2917985305
2937269601
410251695
165187055
611215981
1286461381
3022187479
85385715
1241467986
2945727368
2269586066
568561915
588212451
260446222
2440636486
103770080
281852610
3010585105
1481096035
41398462
1300688058
2920933774
516385096
2349509005
2885850909
1877937128
438573827
345661024
1488530383
104882987
981328898
99590108
2981628516
227513494
23886251
149953473
127169163
2947138596
2941415317
2899986462
1022912220
2965596441
20815752
1737941329
442194656
407548704
2429634347
25463905
100425450
2806725091
325901202
41727814
1288972471
2362875313
2298275707
384951334
37447662
50051654
24732925
230230949
36132875
252358346
455445236
139483317
292664775
24641018
2888804195
2873218467
1920011869
268832331
1564960230
336267618
15067827
365380107
2871352921
768544272
2875704716
1210210231
22254576
2822266311
636448270
1002785557
34894836
306566389
403783454
485249736
2812613705
27651925
582157161
233767959
25634987
2753881873
2830544143
463788993
2831237113
2448827749
342289208
96272576
52925625
2648936249
32740201
633267097
2783758388
1439193788
73207660
188092854
2749508675
1355753174
2213422009
402678175
2652595910
304643035
161810868
2750094418
1566464460
2376479599
399847270
437605719
1244338530
35074017
748156909
733419337
483280236
1350599196
637338373
971233058
389671335
2708197039
383883606
1393973737
424586191
242706103
2167400948
329441451
203310260
2607700080
114623397
1094115302
481028518
75762071
82211669
933342186
326266333
2396932375
2409959588
635927117
611436048
2158023054
593236027
1041293672
111443479
2586362809
277306514
1584365113
313322079
479137140
2616111000
775067827
49939768
326344380
159354297
504879883
23952700
570309103
97244542
301111398
2571655908
209659744
1093390117
113683823
561643997
415233794
1067293094
2335686997
2578236073
2578147381
157440898
31613544
396577487
2532958722
132230723
30938343
99600609
13990552
421081968
146527747
2536404084
113612694
25765335
40654709
2332710500
12716202
381289023
2570655199
587431236
333029408
110737114
1343052080
165974881
1703091768
130748033
45384592
207384006
430989355
2416550791
2874411
135414132
15432731
71426412
285239457
1976557513
56281469
337368036
2516353602
250403698
220474339
1877639911
404356215
313696036
19620242
312877793
258522474
325135714
2516550925
185809358
2362123760
570352974
53202987
113495254
46967021
15831223
81009594
809895534
2339268967
1585766190
97497588
80913464
884664871
286572914
1328698141
153542126
617242466
24498920
32503469
302112990
14850079
118133929
96907278
32670567
2268627865
18744734
1348484647
595245211
407078409
164923830
1002102014
44883340
499931047
338709822
2367764106
555805316
127433163
2310422300
443214590
2463681138
41693410
130941053
2512156804
2417939546
609448454
15069237
92990286
2422518631
29757467
2312494016
1684661232
1710836570
184105187
18797831
153459526
2499493709
2433303457
2428673028
181912577
2433735504
2433204721
2433323376
2430604345
2434656330
23041946
1136402107
302890881
142098002
975209928
229393523
286408155
81285860
399175490
1628340290
516748565
219820662
2213406108
84235272
279275602
2350918758
998152898
261010215
633353520
399727995
125551949
2410037095
406579875
1014619448
2340543259
94023986
407066420
2316383892
36009762
2395594490
2357048802
877500600
1442367019
804021482
413353665
450406952
2378904980
2305113870
2187550016
2245792433
2229240967
156822180
256531901
816834896
14930878
1107028196
2217426806
998317926
49240359
116416372
1055435833
620205252
18329608
355445680
349231010
162881524
312168384
1160707130
224854288
134972598
553120647
487267401
2295075896
1008191082
260879400
95528436
1523558976
609479453
334810243
2363082313
558062270
129718953
1034546354
2251356697
134349762
165953688
1398765920
105327462
210973618
563157803
1274313787
327728816
214864883
119337923
909080275
2352305390
356435187
377789407
543832689
569697321
369793865
582090861
148074124
217393424
52846377
239700277
1359566048
161020486
451611542
234497675
142095030
234429981
1932746376
2343106831
194466618
245714770
371382957
320440987
102526096
1428393146
2297213101
911421512
103397607
97095587
2336062489
620337630
24977044
26633570
281684905
1172651060
137786807
1295272927
303532507
2201425879
145851473
71572745
1003037340
19677528
163565889
765284976
197845425
49387937
2233417237
164150010
356982663
81249765
2198099222
145678541
2300329141
83230305
460541712
2270796019
186247553
932803890
461169235
25915690
996509388
90761777
606882534
1011791460
391044432
232031651
906843498
1573972465
428618227
624333028
1051348772
1020137100
780718387
89495310
1363433522
224235275
403763366
405984802
1260708984
145108002
1643594005
87250585
309391366
316120514
64936162
592236503
177344283
1011796674
2290801502
2209513492
2172416064
977867010
388577373
452758624
2317563835
1589959628
112871320
952602319
1570055875
67430471
390432368
39420059
2234000293
1317155911
826689985
2310670115
2149253893
1416778064
377118097
187763438
60324063
620003875
600055005
2317982858
488881470
191689922
126835621
366069340
114600518
2288690983
108718845
183392596
194420080
712035390
128418740
179303065
420739973
124028611
741957049
1088210162
2306094043
865844840
403889265
115389746
2306782194
184519017
159332561
856937226
167091921
1587053084
104936687
234609283
1573670400
382544314
95324790
274891887
762312978
221159846
561329314
71418915
1423947332
969631208
621378878
225301259
1718149392
281331585
163120735
245629776
463218809
249381390
928898131
82245108
871135999
1945705387
338710543
127896540
112450557
244762418
175099299
79658641
168253584
494991283
2304203846
2303540659
216216261
318494581
244553497
2287188277
273473241
130633317
2243048636
2184635104
470880491
1473678775
17802155
280420438
1657267063
257576325
2205529932
26658621
2182546017
1150640311
93442219
905086152
444241581
2185394936
2161658030
715770288
29482906
2149916868
190454130
62552313
295879536
861616016
353680909
1910313961
16546275
1542277723
615312474
567835137
1220895415
97744011
1702267488
26956034
311793064
618618522
336169056
1525379167
29967008
448312093
17450875
1386844350
1659147834
53079191
36418456
39998943
728361066
426123424
1338247466
562422497
260343574
1464205364
1527042374
485335702
80761590
480664703
24074300
1397563902
1452032400
1406232318
1405695702
1387003837
450126967
1227810373
256551083
53144335
169215309
805704768
1350079975
29930037
800145043
875532853
36834947
14112296
72369792
1317374185
1315954752
1305654156
549547686
407903460
1222242013
37033371
54596179
415994506
69641988
981081907
1177410758
32493481
624409853
312253239
341087966
337409391
371423100
504962662
25203001
133626383
522013326
58678741
1013602316
996014851
489076730
1116667585
596210796
1085106446
564469784
553010458
1085236639
27766067
1078461540
93411284
1000822910
931893684
1023882067
863316709
35901235
447217268
1040517806
576393753
321963944
175532971
57130576
1051908079
1039057536
415644887
27749721
1008269496
548731675
16880324
18320944
28305834
212403221
403259686
888052794
340747171
879366854
281125238
902217277
16092379
30806042
83148331
28067172
25639144
877228976
189231317
387771623
271261564
259804021
16013618
47217441
460643497
426259595
89103191
21627600
719727974
390321592
401485439
50028040
603661526
404546137
423741581
564076170
462638210
534900588
249249914
635665067
158559257
396247663
16541821
123061156
624302796
758202206
81508481
211970030
40813471
276284766
730830096
598374867
46129227
537472269
560574187
52147567
635929252
31443823
36503383
236136772
21961709
332438837
378282130
612793452
612018452
593336714
22288222
506694162
550512885
556184460
140029808
580970840
576738289
16098881
315881669
22671392
34559568
471797328
430201115
550614677
266369729
136396544
15109326
465303268
43063054
543237199
31241104
24218339
161132472
24955816
27792871
527414347
520553051
428198915
513751454
124918617
80478932
85968613
407450325
396944523
282603940
410078449
456249244
131263714
315281399
481731641
59283463
60238379
427084068
487984541
28475126
413802061
29923598
366851934
336150766
413695715
220048569
346172168
86651870
464429398
318147751
226870644
459899753
462741763
368641199
429385321
458132305
365629544
36276242
143386092
30588045
454574115
15939899
431407749
403112451
38385920
448843004
75425935
398947490
371153462
133383072
57448680
381378039
38222739
432214876
415641674
413165020
419122124
424276429
424271436
415991145
415884669
415880231
415597892
415599322
413160188
424274935
424286921
422675646
422675145
419845034
424306084
424301673
416371646
415642741
419119290
415993345
419847776
422674598
420540999
416340500
424273577
424300555
422674765
420541810
420553831
415640835
419197393
415993033
415881442
420545722
421067360
415884472
415990511
421057612
416380386
413163711
419800662
420559250
424274247
413171888
421072059
413160793
419196190
421069654
419121715
415992213
419123742
416380521
419121262
421060110
416339968
421073742
422739447
421057486
419842298
419770970
415990855
419192476
424302745
415991916
422671128
415900831
422670367
413159795
422672058
421056587
424290785
415620978
420556193
413162399
424287671
421059356
416381960
419842173
424286803
422661106
420542726
424274417
416381316
420545279
424302276
415994858
416381130
415647215
420561233
424303002
419770756
422584911
421056958
424289568
419127330
422738553
424286600
415644930
421068946
420559815
413160578
420555731
415645493
413158470
419197602
415991450
415996622
419120522
420556401
422584330
415647003
422587850
420560761
424305830
420546737
424271849
419766274
415998222
415881310
416386668
421072327
416386531
415995548
424272597
424291439
413183153
415601813
415642028
415995028
415997148
424287861
421061279
424275116
415997916
424305108
422585375
419198360
416372635
415597724
422587625
419192220
422676593
419119849
415598404
413158204
419121038
413162735
415647364
424286190
420560054
419767694
415992937
415642244
419771341
424285085
421056173
416380216
413159563
416371779
424272057
415994182
424302520
420546955
424289317
415639898
415995229
415602027
424291716
415645130
416341297
419122863
416372022
415646790
413164872
415991748
415602214
421067662
415640546
419850570
420554016
419844455
424287416
415992805
419193149
422677140
419766019
424304508
421055722
413158729
415641860
416373098
419848047
416381805
420542162
419765591
420554791
420548513
421059556
419192683
419197998
422676381
420559633
413166559
415998069
420555975
424300010
415990309
424285571
413159271
415642516
399538434
415645346
407908176
422675396
410400543
415993739
406675065
415990139
420554528
409845854
416372869
406689196
420542545
399686984
424305306
399660656
415996037
408585544
409842841
420541616
410396409
424301209
399684582
419770430
410717073
416372408
399447308
407907383
415641204
399465448
419849396
419849921
411142729
410396728
415997319
421061636
410387890
415994332
399432278
416341443
422671446
409891810
411153518
424276225
411152079
419193027
411137454
413167036
406693182
416386394
410698467
424271608
399685746
419120153
399684073
410710361
415645714
399534561
415645984
409897036
415991566
411584391
424304083
409897710
415646248
411602217
416379962
399455001
424273865
421068532
409846793
421067544
411136201
421057076
410707150
420543393
399608989
422677444
399447539
422672558
410396576
411586187
419193298
419197246
409895057
399662253
424300256
411601336
415640025
409845082
415602401
410389664
422675808
415996218
410400735
409845552
419120866
411585134
424300779
410697771
424274709
406683064
422582826
410706566
422583027
399448518
424287154
399686765
406677796
419768564
416383415
406675425
420560942
399659189
415601207
408526786
411596410
422585183
419193803
406675843
410707969
415641462
416380755
406674939
416381551
399686136
416340140
411136950
415997732
399431924
421073900
399570592
419194255
410702759
419772078
399634087
421061029
410401739
420559430
410398212
420558676
406690854
422671842
410702464
415998458
410697966
421068391
407907007
424273049
399447102
421060429
399683801
415996494
399661697
415640278
399436981
424305529
409846003
419765836
408527182
415882933
409845703
415598116
419196915
399548584
422673013
408583576
424271203
406675219
408530209
421068829
410397151
416368626
410697136
419849643
409891284
415647669
410699110
419767498
399446339
420558435
406693814
416340671
399527557
419127841
411153320
399448127
422585637
416385332
409840819
408582329
424285771
406676138
420560526
410398538
419194415
399445747
408584530
420545455
420556687
406693597
419766788
410701550
421055091
411149036
399685959
424301429
421057265
411136801
415997441
410397616
409893347
415994459
415990708
406675752
420554317
411135882
419768311
408584667
411149397
424276015
407903083
419196705
411134863
422672774
410387160
415992026
411584022
419847532
408586387
419771834
399431563
399684417
411599139
409893801
399479740
409841592
399544188
410707509
406690134
408527607
407905164
410698672
399656653
406692820
399453997
411135342
408530964
406675587
411134735
406692166
409891511
410398094
410397716
411592453
399447941
410396847
399656882
408586804
411148357
410706327
410390249
409891016
409844331
399633560
406688990
409893465
411135583
406689411
410389149
399685035
411594263
410706950
399658049
408532483
409843117
409890885
407902477
411150620
409841733
399445934
408585988
406681506
411584911
411602534
406694165
409842933
410707839
399527054
408532023
399447750
408525836
409897846
407906866
406691307
408528877
409898043
410387027
399661480
410397286
406688717
399432108
406682869
408579908
410388619
410388072
410699922
409841315
399657078
406686894
407905978
408586188
407903681
406694022
399686442
410403555
399431144
406690214
411137184
406691640
411137054
399446922
411135157
411603056
407907961
409840941
399439070
407905786
399634683
411148929
411153170
406687735
407903513
410697415
406692447
409893943
399659301
409894474
408532236
411591106
411599696
399455154
411136493
409894777
399685337
406690953
399634449
399634667
406693709
410702093
410390118
410403740
410396954
410698971
399528108
409895715
409894347
409896492
411590864
406691156
399434093
411137620
408530742
407906628
408526340
409894907
410401949
409895883
411590323
409892425
411150488
408583115
399657915
411584743
408584124
411600142
410707700
410388472
410390581
407904028
411585636
399430712
411148019
410388251
406690327
410387535
406689999
409890703
411147816
399657581
411583765
408531852
399520776
408526494
410396199
407907795
409892889
406687100
409841945
410402170
406679781
399430945
411135737
407905558
408527835
406693363
411587238
406676430
411585371
409895485
409891180
407904634
410389501
411147626
406687991
408584374
399657749
406687583
399459447
410710033
409842118
410708325
411137844
399659562
399448335
407902646
426483067
411599899
399657236
408528546
409844920
411601524
409893176
409896224
407904210
406692691
409892739
411601966
410706705
399445596
399446118
409891628
411583513
411148556
399687139
411150368
406692575
409892581
399446585
411603774
391248963
408526114
411598626
407905403
411585876
411600308
410708546
406694301
410709699
410710238
407904888
406689679
407903832
409896349
409841216
407903306
409896900
409894141
408585324
407902163
409897583
407902303
409841841
408579437
406693460
410698279
406687236
393502462
399530119
391178356
411601059
399612870
385942402
399660038
386563952
399685183
393609546
410397450
411153654
393614469
386463257
406679279
387023146
399684884
409895342
393488476
385952761
399436673
387057018
406687871
388130504
411590053
393117068
408586963
410707376
391225146
411591516
387048144
386471351
399430523
387048908
399686600
393502977
406675988
391181920
410715723
386488224
410708947
388165173
411599554
385944860
408530482
387050436
399433156
391248261
393459347
409841453
393424091
406687426
386489367
399658447
392885286
406692294
409896059
387053274
385926923
411148190
385950509
399446760
392861204
411609259
387070451
411591799
385971875
388094631
399430181
388071927
399661884
407907178
393446624
406690664
393501214
410389793
393453967
399437182
386465917
385965375
411134970
386562188
391252136
393448857
393611900
406676286
385940765
408585713
391257079
399553432
393610365
408580658
393611711
406689542
393489502
411600550
399683608
390676453
410388952
391199692
399445101
385947584
408580377
388099764
387055704
410698829
392857539
407902885
391226095
408582556
387051700
385905473
408528057
386475270
399684739
410708764
387059171
406681089
411599330
387035737
393426785
410700800
399603456
393514979
399662056
390704906
409894645
406688300
386501225
409893610
391174078
399430387
391307979
393440357
410702298
411135470
387049683
406690506
386433908
386502537
410398376
410709868
385915239
411151679
388232274
410698134
408528251
385924149
386515815
386497937
399444889
391319132
411598873
385946221
410389311
388243673
393448160
391251618
410701354
399458037
391232253
393025808
406681293
386533418
399660204
393465202
388063319
408531574
410699563
387058158
399686294
393518936
399683405
388082077
409897412
393610012
388157747
411137315
406688507
391247596
388198921
409841090
386543712
399658220
393496422
411136081
393452758
408585135
393610828
387041031
411603586
399436849
386555490
386541374
399433578
385956267
399457115
386548407
410387354
393609683
393472589
411151491
392855723
411136610
406691795
385951583
388067362
399448800
393519257
408527409
387071663
411151898
387064153
406691487
393446281
391226807
410388797
393477363
410701049
391316941
406688867
411134634
390678327
406679133
388138332
406686683
393078660
386551867
388139308
391310295
408579225
387038472
411591387
410709287
393104259
411136354
392928040
387021256
410397871
393614285
393115324
399656487
385917682
406689820
392859827
410699735
393075518
406693006
391202635
386464169
411584235
388102800
408583302
406688139
385910473
411148785
393029941
393023574
410390382
391196905
407906176
388090087
411600808
399431719
387034257
393456443
406691976
393082599
385970720
409898211
409891394
392795225
410699331
388111314
407905024
388238628
407902018
385939330
408527052
392937889
392800590
408586611
391171848
410697590
392825647
409845386
385973570
392822850
409893000
399499463
385908253
391253322
409895181
411149211
393612526
388079897
409897229
411603305
390674589
388126773
399527906
391254656
407904419
390675414
399445251
386466910
411584595
386505898
411601814
388129409
409895592
385943716
407907524
388240874
408582855
393611599
385912414
388065961
385913958
408525605
392801516
387024932
391184246
399445400
385942507
386368278
408587192
410402311
388087666
408583830
393610664
388233354
408579688
393045089
410709120
386518662
411602745
407906437
387045353
407908402
393105267
399520993
399433385
388118889
410702573
388159489
386462470
409896691
388112431
399657439
387054453
410387681
386523313
406681658
393609855
386553644
410394779
388154860
399431359
392862828
411150222
399685489
386498962
408529101
392795689
386397689
410386779
393426244
408580159
388229319
411587399
388070647
386513550
393465371
409898319
392927348
392846614
393479114
388125650
393075822
388214145
388206946
393514656
386487104
393501698
392843776
393441329
393058862
391175391
388075386
393423978
387036630
388136336
387025644
386369721
386507955
393613988
391314972
391183456
393080327
385963407
386490076
387047408
391176255
388204325
392880325
388202300
386534864
386474226
385946066
393614166
393447205
388150431
393614397
393472654
393490030
388101397
393519189
387061137
393491098
391245635
388162385
388240070
388205396
393054534
393518587
393515976
385949360
386475934
392881489
393515779
391247066
393449219
386544893
392860843
388116846
388197676
388071297
386539035
393503167
388242141
388160768
392857092
386465017
391185123
386546267
393503902
393457853
387040193
391206612
393099977
391177507
393494886
393502037
386512716
388236710
393503597
388098195
385925560
388234053
386522101
386490895
385937615
385953915
392866383
387068955
388086230
385955209
385969358
392925722
388134123
387060311
390677607
388113288
393489177
393472460
386365409
393503121
392885127
392843764
388105883
393440291
390679140
391249824
392935117
393610206
385968126
387067451
393488351
387073187
386567557
388145079
388140930
393445513
393612876
391255383
386495292
386514420
392801669
387065929
386500495
393025389
393058061
388076381
393503281
392937816
393024386
393055593
393099526
385920766
393515151
386461351
386530390
393515575
386469990
393423403
388210328
385922541
392802612
388132817
392936442
390680072
391219769
386537326
388146077
387024070
386472396
392929359
393611066
393079847
388080921
392796224
388200653
390694922
393107274
393100192
388237597
392844802
388242892
387029970
391173086
386509362
393610937
388118085
387034978
391322018
393053609
393459130
392884219
388219939
393031147
386459616
393058361
393612359
386492761
392836207
388142340
386516979
391250668
386532011
386460542
388077322
393013324
393081563
388068848
393490771
386566489
387043356
388068002
387062397
393504074
393023863
393026118
388078966
386536273
393024289
392883111
388244470
393502223
388128583
391270698
388113969
391244338
393439059
393048589
386511489
388163690
393068897
388234923
386565276
386560646
393048123
392844186
388143657
393501517
388209173
385975269
393069051
393614665
386510397
393439851
388064951
388069925
392842539
393426643
385961320
393055204
388203134
392856551
393099089
386432780
392941341
391195507
388235875
386473252
392927918
387046546
392799574
393053231
388103979
391252689
94253277
421364261
423148952
185801591
410156821
412363447
411792959
187545126
44275632
74737637
406784082
98148953
407007622
26185500
293036736
352788915
67044644
50347651
297955263
260525606
369003713
398845595
383903814
392113024
293298457
49070259
394988078
197469830
60583485
197272552
108830916
391127682
207300125
30986342
215010167
388814291
114945697
32230724
18317255
384756258
371588049
1691181
167708499
15258479
385782958
378687763
37836873
221697870
380380696
80981055
78089508
26664195
28041543
80410316
317595600
246992137
360818616
366471387
364950117
240749626
201640968
359805737
83084308
359510066
358094037
18712159
19358985
221750280
39764338
285218092
234808390
44409494
17384991
269625497
260873338
262264902
76243596
21678830
56706430
268830620
21730085
340758408
337859367
129349665
168896154
90893655
35813330
14691847
337512970
42345695
325069102
282275400
18662295
326218151
46563209
22893009
177831671
257131544
111167241
321566721
325759711
211267268
264698140
326097058
270154225
18511179
327158585
60493473
34860726
19522459
187774081
41932399
298628962
22323013
288608961
223777620
19566405
248627649
286460795
22711156
299347312
25522699
297664827
280224127
31059620
112270773
84201203
224976917
31356696
69425822
293133978
287365719
25740174
289943715
164267553
20015916
273819762
282711798
26946028
240740488
43197649
137180002
23992410
147463609
268550774
263733329
280842760
243276538
123674887
256264812
24119511
57770460
31064600
233276839
172146959
37218778
19417217
52142430
158579097
150615810
230618987
262980379
93415228
66057926
238529471
103355638
246556254
257667477
255737430
235214504
256427931
197153962
155714284
266145785
253481621
212679404
239515235
265423966
217060956
241044238
246271377
125927542
256058419
18548136
235055215
258554335
37416416
257224631
267938362
253502339
20099965
255589558
257542684
268051403
132857014
256244189
266796510
234783907
204097185
41624375
211420469
180233265
264863560
258170493
248043118
121705479
264331134
265718112
263449003
261199110
266022472
34490779
61640556
268197376
245001868
250135860
114567398
26285198
23924141
86305363
184538125
168264189
264432687
264419446
259865319
93230042
96703316
248570264
110851773
249020434
30338542
177742932
249340737
239472291
50070740
18146493
136013076
75895770
260751531
16748232
26777620
258744039
138348652
246759512
226165277
259679878
105057242
253990464
237337150
257214724
260504167
194228151
254645485
254644326
236355835
168886397
58406592
140224133
259615365
53598614
222803012
22905695
226310479
22996719
256427562
64094448
124382557
222747154
197125007
119074016
112451040
240529831
242744593
259609462
110105759
64678456
225376352
259195818
258283217
252509935
47279527
21092209
114763162
259823078
256382849
146775199
90441261
250469215
87980133
29124604
194024793
57509713
19124979
82285204
71175190
181674007
260319837
154661553
71613257
256400121
128090602
234976956
26677787
243079936
18689814
69538748
246964685
139072030
109024982
250929185
252524427
26885222
253867847
56297363
79911402
192866692
244474820
68890801
59989609
49222430
95950995
217992925
248385759
246096846
42619180
185134842
22727194
227563210
63205272
259033839
253882085
258390575
24609134
255668562
215407066
260028948
126174735
156531019
255833141
192865362
128044540
97462574
249212603
203100390
19210691
126753149
236725161
258164643
254297405
253852750
260182530
59717686
259222706
258754798
233144117
256847627
91239700
234327367
50848228
93438458
165986330
259403014
78134970
21699000
171301163
117411956
134858355
24338942
153697091
244922459
97295621
56418204
155045373
78845477
203561164
238817710
256488453
258715397
186112625
125310839
246666153
195883577
23676013
259862893
178437354
67951357
36499681
246960437
193274392
259796791
218984983
32331519
99944645
194868449
249668341
102075757
249559951
73101146
249562179
258671795
223415078
233090444
129006570
136842252
85022257
126325070
158468951
186725460
206433617
246098217
260308629
79057682
139663376
244593529
253463099
246760274
251012253
232541966
260318870
237710701
95834979
144231982
255475120
251695195
96729476
166307233
258445452
253435303
172371891
219281301
16401230
92459545
243626471
109833538
20271236
260301828
92477558
237751097
240564528
258668136
259272988
137303693
78455453
86607406
105837336
258672604
142749252
14373560
78115476
202675099
167489064
188419364
46419630
254444912
251798441
174000624
167535365
259382115
246780596
118288284
44942920
257184483
77418332
259305612
18125230
227251790
127097244
162791190
66480294
179686415
184264411
121664677
165486054
167587065
202784415
99747795
254642688
95127401
252924603
194593118
14059282
258112006
81507834
80416711
100461864
240433410
241723971
246768157
247255506
142187059
170644266
143112547
156169304
121609947
242144550
33384043
64727550
178754282
205981158
38157804
258086337
130429532
229141465
232409859
45857244
40648695
258467429
258481020
258913034
255273362
84026289
255912909
230421813
44940803
114657466
14473816
32663620
257205250
181361795
218411349
235488161
257280200
75740158
113781867
238706335
55555231
160599411
146047975
258792095
251914498
176420281
258790292
258788845
248185941
201669136
258567871
63556608
47069110
137379944
142254370
37962918
55561235
205355404
246766404
28911237
162037638
40833483
201760019
189266159
92040992
227104244
258785592
246322603
17199296
11041822
24205292
234757144
22509109
117413262
249933427
20813021
245651970
93889074
26998562
257168875
257844817
116945668
30402438
98339810
70956272
168214392
86275053
100998238
255040332
80035648
245190149
258353645
254984673
24653713
256889266
197851917
123923624
85278796
99782750
150827595
258626728
212972787
256779601
140168173
254629372
227723679
187366621
253581666
222904927
254512182
143472416
143703440
88894913
229757906
182938807
17036218
249521450
220492400
244611173
107826607
174743497
72485301
123024250
253737137
140533718
165144753
21491132
137303558
157003962
22820377
256339643
54923830
24939991
114107469
138522142
113829459
256941103
257414967
93479896
60826720
251169318
248604894
81352861
60824269
251556813
245397400
170637441
71427247
252348970
22746246
112102281
229751251
144549908
39424178
168555686
54852352
253973246
23112554
188178125
62069239
56127863
76957690
257342283
27215913
242147502
240031660
25710243
244785263
108671627
257793936
215943278
229897364
244413602
18072217
232201506
257427900
171001996
77367795
244437739
246321155
255037431
176101683
257486896
202730372
257858521
51020047
38843854
232979499
121131875
250637498
255703272
175767062
99136022
167781687
234822238
159742739
235129473
97698275
255083617
118815686
79761794
132244083
59526068
174821364
256275716
16678816
14778606
25878762
15090481
134865536
185703417
41093062
42937053
23358433
23923239
148271810
30829831
35979176
125845334
180679923
217579826
252737811
239720627
33139279
248774478
209051768
22731335
233094600
250254467
249916736
137842573
191420467
212556557
175018276
28209214
248290635
117396223
14690813
76734499
247155648
92130344
20890263
143156706
230524425
172036096
195485175
228692820
238471425
133145901
159593033
150715968
200994848
136537837
67446986
88681260
140735533
35418394
219167151
228179589
24646017
173244372
20749960
31144109
42735617
65649595
189687188
35379917
86651781
221605824
202565580
113434517
28188903
75449222
26317804
21275374
196289810
158611034
225920477
95665139
121547263
22731134
26465615
82531797
234780562
73518882
28267751
235065621
74062983
124483505
45237612
154939231
124293067
227209741
27823044
107226054
109634719
32670963
63275798
34708391
229628532
203325345
30453690
89283183
92640030
142179113
25145359
28659032
34072922
39392194
183037760
24966624
164770185
19808453
15833965
27196331
219561210
32711307
19639195
34599737
47785784
49257420
146536955
45518762
181448004
18521168
16625607
19555804
188429982
109186879
39590770
75051069
72468227
28127547
8884612
30190993
66614761
24559442
130224816
19155251
17353362
39690426
23138238
92212151
72112840
17244580
58293245
22595241
32406061
21523498
58250807
89102268
29232705
27946109
131257050
