63150856
703408568163180545
3247926267
1256080099
3009031250
3335679053
2176726902
29959495
2631777993
714142924930330624
3114885740
905374200
351944329
3116470525
2931937417
29505474
3048470310
717554036510068736
3471344421
718100811918741505
2179104894
2181453624
721185157730955264
4755816504
717858896212131840
718906279629074432
719614399024140288
156005263
1429546334
718676299175313408
544832855
3259126782
720781617057439744
442407933
2825036970
3145366513
4410795280
4825434851
26397750
15655537
59834545
700964088206077953
60105318
1926670346
282316299
129776717
706294073636876288
715703468418338816
2693846364
2372345234
21600942
576295658
356235854
219429281
14197127
627480461
4860633803
3278362105
4007694499
550681307
378270693
2149512182
378978525
715381911661584384
425817522
3083015705
18868400
2786303433
719346381362634752
2269873019
244155243
3820685833
3357415792
3255965547
4665021099
4696411453
3246529033
102991385
745879399
197056994
15741370
3511801456
3164692203
4064334393
20698600
306437444
15513604
718466682486808576
699554577192849408
4736147728
33579552
628213607
706907186992062465
193030139
714091594438328320
1617959046
2556035725
38751869
2980775187
1069780836
718142267295313920
2164263408
2797578422
313545488
713591134703001601
238853008
4294277532
717839356006785024
26289408
1932433866
3145531448
296757022
2908293251
717483690142642176
4202582765
4504851803
4799357908
711352570573398019
1286006425
3226012015
701743823571955712
717024189345964032
66350411
1411747172
715929773076320257
3277463400
186170842
2249261083
4822201325
715038301359570944
574968194
3556398617
17943068
1720816128
380556810
540774268
93942223
716082791297888256
704453173981745153
716056692203466757
1180539139
599537876
4093966384
3906603977
3942913402
874686248
2459785070
705440716730843137
711303957600030720
701452116544454657
707231129011523585
715686071103832064
1380775645
765611162
711407992147730432
186428594
2570137940
715538507767422976
708325736617263104
187893156
64599445
4452003622
705369626096463873
3253186392
3247846662
335019439
3900264647
3363447853
4816504889
4899752079
707943136681713664
4249762625
315613335
2759534843
714930292604198913
3862178597
714618929893625856
345454846
714807770114101249
704846626427252737
4887884723
26107512
695668744811474944
43173060
2832153902
26950265
713581942642511872
93502694
18056743
1307538985
709542740707532800
705441738391838720
712910098918576129
714587640612392960
4680117253
1516342500
2725393357
3003173651
4828311314
4764654374
712672839745335296
3384649311
21531802
4194326488
4040465849
3101961895
126636133
2962713982
3096425316
2962679213
2962638087
21598656
3301296470
3420791233
2962667465
3415120060
4494417863
15487550
713778203576250370
3096449744
2923667331
4172882800
2960030132
2962671712
2962599495
3391479861
2962657774
3096399636
586447578
4160681895
713541501632970752
587627606
3003401062
20204796
701157735749001216
702672421124345856
2962618037
3098283386
3096441566
2962648600
3400162097
3096443551
65445723
713339796077285378
2957578003
2957576107
2957510520
2957566207
2957559643
110844603
2957491530
26548315
702957438559858688
34358816
4900000306
3313095566
713062412073771008
2957550031
938335874
2935253798
712752947629678592
708853975303454721
3312468121
3096409124
1127396892
3094704514
3305338417
2930379315
712815808246710273
709582978368688128
2472983287
1902526748
3969530725
712784970947756032
2340472078
1537558634
2845253645
458015801
3886472352
702195366867902465
2935270831
2930408435
1650584634
171191450
485333041
476752898
2930371323
2930364309
709595644671950848
2930432506
3313569163
2930426320
554101274
3914047581
2839463126
3309422527
3098766262
2596671277
2827239973
737479256
82649797
546858789
40011881
712327863379369984
278086078
1009622443
2929180917
3095867832
3093200139
4795610990
2736643461
2938455285
34667474
3093227759
261432863
2933915480
20055774
323470700
710399325868691456
325514499
319231044
3094310335
3366181540
36566503
474653218
49957542
4821206573
584907167
83473354
367232545
711602010123083776
2242797000
455762455
26057010
705435690021027841
4878007101
705385045029208064
83055982
229783657
4839710675
36494299
4784982235
209222707
275407977
3318105391
45059581
3407325641
4794112183
309381243
4000313416
710239179477753856
22089171
711251878768676864
79338890
2988373721
2876364723
77643240
1423043840
54401929
711042597796585474
2269273274
3430537311
2292492709
3396282117
709527574725173248
710861790956163072
710657690402492416
2999736577
708289738143354880
370498535
701150917324726273
221008350
346091227
3309169489
3990577513
42711801
4212106335
710512200859918337
2739722063
3549898036
706392983395045376
571330082
3130174690
78787579
4061871443
705263743358341120
4910280976
100018632
202475716
705496061280964608
2231731302
4781611828
2656712312
708669873078009856
471499580
1066639706
710100409961082881
709474147877969922
22391328
450208523
3308305813
2851018905
1329453426
851656916
4788950122
43332282
709758097368227840
2982029669
611092944
702069237804875776
2358127160
1253363912
709175854975168512
4396806742
24765430
706118679558225925
2927860271
706463118948483072
2761629959
4797388349
708043426952916992
708858354647433216
3074699279
163586067
2281367274
708312735222616064
3109427942
295738497
76075920
52804634
2179151312
2900957647
600059631
1962454740
211321995
2670194599
1928458518
4555053738
4860878019
4665234998
25175356
126075549
175608321
3959725703
2781319230
4875503774
705265549023059968
1140328105
706578988467142662
2282706721
112549655
535702800
701761984975523840
4357324910
2341219735
166262949
14399266
705905847826657280
705518623109025792
2895566014
705659035459178496
29851314
4870697541
26206278
91715070
4898794940
4801602261
2822351846
4857591376
18180382
52228687
704865710233755648
703314059655970816
3167864724
1134531883
3149811568
3064671478
2160407888
4158185769
266975216
4876821796
3059520118
122686094
23214900
3352001811
4914653799
416639923
2969788023
3261973429
511761836
705076442594304000
2671168760
450291412
3070126010
3991179501
704214536761569280
59788117
2703702428
175711277
2508521780
495992543
44354622
131204315
3296828969
704221479890649088
861281180
4341091287
2556133226
37796506
4292204833
2918963992
2649552826
2385681073
2487215152
361968471
2515098376
4751043615
701579916312076288
4871721811
1631713512
75367743
3064016805
28727977
3131411860
37588595
28529211
702965624104824832
17885284
2421283077
4916126073
545315420
4331657417
118756393
1660800366
155954102
19341224
845783737
2317215668
4406477772
130620533
208337188
2482485896
934722943
2514283519
702171444126556160
17750110
4835978634
36670443
20232263
702294671666470912
853309002
4894507813
27134678
438482224
2465752022
2898796728
2898289023
701925736744153089
46112539
701860296034492416
214075458
67991972
4892798481
11852522
96459033
3459569069
25403815
4429811668
4861707138
700555291960545281
701237770677780482
3217243395
408191744
605528724
65406088
242508996
4298387901
3180877332
4251065541
700766273387364352
2925075233
394092298
240957731
3016773079
2838086979
3353599096
4506166281
368657983
1068691076
1384798238
2294389682
3773723655
405905593
18723421
2874301040
16594210
386622133
43921556
4313595797
2471371254
2535590378
85566928
4923675652
2435623728
4306675595
4922484838
2251411867
4903293928
4916366723
4901728534
3260108958
4889474363
43927096
2789729094
3716973014
4912099227
2929012958
18533569
3308734896
4808336058
4901103676
4888787093
1718118432
1472652776
1131917492
4871326308
385202824
924093116
325287415
4718356655
3413370862
3129696937
5403962
29552406
38341062
143298690
2281459394
8246902
3285755840
2466790267
4860600770
4898431624
35129612
445818497
2976994952
742695206
2474557934
4709236103
435858585
112515194
3286018338
2810492808
1702064701
137444033
2923756881
783321480
4720037001
4840039185
3427110615
4234611148
760155248
43149311
4802557400
1585983950
4889787881
2516375192
18270066
4764655404
420331618
19493526
453391633
4884760600
4461752919
338407997
3310786760
4883365935
45861760
4790465894
3298421676
913216670
4703172697
4809095962
364845066
90911152
453682488
4851690532
4862180754
4823027675
187419840
503623369
4856042658
979332968
1426191042
3273220608
4865838148
219496700
453769167
4867875221
4742801228
2291600034
4011966035
4872765857
39166493
159080805
4764737738
3305848336
4867767075
4009673908
2886345782
4848741421
4871156927
1368523760
578734691
3193660274
2507845749
3227098789
4389456857
23633121
4843289076
4281513804
2400058789
593909348
4739758469
1713350222
2804114702
2968115701
2541999739
250382630
4765028258
2742495106
4710237261
146093007
4805917337
28652194
193752499
717468566
4852178879
61608485
3292011491
4856002623
402023353
4775341789
487673682
3595899915
4253466269
1651588165
4104234808
2171105586
278214197
3940882153
2198261774
1391035928
2799273778
90876699
4843829255
3968612117
26556127
2814983894
4204485016
3303044381
23648193
4817716814
21661600
120295432
792501187
1634185267
33039247
305379650
3375003467
753587108
1581640998
2361788910
4776117234
2654384187
246354119
4499789172
3319377062
247930959
964996507
4034376802
4828613175
4321278838
2566895965
2916106935
40140019
18163042
3493238662
167432177
4063928054
2170878120
3237542081
238380219
222244547
19204395
171368186
132247085
84119348
4833789040
4766086460
2336034271
4831195768
585264569
702643997
2689265530
18915145
4832145394
2453803718
4831303937
15303740
4831113479
2273909467
3356945541
3381760384
4784588107
1270006938
2745349470
4607187254
48813668
206919729
2880052772
113669607
3307892592
4807665141
2522514298
4777157318
613609366
3266904781
3041510741
3305913420
4187806745
4715580477
38246229
4761220854
4775102675
4717112598
4749684192
4734311682
4760806460
364384139
3364075701
3814243940
237354634
4759016720
176659024
4490388014
2749749617
4795954481
21020465
4795763657
534878170
21621749
2598749198
4753926102
285355261
1553599730
2573345954
174369590
28823395
573352425
717721067
379423901
24894536
462067305
3291202418
4749917426
4440440537
4505697573
4739810372
3389777116
4766808861
4743432074
4657774128
3341534777
3109472448
4426735214
4628478382
2190100393
252355958
2682221711
28975631
3255705067
1495108560
4465186813
21352370
4493775682
25170994
60872358
4746473200
809812590
25735855
2730351451
23025656
3146139268
920013986
81217767
202450737
4740229337
4555088353
4739794870
1193686536
14428051
1388361662
4723880293
3050392574
458961557
4720802613
2674867838
1157711089
3492488909
4578209960
15538601
4705810096
256585341
4725902896
362499953
34902890
717444312
430114239
810943201
4480291032
4720124662
2863564345
4715426100
1576428306
459271409
301425474
3305666809
16005814
4717462996
1033117494
222926620
62909336
501485097
1282088539
134872881
4705367052
282365186
3320447489
4665007460
535840209
492697497
383732067
4659427228
215523907
91038197
1287440700
3433431772
15564102
551523438
4115857678
68525209
538949924
4378492516
4686844050
24183358
4438168152
4587831554
3825954339
4596598221
4558776022
3656329932
2446296342
3903442701
4629265517
4227336796
140503980
3746568553
212097279
868786188
788190500
2764831037
4399431079
4596637336
37335260
159040594
505979554
4595761757
325898246
132345883
972826051
339724382
25065962
14328590
2307407466
3431113245
32441546
19862935
230027206
4606855758
4264596105
4572225694
4515181515
4271120234
4549702816
3229236232
2366262554
4114319536
4198275023
787759057
2751777643
2913557786
480852090
4050349264
2442218097
4527859162
3373948153
4604422460
4576590084
4535366837
4532884521
1094185555
4531582335
21463353
4521412241
459844448
49104505
275046765
215659214
362074693
20102867
803428842
712814592
1259890447
2720435311
4509554421
1340614891
197444380
27090653
58925716
3461378962
58459281
2969944455
3964992256
2354887152
3588816673
634185662
3824232826
2289209192
4477991300
3003907613
1549482559
20790782
4475909837
350488749
3390952637
2960068075
3662232316
4481988694
3989146143
3402739301
4126614252
4430219663
4431729208
2542197361
3320812920
44280503
4463222009
4457448869
34399152
1240903844
351625024
3034894618
133128555
4449548356
375668432
4122403812
3152620903
1876106299
3162526879
4518460585
468040891
2841307392
33789868
257610312
2958523294
2609290156
1512968646
2424092892
184396383
399636663
40603461
259843545
2396899657
123763773
4408030035
3602130613
4351237229
3688937836
1032131911
22745722
44905536
2797356674
4385927114
1104379916
19298468
269552254
912608010
1551083377
3188838223
214738845
566912791
4012291767
16846499
354990945
4394715813
267739503
4180173737
2930635215
2931017439
35872318
3966665714
3295014392
4395225737
4390661727
4136660367
4032385641
453688011
3896921419
27839641
1102220540
4376937021
23234992
47732046
2417951993
4202860699
3128844597
69587498
29827471
613924160
259033986
1601111532
4362306213
27883098
4333753935
706782992
3353670647
1615923876
159156950
2527156417
137859950
41409456
4130218096
2712877389
263987259
2562155294
9630892
1962662016
2310751204
349438785
320956589
2341239121
21542518
4323739401
135686434
3325813781
4331376321
3589114997
2872844304
4416987558
2235993797
2877703024
2189529265
2768559559
234617359
4272970060
4333227706
547631216
4347726914
95100016
4228881436
3189068245
3505333463
152694448
567829290
146918305
621332611
562568410
3536824407
3344686594
19092445
4299012856
4310460193
4346296813
1170740785
183895582
2985630530
1095591307
3256909112
254189414
4218348135
830321701
54343345
251918574
3711496576
4163425154
2975137688
306245085
67677746
4136886347
2766070588
2160501910
61681958
4237294761
4070992228
4106904239
92359556
2854831392
3894794140
2956493900
138167327
4223617540
260819472
3951197067
2341463325
1967900154
4280723294
624359729
833123335
587610520
450786176
260761727
63956301
2650797529
3817724079
15277415
258818409
4219887813
138067230
3940093932
4213039288
2449427197
3043985484
4205882177
540430621
49843104
3320981265
76145775
4194608993
157637742
4206422914
2396566723
1401139104
75439362
355144150
2946589299
344124804
430039634
49102844
3430116587
3240615147
278256988
3904787377
3328178882
4229660605
4184603524
3409596673
4181624356
3616287503
4179762076
32845726
19085097
972972931
34108145
2463663624
19097379
2975793487
2446578181
18689466
154236193
202446897
254193470
4160094981
97697913
1571248184
1561077152
33655490
30257834
4153278209
4163953214
3084044775
112721665
2983074515
25570231
3376666335
250887608
158107947
4144157621
4064369777
4072237120
328337876
4167779066
3107932142
118642026
1416765386
4081120755
3402304858
472820368
4128564190
4140328154
269969398
2675338879
17928579
2896048829
3064982793
4112782457
4121836875
2327949325
2686353036
3430195744
2349689508
4128784632
1033773476
1570785786
898265358
251991247
108398607
3089768746
3637270755
365080831
4114580353
2372105340
2350518049
3229113145
3438444712
2452455122
239927366
85689559
4074167968
4094943073
4043111441
2260247362
441443024
4077465351
740836111
167373588
1954755301
609685882
3947278757
90522101
46461578
1120397636
33576605
3302559265
264451340
19414809
104593148
3977339054
1627912957
4064442617
991122979
468714843
2827438191
973123699
2695879309
631605333
151310719
415067743
3896068934
15689319
41444949
4024844416
1884995683
3998857816
14186393
3606190994
3290062785
3981657493
3889575979
2935669014
1035477763
3487791132
53514818
4009754957
4017254991
3298023518
2190845029
44048109
135904937
42047172
3248304887
16085755
2456866616
4005142977
3989002313
3196166763
135931066
4013331273
2933805304
1169594329
2474346264
15635138
21967090
3306283622
3988699097
1541813136
4001875869
2764688844
3240681079
2214261482
3973327366
15853310
17334157
3329998413
318086781
23848444
164049524
1148956603
15791066
3994051343
239607514
28656296
1920578042
1634063796
719885124
3883831881
3251925680
498957827
792471924
3957107007
3832076842
3290320003
3317083838
3948783855
804073411
1487522539
2485567418
3704438355
438703865
2277506839
2168954777
3755203515
1479661614
19323454
480421841
145068566
1033862022
33005079
131204527
2803892493
1609472353
15029270
823452080
515098140
207635736
1169466673
2819919530
934123604
3941404815
84152520
19274409
3828414379
96408291
121577687
3312471241
2353580541
3862822393
41792768
31409221
388552818
342687441
52102549
45870401
493915944
3398524798
279668772
115200688
336054804
2917865311
1151322746
129235890
1013854334
402823729
550762459
275697166
3052058070
364476148
20819703
22863959
22972323
22212352
15606837
17866248
416667847
3000181969
121795745
452531371
213924054
3911645429
447957260
15870331
3465152656
347244007
3910899034
21660299
3670255094
585761137
70850290
38316785
18910031
3901853896
15066329
152015219
1230268820
24903902
392628664
27394096
418537873
567466781
43293517
3392602667
18216520
36945132
1013619494
26002355
147644212
32874554
909434454
1664582840
171183058
3031779749
2988777273
1634309215
40211415
417331687
365233074
2330745986
27669267
50530745
2192518483
3343263556
15499343
45265448
3586706892
3789527295
2894170014
63130653
1401078637
35797608
221153484
15612540
25583141
33911920
426033151
17814505
16249259
256318369
223561971
24296565
485776189
82096489
41050127
22960464
501078847
517126944
38685794
1512706885
352872057
563121407
2363368838
71354862
39672887
342450500
18698702
235395935
2364611304
135009531
1158423859
1527972948
108954962
87008334
288238465
3221608702
253359797
110534717
404243320
22298215
479236813
941898326
107109171
3698619867
78815811
43026984
2279483874
16343441
71603969
414432459
3383027231
371525272
21172098
3865936095
31462352
39986021
3867178036
3761552121
192635623
3776688254
3323482077
526937073
3700201033
3238124448
2563911300
2456223144
57396471
583438496
3770734822
2880211960
2430626287
49491544
616742712
2962994194
75654873
2516247246
3297618811
2264962316
509684528
482585965
3108405623
3123959017
17034291
846274410
3727617920
3036729881
121269659
469490357
3253841247
3236683976
141189815
42127613
80349126
81230731
3413740223
2369446878
335544497
1880751356
3689481509
50466072
3243833128
720776556
25373969
2363017976
2762421016
77091162
3671755512
3734615661
340474154
37252440
924027536
269520967
845538768
153042308
38557097
245975993
44397959
3072239888
2707471555
50753229
1692729487
219713176
3420977339
3311940384
1239566192
3472576889
3717100756
141601017
3494911942
298829610
2284200692
28535226
3620931500
1223113692
3347411357
242585040
3611105352
67397666
3601499593
2590097486
84921665
250974589
429878034
2819606625
179896514
3264196491
226024901
277258007
373064748
913566348
776567455
954514382
3656634568
163561791
433172256
56760106
1271136260
3653029042
2412762492
399567960
3080387825
3541618212
3340818419
323756931
360786590
3579946409
360374047
3144844312
315002901
3043895625
3108407847
933579602
18030732
857222166
33916169
271438569
3600292577
2881272779
3599197881
2350626265
296326450
2294673086
2853443310
3593663241
3433250110
19568844
632293012
2966459069
20584017
3578591253
3058002095
2994185267
3575169556
456491089
42990608
341265203
27510332
3230101217
3067127623
26975116
1628663552
3401786501
60720719
205504194
1850329530
114560737
1716025902
249743596
3522204795
3458754196
3118537148
3147122598
187705629
3439071166
3164446651
3389135354
23519688
3075460633
2452095002
216090760
779534466
355998650
3355415238
3312007926
258471197
2947857950
3342374112
3439571213
3272074908
3423441045
3313794809
3449368343
301422428
2992573348
3439267054
3293953380
3420672983
18038834
863847054
3438374086
3430781223
3437867267
236020788
2569307099
3390336371
208728114
1688994427
145448726
2862006187
18236781
3291383469
803481055
3178648391
72354832
2767498884
186438282
1397191772
3069144754
3374277879
3395709760
3432292101
3432270851
2329267992
73515687
61180877
175376470
3425675063
718327565
1665280843
47968639
781765086
3256921434
3316239505
523182697
2760430802
392147500
14507407
2857420288
3070143499
2950868419
181028710
3314688078
776105966
537709549
571586598
2798630851
825763388
161859390
2577064574
3416110199
79004617
3023732689
3407677611
332922673
3413626883
2555421992
135416398
813017202
14904437
3297403009
3408378503
3403399059
33095612
3407627951
165296851
368006507
38264534
51533095
109579534
564817090
3278415012
3399230429
3306390980
130271944
3397576972
2575452216
428601421
3258057522
2839815503
2507279410
2933529820
1017507066
2730222072
2617314288
329691143
3385735414
168807841
1018034096
3328062221
3305127954
3386007280
170544294
1912914235
261484872
25455908
17764854
2318991480
20000717
70526653
3281732827
3044745333
128263630
3069294071
2760743414
174953869
2975091705
25002819
44768071
3300374778
1955038620
2892818374
1428414697
97225855
2759743088
139772126
1599781038
1493784144
34852731
873503232
3260177815
2457823680
2204683179
2480562817
18723438
25889712
2666324216
343463396
3317799825
3344330073
59576823
1287560702
349844283
3295717592
3265419036
3386764215
1660371571
3293918784
3293742582
3291937230
2962651971
170870362
263843314
327317083
3261319848
1911303422
2634948307
66537396
33964470
1668911022
191477653
2696566252
1078094414
106149091
3100703403
157751047
2909569908
52948121
225826610
107908328
3386205838
3385182387
1738940282
365562587
2308899757
912760646
2196753756
239564763
3385973020
3285883574
3284720407
1964701855
169309323
2817308028
1426146144
1699808366
54087190
600929197
2375580318
15008988
2952501759
50034138
806254171
38327218
251787620
3380982351
3223830565
39414608
3293046381
2593480446
40274095
2629559316
503724121
1478629603
2211788294
2986129805
19405874
487822015
2223850405
44468519
2182330778
3022113250
54402242
271056428
2724222157
52947009
65447167
3168779144
3171575082
89031083
2990323279
48814741
24009801
3307473052
1447717830
745616606
555984658
227532367
118836349
633188040
23760703
3374237752
2485823076
1330269793
2179077664
23021607
3356729105
3031564452
3260662165
3274881206
1140263227
2942426991
2842115255
29742573
2776420219
529543699
3239655545
1169775872
2414834504
276791546
3352458735
252664000
21192826
2316187478
114009456
3259991670
2548847815
3366554433
3366740938
28343947
21312077
3345559049
2986420696
54359998
292314584
718058857
2581391101
22782543
364540263
3100037453
1278964747
2804688560
3265882777
3254055742
2473080056
45331158
3354458386
3066566301
991357832
3352198511
3263561707
3353255411
3060614520
301164828
3351948627
112519735
3249147332
83982189
1278506606
33916134
391791577
3350977271
3350862273
2840205593
3223846296
522547306
613118456
25841360
3346985662
100299265
1897197098
3346855863
1009620080
3346518765
1381883216
2405935652
223877944
2517554893
797041674
1323212850
47151487
3310898013
3255865652
1473607861
35762860
303561296
34472633
3345479213
3236203482
704152338
3021913020
318531893
3343516768
3254201066
2218298473
44018315
297425495
799057554
325265042
1969518392
339056759
376350580
2341085023
2918577280
48731787
2962666001
403025658
1253013530
2244273290
2930376759
747727740
46161766
3086975121
3331901896
2218685420
3144205961
3244771017
2510998771
802466570
859721665
2440200872
776218778
333705168
67318264
3187459245
2321094753
3223025676
13491312
3161288723
3003667359
2227578845
1193266206
3310895337
535008267
628777936
368324433
21368060
3320162663
414801932
3008618936
2699239290
2664923319
2819065788
16044407
210541126
2247139437
2540301935
553751576
134648887
2752477352
36167000
27935823
201912396
3317428101
329379250
3226349432
991673641
3240347406
2359688401
1014365072
1262743290
3215910189
47755176
3239211082
180617616
3229423471
3310031758
312726958
3308708795
335298637
2934326643
2565299011
122976965
44134962
3192159197
248045224
3297174387
3122400944
3234095370
309012750
20004513
17349191
17224370
3306727293
431698111
3041420708
3288686835
1014277219
2829161386
56285800
3130728035
42906424
3304301764
278256020
1129348099
1716343424
2595719648
207665873
3299391023
3092913604
255377838
2530255399
103090290
2838118517
2973740181
299724332
138840131
3219924644
41935266
19774073
3139169351
25622711
14292983
3299436195
2209322498
1962938460
386181267
440008659
1360762604
3221723192
3223484599
3222815719
164160570
3290505615
3187878162
3290140419
1375240316
3215603398
494228813
3291488751
2660648476
26370530
3221161849
3000058014
300270852
189321763
301243431
39319668
1173644514
3253342708
145318322
3219637549
2897875669
3008229270
245038752
2924550576
3229277961
3212699616
1397666564
3093567521
45676731
61678375
1523219664
194537078
363936759
3158297652
106514937
3238864397
16376595
2238194335
2216487782
196476301
20702189
61492026
2968328561
1000083608
418991973
575825180
19558891
3162371165
354034484
1465596830
2964949642
28264562
1334893310
178803163
3190929943
25080384
2725602628
2650814664
963820237
1957904580
3048320088
142709983
752012131
41381586
3104276916
1905841968
18536099
64470174
625706391
3186135908
3091662095
1540324477
3236264236
632577770
3214907554
232597945
50405672
285302592
495567242
164372363
36728521
2863680339
3085584391
2778333881
1955019894
1037634415
35091791
3180987816
11856892
245999832
3102959909
2356652606
121304821
1688319558
181960446
3124761536
487808063
3137735485
2610165385
3171438834
124347548
2914571740
309781761
65700195
1658305448
1643303280
1886075306
3178070090
534920754
2383741497
2492285185
249309053
3154232600
263459896
2908077981
2469950527
31193026
19007286
3207589492
45604374
39015854
425410223
584240578
2528548002
25566880
3179366493
3161745325
3149908109
2799467125
1702675872
2904735228
2290062908
39938781
468646961
20791358
156247890
112696254
2826572684
240787520
3164471041
3164434958
1543996700
861559290
3140623437
2729520888
3092480493
145397407
1865407831
199785008
2966758114
2202462342
1729305457
2744964929
3171177959
1180333795
154371031
3167259148
3156576075
3131543691
257602154
55049389
297221768
16317603
3025986189
809256522
74057037
30228463
22952173
391940374
201567844
40774912
749986988
42417984
1945750952
3139334450
1436555834
3148449181
127573185
3078335071
2981021490
3122061598
3065996307
3131337286
583895712
3152353666
3131244196
2970033499
2297150791
2941396524
2990135761
3145192309
1905939738
327606933
624843442
2741784364
233025830
54916133
192824056
155770191
2180270072
857797147
3107904026
3099054068
3130716675
1038455856
2952773322
1209250088
19792064
332866501
73922604
2760457503
342084727
3101408976
17308867
1411025496
91871527
325139744
3121374423
2799147450
450697476
3124861456
385674335
2380865910
3092455865
2779269659
205435723
3124763608
1307764940
3108193686
2301814638
3092349693
3122153405
3121463891
83518852
3115530639
14208406
219317848
3120270581
159539884
3094861321
321700974
44057954
2267705234
15750251
3089580737
379836671
1310281477
22004340
112852636
38026587
1364089147
3116917294
566406393
34664978
467588401
359806408
345182881
3001605175
524819507
46661008
2950449209
3017292237
23960843
2674622010
2303450010
3110472838
3103439949
31591773
336396113
45853341
120655824
432146472
402950317
3102943226
2541986172
21829480
2766000748
339790373
2998489054
66604112
116929531
2597077609
1671220208
25770705
452528790
3103556526
24803765
3103551578
3100204337
313484670
2506313612
3078068458
334231131
3101724860
2382548689
2285407189
17239512
2938984438
2579940320
2650036052
220883108
3098170470
2381530368
1631780510
2301800522
2736231286
3017857197
434590138
2157177264
3068620503
236543112
2579043734
2877067037
1954590794
3030655400
3014491107
1534053247
76732834
3008853144
3080910893
3080910009
920651923
3092070440
3067615221
3092812588
3093695930
18969877
25216916
27922157
704325228
1173047268
2785780934
400300514
14569203
2993962754
3090466738
2452749252
2612152237
2925014717
336242407
27924672
336517631
876871
574405888
33616012
621926291
1851673267
3068102708
1003088839
290708309
2616209796
2904707621
15811342
5693842
3068781925
1255298917
2692558400
553120360
1676639936
2857120750
19098960
351181965
580221961
35919053
60210572
3028306595
3065067972
25430081
2408900384
3064234381
52820649
225913583
250736913
3035861953
31421559
1184313224
2761559597
476209535
291823345
3016958449
2465073607
3084819982
62799200
2713173030
1144028562
2736151073
497251958
2970299589
2545277707
424733456
577492343
346612013
1636073204
3069960114
3030280660
22359643
3065880108
24066905
3032362046
3067437300
2854003095
2452483379
2735733287
3075504767
259939438
3025245341
3075635847
1897258632
237620661
374651262
1702345818
3043057515
3062025438
3065879117
33928265
3046499592
43411889
43385504
108991936
969870846
3066700467
225493899
1160247744
552996188
913669309
265084821
3062281173
479856992
29714937
591309908
3060107778
840938516
2973544839
428659042
191555835
2218864549
2544820621
386106936
2482534453
996333302
3065828253
3063306135
3041819821
44513105
2986286039
241717599
3064152664
985507718
73214266
121147627
1633340384
41113129
3049057003
3064630738
816472207
28977641
1911619351
707157102
161913667
51490166
347555721
2362285024
43830836
2941331332
2322815092
2991418933
3038258995
2355853119
111613998
238726677
1442896376
3024481099
259756653
385735022
3044993235
88996071
115521187
2538269642
2786028281
3032904767
13832182
158400177
3024469669
1169366280
3060628763
1701796609
3059061197
2521611350
3059027944
2824758565
454751953
2510636084
3008457049
3041870093
2671975941
587670494
2719336984
328026960
2718853359
1190619092
54468734
2992961099
2963977961
860782262
1005199837
3051051737
198009583
3034079089
3031774084
2965127559
2971687959
33065988
44138534
421810796
117190515
109122063
20695614
2414942622
2885642693
2999613726
3018752318
3041880910
335565754
3001842356
2275332616
16834046
705936637
2468063622
611331897
265605147
2892863962
2837587634
868170824
3002652470
37007274
2984724846
2932617195
2801028617
3030439943
3041049959
262030534
143663597
2370606103
1452638941
500300203
2786817989
619476292
237984820
622300833
16514148
3020608391
24236120
279429422
2843079589
2418941565
56164851
978662095
66846330
458290562
18680368
2978291435
236961126
1922008308
3032956175
1852782056
16501304
2730800796
33064423
469797250
1958408552
14240875
1180891094
2998684836
281182471
3014065177
3014127697
3014071748
3014089171
2949268490
1838642965
1567105087
1112254675
3027002411
1116952862
1329465709
2616212563
2995218546
2389614774
388689751
223506587
318391613
3011737458
3020754303
1862610973
168662520
558045041
2985130123
273284460
125497182
2999506497
3019709081
2425955498
471594833
491644912
2852745993
1462873302
30413539
75125646
1493840840
2977552221
2981606896
2382685057
2280747949
587367541
2882882074
2502316502
544862574
19557657
873142274
1707550856
1220205126
16641171
259741096
719037937
2214931062
262483589
2462808887
2565501254
3011346657
2586051950
2998874254
1618867584
1869672308
41761280
3006565480
30543704
819582475
1651225333
390973130
803479566
3002685354
268067985
1089102890
2994942345
2784558995
16977023
2875435701
557377174
18122925
3004232483
424502226
2277832286
2991886559
275057140
2942875256
2739229093
2990262689
2546406866
27710985
14579415
1512131642
951263040
2647585690
2938170675
2994307096
1903167241
24461812
450794480
2955689200
24167211
417454960
42692687
398520186
2894932054
28669996
3001865523
276023950
2831765553
384731239
2355126836
2884734401
2983081365
214000150
2997688160
31072230
270513204
2480371399
21048391
22927361
55703572
30571323
15704824
36336547
2358177492
2576055671
18632207
1405700652
2995908780
2657375970
427507430
15694031
2997139978
2976218580
2328124621
20084570
2563698348
2984871018
153609787
410770649
2995236843
1929611234
272705700
2995535921
2959028814
2918100613
60396190
295810012
73340995
175964378
561654065
164450438
2980848873
2410944935
2950127188
112347484
298966931
2160766165
18792765
2334458888
236534665
411016891
36299938
15742706
64816476
14787101
274567702
20405350
540922484
1092273026
450904322
1237614878
70592980
1436765240
545817144
23167947
2334347162
2440835395
258697830
1213237104
16102359
799365493
21015476
454573621
72950144
2993247471
318029041
2591473879
43366645
1435671578
1696277358
78931053
2623594444
184174573
1423123302
413856248
2611098221
614654714
762885517
1146898316
130344773
62617728
119989154
2992731532
1699750058
935522682
15718735
118245138
2818052160
383998358
23271334
510474100
2192982312
2986509203
108496256
1373172403
170715226
2950461581
2969120909
100979463
28424872
1146720474
251679242
2724899911
491253462
2513801777
84953132
1439668549
942486655
304988603
583929690
22040629
2718329302
307550090
58471456
2947543853
54622050
112617090
2984395752
1631816228
579570545
291686268
2931487018
15949475
24009363
16918448
59110369
183161413
2990160975
25104460
48686590
31206367
108688171
956344801
457199573
529659405
716609377
2909233365
325866985
236410677
2465373212
2451324930
16898232
86461001
23524010
287998031
101666023
2987641675
30879439
2595333300
14411127
2810725757
18315727
2905381140
223220716
348894806
2989629250
269573077
2868782443
2960984483
57801083
18161739
128615642
1003203744
2825352728
24073408
189408784
618645955
934785902
25895031
21111999
64496398
91947178
916194679
2285843198
2988790972
71069643
858042650
247509503
2952502082
616803772
1114749403
259950267
34198673
214779476
405871243
2988636125
1090914906
33259794
99895304
164278201
330997104
14081659
2329444807
2320812032
1538681257
18642288
2840559429
2432556914
62847435
887475522
2551961413
2267953698
190891602
2814213090
50228395
2978589023
2799343832
1093168386
1056579553
2985716997
70719453
2968724945
855476059
35335965
2566339700
47390480
17971214
2297286916
2980761854
1644808962
2895665667
317308866
33936754
22326486
57842172
2863445676
2964174789
59343158
2837991784
231104964
1375137366
26003689
88480888
2787938676
24048549
2980327643
538622243
2975501908
235682912
37476668
613725908
78907293
132009680
1060370282
2901209921
158922886
113718134
62185837
1416774642
2785643036
2953767599
35405278
36764306
2400780715
46525684
928977020
136503284
129395750
2670431508
107865996
17966761
2478362318
2737914835
28228650
2973456513
314287177
2802168784
302241616
183259551
529780833
2970462034
2970055875
2267029566
1973482476
2970378519
270457557
211636625
834069080
2940937415
191575386
2933760046
92876613
570586925
2382445597
603688939
1557373418
159546792
2964469146
47798449
2962813893
2967983727
297041910
935610775
61867819
1059240924
2965051799
1243788325
2964019784
2884506744
2967287380
2965083477
2961460287
97049435
2885947528
91360319
2929491549
2953713339
2963753575
2966205003
2953974395
265596255
2757669919
2478626046
1113026047
15572998
68722885
80612021
119262731
2149108858
43071747
435351414
1397406192
17430892
29296019
77019125
105775347
342671564
2329701019
2820824782
29317524
537498434
246468934
299212141
2950941191
1904600845
101909759
22089153
1025473129
504623277
55012095
2950151541
73735433
90940964
450533937
33402633
29807924
2959675931
2955953014
1099645080
73151217
2495179285
2761818485
2806436484
2792361538
2952402249
53525743
1854834391
2951362708
2937651937
2949543179
29832466
2796823113
2443336442
2949193094
2946573477
2932703325
20748745
255294532
2941605027
2938803993
138327239
2922469876
2773130489
2609560209
19927762
1499411372
843670202
40553282
2938950340
2940181142
32847901
2713851876
2878252575
2937075851
2911934938
501709599
227418209
2910530629
2902190218
2932588996
205417219
319639548
39385840
288042888
191930186
86093939
2174393299
263234033
293063251
47289823
2447452747
2905661733
2296958904
2923636949
2926321900
613741065
2924166983
2723755649
2925575841
123255274
488871917
587264220
1710917293
382984668
2533784485
1613167730
1557193746
373702342
29748929
110817434
1713219031
16526000
18650159
110918004
2919231934
2919094217
1414947798
2902220540
2878606253
2556637225
18020081
1245147290
757766700
2571008443
2872641163
22268977
109034782
1321683858
244181922
22990718
378260417
17757005
345412174
38445467
2906542865
24102162
2582736318
531601876
1727106008
2911066349
2829956868
878885167
32573219
18217624
2559534386
2804665813
2910279956
82413799
2886972541
2737731695
2847214588
1304236081
2599148093
2915313241
278096906
29863554
2751747014
15429096
26764334
601895573
622327482
410148207
211885302
104358108
327650688
197667898
211375185
2904561365
2550985362
29527186
611871503
783744038
2867543650
68064189
80138854
2912309419
113698256
807781188
2905456917
360469785
17176693
781190432
50328244
2904651701
2767709598
264470292
1465355851
182051832
2813499565
2312829909
454064874
44977656
98317327
448986749
389028352
119088019
2882798044
2901302991
861691058
2914995042
1921735968
2842594245
2236273932
2900503881
2197455088
1409345274
2914142844
2281084519
2782028163
1965226544
2887419376
706431084
199196254
1883825832
2474141149
2892378801
2211894098
904143751
2303895894
2312613235
861777882
1494730369
2892833962
1923375980
2892452794
104979795
2806348067
328086085
731400535
871382958
108393450
24559377
2908598364
2890209569
2831579624
257792094
1683818442
945266706
1531922036
81272982
2859733905
1568536284
29652753
2329630922
154301921
479084601
2884579084
31496613
273507178
17139736
151969548
619299246
196840438
2885306069
305637888
2839497332
275707104
248888646
92425587
201823120
260786984
509246038
708135910
1567556257
20405614
48937181
85152666
254725793
2341163658
2417872189
329343954
621410744
1352970972
944264634
211232023
2792303892
274665130
483036800
18906574
2903787055
1262736908
1525957320
2882637639
413232472
952072063
2485683942
65784373
2902262125
2518877564
366947762
2332031114
889781113
2873117591
2878425940
2898385814
55568331
165814542
37317244
605855100
2353666527
2883019550
2759994561
1036160923
577464934
25114531
349819667
40017921
229187087
2855802570
281610530
2898652280
404370559
21504092
387275475
542685366
1280576138
2860926017
2326232018
2848074278
324538297
285665654
2897332489
2216405454
2873386084
2849307526
2872792354
2872188520
531508759
2867890943
2774443197
24889469
2883749947
26119394
41195166
2388167444
64756401
36500431
353289860
59156687
68009288
117820895
855633536
2706098172
2790745786
2864251587
2864121233
113202279
32471247
763941686
191270803
1468296452
2863970939
184836670
2863491915
2238150480
614745892
2891594192
1975575470
237562311
34726777
2308540002
286423522
2862638223
6068942
95539783
21489321
1466198054
1959206041
310494686
1732553616
59919095
2564401306
122557635
102084796
941989957
227422894
137336947
474093272
18713607
67409590
62265978
24803745
1222342009
194658109
1266009696
238347714
150419326
2347739422
443073606
186607309
50195033
41814343
2344067390
540165115
66434132
2849861781
2861125066
1546242000
490757683
96634851
34141517
2425826875
317185644
2860617791
25340120
2513154469
36667569
555361095
433863397
1953037068
138658724
1491739664
2855435602
1924564026
2277659940
507605651
932166978
2807223198
380636131
2852721334
2870420202
334893633
2878311308
244119815
2264923554
252514583
22236737
176336596
2848808945
1719296142
2850301253
2850271041
2653842240
2848746683
1103356472
2847614883
2584346708
2872355748
2535215670
240424428
2214140550
2790357288
123670226
2846733453
1372236109
32401812
50691049
2877194503
2612400124
2843149324
145072318
130982863
1139324934
2842333167
435301394
2799613213
43274920
1347119180
2775876003
1434358032
20965896
2854867910
136337303
2539884973
2616108294
46510345
2835359549
864132289
387611258
2869766904
293267782
26265640
1583825821
266187763
405855303
111985133
2815629934
374842515
1011400664
1074899504
71104672
923207654
2409581528
2427609475
230071239
22559403
2865295028
489976026
24926288
1360140186
315120962
2430989185
42930296
795181796
298662164
2239864518
38186768
72403248
2792895928
2336930774
2165797386
288009845
64139627
15035484
130847240
2292439483
2374131416
309937830
2832399118
2822837485
2754079225
557108913
2790634463
322316869
888964004
819504085
217974526
883592149
158870865
20797842
1897110559
556478774
568066119
2849796854
42788214
2852466241
455851696
488583271
500828148
2820601511
2511698295
2733851675
2160070393
2364887934
2307633721
21907954
268403681
247959530
848003678
2836958634
2569543590
794601193
323986118
188964930
1186889929
466872682
39753738
2812637974
14782782
2571582085
51613556
2812399799
2395407996
900385344
71705908
1046175163
179785566
144474586
2421257156
73485531
38169070
196201414
52426212
57789601
2749886044
2778972073
249449304
487953217
46389940
1659906804
19958050
2806606953
13573332
1484354562
2536547566
2803184285
2712713688
94466986
2558109957
15758981
2801124100
171934520
2800450845
2676947413
800432124
2836728482
232233090
33083010
2181732338
2739887100
283218938
2795597201
57599735
2376108854
2721967440
2797496014
254421054
1278649334
2800491920
1457329280
2377643480
2793418198
2800647770
2829488659
2485447922
1242727080
87882852
2531188208
374582230
2787781289
2693959574
788184325
2286826614
2567236238
1891580892
2720415672
24388970
22048183
28146552
312149882
2177368813
267569754
373125198
17778084
2653975686
534599939
1137959010
2823181441
31907372
2338755568
1696805624
52449367
275778448
18019636
2824135916
355553437
592957053
2827515246
252251189
2786214139
21112333
833846372
2603732852
550796797
216188768
35263643
16377725
2778901516
52802324
2823643262
406922023
232657094
538550121
964962301
2645839845
757395324
1226439104
32140290
2774807781
2721741788
69393978
19502995
2730411289
313526049
2688313442
259962056
1465982610
123078784
1024617919
26303668
177650309
188440933
144181910
1544707183
1708466058
274325894
97313906
2773452351
2315002434
2761134953
23453489
2809701631
25074159
184085269
2813565624
339379966
1613955576
2813637858
1586014255
2813500230
2791801849
993951462
1225677966
1161650778
2740051907
341984439
996845083
870764563
90780849
851928366
38517125
1406719327
817309200
898367858
46522184
366615802
2722435275
178012979
2270767195
27639866
26766750
2147901526
1368377504
914495336
256257395
221660522
2577084776
18370379
2321122291
218901402
2794636465
173026113
1215545023
2763226521
464914961
69689222
326522933
163995093
2772159133
2439587652
465271389
2667297409
1426031191
2743293968
135105228
1959513829
2741155585
310982212
12041482
474974313
2646186216
328801182
219531270
19183154
16930961
2661262213
2757328825
460765383
2797299751
232868234
2799199308
15092828
20748173
2798283144
2228898739
2361580435
2291694522
315525899
381537609
2670363840
2763256926
2786566219
375702238
2754613974
88704452
2705562755
37320833
57967011
2576381070
1247585858
1534577971
2459820170
388898493
283684408
211876790
2791964473
2202675364
2446787863
1514448374
898900574
896601648
788256949
552536795
2272894925
146846529
2788941283
2576352093
2731742901
2700620696
85842383
2776053637
2491639616
1105652246
920600592
2786462695
2369413105
1115683825
825149880
2286853405
15360965
44420190
68159067
2664283838
2751825398
2477696430
1550306971
2686273110
19633057
2433496722
2741119293
2463561961
2776185510
2781880658
2292297098
174072012
2261268210
2459709067
2598562579
2778838796
1387811407
586083217
2428257248
1325966436
251250317
2770728889
554751537
601060861
2768958636
172040792
275964568
1908858433
2768228696
2773439076
2500227462
24357823
1976512825
51228911
1397501864
2615503824
21361032
2746741969
2744654832
2475968906
191283006
538787022
64591235
1905211830
628770137
230805586
246319516
2572030734
263387042
2765310205
2726193684
2456724413
2612095537
2737656922
2273461783
2715944290
25502100
1046232163
2670908582
2736650591
737986728
1075887523
219467681
44540754
822347689
2722734967
2282493756
533666781
2316246829
1198527756
2754943472
2748662114
2714178786
77595316
185868832
2753712188
29764532
58313900
2377492759
102592105
100916662
214742720
326450140
2740998253
2745301532
18956073
545126643
1932475172
2491742912
1145792010
1135178935
2443182352
2571917910
1888491548
37828075
2285579832
2729991672
2658738848
441913070
487652716
109617442
37705415
427462158
2690219736
1408578223
1393414530
32495636
603954412
860764586
2590336292
1354781720
2601958646
1465344140
275247483
565379402
58155552
18906599
2658839474
1551164491
15654941
41164967
1854971202
41132189
2367568422
2723057154
2452705736
353461486
1720147980
919714248
2194918908
2350311066
2724062936
2604401981
2700326522
398090634
598882998
18697188
401063145
336689257
33597636
1054208065
22660834
2724018354
274257799
611755867
849299802
541278547
146617915
207395293
72955172
3748721
1308265051
2601881348
2342806938
2592273396
349249778
460848725
587865313
2424094165
2175656129
584828072
557949317
2444301776
155580274
1857942199
2655313483
2356039387
2273003367
117256339
2722392908
2684928816
2720972522
401142708
2466307846
111062573
2412273857
2717220704
15523788
113139244
269084357
245865792
38450727
2696234388
945319807
2717260044
826537184
527017518
1431059840
1376536760
38489121
73816577
2596744999
36862458
1676071446
1055982882
224705074
2714841559
2492037446
51335578
2590186508
2521812759
959697078
2712690469
2562468002
779566170
446724059
2706391436
279068342
744217801
40530033
2263033101
606695930
2712789944
316152275
716044325
836921012
2672717052
959668675
2384053146
2710057020
826960248
1407686677
2694603594
586029897
309674226
431568130
22779392
509384598
26939835
1938863197
1442872940
32871579
24412566
122914054
980286955
2363130216
579225463
1056316345
522752527
609054736
180058124
40368131
15406238
913045334
1554927476
1222968523
102980313
1963285476
257616992
2670376182
2685870282
2716825031
356733047
250877469
2176254870
183725338
1412130715
727924807
27579091
22961093
2164876369
1729391083
344953464
1615323758
43136615
2612719574
578381246
19203899
47318428
2701326464
2692868060
210684204
553967769
474826749
2256903428
1538137051
952714051
2239335843
2731223955
33988890
2614140103
2649242234
2561892174
561193992
2181323011
2492811448
1099022328
218150477
2363190510
2409068961
346972463
2296723068
201269815
396838724
2688673202
2693908770
1325147197
1926549396
45906479
2720879338
1231062811
2557357946
2608906172
119374225
38897335
2312152717
1854917430
2701363845
549970840
755802794
84399350
194184771
1166994914
1337118307
587585048
36737192
633167811
29992504
2688623118
2691974714
2616664464
16148024
122104735
848040139
26909394
16134572
2665884368
1526170964
1102330429
2593377692
792634424
2683698205
242444091
390916657
2306986884
2639842075
86876384
1449161942
467067668
37054936
2214443737
2484547826
739833264
2657159744
1556609065
239706187
2690572016
2446322660
1110503940
273208287
424289349
1278570884
551954716
261238670
68300343
1613575663
24885729
341410035
142085623
793484450
140409016
838882015
1666889358
1904924659
2683739006
443219268
2376185485
153402684
23109966
2577278934
374294479
1201081308
464767923
94486375
118605609
2591955150
259363784
186673727
2539848682
2391591091
500205853
4395321
30877153
18602526
2675975569
21484891
19196649
1692390308
1171922000
564998053
466170469
2528064749
1472322680
77816236
538655611
126808072
2602383001
69744576
22380819
552437538
26749235
15567780
847625497
2711590132
1608781524
1690720830
18182408
488610175
2711326545
874367360
2450553973
179761873
568523447
19099493
2657484032
1416159344
2369169520
546948805
21587082
35661680
2224431700
1077390931
874455398
115533408
791964055
2651968945
805905864
1126272234
2273704645
860611122
30096408
50319649
248896267
117842583
636421278
1408489530
618640170
538455539
2167005164
2551431960
503198165
26419242
197933211
229187416
585373512
2156038514
361936954
24496102
69080516
18345648
29475859
1287771690
1141653385
1061876466
552191846
48923898
18411130
127030142
327715590
1947303967
2626809443
1136990054
33611715
2432143770
1454893225
576305336
331947868
471450373
399770251
245028321
2628711701
2441338396
324882323
2435602374
758216155
78520720
117839820
41869582
2195556940
377628601
255951248
1086774613
501369442
500073790
24093446
172660624
89708947
452658019
475403662
209484116
874397544
635829806
461782436
595974772
1736822605
876941538
213827322
2614966644
832782343
417451460
24914494
595779264
258506075
372364734
80525416
875491891
354607462
1652091715
388000176
635872901
15170286
1673165708
90208837
2310084644
15454965
210678246
1149698588
2168939907
2462682315
255062650
33822094
992360089
67015227
364844072
135984761
1687130624
937704163
1949331056
1500255151
38798938
1927769072
2319047723
930844758
2457497274
169725431
2672031114
930406068
30117361
38976390
2673762353
1107466603
2546952403
751701858
34175858
765905275
18804691
2680400769
124045362
252888830
862652264
1748742661
16710420
22573088
102505249
274294142
35300423
19661499
263358545
422388549
241253684
2389026450
22302707
475817109
344349680
55093605
564124979
40361182
30206446
2684175109
938270082
481747243
886955454
2680313581
531487234
15300955
149604391
35567897
761799811
963036704
950472888
1875800293
2194441140
2713087294
197519158
1707711746
2575752739
2445900254
751798226
495613935
828048228
567836110
2223286417
2164987206
228073841
1931585845
425204803
47233118
1458885588
35784576
473503998
601116928
2262290979
2573646777
2329229809
2647466738
528068398
178114153
2602613003
858942456
1206264614
1645601076
2243530995
632518428
119054820
66223018
258975638
1126094676
195854342
922050133
1850077046
208083510
180564847
70414498
16087459
1066204172
281402050
306577453
288864280
507508368
1081283474
2516633150
1287766573
2725950399
25988969
553478746
878719854
1223036773
354482072
44004487
28662619
22594372
1374457524
1081709479
828813883
489753256
2257554199
18374977
2682111242
183227964
205324705
534789796
1017535999
564197175
115469737
631159670
2152799365
42266389
1735061834
242495902
318721919
299288633
885721369
2179951881
978648990
884304968
340271119
182584968
159633845
275367178
1626795866
1059363331
2561092394
18437547
1921507278
2724130228
53698155
24394452
14939593
1325468473
98739621
225678967
334988425
69310475
2336102194
25001561
409791662
60085077
2253954343
217778166
373331421
233150076
1432029667
1308380816
1327264086
26721793
877645976
258360783
392326927
2451826835
2317212486
2242219548
63032931
41876173
2567242845
22997053
292987610
35259361
1893117254
930784507
2352760166
2424759140
373309622
1062672984
339182018
577825345
18828074
80336501
1371803480
2576899105
260126662
900478777
27565899
1424105654
2632757957
444320419
116949923
35022147
19479214
2618085374
363955840
1228544646
2358565622
17907090
22365619
701293850
1594928270
2395454498
1340799464
216419976
334389274
112562263
339534214
532502186
1657165657
1643303508
41439081
2161513081
1525441063
1045970028
118252597
28478345
535114284
247015576
2675328252
2491821019
181768488
2528017561
103751336
2274078254
231522509
2382269281
1403922198
809663065
2208123753
108083169
318044919
26100585
305333698
334119222
750087510
1307480432
1931459581
551324510
329954688
433097642
1905584346
563027798
512697380
1312345046
1693894483
748030279
80372480
195629331
753742256
2424187436
60764740
2628214501
222299436
1657303544
100567766
25884326
1181521622
171541475
293267862
433092233
2561523847
2579555702
18116739
2397548099
68184070
2338854559
2206145611
950182910
59345192
18981836
570422597
265183724
2343569504
252351846
1122705594
396937726
887905129
557315773
114168878
2300551194
2560144620
2617593818
124745207
223341509
1206885618
22228084
103384284
632378461
2237026852
378147371
2680669691
2711582536
2668057656
312848382
1370971824
1390432128
118143747
552644843
1505978814
1363449445
16074611
572060940
609573775
1086775698
33338957
592849167
525643065
50651477
1661559074
270636028
2663669228
2714692865
15079137
114360647
509584391
1112691792
2708804969
378094307
107274360
55168362
87881275
1430754194
2241478037
1280809656
1035884612
145375817
465313227
1372786812
798194510
1158606878
153876973
533582843
2616427602
631584440
2669979545
580430047
1546529106
619031228
576332128
2500711020
81518452
555345052
96636616
83312898
534714740
917639923
475090830
2168995328
961506888
983783791
231591735
1485202639
250395409
37602242
346789722
39856740
178982163
1683268122
69483012
2238810129
2623283402
332906049
116199311
410313167
217154989
874832546
798530833
2393904024
24385091
20826129
293146898
2475970501
31454104
1292608776
457566485
193759500
36499168
42154670
259489745
885723504
908546028
577281559
24063889
440477352
65695658
709713509
346246528
358098326
2610493975
552180552
585988065
2321702292
968269838
1436017729
2374240176
946561712
411127156
719104880
729605804
1662917528
1468941457
242535012
53077756
42025876
1216957902
940368062
946542792
626834642
431901670
26413795
409651618
1251812930
2279696407
964720946
1529474959
19323212
956500429
287380154
2300555568
64067668
1149378091
1458563664
2342492478
364743813
1115978809
2512732765
1861585682
2237456584
2369506560
1355380111
1228370592
1069165872
1712895234
2224194859
988861614
525954207
1083143900
2679974850
598323998
1356992605
1390794780
128798208
170004351
485385725
373549118
