3487187893
483195215
4718501003
3475182432
26304307
3541741932
4923863962
720293777315729409
3609072552
3331578789
3027940450
334526285
1334918510
2629966984
498651721
2672582026
2261947561
2424608562
2428275300
2585337025
1189459952
2399302905
2375573201
2365060024
2354107823
2391936467
2368702785
2388770583
2381880456
2368615499
2393263887
2388730636
2375411265
2392943346
2373515717
2368596484
2388466989
2377700042
2368677071
2399238700
1560824419
1452803748
1619782886
2236806804
2291588496
1657734799
1447848157
704349803
1688968544
1298637535
152696066
1332486648
371051341
636475658
90527581
493504369
103669820
976383602
142370663
148938251
1405555604
976414964
976385432
976352522
609041395
609106424
560486392
23052482
1349623645
322015724
274272497
314305773
341268219
58403563
478274315
197644005
26716267
388722520
253467225
190765202
186296903
124216252
309494457
358753998
30486776
460205981
51158981
87820847
119793430
246260872
295879536
166698317
374958282
459461475
456086157
22558113
436029847
265588028
449962110
397109768
36220545
459596265
322033051
71873744
38071189
36678361
443807834
432915261
30793111
50478859
368713819
442195783
164519227
103088939
235661827
111056402
394094818
235144644
385222955
353690010
213063122
347315321
258674355
284754229
50191628
297954590
289201193
192715372
281712497
112598736
58014950
170588888
60171996
48664707
138290681
289736666
277624024
362706298
26851041
46940882
304990697
317485797
325814731
275742770
348073475
281270738
249416747
271844526
265942387
17469289
329396624
217923743
121043963
322154624
224643266
137444509
299230283
182345402
136549534
259011718
207730288
76051563
57652284
273195828
299403559
138228847
185899308
289901273
162248139
272619542
282055838
67004059
205204751
28012128
96310973
231714678
138527775
173579894
66055144
197306657
266089354
251561791
260245120
253002374
10364262
266454645
252999639
253005305
146320301
257518263
259907293
248839814
260107403
252856155
163573474
36756569
170024271
17008328
257229552
18511348
19716404
251963505
61497222
216548769
15014405
128278763
252716665
26155798
124458035
43237308
138964902
172934339
40336196
138533755
183781321
207795673
180081455
109240880
26302703
92102625
18878528
241616465
187014605
18889061
187261103
114082048
113052026
78275869
16248319
24016129
147784384
237438241
167111569
229137434
229969348
238881018
130925204
176974849
58961509
231980636
97050738
206636644
233597565
62758291
230939262
85208280
222536405
205935977
205943034
197016054
115350832
159291702
57642033
182258970
241952164
234400509
103932286
91709167
17163118
226995160
24686993
214420403
174576180
240887113
22276232
80702806
167351211
20480276
25763891
41715854
227017896
40159637
38260779
180002314
239451983
24691035
94001936
205840824
21819480
146145105
237527808
238616849
53098724
29681291
234275989
78905444
91359149
22837118
232068085
104863926
29183661
189276359
7808642
224041942
232846811
90677942
222093971
229729070
30095152
53477785
218160368
204477003
29166305
12144232
71806313
131495594
190034657
222836377
33981259
183488790
198302958
231259869
223693516
14556331
191115247
90961792
153779390
199187259
186041994
46698469
162635410
165585247
212003993
228381866
137561673
17235959
224154263
67287522
43698627
169194779
227428639
76180912
182120373
126349529
60462744
193057511
67447390
224304360
222261172
197099852
110511091
46632867
34239746
220399696
199045300
58825380
220235555
220338678
190795781
162551006
26563148
153061859
193544776
48821753
92691371
194185466
35126074
217852849
217663993
219201628
46343596
55192789
17901282
216064322
31401116
185662347
194227342
218583969
81715954
141620075
176659328
16813429
70271918
207291432
25590296
110720364
110779552
92321857
150016980
174068915
199949004
