3265899319
715320069681602561
55503840
766942681
419776765
485998642
1921363483
301205368
545966069
44550718
2342338827
4833335121
139436935
1576688796
4810243722
2737078035
262821509
415306480
96482085
2184381195
163710771
282691260
604261155
4372308020
2957474770
3148258079
46679123
101609633
1180466672
20199542
1651810134
156297839
37232932
57150180
37881179
3429834658
2720723282
345798491
468487317
62855174
23875549
23254554
514950146
36352492
61167630
1672087218
2867920272
3155629137
2533730178
17662450
627740468
128259106
3061632817
900077372
22840917
394240920
1104111013
2985454977
2338981514
2315783322
33854220
15051709
146119777
15218045
2455803026
1127165317
35953646
2280838884
87403396
1320932959
2280865166
2306799499
1099456442
2606876078
17300517
407141910
87229476
1673848189
14799343
278098811
62410874
2551090027
2391653094
21703499
1504398284
2291741635
2363321407
2281149998
727032745
317953224
2537802907
2196278696
474607838
1543821457
375720106
26258396
266075993
952202209
274295451
54570599
376902576
232603412
2285792808
1731234025
70198466
444251556
14142323
15518910
34699857
25840761
1345144022
15466386
18880173
16666620
1459974583
386633257
54087581
474396311
1551790506
22571485
58955910
1473402014
91290833
242434066
256563070
358352598
1155476640
40774459
919107205
1324911896
227386638
281183252
1228311715
28036248
208386529
743671171
12007212
55524284
75433017
624674305
1061066515
620475661
116331114
305090987
805016748
389561066
41989539
21834373
930683852
919200517
26063439
153969808
832155282
563223833
16005888
790101019
612013711
636064845
323339713
19167803
615420908
249279899
451971135
450995333
510614507
576443653
364857154
29610015
242756726
41834222
95143684
90321012
491935399
178069149
24117353
362685578
360315176
76143346
254800211
19307613
52047487
59518688
158359107
11613622
140419775
122202840
60546274
95876171
103986175
87813677
84318999
82742298
49657078
9427392
68480283
35525869
64788846
50605177
33425013
46495593
45879441
3816941
21611967
58287896
23959139
56852179
58409991
17028265
49623989
19272161
39276595
47970172
20572697
40010780
14342691
35108001
10424112
19480326
42984742
41635634
41586512
40479704
40303096
22158078
29279697
39164957
18024922
32158996
33778170
32393262
21704625
19748968
6449282
22322158
9366912
