720811727256973313
62608740
82614788
4412109912
4144102709
4411291514
3221812260
4351505659
704742179051155456
416487577
1517584201
4882033647
4686971455
591613549
4847469087
4793274858
4819709249
5486322
26826915
4658900773
4651523276
38254178
168928917
87977616
421613307
3352034920
256653291
2916189292
3963669973
3955022353
21220148
521234983
169137868
110982059
3654653718
2450467567
129410988
2725944271
2324027155
2194995457
2583546391
2332798886
3302047776
27692623
2349050516
91456093
3389080971
1964494326
3241918058
3284125903
3283578786
3266424228
3373362371
21723096
2319012046
81821487
3232063045
3226720280
1000140805
3015233230
3160054362
116282701
3104790083
3125275307
3109228442
1244345970
180488491
3104269409
2970448990
2943794081
438216321
2899100420
2817962959
141721682
2331020441
59154867
2551200638
2741314848
2739113690
844853916
2389852147
2684338268
2710318279
1953127506
102136284
32415068
2535817230
2534165653
2475454368
2566740336
204378582
11294522
23871934
2471404292
2472660536
34660664
2365020278
2286131117
2460033409
2502575386
2353299756
2370993936
2469595846
2434025671
1905437323
2419539673
2401206889
1733807005
224415043
1304195400
1932175855
946242782
1520219539
23372363
2366128477
2362070127
1546168796
2326041379
256543426
1131271987
2323217977
16847247
2321034391
1339923326
221988673
863108372
821845315
616859112
2277138566
57483676
2236827533
616707919
192295209
2207639112
484211560
1953783422
57925230
119678486
1963251025
42775279
68228521
540261073
19181455
1865302710
81515276
44079341
1729776366
229325479
1619849984
1551520640
1683569816
1302017604
329170760
1535806759
1613815898
45249342
845816658
1559335411
1466165102
69948801
1535655877
1257531236
1528247833
420831857
1470852290
1205361122
944471568
1040505608
15527937
559795042
33937668
1406511871
1261740600
471219713
1022782981
1345651698
21497718
1332417722
948309350
48887608
356907424
474379637
1284998564
1288183579
1263190736
19294636
27799327
1241723462
468991807
221119752
1109933965
464101272
499395045
1033915027
615483254
40036213
103997215
1051414994
14535351
62516669
70534844
34101968
295227477
45171449
737972010
130891626
928943095
921774361
251962881
907019222
890184054
23494359
604089133
211380939
281299987
77795790
628194315
823856382
51134303
108330939
789959730
763111754
246520145
17700944
71637247
707554382
742130526
28404278
39908777
545487751
628792326
628342708
63862323
541057754
500958769
159546310
565230184
118579233
45069298
23030433
572051887
547396205
101262281
527079108
553108416
33537530
546583719
17990919
37114267
539578818
366811476
530023863
127849416
42731533
382073948
253221160
511386760
39670948
42052904
312434085
29263313
377482817
1457791
94183262
489213260
488703619
393725806
458738511
341750921
14507506
67488423
410319906
19404092
432619354
75431963
251939818
296020341
16262161
152041165
390124793
64308409
308819475
412268644
44512067
409380803
123638622
37230696
123638917
397428499
14714473
52619258
388850767
196028715
155356763
386623151
293419625
344319482
370941654
333165345
17889628
93474179
317968434
23553662
350091692
37082962
343800802
15209183
59122765
337898594
174464094
299473274
115771350
17893084
324146102
37726965
327068317
262456739
320853125
63739250
297732400
315366307
46300493
312757369
308797291
14565710
185691373
291855732
26182451
35330981
42676342
25455495
288674731
298672441
141445102
85961395
291471601
90747299
196017321
106810238
26546403
272122368
22070024
252819294
56023440
167318166
265260060
25641667
49214645
269631938
44211042
257667852
129161259
171708367
263802463
178586049
65703760
263741994
263535737
263209050
248450071
75905255
229878229
250828589
25030567
84131283
126329739
67358874
245936605
194055796
142658978
243366184
138009415
81245804
18764978
83279021
50663170
16107899
225982379
193574642
208907863
225994418
205098782
19099149
133402240
19375994
219548077
84496620
219067081
131589863
23625504
99199839
212025506
68438846
166986536
92332957
196549240
19074827
23236909
20246389
15704582
118820684
49229521
37931501
30068116
26448146
16311764
186322542
17618307
39949188
186449688
96922545
128674816
152169253
22956787
113717924
21536584
178816641
58403856
33942700
39818284
66884354
29198453
133683951
49309518
39502327
16948868
22790340
38707991
162983370
155352650
129835993
142603183
131050636
36443069
130243513
59049620
120607788
120551276
52565966
77930032
34471781
103370451
109077962
93028077
54112063
64559350
53135190
84242527
83570416
81367296
23364060
82012872
65695378
81999553
75439547
80061393
26136487
77431475
73510397
73407729
63237235
26542208
64792777
64773427
25835392
55477812
64089857
63857249
59551826
56411684
49174143
61947119
53227642
56503033
17093423
57847592
56847641
54606198
29254073
50374469
25986985
41663855
49540084
14307083
48263319
15423474
46316909
48361833
29916853
46152672
26868814
38965987
45163255
27748685
22948354
26229872
42670633
42300801
36660418
16151547
39831749
24583711
21917918
41219869
38733196
25323136
40853857
27011257
39609261
15310875
26040728
20133748
33983796
38227565
38252464
27620245
14131521
31062374
37140478
30501161
28625322
23225229
29613235
25107802
30492971
32477314
24786010
22894131
31656250
21778270
21706014
23716566
31433594
31295772
30967077
17627132
30961138
30924482
29088975
21179044
30283680
12824192
16392895
27733118
14217862
15947185
21066353
22072024
14261168
11805432
28732826
25556651
15611483
26754489
26415207
15863257
26116968
25912174
17945294
25632693
15212936
25518505
24764308
24580347
24490189
24319141
23835722
21912796
22855101
23552715
23624118
17537350
23518615
23452826
12275422
23401637
23244988
23075043
15329994
22995024
22976518
22957860
17352423
20820678
17430419
22799301
17663005
21720593
22569289
12270132
21900830
22495503
15410086
22112405
21240799
19154824
21713002
22047336
19666491
19668660
17342231
19406751
20493647
19404350
21680231
17093617
21687416
21437053
20480332
21250351
69722074
