2861584107
723444431643357184
2674489308
718441504402837504
234454104
4469580257
3437993877
705497356624596992
2197277168
14763734
480847422
14742479
4888147714
721513487713878016
2468221996
473285651
3145373241
112255125
3300693765
559822264
717798716623572992
3854038335
3840968175
722204217025392640
2899970579
1489703012
705237073146433536
699638855213821952
3389611534
4117774499
720041219242508288
719824806196178949
37599351
68036460
702017349772140544
703483713741414400
3312822809
701342472597712896
4843328547
4878009100
4877601701
4842413752
3146211998
1061993334
4838441096
45038044
4134266064
130676806
4656431919
4458448174
4757190808
2905103579
41103441
150939492
1968694530
14619266
4340441772
349264893
3851154916
265100942
321686793
247043181
3412824897
2902409007
198557591
3363063987
3251232941
2848245235
3128400970
3113096144
1237564178
3024011463
3013628795
1594618988
104979702
2937886727
287349116
2963060783
1165218678
2730141924
101648182
438397083
372442061
2447276594
917572058
2844404134
2879635860
2279901283
602264861
291957039
2794982954
1967712925
2270870143
1541492648
1376709708
2252461796
715268833
2294074225
2289380755
98986248
2364487424
223342511
304613859
157141040
701657906
1117189086
130977506
295368797
816751602
2153762786
