725984842706489344
3069881637
725743157149896704
2611920114
3948484817
721849265413320704
153116157
1037071826
721550243993673728
100564766
16703058
2465146394
2377979489
721315519253585925
2858706208
4363002082
3421314623
2577654037
3239049595
2880851995
2579714306
697694777341509633
380030355
3091452884
4176511214
771083455
4561572433
4740597390
4721120184
3531208346
2258328840
4593617511
4615048215
4424960481
3243701265
4302094513
2806916751
4398799289
4159895733
2817873212
4399958179
38211068
96044767
1858765939
3259932211
4295657832
3288294177
3606413175
1173416894
361743813
352377614
198275668
26878858
3327477056
2147707747
3403530988
426787858
624908252
3352939071
266388626
3339044050
567749900
3249615425
3292188741
3194708714
2262037064
24142928
33923443
2929001019
3145056110
166040813
716044325
1877815748
1875296184
3151342389
262998922
3208406033
3177015146
479145895
3166425216
2984389551
3029166926
360113415
426103404
2915233442
2393063119
1059157682
2285738774
2309894879
64114152
3114337615
2897266466
2810509591
3142628674
361329985
2993832429
2987924526
119106063
402578660
1963630556
2920130747
1909427492
57652284
2850309013
907198734
235852067
185854307
261051485
132040573
2687710713
2175091995
2237583636
2747450640
284368145
2738310895
2594970582
54323618
520995479
23955363
72720407
2436102949
2575536040
2458623678
22200772
2317942807
24053413
2482905020
1189256994
2459839584
131704285
232991450
2354912148
256610304
241803128
438414856
1042336680
966539514
1625655325
1099915220
431119847
16571908
47243195
27761969
335029225
22738553
325051550
30079896
22935370
18939460
40056590
303634559
1467542798
415645294
47240153
517154285
297211499
51545945
513875778
172644668
409644530
599148927
543468914
1149656660
1207118378
119794920
226427771
192945103
70287207
59952719
92697991
116649306
161831574
402222934
23480621
602325016
561306569
574105022
460611497
720678864
221314581
39753106
288954845
211619766
470686595
571327051
441371505
139529558
446642697
586451191
72552866
257509650
48735050
528884704
249361108
19111192
590881082
17455536
608581062
384815610
362317463
589854774
422085430
498950755
180764845
562493509
187442832
104707317
560657970
378178213
303335851
513754216
119564384
235819340
465241472
458416260
551449873
551953982
361493261
14922198
430789712
35512297
411020889
24067286
282585881
256635103
394112209
56892022
389741183
510836301
109926120
34419402
497444031
56860049
21202243
44994944
455817042
460552128
416045157
272644639
33119427
221866054
384065768
302796416
379268124
25775539
376591680
437245363
432117889
152786570
349907684
430049428
400270987
213824802
40999604
407356606
97145252
360934961
38536476
95040295
358853939
408743495
293476625
193383761
222636417
18735040
288440783
130092171
67057401
242374053
56809029
96595303
72369233
404151734
120937608
101969953
362894135
142448997
27909142
356992462
221654114
375774649
67841061
93111472
292719581
50401901
207361687
273265031
59065938
34047021
217759553
201102225
365508837
306255609
331176304
305326414
377064513
30923467
18062338
41659784
174808344
32917571
153990635
166840474
59267980
16895518
383972287
180537214
382541305
350542487
51797131
157006569
150813252
233961811
381849510
381329323
205957691
282031204
331452708
352563119
226005564
237224837
263011595
281262025
192337719
103608892
90090641
376292802
370409483
370490639
372479846
131712242
214734525
364543620
161135815
30810907
344553259
62452506
286314881
370033440
128254319
367033670
186176336
358718454
151585120
155359141
276228150
264572356
266784358
82951581
143888376
49247632
38878112
44175797
363384845
184302320
112887515
358810798
29410274
173274051
40090340
20550032
95791373
177036023
323564382
32078746
343814581
261555823
51949916
238348008
39000599
17052146
131677919
93697204
39770824
331426317
97378234
217782616
92828135
335042794
105028851
334834827
325004529
280625881
281153960
244919484
223070557
224398955
