720066172129914880
720299865104785409
4921593034
3648860659
722343173226434561
2598408344
2929573275
247031855
2355293120
2914487847
721810023282827264
2813538871
4693705232
724890922387918848
718832796752551937
716181689190457344
713755495660724226
725203547994869761
721761566673276930
724180369747091456
508923471
599099414
2516480606
10937622
1520302656
201806277
389757414
703539625537773569
21311712
725031214197907459
2759356594
713665138608455680
713664084709867520
724284463912505344
724295976291282944
707549340496166913
115920031
1946661836
722432316824489984
717893503020359683
2667335712
724836088548827136
3010162042
724058857773760512
705496400193306624
705476576759160832
716955356639936514
384908643
723257600146583554
3012631793
973704955
4856615745
3993058523
115681686
137430482
4923315132
420872400
2287887180
2369796799
711293052107759616
4834811680
2335858410
2372300468
715869743278895104
992325493
49081015
2867024795
715401533861408768
4466364166
2375648568
3096291947
3149041414
3047469236
723021826327093249
704983002267328512
4861098850
1065727297
3253149247
722399139372392449
703598323421351937
393605516
722381012332900352
3012003949
2874327642
2808577839
1649464819
3187048295
312386018
713819099713802241
238569458
3315237092
2474534016
312301389
4196808167
148089228
703561088
960350136
3683532316
996051864
1036564988
18359218
388388380
713397744992268289
713600874707165184
960618541
1033257656
4331075956
713378888441696257
2997188768
719906668377726976
1726542289
154849863
714523435444121600
3247132848
1038751680
1037840520
425881490
718588894426591232
711110039260565505
4686019050
45682898
4177140440
717367764000706560
3179250535
34277412
2935400816
132599666
1611000890
3259468670
4923863962
2983603662
3031942490
4747916484
3271669166
190589983
207323988
312316910
718505911799717888
2258343396
160925137
788066503
272396530
3161660191
4418689469
3469471282
213581915
4921545640
3222279838
2438724661
721685496334721024
3011296997
3103454428
4177088234
2709748092
710502884639526912
2164399526
578046717
2466447313
716570006201434112
721662202864918528
4735985438
721659527196708865
721659187923656704
721659376315068416
3377473324
2865007538
2918971710
1156916672
710793180246089728
4408931745
1038139118
45971420
1311006908
4725003023
719605517371502592
2695731786
130644082
3051882868
1033211204
3413032367
1017637160
403489929
216530118
720296565466931200
3395954758
28372617
715603810811510785
704156719119671297
1262046481
1280188578
717210129561755649
2332449674
3160628910
1046613199
720516611136950272
719986058444816384
1038905137
2865889714
1594123597
1870281716
254413311
712553791535640577
4854397424
2530819178
314649566
121406363
329888323
272587969
1223926098
2458375717
200677867
303496156
3291736191
720181248166084609
43390722
2916784186
2305210184
2980535945
3246624564
705091984013312000
2931925367
2453790212
27928239
1087167320
1683047665
2564053544
3431712286
1651093056
52311367
328698812
788724110
719253366979878912
3399506847
2489862318
3995278335
4810175885
4349714357
197184417
98068050
701715164094070784
713793987119677444
396949260
707608338079424512
35806622
24305094
2226774685
2622668471
1245508159
288394575
719501431263219712
833714875
19681356
706097292860743681
3171025791
219860651
2418340782
1544427270
308220232
2704743972
719476266953547776
719474810980605953
718120961078374403
3013970193
1036124442
4412151614
711443826783723520
708318350401806337
288789760
3062813806
4851448033
1277525966
4896429466
4384853614
4888660630
4724553760
4703429175
545325451
2647769350
3426136307
4765365692
2180643985
1572449750
2767246879
388897920
4435881195
4544335816
2695286576
252986883
3556384875
3898185813
3420686313
334870378
3625817353
3054822706
2223230658
3400420454
201811842
1376867564
3412162205
3422801435
3397160517
791293578
2592826579
2588807771
1489245642
2889408483
441763590
2811476673
191073934
2426931079
3152597043
3107166101
2891871591
3101824413
191222853
177685336
199327827
705743854
1903797913
2560480534
2524959659
2248162574
2568963114
2426232921
620159830
1224962742
2726842245
2656372225
2507232211
32447776
2669541083
2599224014
2363640786
1097879119
2614295950
1443655039
480377943
776042792
2390610769
1602725298
2354766883
207453252
1137699283
393964386
2569323321
179463411
1629758623
218617537
28416492
1556224399
1565345198
1329805820
1609000777
2207620773
2428869028
1030274516
17134385
406520937
1953722472
545971108
532171645
151886548
306177250
276579644
491331269
2515527894
2349107934
331726265
2412611690
2437860465
6663512
