713601305764204544
15674884
3948670637
2540119477
4924631686
4892150077
4774688631
3267456386
706836008046870528
714807004355690497
371044633
2720728044
717056665145749504
713397685491879936
1097852275
448143937
2993959370
216086840
1260385928
2780962892
3179662599
17850785
703043221761298432
25539759
14410652
86177206
18462961
717174266614136832
714791179158691845
3130073651
3158234814
715500137804652544
715499679954432000
720947764071436288
121960987
713380327570276352
246133594
3265536992
4319396057
44217028
2563814487
1668821198
286461209
2800810057
342894187
485115647
3366325551
348083461
710434650288746496
2246371640
2481937027
1713944696
27522964
722130140218712070
2659696782
722237351699824640
705237073146433536
227871081
715273665823293442
1955132936
581329418
4498994898
696849599244455936
285808894
16513416
711183846763462656
2914541789
4727476812
375994659
721883550090469377
41838085
4140381321
4117690780
714898483094749185
16916866
18805881
4358397497
1123215049
717426353629499393
4898070917
4884796019
3067748810
488988125
4505248034
14579415
710172106907127812
4216544961
719829175679520768
719828643598450688
31194638
3235513592
719799427033075712
719089879917789184
919166336
277805390
543219069
2782802814
801231043
29097048
3305113227
4649106135
1375860338
718504343968882688
698676361154727936
718430377791119361
2786282417
716752505653342208
3545164636
4899205434
717734382681866241
21588316
250502252
715476115788156928
37153105
2904389591
2351010271
717454130340577280
700742879879139328
3820760723
711225054994890758
1055979938
2316246829
289754247
714117289625436160
201824839
706187770130083840
15147265
710146442707476480
4081930335
706180878754562048
1367974088
715321401767366656
4753250173
715931771590803456
486072725
4819654221
262244814
711089669157609472
710261776667926528
15455893
713906573504942081
714489808920383488
44209472
704493129588723712
4433175316
4886874484
179723671
713496554665947136
35834906
713445404847824897
59534358
4847335294
242041864
712099804717813760
2897693669
706511469702209536
167497976
3108830942
16534759
383525937
4794961102
1601135010
706578159848824832
3283704313
231125939
829735580
710184652997332994
4845069213
709833487839207424
709882763294416896
2460042668
3312980472
3133773720
4760615431
4896644116
85293919
4880032589
4914502456
4914324255
4766264995
2468238230
704885726324899841
17634425
4834068928
706262622178377728
705474662675955712
860678905
4672557745
211320378
74526343
2891550947
15063486
703565168823775232
3344559441
95151782
4886616263
190589983
701785583409086465
3026713750
4922647906
1148875442
4920400827
534397312
2451867288
4864760774
3011575904
21829480
2933082791
1435670058
361468994
4647751393
3580248555
2998049929
499202239
4827600675
2895709262
51038970
79938312
617368913
4448986359
1307946493
1686790926
359004631
158096090
3805030169
16049141
40278234
21610240
1219238888
261760142
4842666082
14869360
459520912
4824349935
2632905413
4484801308
2847670001
4708860197
3541741932
4039254973
105976577
254115981
551583387
3369557385
4704512593
4674723691
39506791
4627293557
4664791879
1673139500
2429083328
4388118856
3492488909
4579752634
349113353
25634203
26070516
4561850055
4551900086
3390283839
2966476426
154156579
73986605
3030318722
301016223
368915170
4364327653
2969934619
478274290
2883480796
3335259507
56401482
120295432
750196890
382230093
3917205025
356246904
2736375678
3321265301
3269135789
954220717
57264162
4004407589
588617313
3315496315
3184074334
194254067
28650811
4041410841
390233224
3308918148
4140356961
4098806182
276008059
3123012523
21859684
20279195
845959123
3428120885
1090897602
4102196415
2411187446
217128394
1872235872
190494178
3165244523
3000363994
3376861754
4076101479
158803489
1877259637
1564512613
46962618
17235172
128564355
2234876821
2775741426
60681149
3906275604
2480270598
98701523
3247624592
2875272263
3167209715
21057778
3294445714
17719669
2274663835
17297033
1346952906
42177599
3057145877
1448345688
156981013
8630792
3900933737
2214794749
3788198182
3266279395
3214742345
3244757091
33923443
2480063803
193797007
3264756993
3825638175
3150080488
2401045405
1704576048
3732190411
2894122179
3245078279
944631248
3804660435
3264634433
334497954
3565489094
3614602529
609534603
80194204
3486116603
2457789487
3424874260
2903997576
3414079113
2856853035
191098881
3299789208
3080484790
3306826545
48867183
2358228690
11388432
1339489530
3272074760
2312494016
2963540267
37325666
3355583355
454226708
2452826665
525018273
432227010
28663035
7868502
3023119446
56505990
3228554738
3223517341
433266097
3262298164
32576918
2347485540
886898028
20621763
3180845706
3162973357
18871720
2950726793
1877263634
2950630083
1876908992
2951561953
11161262
3176894786
3176903941
1578056358
3180713403
323002701
3078127594
2969280381
56305337
1722671028
2386162251
3012568351
81233767
2490318625
580292083
2785289285
3047718915
16020221
3023262253
2839210297
3036463110
3047665853
3032846245
3018724490
2971059545
2513332430
2449463599
86362503
2284078946
1249870423
3017794391
2984574552
91723260
56821992
2921683039
803869536
2430498446
2987935906
244543710
237057786
2980761421
2964371650
387806203
15486238
1337635752
2850670272
2936823848
363160338
236973664
2769204268
2927237654
1084756105
716041556
2739522419
112768544
2667116677
2745877738
2458731194
2885207554
17986973
1947803436
2845863449
2895498105
2748187893
2450872699
23628802
1436000186
2647466738
2884138125
1132189957
74186243
20259974
37790186
21712325
2292385755
485797621
27647047
2898697260
2200822017
121434857
2853433997
2704147963
811005690
2666092242
51354975
2830922975
232090614
1948548282
66021705
65703959
1087851535
2809349151
17968901
1681544378
193905910
2818542993
2844418382
2396776069
2660126527
21805168
2559111110
37721636
2651402131
405964775
2364498132
282889030
2344373126
2433444192
53710783
14665013
2664853273
22198545
2393558072
226753179
242343639
2764312411
19727910
2475400795
2774148314
2438268992
719743447
2677743246
1681920206
24760239
17475817
14501325
2497107032
2397628100
2499341
91129028
2723146655
2314780697
593727908
2294041009
2741804896
2720452058
2451497065
2664522943
2459459894
27248794
91169450
20458416
51486676
319771748
2655319416
2712655123
629597607
107195577
49732531
2706444241
60634589
40993592
29319777
42753496
2612550985
93250649
179099897
2320694039
14085916
2192433368
22860908
1900409347
198758344
337086481
632277931
151998528
1949965321
1951851710
242618658
2527171405
2571814801
2706952205
1584091454
2597309239
2241593430
315002750
593754961
16248319
34674381
600490120
18884595
2614821361
238993212
19285182
38871212
489634533
119140155
15386175
1241762220
41619928
21356435
2317857486
2527617481
2557404991
2570115410
269757958
2569447316
2562652777
63235118
39733157
2488536523
2327180359
88509575
207336746
21790331
76993897
1426388838
1883989100
19874647
55630749
2435033101
703561088
2451347168
1937964840
35206039
2462642166
270254619
328036298
2433204824
2434195838
2435048725
2432080933
2434604034
2433257846
102855482
25832483
32554356
61509271
896366526
162103492
2424393008
469472764
32274136
803774677
2325787111
2740571
2269199184
735985212
81663371
1260773958
22964187
25756626
48813668
78379634
111006017
2371406539
2355390539
2312752790
221489359
1485034728
104247532
2340402257
281229681
56426716
1927615975
191173575
1976531010
108699524
2304248552
500390284
2303875975
2314074044
1211905164
2251932277
1860106105
2307212390
2290026258
2298639176
39566622
2260393860
54958197
2260625206
51868589
18316130
122124388
15088990
2270704681
512716472
1300211432
259425601
35658709
1093379659
589340866
380086603
508119081
45856437
2250600548
2250600942
2238317298
755344608
2247688824
50415907
269845781
2243045514
17786280
2240092754
18585201
15868995
534264542
14914938
1040373684
2231821070
2231819118
2209335437
42258587
261059836
194399480
316126656
14307664
2189058278
239245307
312435184
164766906
350343081
1513662277
1194588092
1760815069
303940580
17787584
65455683
237750442
75049621
24978710
2204080214
1454749736
707384148
874518126
1551339019
1268850362
1243478078
2202271921
80441410
28311560
18294521
1077659870
398895472
19031542
103884565
66891808
385111151
174791666
286349282
2187494004
19136881
28161152
26122639
33710614
1688000280
22669093
83843963
2157938653
1667682937
28130911
384555888
192393347
574868240
80984331
838078794
1856029262
31281673
262686123
14129604
1928992735
14748601
1865889932
995700006
106817963
14809833
701172702
293694527
362891141
19877135
9605242
1267817348
64083835
359431269
352559891
82695056
23083954
1668574010
1473584178
106528775
23970626
43130418
16987439
254717985
137119480
154182836
30007941
57360176
1602786870
153055992
117187544
22952068
221195700
1516307274
384609336
295821403
117007954
27443467
48029066
1206701486
70156027
32110246
47033501
1470512556
1406691746
18043489
19040824
1445708156
18640094
1009198567
1440202746
326294332
143647636
15730791
88024943
1438958880
563954776
1410359683
760782937
225657737
65517999
70968691
36939152
24937415
106817933
17598924
76642258
556414990
868386506
218027755
489823939
24468861
1397989453
250661284
378583213
40276737
38484359
50759591
203342265
26181992
36583020
155544257
217948932
114204436
74568060
1020261518
476994345
64731898
15006284
1231725026
521940270
306146643
343442350
143073178
32958384
1165072465
497428635
589375647
91433449
1135707932
530846963
318996538
1128653838
563970231
33147287
46568366
212059458
18622063
896240930
823564632
355890898
89081091
276774707
543428644
173926442
428284208
1068471019
41915647
266951209
125150226
602864450
197473766
532560091
259044959
1051657652
265419577
569643898
19154824
39555191
1003000970
57652284
439326858
28729214
939879206
15380567
442075002
54198028
50410264
326428272
861949272
298990583
118199222
380420893
119466928
18906599
802727538
898836181
898208323
263178396
181993911
885797100
542678945
862225820
875382576
137405877
217461737
212007732
25517146
540828216
759868273
30892036
15397465
11052432
263481613
767207072
372556830
510267507
262225074
166557991
166550673
71636548
74827745
159188645
29988775
226563067
32143539
131552033
520911278
16015264
299812100
524853468
21684595
305189555
453511487
348069948
41883646
478491508
499847371
223573023
139831125
218705068
22495968
80185459
218205069
16664013
211607070
204428201
74482441
137828247
59518443
49138145
383381081
405374020
331996153
390260093
151669044
101100331
24646822
4369541
25315746
174280125
17961784
60774794
275129298
262965972
375918605
289129602
16198206
360048065
264552454
17023028
293055179
296509774
216416923
285902384
104843410
271007132
266720001
46360191
261326511
214747409
159517542
89477302
231456235
144955326
130969637
4170491
22026040
18071657
18791763
151292513
14370011
164883810
17546958
137671933
6577802
60919513
30014976
63500744
10168082
119045352
31203625
15908118
20984309
96927913
21030700
35901012
14322450
77624053
61869088
53108008
26411293
25141267
28788149
