721350950947041280
1704727872
3254110370
17030537
2898641666
448713400
2950178680
727286191
2813257790
585188050
2548046881
2565221998
257657891
705534415
2364986633
35586911
2167545907
2273695777
2242716945
56007111
13271832
1370720455
346561931
1086812652
123656241
450008494
348538117
35105971
260803076
150546336
14675663
1065077048
27141842
115484134
298801638
26694869
525705401
40375355
445266866
12336392
37330036
94400013
346219854
246497509
300992251
273947201
216424035
15999470
99875092
83035860
