1110662156
705808755993264128
3023863007
721625682971860992
4811584422
208568172
4547869279
43196336
4182380774
591349485
4703317886
4788715166
410170867
718412792542404608
46190093
3130363229
245750967
718023967278252032
1642950181
398886217
713874298876796928
4875427757
4125875653
714876891899932672
2675581850
4419566435
3430176958
702534199757185024
722264871383879682
4848049753
1282220160
4706270920
713354963926188034
2953007923
701682077314355200
4760597658
356244482
2574092503
3089040558
3255069311
710998180117159937
3311722862
4798651573
700708312212332544
724271388341706752
3480349520
719535575288647681
2912118236
435509701
2741752771
723138336399839237
719472067481980933
3697177872
721081786332233730
709046708571738112
701822634414047232
709497411144523776
2739196305
4765364386
334288260
2914194020
908203088
158400177
4609839138
4797850879
33079769
4837315805
2185248516
711772079339646977
4822094443
722195754727510017
478383774
4660509148
701172499178852352
2431253425
723870278376394752
3307776386
28918971
721617115128528897
10207502
719031883653251074
4360221673
1368478189
2779862619
701627647709749249
711019979504807936
4777108350
46204483
319276183
22179696
153112228
708682067232628736
708659375
706562279282761728
1339060338
4896844150
495396045
4839665271
93506338
701869179117375493
1024109838
711977155542921216
2404148318
718300400722558976
162786595
3095807927
715548600584048641
260057252
4784596178
486046966
545377339
4738497264
705961747157397505
4653073094
704215172236353536
705435690021027841
4769536303
4908275244
714575249128423424
3029140895
946406934
2928701984
703662642682933248
839200800
4860406902
703788786854010880
715369868573323265
720927815206641664
702195766459310080
4895096885
714202855666794496
4358227407
4853224563
4873283560
88195539
4908742273
3416505311
698562318351863809
720089939556179970
2450840197
711797911156301824
717044648464613376
270636028
711763281447268357
4444519815
706601723067015171
711790540979744769
4858336276
705108555288985601
4831072780
4195481594
4827146067
4785202752
4786763677
703685327882289152
704403215127674881
4799843636
2272092822
705656249992548352
2333020974
708227058393030656
456179788
232710967
4735284493
324023112
1657924784
537904539
705506254500790278
4795795927
4861280291
711119933992665089
4836393909
707718853
4906853915
4839433331
702879461461659648
4872612725
701253999228354560
711649223427563520
707124686769917952
2407411801
708511744759451648
2937602114
712772376870522880
4851732400
3951060802
154350597
1186737901
4553599515
718390704951726082
4800862086
705229345745276928
20732140
4905645177
707994226387058688
712187539226910720
4837973643
708391853251428352
4500337213
4247294654
539357234
704015377366433794
1018759567
20606171
1242723871
4924192796
3106534151
700698868799770625
4012153059
4902508971
4234882707
713408458473639936
709588797550419968
702628810483765249
58760309
713546416770064384
715172976963022852
4870565115
4855880189
41919896
702291903673298944
703583287483244544
711589795449864192
2467794883
705125671635394560
713055133060435969
43713179
3113652247
89277004
324602503
600580221
718772447340834816
2616520477
41432314
698895400141389825
1862373380
2158806852
4340273833
3161660191
719974159183286272
2673762353
3379125117
707980313662717952
248049470
562372370
3101613139
4287786019
343772856
104874562
115945502
942868836
703459988144959488
1952998376
2791180910
61922424
18892099
2916054140
717359740259422208
176326102
574915137
704075824207495168
4624500980
3391392651
263406775
85099597
706997052501311488
912720674
388441407
397153645
4345523654
1278967314
3951302129
2183246233
326165355
4867884322
3539369717
119534385
711526025289703425
1435725865
717820719942356994
52209156
564947756
705441494698762240
4708379511
720316299570614275
1244977681
3092748335
708039673684295680
105295143
4851276082
9376622
3544849763
49964679
191638016
861963872
977389418
199883469
711262874048462849
109960811
142015635
4835332365
16710420
1184314416
721133296273502208
876040219
2904509258
348400598
558528946
2973180423
709086771548704769
18486002
188803735
706558548537270272
1195724178
714424285528502272
1020857448
4841147176
1191779618
722262550331670529
70156027
272918023
719017787805577220
722257381753638914
719839827743485952
713884220905533440
718687052099907584
4756017559
710560065279893504
33529092
127499705
518160684
4005375497
29530235
1306331118
28673900
1216651544
709851598214684673
704682505052422144
721403270648983552
75736238
718823260725645314
50836292
4909691868
59511805
718422742710689792
878916812
15886750
4855432882
3324710323
468916175
3279970770
289066063
706835581561651200
387661638
4501660992
594739306
713379134609555457
4706343433
424927514
44382195
94857536
54769979
710639096431927296
34991028
67657700
30344426
4598034012
3809379317
3396282117
361859989
1424105654
804097207
3946915763
317284206
191311509
2369506560
31100590
2845849081
400161309
4267265183
3422158725
720903599463800832
115679629
550987205
4674962172
16606038
561654065
4154041574
4463149992
3317287716
25770408
182265955
31504040
158060289
706146938157178881
1219144500
44135635
3356152332
17109615
3693271276
100369974
721735404248965120
56449803
202729390
223719518
721135159475437568
3309422527
46537726
3884598859
893856362
593700012
3296504462
566975554
721737068322271232
3407890707
2478015324
2639241371
713901546367361024
3281910150
3384930639
264268489
1494835716
2207780696
720480488817836032
4422984375
159816162
347976255
826608434
1096901059
1420739510
3769782916
274891222
21799129
473495152
94607882
107012365
259349567
1029560786
706186209949712384
1433427858
273287404
702194839241281536
176336596
3345484813
22936237
3306240758
55772489
3909925639
35216399
3309841465
720660111161630720
3955892116
711211955487252481
196871565
720810530928267266
720238962296627201
1337093174
33611715
2315583427
3034782866
3957920723
718157543856451584
3304455363
449110269
4749272904
549679040
3007163826
307877719
19173608
4875977234
2451808070
19102612
3303852253
2393063119
884304968
703247602381418496
33059689
320917731
2423699081
715645679612375041
712862835320164352
714653758379020288
3314535722
714522046911229952
3277814538
622661135
366819502
3227709091
2975468251
19043568
3392941000
1393877221
3711628096
334389274
4895361413
721371169300066304
165145111
2812638431
3289295713
51757492
3580385187
3192848121
718834655441657858
501264324
826537184
808175304
4914539795
4165642155
50322995
89475542
705446574328057856
110863694
2906973191
78194344
719704782936674306
190878483
4890187717
705103783047598080
3159920865
2997910595
23691853
2335992812
709701668737196032
4855720452
3310185230
3503962453
3346735799
74628767
4479562812
2319339266
74610516
1621868402
61049859
531351424
3951491722
2958201126
3412434748
711454551505707008
14828860
67139827
174953869
3013132250
903377622
19850687
3271255423
634595966
4364693417
717499396393291776
340485578
2581758266
3424711689
718466041446277120
4661220316
326441040
121656624
406483952
130353272
3580248555
710990834972233728
49384747
795181796
3031942490
705566834913890305
707209121855086593
3294685707
465463508
3266907517
704407981958557696
4350747449
3311139233
486235850
182957058
1639743954
1425770456
705732871101616128
720324923554574336
1539307171
2461913575
719992598895546368
4385848714
1137650989
3436102277
2992073166
16703058
3320409830
721256612506267648
1135744644
721376598012760064
102367516
197126074
711571985688428544
280318652
718346912609542144
342894187
212543625
3380190981
409668515
1877353729
2955860469
167608524
1186076490
710139356099391488
705407791767412736
1149004964
283446223
2868777417
599539680
939940267
866331944
3131834062
3892505783
2668634174
470334696
1399823216
489899893
721222330450464768
111987133
218772994
142714610
942203196
905892812
13563542
2602354633
19024512
715097521576615936
4837207745
4896736000
4563219634
3556052295
4350243323
713728287453917184
2974196915
4349872421
359332000
2849165739
2989469523
2401606639
162999314
716284174055788544
565223816
3939773374
1538708178
2470481425
2765884580
2526991045
2288700163
165504711
252768089
721206532436848640
4063284614
720999670839836672
429317332
4425082820
3840644114
70060573
555342221
3304023739
243329217
86693733
2789441791
2358159656
541063101
26570572
720088080934277121
