603986609
3909413668
325941802
3302118277
1486323144
1598545286
37678193
933469032
236030463
130726993
371334911
70600622
490880166
246357082
2273347987
3129753171
81210280
2861625934
706247433379057665
4418675175
3213020939
2717168936
237055242
19309875
2975023595
4854275531
2611122709
283692511
1626294277
20809500
1089900085
3383017992
3232523042
2801806702
4480460052
3065829424
3225715500
4236520342
3285682243
4271665519
3023457244
3836010753
3330689224
3870926067
224706782
168478353
415208106
538715185
2270710075
44658191
143575618
3655965328
153681688
33160996
2671243818
1679706217
3010701457
2759378311
3292960440
2314968708
703561088
35134759
18906599
3345521699
3192814686
3220077960
1894136520
17873591
21502807
487213790
3300960195
3160589677
3132151624
392111934
15434096
2814636928
23046074
138652699
2647466738
21425846
25874451
480941481
3107678144
3109142196
1280058326
20805189
2756663176
105250371
2925669749
2757884500
847376780
3019980847
374886100
612111377
2787056898
3003781385
2538571926
531907062
78772932
363963519
16059475
2683590026
1337050933
108057561
2614551234
1296815491
609435373
2886760903
893652090
2716041326
301626134
2282803118
157787285
1228630021
314679485
206194117
22794477
2791083846
2750506564
2387656004
2439227924
543031213
54259132
2731947197
271007828
2569720839
1520880367
240699055
1399982040
309688574
2571710688
2296943622
2439149280
2580879251
633813815
435894136
402434614
2393107890
184637410
39896544
856549532
2491785458
54414361
23498518
2247993217
226422785
22811375
56504474
2497208625
2432434489
188608544
2285338411
15024479
2407588638
861430652
627133636
216468019
433465698
17968901
2391468126
2166975605
2337030524
2283203262
462219808
20246056
2359781623
14976678
1534265101
830344142
529708676
78635845
2283726068
2326534773
273492760
16716127
2290357820
424747687
2314738896
2310015527
28422216
19398002
536372291
532690100
2253968388
2290165269
26044608
2163466826
27650900
2286165338
215855002
33422254
314799359
105892267
280796837
2235626193
325102870
2241187842
1705803889
2159502968
15663301
2233439437
776475
77776607
462071231
105941255
969191192
20111061
1498881140
303425120
17788412
57382321
2155987146
85864444
41377639
156975310
70700679
1161169032
1319368878
361181314
22547819
22813352
130925251
1957867609
252166052
1952717095
14503647
471631955
1327292178
20957491
163872647
894608005
335392366
35273913
825634608
22946048
26516177
289117894
1855315554
1526600564
71362643
1681339974
133558295
1710376532
1261212786
1453228412
37558326
1698204788
14750858
145297400
42655609
1129111004
998350410
236961618
1615475874
1350124050
19679854
450412434
993647352
26147249
153965856
17956027
775497144
787401031
30330016
358341550
18294521
436177098
1382774960
1554230390
15205232
1557354769
290317816
360217894
630577058
10102142
102569759
1419321085
46508070
1300254805
1406691746
393131512
631561949
97747246
457653144
14749672
97639845
1291466947
833349043
229089644
1410524329
740818638
22710684
55420462
1265755412
760703846
545261303
456966840
78759442
852933020
1352209586
1327690854
23132526
401837028
1203057799
624307292
613521891
1226759100
198519537
1019758166
1240907888
938657858
214363299
1181195646
391507968
314114692
21669223
316812353
521232574
103295124
1134722245
98713102
832240213
330926929
563121407
18243255
42354738
68683274
1063690674
20966406
30946816
1104044575
17834580
97163998
24943456
867367236
189335457
1077500904
188873415
718296504
416318065
857628914
38109656
5403442
490671404
17411020
321494931
67216492
18753156
893949078
15141113
20827669
981285810
979666346
19659031
106825660
27085341
18922806
121820510
129191002
23774700
348719396
884875472
849525834
104931259
104538514
909233359
768016837
188895707
21500056
114293587
858974936
82214046
563376074
243639047
340566968
866774317
286390743
554574231
287029027
131190778
18056473
374060598
18129062
80043645
466069399
18610660
634612613
249504740
127370639
731326238
564154237
720175458
628038086
411952010
47494634
606912113
20128206
295437873
453864070
591212288
16278794
577529540
188914737
15822699
319401145
38344427
110222599
30592504
543593316
543822491
542743700
540123877
533573091
35041851
26322695
453173257
468046655
486305007
497457797
30063514
69406492
486070700
309267581
76034850
462469352
479013370
124316272
274659676
330708597
467799844
463086491
21493557
19269183
457851035
454167760
135349943
432071604
425268743
18182408
448972442
325909038
445019370
224100245
424662147
287546530
70291486
434686102
322681692
331685698
49808195
171267139
72709206
155796527
19736238
413549939
144961746
32045211
14840162
116988495
414041771
138803374
403882632
299964190
109287731
221633114
343653305
273141201
394917454
330515374
60665098
345601558
389683905
363537132
252718241
43473126
196145571
22925350
17239307
146190419
318490279
294748722
369642290
58941749
57059274
20739532
89850441
371041431
40297970
39751601
321666009
320384241
242818074
290819142
58242701
325287475
284243787
325688039
237501324
325324291
317557601
266618888
109657062
353334874
21040780
346365450
334914501
242761889
180912060
17342632
42325216
34348390
109766371
78964273
182405627
325311580
320477119
269118817
318778629
263521173
315371135
313729511
300343190
275580358
74482441
43559447
291396557
191970345
266172369
115833283
30706106
300096274
17951850
289591251
15872865
286790129
73494599
85146136
294641125
41005810
103330346
114484518
22894543
15099513
290114074
267021392
179948811
14784903
155011554
29849245
194792466
90723046
21672202
18840026
260835197
19378957
46131500
27182002
35507248
17963888
243725411
258907883
248798598
267829382
16564850
128705601
47366863
257113627
45163097
20866517
245123863
256398337
25446308
65073618
250330150
235277562
18091773
48073721
85481971
16545444
165082975
32773129
237299871
214415679
18497441
59859613
208344873
235815747
234012044
233096015
44784327
224513927
222344696
15455253
17974939
47737518
17215594
212097888
108809106
145769666
208725173
90302866
19245431
205702072
80903121
95840154
196045143
166247121
117816199
199266573
18470634
34351988
79868018
190497134
58828342
171526537
148207672
159307941
183412896
94174256
17821439
185009137
107145674
131206112
112524110
150122046
162750196
78340964
20341792
32604085
44798262
155380868
154412121
55421408
26089178
144566810
58333944
144523739
49633425
8245262
50687634
44072745
25694221
27513648
62512039
15818307
18791763
38865415
117267404
136046082
17439820
138147142
31503708
134686106
38738372
97127079
106938709
123651785
132683860
87510326
125388977
32173475
77859916
19359605
28262389
96887339
67185046
114255513
23775444
17844954
78635882
42481696
40777136
14505335
20002000
14759868
16390926
48454046
80393865
44991633
71091126
77611141
77552467
56996947
76755836
22875103
18943135
14344823
55888074
56212829
26231349
15705413
41582367
26348061
20791766
21756834
15220806
