3166028869
3242135025
722976014830309376
2364902898
704172247171391489
2732311943
3989923659
2212571720
4837315805
3854038335
3866425109
721234633791311872
3435769978
523301485
719644486926733312
2871803815
747902419
719245042053984257
2936382553
718468076090601473
718449937265135616
924574932
717109325853036544
3252523924
713608553530068992
2599004112
713529542615425025
2883527813
709776984117633024
712076515891146753
3056878081
711751091675750401
3033800081
699284525772181505
2293831819
2800303998
2369577914
708521485984522240
706703690086764545
708206027091488768
3252971632
1661013445
1286730733
2447642594
304441789
2826664762
706190475066273792
1650862434
2649809083
2725241622
704101386091405312
3346321354
323544614
4013755335
4643590697
703798801891352577
1434420661
703035780395094016
1007890928
1617808669
3400376476
278098811
1566209258
95001048
2545552469
2668924283
2311990918
4230324184
3090379993
987362275
377713366
1655892908
3023148383
3000692609
2734361649
2942966789
2574272302
2574086211
2982253192
3341925503
613913776
4817192561
4703401873
1449827876
4190655911
2800080443
2941002599
4757267733
3844819408
2756637252
509601115
1273356794
4659268335
2978017665
1532634804
3171440163
3245108325
3409564797
3302870463
4421459361
4364925617
2458120306
2537213602
2701575659
3371476379
4290255974
4212226924
3130034487
4228776032
4175531613
4166630355
4168306708
2999940880
4158892877
2935564575
2970777987
420839738
2744802011
1190937050
2978807373
4056630634
2269309462
3023674252
3012870370
2713648397
3296669885
3924559035
2995309870
3923618117
3876013815
3862998869
3821062517
135230314
2305314145
3561439936
2584118928
3583274537
2932976326
3578794396
1387846196
2881688613
3111385834
3295162082
3497030717
3438201237
2969576481
3294302139
2274736688
3351159796
3403075917
1388703397
3432336771
3272313104
2432187447
2760879431
2569881131
2741117698
3425258758
3411631035
3409133795
2426487781
3022158185
3402742563
3105799875
3053733789
2292160251
3388129097
3388133506
1550801965
2763993711
3374671239
3234154423
3370080309
3365196369
3171579843
2845413668
3349956855
2904255647
3346360960
3255756187
3341862789
3016595868
1546410560
3308815019
3337648413
3337410165
2907245464
3229453852
2173785718
2702185662
2326393135
2171545720
2883139714
2988289049
2302217983
3298592963
703308874
3294204508
2569340864
3294026667
2803812439
3221698142
3159993394
3222403819
2931337514
3242067688
2975966635
3292205337
3293300969
2578468583
1455764274
3290551983
3113708581
3223021993
626977728
3293536919
2803282565
2852795879
85410663
244139372
3222898219
3293413965
346188063
2758811145
2764994774
3207726290
2354319566
3037001283
2547829447
1944419372
3245234571
1587578514
3231494968
2979045328
2735275539
3202478909
3196263255
3154765757
3161705141
3158399183
2373684310
1202657767
3134002928
3083102107
2178941855
931096166
3054729376
3023103689
3020515462
3018927705
3006691565
2880205054
2296900586
2950492307
968601120
2942133599
613640607
1367691444
1596673118
2335802059
2735126447
2910471278
2890022542
2861731565
2859487625
2764380750
2776936637
2364055401
2411417999
2770411553
2149619742
2413295618
562384635
1977134336
2764674223
2746038485
2745824319
2735782924
2732110552
2478767148
2729977353
2292140447
1703321516
2316794758
2528360298
2578427428
2570941829
2426328300
755337115
2526548099
706998591
1368359196
2472731343
2432614026
2458798893
2418353575
1350210211
2407106688
2430859023
2385491316
760645375
1568495522
1350566504
1349225154
2314545595
2319359104
2316805324
2281495724
1350511993
1573654460
2263096406
2238503638
1434334554
1081890356
1611561043
983694692
1550229937
1020910459
392402891
1640758550
