3023037872
3854038335
3153597867
1340691829
1529149410
715950913815506944
4892394809
3350033068
2189448802
2901244587
2646896067
261898293
2944244740
4807719665
591557073
1621066598
1681872648
4244119773
4215232685
4159796962
631057870
3837739413
3844773741
2711368257
3602656997
2705390811
1678443818
3147989328
919202954
350617782
2891622431
2905798749
2757142690
1630490586
883561195
564060567
1693716056
2273738579
910258604
942445849
3415399696
995986644
2752942779
1339721988
3013137663
3387397546
3384577641
3366114377
1059367482
1730365308
3278930772
1542172309
1858770746
3144336983
956518820
3359806852
3245617318
1323197984
2185087247
3254230654
1090293841
361387234
3236290728
2511579293
3070824808
3194995412
3122693283
985755504
2770673339
3034505117
2988664053
1334458945
736041536
3132799309
3127823102
3118898132
1142791135
3098253023
2184079942
855494156
2655101781
355169226
2396691065
2243292231
2875670235
2937130366
3054175048
2831525884
1146164995
3022634927
3008009573
3013618672
703207993
2996925265
2986307487
2972317955
2971998269
1052817433
1167348350
2957364363
516060092
2950076837
2226455818
1593444798
2941530964
1371944232
2862902634
2869088272
963556867
1420516932
377584270
1105184850
1859065590
801517069
2156309602
460781328
2738937327
2718443501
1255863120
1048703209
312790033
1129069357
434585990
1695218647
1409136193
2570128479
1053609302
527905944
511245194
2566260085
2755379980
1170232682
2747447974
2744690801
1369769342
2741410455
2571347946
2700875022
2736227729
2253633213
2389232381
1035639480
428619614
631399970
493268241
2387067063
2655547285
2716273737
614874594
1976616793
1052283619
2176279306
2354741739
770539387
1702718323
2477607952
1932797918
336900471
2511723197
2542888810
2482871046
2474371363
2473139588
840852919
2468514291
1180790298
1880978366
1475184469
2181165358
1398577369
387453058
1293576282
2147954509
2220772745
2183755025
1043894095
2181886312
1865705160
2357804495
1419442728
1155749034
2339785187
2340088995
1592088277
2339376086
1080646494
1663989452
2324369802
2320403218
2306893875
1453148323
1048809146
2176327325
1925237106
2292709505
2291088965
2197302083
215489090
2264355994
2157674142
551340870
209421297
18735909
2158709949
2244118497
2203989647
1906333880
1407563755
1048937520
1683250477
932703518
1899141181
1728918979
1671716738
1370886420
612305037
1343282982
866836196
717067225
2160860064
1717416019
1049126347
1975652406
560807520
254251529
616759251
1419559394
352328293
572076764
931905859
1653927331
1681967964
1542121058
998496756
1663739965
1663758817
1705784952
1708222002
1683676016
1859179939
256800211
862329601
