3088433483
4819360065
4873384990
3998655982
4913203283
722584797114155008
29789545
720642127882018816
4855321349
349780195
3145777163
4650406097
3370830232
589273796
706224376522350592
1721666532
2830545333
280541183
3377282435
259222736
3383899180
2282707423
4192705452
556015819
3003753453
216558300
4602091216
2607150991
2527446426
256113467
54003981
3681734480
17937269
913121887
2837201873
3399136870
3378956654
1044324235
3219032484
49880016
2742709030
3288338280
1377087702
2563755944
3236802742
1464779923
3225215852
17799526
2844598342
3177841372
1942511551
253720675
1473587414
2976796559
22759743
3079321162
1951949670
1735663064
960380450
2272360686
367705942
163965966
2943696479
61737432
2890215126
557740038
49643444
87327779
34436190
2844019696
77423114
1317534764
1489913816
22986095
2364562226
995556506
1957002554
859852393
76584439
2715977291
2442747731
77540948
98833614
1376741137
489879335
334036628
253018453
1471988917
2540714963
2482684018
1621630874
2235884131
564020575
1111149572
21690248
2212827862
1093130742
1923643538
68275351
1718620500
872657892
1662717637
574186846
951215497
303031012
1546986122
1278386888
1534976948
147801152
293550288
142098655
142109770
20928549
156747314
602249862
153486967
26623854
1536557732
1243910436
178202946
1070625595
556352936
156455206
137483785
190131730
82104130
69938917
35595347
1514900929
1360762819
187776556
148521005
22537727
412551549
478500516
94597365
18722739
1446250916
1397272548
15616653
930621050
616362636
317333453
444421469
341634783
20662589
305613739
213825213
169185619
17755943
14123751
15131310
