4847548176
115681686
2165171784
713397416544722948
4839426365
487256024
22058146
713397802877857792
50094643
3161660191
720980512928608256
707565225332051968
2367141960
2939076773
1216980260
264264597
3144725996
701580887540928513
2532720140
2904903599
3186123379
3131403221
4181022503
2976606783
33860841
632610823
3382388170
226741133
214969165
65425605
1683504590
366959337
2961872479
2864196395
2667861840
2718186704
97054992
2727650786
2727234102
1376773124
2227856264
1189447122
1271054437
2342092652
2353205637
218639831
498190454
27888333
36134080
2338719775
1631949794
2325765672
70860153
100390830
38531897
145756090
23022515
563923368
2277220873
2255667373
38061893
194983524
21219027
17884921
2235370872
67031698
1884959676
866595817
1612869770
1920853045
1223372732
1478610272
116062234
1898552190
1651540394
1735750483
1905384720
1853523702
1646087557
61615855
315878798
1646385500
1658827555
18368050
606419398
504835872
1716463536
569307524
45436858
39166602
266590558
311137675
1616042900
27903560
242438763
19167699
265089711
101264587
1074481237
1567120502
172615690
50735431
221447355
180921842
16653349
1557129920
1563896917
1468269577
388099300
287413763
379962842
586006716
26125557
1579161128
1377930960
99820512
312480764
353429465
529952022
633773790
896310878
320877810
248419585
112479899
139925982
551966584
1594459039
484937376
448154926
1601019157
54662153
972759176
1131609602
1594987374
1269916836
1496410658
1578736639
395501029
469194846
1594107818
1344003061
805264172
29791700
1584970502
1560769927
862107510
1486144753
1577475740
1485728815
315667096
1545388416
422023446
30271086
1559196594
99789861
598563008
352187996
1572578161
1372316083
1140797419
62533902
56434379
29231788
1550737412
1466044526
41658304
1490520403
1390984718
297096492
1284304244
1037869412
1379996989
1463417611
1335451800
21032998
158060289
1491041251
393456975
29484352
22159365
900244626
290594903
22770745
148207672
15872923
43415599
17394250
61278816
35842750
224294785
15220127
1282135237
718031036
611793035
501975268
928464326
1375434547
1374092431
390466419
739977902
238207747
71258698
106350796
