510308456
2204365034
4185271408
252604777
2202858000
2206853869
4504522383
4691840366
4656510372
4622800052
717034084816392192
4612193061
4594784496
4698898698
718492862212481024
1036582710
3105720886
3122983383
20132655
4691818651
887724883
23491185
723238372089561090
3148569432
1036954740
2934198196
519197827
957516926
4506453197
173515293
521016853
394342699
3996830248
4281617236
4470437546
3141385801
4894532353
4357253954
40841651
2740115737
227878356
706941707179261953
1036350930
4275905079
2534581584
153116157
719998569843806208
4281786323
1275680106
131027653
3191388106
707473818567237632
244112669
4281694347
2558929452
194970264
4363022373
709426894362550273
708024800648806400
16580053
105475278
3378566897
717980047945048064
3003262150
1039128139
767286522
2575523881
4281437357
2585497086
4692322122
583290780
3151520981
2679382400
1034302609
582751383
3306517623
703652458065690624
718614450807242752
32084985
719276995209617408
718615450842587136
4281847883
273132414
703588621408997376
1894566612
2198575527
719016968393596928
39439860
711483391321878528
1097158897
717833738869080064
2352841982
2317419973
928905282
905222833
710608452125470720
582667556
4135012158
2610945085
282568539
2164399526
713672936662646785
2867972443
718309154008514560
135830234
718307498793574400
718289115767259136
264724769
701614342173687808
700958069489082368
116976355
362509630
16290347
2795943821
277280978
36935686
30059686
44921441
2480086128
2774896639
852003342
299644114
342926348
1398635336
2895965650
21779309
2894149780
2894053612
526534087
