2386502114
72242356
2472987812
713395672578453506
2461452080
301374864
34755858
3585430753
4918885219
3973974138
4226557876
963036704
15665629
2712899456
2854933500
3344154155
704889875212926976
718561802787930113
2847841950
4345523654
2274809809
721820289147928578
4748859203
4440263483
564947756
4884176846
466120645
4118701814
4764896281
2779517050
17327882
1452192300
177182882
3063800430
33810385
52209156
51738464
1597398924
720167660021874688
2459121330
19240599
390430596
82383649
4837004436
270679712
3761351175
4854150730
723307674331418624
3329888266
263325209
860850590
32478466
880386674
833446135
2259385967
2241850407
3486694633
1327078226
3475182432
2791180910
3604141517
606555644
404488782
890226416
3315661156
4669097233
258831900
3466388606
3433396077
3111909523
372436704
2712850585
1109949931
3311748530
246179810
300167191
708663938586640384
4623701833
4832681197
705187111981465600
4693705232
710247867600887808
2393063119
3392152409
3332044263
19341224
15166145
724911039997988865
4432279342
4216126756
3592440499
710656531906371584
17563445
2478015324
368545981
37093688
342894187
74610516
108593067
316544211
2439532910
2440548048
2441763583
2440196822
761829432
225816607
15201203
1173485852
208083510
706558548537270272
3990358228
510245805
4909663939
403171779
4335525913
4691189473
16004747
2586878275
2843858606
420498131
704682505052422144
1517795030
193414964
347549026
286618879
705443933199814656
710723351090626560
360071927
387265077
3884205253
709123313960783872
3222795979
4887788487
3540668052
3027052225
2249261083
102552186
4903822932
2776376446
719691105026056192
3670520652
710212758466236416
713415305679278081
51623734
4827096890
911133390
4826457585
3379125117
335206333
4775336477
721344020040052736
714579146131783684
475158308
2958201126
3319032004
718555294574321665
750915709
331890004
3087553774
4508630900
3656965641
1400905896
2556018119
581499659
703028439465365504
4433842521
227521364
4719193355
20606171
91133629
4296991574
875627605
2567146231
722264871383879682
506901064
591349485
2996456926
3553228812
399559298
3321840816
4514839693
2941351219
2354367164
277517310
706131496046878720
1169054324
706768767850655744
19941208
2737863208
54769979
345461364
3390424043
4329060807
484999518
717554036510068736
703583287483244544
705103783047598080
3392941000
3810200296
4795073971
4534676766
708511744759451648
3315630181
3958240768
267443407
54773913
83696994
4064624112
2830757589
722874740826701824
1453142670
199152706
723939854027902976
2349372794
19264136
2650655484
2418520321
316599166
37398878
4744232172
379225543
1697365488
15063486
154350597
704383743042015233
3271255423
2975468251
20084570
4551460812
705435690021027841
16704316
579187283
101551215
740874799
76647600
275707595
379314159
272963548
3950708835
26122639
86378821
4758428484
861963872
3408529580
4840654073
2357527591
97269149
22789952
58966831
2961328443
1901871524
3664329974
41564492
111225697
32416584
922390538
4100953924
707640810356002817
3020455940
2724563700
715459511046258688
2511162391
17900785
1726542289
2534195028
4822536123
582414063
3344562192
719941638995513345
4717892303
4914539795
261749735
27897429
3259126782
3292911462
2603385648
1288986829
3292833318
2185829731
2174509045
3186834098
717627639159128064
227198606
4360221673
710516229786755072
4236584177
2442313279
710990834972233728
903377622
3022045469
19102612
2318103289
711265942668333056
721138733484023808
3334171629
4697504730
4788715166
4895361413
561654065
3304625226
704070213143232512
714920195400269826
2993449593
44135635
22179696
212543625
4893125805
854853583
4583075363
2464933328
704353017106206721
105295143
2695838155
18500852
304061756
857001662
298749355
44160060
3763275736
704417336300838913
705911906930917376
3685247237
857549605
3888783973
257271636
3060447510
258240944
1839504895
137657904
4738497264
4867884322
21588316
4920263299
46139600
4808999154
708265425998618625
844814726
347380083
3951491722
3023037872
531351424
18958655
2887593005
121656624
3214214153
4584059913
862831734
1375790682
500805074
3313043539
713715747986534400
389078968
400510686
713192573146382337
3872635293
3013467001
713600295222308865
3580385187
530903891
713656089112403968
3709245494
115833477
4700477725
2968708359
3383814083
2443239192
699276523354857472
4729317440
3319467948
45450902
4365749302
2617572566
3956041642
705256761784012800
2166712563
70156027
16190478
4659513317
38933794
52141764
3685459885
216587627
2433048841
49431169
2458410882
3005393969
373593476
49518404
833963088
249877728
2178404130
54065567
4269888616
133049758
245176643
479104121
190589983
433877003
449110269
1072992504
56449803
326441040
2431253425
538547125
714259748976242688
2183323214
861554198
81329207
2416753759
51757492
3752079317
4260880917
4234882707
710560065279893504
3396584299
893437514
3903251179
3285647851
201109966
60121599
3664569856
61325204
4698297864
4218156466
3354292601
2583179378
704026660367147009
21091983
2209592418
3928095387
1075358484
701928621854760961
270630789
1618667491
3192644318
2242085304
370922828
195154644
249504637
236924921
697673497074466817
4735616514
3255092929
4796707521
2233734967
72717549
3474518952
88550047
374549560
702528905169780736
3184471478
218318227
902045462
388441407
4706270920
18305815
50094643
27789999
60784269
3246106559
2764770081
165783048
4547869279
157034798
3293741005
3010492622
3314758074
37561369
16703058
715321401767366656
265648417
705902960967094272
121941520
64413002
2606301939
309279665
602239077
4444519815
46190093
714293117361516546
3277814538
707718853
2613685983
16790082
701233568962494464
2789826107
417451460
377742397
1145724890
29476670
346924655
713459371292884992
1553585030
26876136
3418980555
44209472
14828860
2497404792
3286831364
3253214641
17131970
309515815
2183906074
573173793
703201930823258112
3028702631
2912754262
3316081506
2883453823
905898240
3283757312
713197104672464896
475447456
179700715
522757263
709497411144523776
4224729994
4102376488
65007261
2183565420
319776853
3270278192
1338765866
2847767012
2749858280
172289791
2599933357
2875737112
3753356896
3500308092
26029843
221147876
