2551003644
1402716259
2796745112
4417936274
3670874780
3110273422
178683467
1330959896
157267023
3957521373
596439627
4324626613
2870617995
23378154
27612063
392757862
3235161788
717683964
841640516
222865557
95549832
3192114901
2196121346
3186761496
3179234046
3106380240
3151234874
2393142565
71741696
2160635624
2310454068
728944273
2412782371
2897730206
2954584357
25165065
235436991
2909866392
2906744971
2849530794
2805326804
71774791
2721266606
16417258
486350780
2681919026
24681496
55541901
2652831764
1723343942
1606036658
2566753226
316402219
1709714204
863197860
16546113
2532064290
18398528
20656499
65004148
567642528
372768113
2447529025
2448018650
2449355228
2446451076
2447583596
2447844463
2449473378
2447549144
2447507562
22977378
81580973
14832541
711449988
17708979
2348922552
2370420854
90611891
2352823838
144155402
2237345467
67582847
61713575
59133218
220312187
61180382
1969277082
520101249
518461255
521614162
521632130
1695065042
1883398578
1700377134
1695047623
287294550
342655923
326139218
108265461
382639672
104855456
304194486
294581391
40972490
16310696
39204540
182572998
330122464
1250822977
201618891
1060188534
40647134
42862568
25976711
349594418
6356522
20031444
104549165
1068221844
41179264
124832765
910854462
463029853
343918764
367754182
868655558
433612056
447242752
851452951
24697286
240667986
797335801
377038804
525463721
371594654
49586789
18282856
269285688
377970303
525851445
117861815
130463110
589182957
115652632
343960976
486380097
227029529
61134587
82050405
559410685
538903339
14523738
468132782
15733327
120021320
343322172
524278755
392294976
282158055
505883500
483602163
428158274
409148615
388838266
46844606
243948116
497324406
15405258
483505325
494676672
67542762
171392677
486349672
95596735
203022114
288153385
442514268
469497588
130807609
28537710
474670408
64149028
418639132
95419785
8355022
409969490
142269905
331616540
27279694
22123913
16706689
427301867
405832823
130749867
269649273
433160633
119789110
111875457
332018576
215994650
16542417
133687920
220573150
23433207
145315995
412061670
49453784
27865612
221651321
319028664
13277032
420948324
24019170
418687068
74613482
53451121
399933408
33983281
16468914
326352838
395851600
39036195
18980397
19068343
37002477
13092902
