4882161959
2499409101
722260377493499904
722259555820941312
2476360706
2392163226
2355485828
1651939020
439703249
177065330
193587318
709304120
63580973
852523584
802082095
310080615
714492085
627113537
88883725
605327785
47094458
26963154
147860226
401114989
113854736
329508194
38622474
360418275
371913414
317516205
372741514
374785515
259664527
260151470
37147383
34872073
199333143
287590899
189178492
66922086
142478697
192554834
281855515
283418565
23917737
17421085
137682892
31647793
259135442
73374012
261673863
96912380
24876732
224081429
