256002651
32198153
2725213991
717075762520662016
89460688
3378699977
2891264714
707662572808445953
52236744
2731214480
4837315805
23758768
110551024
721956669824114689
719888277139009536
718398929776287744
2912835425
995979570
706131417441427457
714469061330079745
2939541599
422727794
1935603456
599142117
19879829
237354855
4825761837
41322282
1360573050
21770295
124762399
4867191345
15562419
2996651961
269473398
702263954781949953
3034161243
3322666687
345351403
144113854
2452886584
2428050952
387869760
701908104728989700
2815122017
21117797
943560805
269982993
216647845
1270404223
2243897617
2758695715
3321502348
4496251635
2996975007
4021459757
4909774971
1710247640
452546532
1006868714
39497123
1893584624
278746235
2152775120
57362788
42198552
207165107
343007521
242055313
24272790
355146341
2954707677
234825335
4758318736
4736814256
2652937528
3225964485
4852912983
150309330
337953446
2191674892
730131534
152593893
1205971326
2850691697
28429994
43340960
4052757628
4025659739
542808398
300160980
2661311874
81588704
27023212
87531695
474137076
2305041104
250088705
496112571
240438128
30198211
246874128
