190589983
3589739611
3948670637
3971404032
712730079189553152
2918565054
2245899935
1158560725
2659696782
4837315805
720287751120093184
722222810836430848
1437449748
721561075032784896
332192883
2598959646
713846132573507589
2534354991
4844947977
913850850
3699036914
718632431385862145
2281316085
2836218073
516126338
321109055
2632589153
4131849014
1532906220
4110477748
931358148
2952602762
1051365668
562229360
1340934342
713550501682352130
1281421274
45167704
901149230
709052047308496896
985684837
3222740372
700979389496819712
4852930401
4867983778
4142152034
1447358460
4912868299
2314556148
1666356504
2214763250
948419370
2218336513
2365074228
2430689522
3760389492
987881221
4852616358
2934410950
4852894627
4837459356
3408530174
3223797121
2400464702
4214641752
2953173991
4698543174
4553742374
4541153232
4392435618
1244848404
3259372831
2997284073
2724907058
3214798331
1353130536
2583119558
4075849692
2475682555
4041336266
469282158
3832858640
3033794191
3764918539
3700665079
3700000932
3556404973
3683260160
3589897274
3497302874
3051000840
2781499260
3068622222
3421948077
3316896774
2990620722
3310263168
3067603789
2284600292
3021937783
3305573010
2311340875
3301265761
3301159124
2320100984
3278217055
2920204952
2897857696
3033225684
3255078379
1612250653
2393302964
1649379938
2953952427
1049682451
3234878354
3165600294
2333986034
3300831405
3133040528
2813773776
3184269800
840550242
3152253038
1053929232
3047761387
3007119907
421956615
3094011708
3064037797
3064155618
3065807743
2860821343
3011871726
3065447862
2421299461
3064049744
1966075524
3074049988
345079863
2569776851
2344081093
1335365532
2869881378
2521820564
3000912226
2271354750
2992643659
1188486529
2988254431
2984996130
2968284199
2323374642
2956615999
2820437546
2364767371
481738355
2757772375
2944344546
2940401323
2936566680
2831219173
308138617
2369792347
1449532848
2912817234
2828286086
632614476
2495584362
2660066329
1700699226
2866382800
2879251601
2579789378
1539976519
2730331552
2845434094
2760811920
2735680494
2731052696
2736824855
1452274652
2421394892
375362003
1439549880
2664778159
2601608818
1439704688
2573933078
1562251416
2646199632
1482459296
2700060190
1485785324
1439800837
1485832010
1556998592
2669822152
2564047963
2534612074
1255953498
1929482244
2573086890
2553818180
1376782735
1541566195
1541613770
2320215816
2235007146
2321520487
1375095991
2476893762
2529746164
2475005532
1722660332
2439331723
1520966318
2419348622
2355795114
2430278985
2363335568
2269484186
2394390877
2393462526
1950665742
1616639318
2222772998
1132604401
842748841
2363610398
1543986480
979445401
2294188080
2329517216
2305666327
2278532672
1452240326
2276979854
266853401
2173229540
1616184589
1442105394
756549984
1202421786
1315630110
481973601
248090045
622475122
297692168
1080607171
231983737
241794714
760633885
