20830344
720613115294048256
2478015324
723159702931038210
706169461989122048
707696112543473665
4411447397
61305465
4547869279
1367974088
176928549
4385401533
700682635
2991530083
4622835349
724911039997988865
718410449704853504
3948672208
1278319406
94346475
714791179158691845
722195754727510017
721081786332233730
3401089731
718550672732499968
60784269
4914539795
460994153
722699196088913921
724192475703861249
724085168189919232
14828860
2808778740
715273665823293442
188662146
4623904397
724285180542902278
248805664
349600599
1734842364
2287887180
4340273833
4871857919
334090532
711197933115461632
1642470434
2828355152
2712088970
4690987218
704942729579655168
4114650202
923063521
2449257295
724675693959778304
3248141375
4706270920
1640975034
2393063119
3053280354
4479812413
2160009776
17148456
717820719942356994
63383902
706186209949712384
3005920144
4719018701
36831201
164820303
3438374192
3722926336
1164921157
4729317440
4010746469
698562318351863809
724589182799089664
3115816309
3181178373
16513416
16004747
826537184
705006854515138560
2581758266
1358873161
217923505
1064335494
2650426551
223589664
2496032305
27789999
33611715
2431253425
1963995792
410076442
1286595235
19634872
1392951560
458849957
944145019
115681686
74841347
3393438658
713379089868988417
1072992504
714816875784380416
2825036970
4855720452
37153105
3948670637
4746074508
2902084845
2245899935
3271255423
795181796
717754449620570117
3089894385
45450902
264268489
3392941000
2580411276
326639353
732980827
142381938
3288598806
710990834972233728
587487972
985280346
722302107622121473
338819390
1699588867
19341224
740650350
712018448163864577
741409818
1046692105
2686562168
2316246829
486106100
717068759878344704
190589983
4135435274
712900207252385792
4722519555
2904389591
1939477656
200254683
1433188795
854123288
2203761781
42869268
2481937027
2502867299
1596407005
2356073252
2580411942
485085227
1493267851
583490818
2929113777
594009106
45641358
2588109960
208083510
3017752532
1300757940
3191894275
163605126
435891994
3221563141
351400637
350182259
3016599897
3007473088
737986728
2887397931
17622705
349661394
455946993
848259956
14513154
2560731217
1518984259
2196984560
