4622645778
377142935
1066796737
143850015
1444830306
606548751
426278120
715537630406967296
3536640916
723266478322122752
2416551435
3027879740
718745793105162240
2151781976
2865883446
3209287858
1390509140
710863837013139456
718068465551220736
710931036700434432
328094990
717748509185744898
190589983
717106623093862400
445902102
717111532342083584
634608533
716780159446224896
4890298937
2296326940
3220713974
2193397491
353289134
1598963762
711040797009944576
885323172
710646690496139264
704872844992368642
4553100555
447359712
157556000
506684100
715003128
707027237149798401
706303982537408513
296962834
898496941
632565961
3557150134
1528227175
1599820094
4924146077
4925204759
4902516083
4843196187
2517235386
341012112
1406346906
2149799438
4852286098
497390467
329413818
4872224621
472061063
2327160249
2274987439
176247544
63050050
4616325142
4845742990
2751546085
2383925784
1649226972
2464053370
4770734654
4698333744
4748837614
1328292254
2199108519
617580358
754057352
343513998
1040477768
3951307090
3571219336
4687056145
1438700683
2965492502
4637285483
341921469
3122715865
2782015725
2935797873
2808726410
4243229068
4465466416
2945624783
1649417156
209799713
4390078876
431551484
2938000486
3894299114
4292371055
214730291
4280870295
4254862702
3968547035
2358819614
516001749
4122636051
4113510449
4108669702
3345693736
4074947052
627650083
392986426
4039238542
4037229580
1034148768
3906881678
4017461662
2839499118
3105173711
705384224
3063095273
3951546555
3914135185
3974597871
727449908
411212115
3907385016
3907235666
2320315549
3950752215
3948737836
3290156687
1613602848
2328212454
3886203741
3864722309
58249734
846473521
1048727400
3797434936
2211748755
3620562974
2556267509
2523586404
3663111451
2311152287
3730500083
2738914478
38085257
515700003
3616593857
3613367181
3507915019
2188170178
2408869840
3589435815
3592747403
2976637888
3256265812
347229732
515918534
2564228517
3291540769
3430892889
2760527577
1141196599
2176600415
2943390246
2600281238
2540266438
788143081
3527354489
3525360813
3519359781
365195467
2552621036
3484872315
589474796
3152207433
2720090093
107275951
3448861575
3439394380
3333234854
3379172297
3437409213
718525740
124646081
3408631876
165186416
3416499645
3310954260
377111459
2910074067
724738674
2353892386
483542820
3406632965
2788581246
3396836259
1260639152
1108059498
3398674869
3301953476
2850823793
3156920930
1284661928
61003804
328215124
3386262243
2508533245
2334732407
413661242
1067600803
706345544
360332912
3274982786
427743542
1373666702
425410359
790311793
535843157
3173302039
1406613708
3269562722
330455418
3342376888
543757771
1106653056
3262612196
3260131766
3350893163
3256941127
2192070303
796377306
790704211
3345852141
2494328076
414461814
2556943214
346145564
99838753
3339130396
3250250102
307587911
2259195754
3258783747
2456985805
2320834965
2782879440
1156112246
755435394
3245583829
272694484
31327090
2936281968
3227429616
470344464
980803123
3226787455
2701093478
1087574719
140310909
139161073
3312431644
2765828099
1375641740
754284607
1105151766
1354990896
2798929938
2485151164
2462392819
522732101
3178036643
3054769942
3305868946
602158805
1332309043
2245749497
2932764828
574139018
416021122
924506653
3231211723
263961546
3303396939
2701883377
212682384
422216249
349404020
1432004408
2594973350
560437492
2977546005
377719993
2336683354
3299994562
82667636
3297291035
700348637
3067267598
3293261734
632576600
3167467541
1935481124
1266186324
3130492077
981857714
342853678
184531222
2812391981
2251106950
1000259616
366410712
3241179729
3187203469
2227622030
3045694771
1585409154
3231782386
2723057567
81997983
3213760744
3198945675
606424175
2214889613
3166185733
3105485822
3161910751
3053591866
3153887753
415241199
3148841959
3153764621
3153208203
348722226
3143521879
902764850
2255360585
344819735
3128021178
48440296
3130951756
3116544094
630331279
701999855
259001281
3081843839
1437034435
3029404281
3098581603
2165301139
3060942124
3087278688
3086722044
3081604549
1268625703
1295462634
2977760600
506587669
3082904741
1035761042
3063992312
3074017702
3073402912
34257957
2876019906
3065282524
1587103832
2250975496
2515540281
1496951149
1442595895
3060256899
1438572398
415212724
3050641937
3048752667
229336310
17784896
2453846466
2755899109
2298174172
3028708125
30508344
2979263471
2994381053
1906025132
61416660
3008463645
2863266996
3004597707
2227329600
39511456
395032657
2951032304
708520063
2991064013
2990876835
1552048398
1442605164
2980470758
378260499
1064197416
514527612
340134604
587123421
632639436
1552113679
2976040129
18177524
2911775205
2972364099
51242248
2971027470
2970821665
1544611278
2448297548
2965148155
2924220622
2958886470
2953976247
1132393200
1580817571
2951427072
2940447371
2949908638
1895736882
2948552542
506737191
2942768081
2943178470
2942513034
2564672921
236262531
2939663202
2932997379
2607461104
2924576135
2920695693
2894963990
750499178
2419934179
1055909244
337555641
2918715691
557455977
2789098039
2908295625
636296016
439707510
2344343286
201513278
1560948199
1038557348
1078275817
2915941320
1380971438
2899712014
2909451326
2908574766
2427023169
2907463832
2875952967
2905483021
2883427834
2880548427
54984065
2876869246
2634957726
2636248709
2872623381
435553357
597109575
415229261
2824137213
2854577748
2890186064
2862871081
2887825826
2886902288
252785537
2206303338
2746764328
375989233
2319551846
2866251858
2858904452
446140622
38200882
1173714541
424662677
2855867065
2826900827
2288221587
2854976072
2247570473
2830928582
729200256
1282193713
393109220
832137554
615483715
458939608
441273348
1468070365
2822279119
2224155525
2799918171
1154114864
2784521141
2760962254
2830626596
2816087299
2768161409
2806364954
1555869578
896639594
2762052747
2790527718
2788773858
2757234987
466908617
490599470
750288020
346916763
2750497470
2595846284
412637747
2735847128
2733187952
2365961421
2316988331
1083669540
2507088495
1453036988
722437574
567356443
2731335063
2720372787
424399010
2722560027
2722444905
2722261930
1541526841
1541573484
1042846932
1189199880
1528806098
1189155571
1189234130
1664162377
466262939
230583993
2716263135
465870787
1541390874
2713556332
1376726276
1375295214
1708248626
280272134
2576052713
1384453681
2578716323
2582593172
1865096438
958727149
2602885873
2600486708
1376819348
1375067172
1375069830
1365224947
381332115
2583073202
2630022957
2577635270
2575949532
2613258117
2610093489
2561586038
268765041
2561511955
931226474
346317962
341672848
2553414230
2551251331
2159377876
1970284483
1918120086
1606639057
2569452814
2528029884
2567145963
2510383447
1038778975
2466184247
2257548765
2500227707
2330760562
905048052
2479029740
1616580708
1901461254
302959976
42171680
412707965
1584459960
2194627198
2481648483
1966042910
2475313329
578239099
1064850787
2465852458
881221934
1371098713
2462624758
2460304816
2450074162
799322065
2446394452
426157268
1711136276
2436145762
2436133726
2427901630
2402166841
2395479672
420008301
1953112716
2393497806
1054142286
490620348
53280398
814395090
1046711636
2379783560
778968403
1730500662
1976799638
2381054745
1187962458
755415091
389813934
2356814187
2202723766
1045936040
1122391286
2353167809
962613102
397763554
1447552320
836627767
1263117397
1095838602
1345562604
1884677251
2340218830
2296122569
1199350201
855322231
1066725788
2264347180
286382899
331319375
2334005898
2333900682
322154062
287951861
477985283
1104329724
1177428840
342120843
171660766
349222853
2302760621
2316567454
2316471298
2315323359
1072659882
2296734389
493764203
2188220607
1664124884
2190494219
1592026860
2213428229
495605961
730154113
428439456
1424109272
419277112
582433836
783443894
544719622
2287237107
629874131
2266713746
141864252
2216518581
1290086184
2259493808
412704969
2298760704
1392208537
341859826
293717432
2286625000
766967125
1424462070
1599643980
981104084
907171160
1649282738
1961585124
1628334566
753693685
740954138
349247256
2259750284
368451190
1240340005
2275091088
414811520
2284995970
418356826
1566549703
30748664
2282938552
1580604002
1069283718
2280544306
413440817
765017480
1141286042
1535395584
340717691
821374070
338831267
2180267115
582303608
626209662
2259586508
400532113
853811658
413613465
414345635
2253033383
1138727857
490890785
1695241470
732397032
392574968
855702265
319297916
353507484
552227342
637059201
1416728965
313044747
129226519
474541019
458054793
