726044080807907328
2789237985
3318767592
4115050938
2485011379
4738310007
724609149472894976
707007159905755137
2694201631
3072688432
3270748802
184439553
1580844806
1658773093
2949094898
1657237782
2485575074
2485235468
2485959798
258373629
1542371244
4678792345
3895608599
717075701950709760
1181414365
44651939
4429431863
2836507377
325339911
724723077326770176
713818535043031040
545463033
1074073440
2407349186
354456773
2383721767
4916388522
307952899
948140532
719955923322683392
704261645535547392
252300935
14539215
717756961698234371
4147865833
61562091
1548763975
705678699446865920
3068196520
38817939
722924430175776768
584030230
4160338090
713375115992391681
2316246829
718960053286526976
720165901614587904
718955950451908608
720221257409683456
1160445668
2269374450
920500903
716181669619875840
4777187102
4923315132
3923508733
2787764468
1100667331
1561185284
21440926
637329686
2904389591
2210487122
712011001290366977
3351816433
713817322356510720
4302135253
4762530255
2845693904
702668345355538432
4265353823
720725906998829057
16002254
240404992
266685556
329331922
1644937812
15738623
399910718
379306444
119912933
268368996
2341237592
68886130
325139792
711277027014213632
887952889
72742731
20084488
188790888
2319653216
272023590
3233781750
4267635374
706132074961305601
3236467753
2569983406
1578404648
16880229
308716867
3076910215
717789273110495232
3734015478
108432502
3298623797
853764402
1637996546
2164478821
179746623
609214638
956513474
707802467073966082
280200555
2694556230
265796308
991330602
595653140
254222616
2993106405
716318657123590147
24698647
3225204274
2426534389
1703408402
157048253
1167499093
117194280
716844048426754048
185807924
33680967
3851957294
241241199
2388362792
1951275192
716325613854793729
589579252
3290613486
4827687676
926617068
704238202790518784
2494969063
3337657384
714232169816834048
1310610529
3081558700
3252146008
2444325522
3418717317
2584010520
1966811336
27226606
45105778
2164936279
3310660647
246372265
278754023
482401639
37773793
2400046772
714083860431183873
2421499064
495378250
794412535
710404085753597952
4916092894
277582128
3240292141
18890115
376911565
1497291308
213056747
3670991713
714713099912224768
1744621
885105865
4850307499
3329918422
714573922977583106
3025858443
634272892
2858830358
3233609249
4216749623
87231927
44209472
700681978664759296
938335874
2728663290
1622471023
703154628041412608
2154200618
2400153733
1895922452
23186283
2785645037
3219491224
1964743938
17456108
286929107
2440198908
15936868
3907414165
726469700
1959029012
82478645
4373251942
456895067
733144520
574323136
3254652769
2500533834
2554655707
709649690598490112
1021051658
1387682683
708847445195808768
1461869209
1429067611
14495999
704660876108963840
1380510978
258519463
4833834623
33784094
2867951309
56280738
39560133
325834153
343772856
2891522331
823112684
20175865
18034923
2989449429
711689079893536768
16373492
4309229241
4844182954
456300007
826537184
1122705594
74628767
2321010174
4412125634
2393063119
174618314
19947404
73399175
3254033575
30736021
1248900943
55380541
2901248117
2361516942
107276025
1412890039
712523099430854656
3633739813
14609143
1622583572
3063259932
4779819834
338291677
400872693
3142904276
1407855932
4885095233
3568411
243845794
614165574
168204693
29998295
2184024872
2897693669
1625383729
3307438935
3507447192
4810768903
2466314318
471633917
3435098080
2835424635
4165739179
1889846168
60877603
277803855
19183061
219845847
22371600
4676490385
3063868165
275661703
2730538274
53112612
198019455
470011224
2475042782
277107813
1273296685
3077495906
3644112554
3410847253
3047074325
2594169103
342309995
18438002
3092428475
314252006
3997648181
710157037238267904
4362973655
2363482550
705015543271714817
463100232
943126561
705410399693197312
708148865929748480
1694877013
2164429993
4787930893
4892402191
2390548171
710302327
3168184979
437531191
709165448323948544
1532297162
2410827776
4038329533
803068831
2465287573
2207648160
303971769
860851094
1173823464
103051012
4898491522
25032557
2281089002
944182801
1957540004
2943076088
15952026
1633285579
4727391650
2818701482
3441774252
1390967101
142964047
420792456
705849604823191553
1953409812
1956031795
87861858
207314889
27304657
1102316790
381800043
560079888
226783768
3117167814
150223562
706363112509734912
535451750
3285975517
2846252900
260869834
21343941
704862541227302912
2859807763
3215170192
29527113
411031605
4852826638
3317113656
16460738
229238886
3282808874
2925251985
635393608
4738382295
1951273867
2592121657
22927595
18523557
2166506497
2740749642
134550671
4448896034
1421480731
4674652944
213435480
4899384514
2188506296
3665717956
1948858272
1623399114
479122428
4720709634
2936419572
376832872
742868946
59953157
3241685053
1724543947
3131112405
356180203
17047463
4729623913
2372825304
18255940
846748400
29015085
2294844240
3312849102
2855939755
115785580
17190921
2789647311
3160018145
1950828704
3241808703
2575228284
2860586124
351016387
216237159
3351268099
16580053
2549177984
1921067790
3111333808
558218384
51110022
193852467
1486186417
3156629839
4861535145
39783373
1491743503
40834277
3053274757
165286619
3817452195
2902430475
3386029947
15570993
3507431472
945997315
2478940369
2453617376
18492255
2431121144
2480858864
17801505
2880054006
322116425
952719090
619178036
3167722800
26190668
4918728639
1583203314
27646208
4822837738
269828726
2352012403
16299428
59864278
227335394
1623231954
3914775252
4911930101
2469527062
4905585052
24232091
326851365
314020945
21351957
80668035
2994815689
745164162
97294106
4105356735
34725540
4531444693
3070016731
1957578794
230841294
69573190
4883682400
4892497751
404370559
1581097741
2819811544
719397290
2230800236
19395515
166191378
4062082574
4307201897
7746782
4847435888
3063310425
4312808595
4789686873
4854100193
329783953
1574049764
2388251612
411466793
3195409058
524012028
2856035265
414032799
4489930392
4834195977
3035475613
3317389434
3729326303
3385794747
4795514789
190605676
4732079594
29610442
4833764405
197005227
257651345
947876934
4037990817
202747214
596749998
2969783536
1316985248
363781366
1586276960
2996367723
1627998456
543703080
2792675026
221842176
4624878552
535418809
513590283
72375391
2407320600
4753494798
4753169113
3245974753
1635579020
2811632233
3187206920
2237839682
4741667430
4681232130
282872747
2986279897
2893794989
3448950863
3266196811
2291456246
2599057032
3278615550
16186003
2847983785
50145993
2184320539
35203319
3610805913
1153278560
57192868
36734075
4078814834
2784178775
2449243909
14098040
4337059692
2387824916
4713796735
1499417766
18322993
25178673
16000486
206579821
323878394
1222909304
3058974768
27562581
1165564782
4641792683
2418107581
3308324866
2608207501
2583705834
634565922
97098793
259613476
3408883033
69203013
3410777675
199461084
373634203
4432722433
602288636
3144985226
2599490485
4319502080
2608221145
4557475635
356126785
1547297443
73986605
3351177133
197092140
23774237
459520912
357306656
3606889818
4481580315
22146110
622974542
3431804073
76288535
360764073
2430010441
578145362
212109128
407360622
109912053
979019473
385562274
19041821
4185371853
3271563666
231813949
3167639714
300454497
35017740
1245001172
1202854940
222991862
14812037
2350265874
502039035
64800187
4230727151
1136598588
2325332827
3183329426
237477453
4189299243
3063989709
80690797
2414987274
2456996736
251683210
2817862311
3725748025
1883426298
3165901256
316717775
4004734997
2907235406
270636814
2973764777
3630763040
378797601
3035029470
4039660873
2726249953
4238776993
4017171372
3270392940
1428400526
130675327
3805051219
3149779324
1950941916
2973784463
1425625106
1220432918
459586511
1622199086
2493567055
1887933828
413301775
3373938800
3307896350
4214224373
3450914532
1111972634
3030436505
156583084
4100060056
15946734
1475090882
4061634940
4208200339
12831202
219901798
3646951038
1041969373
2442729704
3074242598
3479076794
2463930402
1570275548
407234316
2884969971
4099846591
258150578
3413810013
2897895200
2468730554
161387499
3123130928
185722401
1326540571
529666511
17907166
426741687
1436667548
241973370
1473713162
918084524
51448565
3983901854
993637062
2751152774
3988558522
2619922172
2362952791
460114147
234441809
3118261313
406889330
432398725
3886193952
2510825752
2893708036
21877822
3172208356
3227063272
3122591551
148465151
57219116
3909078401
2933805304
85439808
507348133
88037518
76777131
3383439153
3167832198
3855061223
2570257123
22537642
3843268475
3651805814
70164772
2327923796
740954192
2848921317
1226116910
36247209
2573304228
3680470165
3244838591
3242180865
3665110694
521027600
258509488
3243153826
628183106
1095158622
3640654394
951611250
3242208771
2409581528
3091005093
335318583
708659102
3166182020
98742370
177240971
282803576
2966809893
173929836
425266625
3068631192
3416794019
52480490
2497583878
281325965
1084650420
3101814950
3226384182
3409964653
2916148626
3520469594
3018501490
2429582227
2886155462
574004176
2460029972
2269266649
2915980639
1455004688
2360920921
3357624679
277006913
3439044141
3326885114
3381154341
53250206
2203463425
3439503615
1253013120
3331485373
3375971884
3395912614
829233517
2599032920
3012627572
213181253
2237105617
589394082
2320821690
434568798
1949428838
2315837304
3243735479
2889616833
2459195011
1887582926
59079318
516505321
22572892
32126283
2849823183
3300693650
3311838114
2293056493
2972656277
3368402745
520981208
3299855122
2919257502
2728700113
1594145845
1534129729
3307840856
777390762
2459218008
3023037872
3300853634
2573669384
3136522752
2463795168
2575744688
219300990
541452009
239975640
3391929167
2460373848
74480014
173886368
3290446394
399060413
25900720
3303135809
2728561218
2218902493
2262584180
1286188832
42542444
3236074198
402070746
963008875
2852567532
321514800
400424064
3378700877
81132258
335367379
515914967
2442756056
3280185266
2425990424
17033708
2935212673
3373807847
768865940
368006507
855504854
2442759602
820952828
3347313921
2297562440
16251355
2369455290
1663138063
37224212
302277992
426681806
61010227
2645905818
3363377045
2973412923
3293359966
3178087098
52537453
3194502902
195811496
3270315656
2452037234
3034863227
68529705
3091375114
2727508698
1900006495
3244798056
702590036
2456517802
1062651727
1702649216
28897899
475571472
2426201857
183499665
1902581196
3063473304
15273582
98234381
1243973838
421470974
2723106684
2840427113
34836107
221899327
181740302
3027469938
256376931
3354166851
3164483255
3259960572
1352988746
978597343
3146364655
2491943107
216530621
244964328
2269561661
421857198
991623817
140232879
2727552685
159245037
1247366798
3150747127
133525509
323310106
2383062864
3208165604
3158154157
66492786
1364709865
2728762615
2728444644
2982896283
439333362
3242365255
2409316236
60829995
3323402225
2233236053
3108577941
3242577936
3307024467
2232509528
3178294104
309413217
341859496
2469924396
37650349
3032071587
2470102400
3018324414
204192385
22025022
2552796271
855591079
563083015
3183270066
3310518399
3006818451
3238832478
81833641
2584918902
2830546110
3307006575
3307874788
2728779043
1853494344
572155583
1954302932
2720217770
61017900
356930466
179987704
3128007821
3147934042
1278967501
3027566595
138537332
1834418095
1218684734
631118385
348673297
2903001587
1028926831
3230705012
2610691092
348466744
495172587
2488600543
65428701
14124631
52740932
17095091
75988781
392859813
390807555
3001148076
3296102259
3230198697
297567943
353939609
2194524518
35019146
24179708
2599396376
2604196728
618536699
2361821539
3163060968
3031252727
3221884908
2405049908
63484253
103805607
38025653
235235961
2437182556
492778518
23859647
377483163
1105273926
2720147564
59798838
3173035644
2766374395
46008544
1393934155
2180534830
2738672379
144909618
442994930
460680361
2427219261
1158573547
3121777381
47601952
1342733942
2149325701
1062150619
2906660879
2324810215
235062161
594921901
2668783982
1655868590
1240298958
981835531
1338246091
3124242657
3209134323
714416239
2356020278
2152799365
2332868882
944440838
2868275965
2915054312
3219289064
2458188217
1329949117
2728792927
266752257
618622358
719359372
506110800
55867599
3188956885
872558533
2498820840
527578760
3252948532
14223080
239998274
53757167
124192479
2940545469
521324920
42633999
3135373627
2253740787
258509406
370738657
1681340953
2434039129
27982789
3239336007
3020752876
3112103434
3245691892
3189278485
2724765311
16431823
3150881298
2459844116
2321427366
1394852016
2458811252
1048714926
621525959
1262791520
744167666
778869643
627427822
1491433123
2411150990
22311903
29925165
34470699
1717169238
46493161
2460650407
1973615882
1960743859
420237310
2581769156
322832140
2725838508
847895088
2377492441
33920712
338003700
81931235
2489006580
110543326
2544911095
705606206
14986530
16436143
2490692430
18042579
52112995
1555647264
570287424
54217761
534920754
2492285185
2961206591
279637396
3150910028
382508590
74785952
3193531083
116644001
590745933
3185089131
120672659
2879667532
253770943
69663998
2371936807
19081901
33680314
1365028639
778162
39296847
49165567
19851429
1069807836
2832591755
3139074243
178203295
345145771
16782604
295854576
84491969
28040798
72745417
3179985306
1365109742
3033077850
3164679441
2735671517
129916442
3089891645
2634896016
3200042632
190589983
3007928359
1630822543
2499504685
18570358
19403768
21567608
1280447552
25692691
3189843280
185898176
41180881
194321816
157491863
2354367164
55931763
352539661
18905238
2167674121
3024369330
120812655
1952102198
115123902
2727528643
61153399
261749735
618134181
2665392932
3160399495
3083646322
22966253
121136985
142816337
31155175
2556699183
67322084
31979433
532603860
34434801
631133874
390191371
125919589
547965131
3120070086
476410624
14941706
246885642
36681617
26556275
90408018
25856905
91493488
368544047
712626540
1165853761
3022247349
86713222
2212641349
2232939800
28049273
15769194
3050627868
24597937
833395710
156107145
231006183
2628933089
3145566702
599435087
1344402788
181278587
2413464229
480351810
887256630
45418360
19935055
3146496174
3071556943
2844390593
2291558144
1512616748
2349475760
3058898525
37836789
282416647
2189402781
235362301
1937921250
2727193255
1923449611
305149235
369470322
179245636
3146610135
37028681
2905658864
18080585
739293
18368680
125427038
3118311690
2670632918
379498878
3061691939
3068254690
2862685140
34971242
2459820170
614496775
21490801
55011555
469865110
93666150
2871071007
1170408584
2376623246
2371548829
289723207
113585413
1322467172
2912817584
597204307
51923666
80972155
293074758
3105462901
2315770448
1180451462
2809025709
2981291687
461701169
962893081
350757083
2340688357
3102360427
499987061
237798799
2328302909
813968893
1329339056
2833170762
469226015
179149110
574107095
50504269
2726053333
457591461
3108739660
6273542
157161926
2358644670
1705184774
359164725
2385596797
2931031910
8055332
534863473
251187897
102450836
2733994893
1615912700
238225339
3061745891
1103238374
1504477692
3061577085
3062393074
3041613277
310917910
2500266916
2328196453
1335588476
2567076294
80201642
443917758
3098791483
36546521
3064402799
2791069109
2734559933
2824265726
2617218817
3071901127
47336979
2517569024
151704726
1389446222
2511464190
726257840
569012802
24105981
2744902664
24038056
143685085
2366051503
139529558
2734232614
109375491
180446682
122046526
163971124
42457077
2824210848
2858375698
2858375405
21220612
41866786
2548881320
2572844671
610046099
3087181025
518744362
2511463735
493631979
49186986
1128778946
2809033325
3059059313
255400786
36902756
2819362954
194355896
622384050
343763479
2583275018
2864152430
3078439887
272674112
564884471
2218904408
186930743
70774194
2669498509
320827942
2914169049
112924655
93662587
63904840
3008496859
37553950
434497986
329376486
208568172
2388021259
2417766800
2295217322
393148065
102950913
2480327442
2460735870
271147332
3044208140
3062460917
3041944860
3063719565
84021984
288947624
2959011081
20788205
479806408
858475921
3039144769
469155315
316632855
14192558
1258062828
872605896
2756668596
217631352
34730520
1478242182
2949457012
2983738849
2396234124
571224644
19998106
426712975
3044627578
3048332423
357668606
3020237640
728604440
2560600355
323116266
86697380
290102552
283096879
92072452
2416493808
2442751874
2991853182
38471127
275019009
251168531
3022903148
101681164
379765354
2374424424
246436809
2759362225
66069658
2400050959
2597130947
14562685
394455736
2579308868
2815602483
15838770
372334004
31144866
633287684
234544331
3031104808
2460390918
313773877
91272250
2629392649
169364387
2230147480
263837210
122927364
99807930
92567328
1526422291
806175462
2391606589
200655127
2465228118
2853375916
1702967479
48058167
86773118
17870762
139793107
148004735
89807779
2456513396
26296258
54589640
3028076980
2733695360
26947804
36101932
122803897
17085087
2370768271
2374360430
3000528890
2747041080
1004075138
253663760
109634296
97073640
2997169643
2997126435
2993769775
2993664960
2993667648
2308927207
2580203507
2899676241
404262588
2899666071
3019322578
2378299837
1201678944
124525089
2384267479
261981102
2508681738
2726068550
96307231
2180600329
1669933141
179066426
81689994
423133976
2567332303
1073996695
36149833
90618162
133159489
557740038
2994982513
961437326
520969517
2723092062
2798740579
1138423621
1428434406
2486034890
390376405
16988803
971165923
2981491563
2927020252
2917754478
3002730117
99809938
27867738
2726049020
75412048
2634682531
384361899
62861160
2446229816
2792688922
298134191
2653518228
124829064
2996348796
2889042854
2995244129
47509892
2991541470
2282844602
2759995218
2186787223
18587947
2989050634
2992649072
2515178601
115116693
2491598648
2743312549
1321055226
2210022488
17846613
2458830187
480564709
503591635
2382593634
16451635
87369180
185437031
14550012
2867296980
2933253224
883673990
92352809
2981167703
2192645154
2723713440
33747413
944642810
153411540
2984016811
45910262
2546758543
31548658
110989773
426042332
30135051
35176496
2344958256
537409474
485112872
296950813
2649367746
2980806936
26644019
560041316
192059755
29618709
18565896
365235596
22670999
14513154
430403019
428035586
19533123
1707500846
579149793
2975358080
2374403634
2961671577
2216927409
57066704
2724820885
451815639
219496700
619400024
140710131
2430119937
1098526920
718630920
2967949892
463140173
72668849
1338849042
809147335
953209544
400189533
600463006
2157535662
1346920704
19820083
824389184
128842060
387315958
2949132761
2399355861
1399743020
542854170
22754511
1871461951
1641377532
124536940
148618307
2956598827
72713773
2411918329
24846659
107424290
331028622
304158536
59470087
252105705
2786281957
182265955
106337838
560391401
468678728
1330653894
2950694735
14274255
147169106
211859970
60924007
271008977
2316501391
15878040
454634343
207260054
1093937600
2373485972
1672592730
33627182
2508627456
1084443319
20263344
583377398
273146187
1462922648
151618686
51627714
177955110
346908191
2920851456
65515862
127591057
16982320
131472597
2942488663
2874103731
1433380573
563239270
2459476248
2165471893
2578240705
472594301
2940877368
2926661206
25210096
5773682
46950810
268273767
2437662536
349040787
2935112986
2932917730
1969630836
2192293388
106130078
1473777589
951347540
1093958672
61243585
2666000292
14306318
1273861944
717899040
578026783
20566813
278247691
27689265
2201353501
385185067
121386407
21651982
7668952
2387531119
2745224666
2840696913
2913336561
1944214184
2234875170
329061950
2785121515
87475277
1446489523
381093574
1228840274
2463840828
16549857
26021668
2907617284
75719567
2561582418
2200781064
51757391
461754945
91439025
1873590523
65422595
84691328
2791107922
15841258
1542335869
2913249654
366252253
2907795393
2616520477
2207780696
1266244818
2496424718
305089980
27004553
2901822359
14199104
81249071
1024318200
1347337250
482086345
2449427197
59785531
15120121
1265884058
2597241290
499024541
1904238450
422162112
2901505691
507574126
337491274
2899178049
2914265887
1720631875
2675469194
155411955
164718656
2904014100
37131720
18443596
2892722529
274887855
2892014894
1036326073
42034114
23070443
2242884097
2908802221
58839656
1691430752
2899220983
946923582
1716553956
227056053
2897647958
2888983714
2533610916
1391480210
316181803
268931164
83840411
2906294120
2330553254
1466689598
2388784052
2892423078
2886557764
122004066
27713876
346246528
842217397
586087993
266076333
1070663911
67673333
2861448539
15663983
18624505
107498722
33946024
2883127811
2160084415
2365660260
14394078
71796971
14157964
1931914231
752674674
16338485
2482350301
90572276
1242489926
2876293126
2896138405
551644827
236721465
2878227021
735106172
2790385887
2899900706
208121974
2851564357
2766532981
500213678
2743619829
2835439320
1545981176
2545745504
15841538
2395467272
940503344
420888979
905369964
2872953035
2150437928
633185358
30500021
2586487519
2893964010
2775778871
66996106
78614696
1648968535
494885085
14029562
2893142257
2268072121
3095031
19101259
47268152
69755180
18828675
16177301
2869904475
551344179
1599630456
1038490880
557551400
1046549372
410353654
2868579610
282771182
2894305100
940368062
223604189
1386383252
2397606097
583082776
2442783170
1554530006
2842903214
1558406094
954371964
165899886
305621915
113422725
933101473
1481949030
612909026
2362831658
286233279
2682285517
1624142730
15083775
272822353
1526020040
28168085
208083510
236104404
256290551
2333725002
161250071
56235066
45591412
228030588
2786442737
211849183
2765869214
2677563002
16703058
181554174
326668876
2462626286
366251569
1161779396
297044482
44592655
2622091519
1070242490
1708535954
846152197
393768350
1563479774
14935414
30158134
2171331630
1309010982
2861230623
1537804706
376960463
403847985
1114004012
1399814264
27291058
2494703233
600430733
1068942330
2255243876
231921832
384334657
19678082
29019981
2779785710
2554621273
2767567451
60531157
2291077966
23403295
2750513041
19442713
2393324262
202446777
284542517
384934634
153490795
735634662
518873513
2169321612
2252471246
880237465
405792649
547032102
2299170840
421169002
632157129
2573064594
232720513
18104830
2372281128
68593603
594632899
1096113036
19362061
18087450
352674217
2371515584
16115590
1271338237
2379518299
616394997
232918353
294892027
867490514
10219982
2308954104
567519615
2320341079
56268289
2429801544
211531573
61773066
97963881
406486814
346762328
24645354
269620333
96476726
5644772
212992600
26137725
99706504
66549216
518399661
356837905
119401544
2789410528
2409431994
103077936
412422683
11827832
2771064317
629482056
2329808989
785830202
2231233459
2847611562
2291383646
1531903008
1693318021
2244130195
2253376663
628251837
816201
598928430
266204788
620451650
450919703
797557909
291506429
582762258
309223108
506864606
407130574
288629888
557444210
559977174
460848476
632985793
290097255
458909659
392599269
104944845
719655314
2385845052
507569734
708522042
2387560278
603708824
561802635
403298354
515154835
594705654
309414541
138234621
2705265174
463195927
707029966
48650283
115490770
2841538270
113697488
1679863184
508248796
450062327
2505217933
63833792
485475104
2839877159
2704150046
175743717
2479266031
17596162
985982551
617483590
2838723586
2867916212
18567605
36405978
2797236823
2833735950
2837462105
23989387
2856055699
157017556
237913069
263290190
2373814063
2835831094
48394477
416383737
82531827
118042706
2800052952
1086684792
2821347052
41623556
16929085
2856721584
1558280179
19594338
95874297
910680726
2480310984
55384319
2723736893
134513525
2429109696
2297601150
2777508162
2762801723
16277135
476077457
84344247
2451122220
989890316
2800516648
38709897
172353844
2227698018
313680948
1493608651
6007832
238429211
2476227120
16335518
60788078
195013352
53252614
20615524
136500261
252206041
16102274
302699360
1322587734
222636878
2274967692
1361447034
2666122777
397814407
2821266538
2596860354
1175959027
21344202
86241950
447697225
436939425
1465461404
2821340548
1538045588
26502718
17796143
118043735
47509148
2423015958
371240201
15356978
2820480490
586753252
580022009
34169185
193423770
2809995304
146868065
116874736
2369556038
2796748803
121158213
2708104674
524538628
72292683
37098694
44957538
23790438
1329205878
117477071
359359879
210580181
389751523
333383443
482488913
2772356408
322014662
2459709067
2769595048
1040679720
17644563
1093813626
33079769
2839524660
14368004
19991949
1377709652
2462329430
2279950428
15839517
2477817907
102228683
1978351027
25212818
2319925736
2365765033
29698655
2444039150
1904327713
2696083339
36747038
105912373
160963995
1366425529
2271127446
26688109
2771491199
176173991
2175005474
90737894
716820313
22894742
1498656558
618270157
6359662
95130237
2762499298
18424799
2805012790
2303750858
2459610476
1345647810
2832135288
1948396094
604480220
1620010466
25475956
257560917
16194080
313438248
2423784452
21170191
749325398
625207698
195532488
860381371
874526905
232506548
342312768
210270569
25284675
998445685
251432842
371348311
46081994
459161511
2168904518
2416006346
718048454
1064786995
1727442980
869243402
1477404224
2750489906
22560891
2591506188
32219625
2436071174
2462090772
524924802
2796087075
146551162
39881209
2463181573
2463171445
1616257872
14229194
66735133
752787859
862605476
204626983
1482726786
346836110
1692289705
2463195079
2813723828
24826902
1076293176
414249320
172740181
2408935094
2172812246
2704486915
520976471
728786725
1345064690
2436074054
398157610
2835326077
80504191
2787608037
2476230121
2436064974
2802411337
13297112
2436072913
36241120
1670445350
1944916712
580429793
115186279
232966858
2434965151
2815076396
562266134
53490868
344633710
2550858750
615501427
14560316
68033
418286283
2437421591
39394050
289586719
239993804
2436082452
548742424
2227087980
52378823
257199184
844631
380624376
2713333003
1318167686
1060641402
34270059
215027062
360328906
122794321
2458546350
2408594599
494639751
55550370
49085235
364195006
633204904
21460496
2812023512
1135328881
565763590
795455300
16476911
2433935083
96298689
2333139860
1618094941
2784708257
100567766
1519622161
2601721134
1283882401
2647742042
17009073
183997763
85824238
315486199
535553909
15599377
310289165
1169760512
1475988331
2665255128
88069048
233686554
210423504
2777352467
84739939
22516489
2361707564
2508928718
194566346
25609617
214730291
122014550
6184582
2288632549
1496820510
356581623
633007028
44730702
583510113
2693738110
865828496
2516072779
16381764
954549380
2811882206
886882542
1354162879
2827757424
21392684
2565732337
15726481
102955736
204066815
9697202
15582699
68587568
395501029
288017492
66771456
17385961
546249408
218119418
2741676293
20732140
16814152
30561781
2613081404
17723643
2503684580
2528573785
2258226686
2257488726
2585061890
33158891
2820942306
2784630998
72720407
46775665
2163358988
221573304
23194723
1174079220
887105606
2728690908
2363427326
2656192639
15290649
495058878
163932863
2790912313
2706575306
809313835
52320506
732448680
930142494
26251434
191160955
2348928990
316533362
169245084
9175912
631196044
191550916
922640804
931542462
1415721967
812264546
57066714
496616165
36893865
461375804
48420447
52682906
2712908347
130560609
159183312
2307675307
397891897
21419485
1908834914
328673299
303844360
348031110
1086538034
2446689355
2396963676
1363153292
36473125
474639909
14254409
104459389
78225868
260921934
463026669
381942187
26255541
552452517
398979848
1618641848
2301266509
863413261
307633887
17083423
2803961228
2517499850
2735600832
102589060
935693521
133769431
265833510
2753203158
2680539925
180577385
1910519040
255359410
259649352
1559356308
1646553649
107508982
2557740552
65470608
30624140
15013810
614758638
2267250302
43170389
288545427
741426026
11294152
300095885
259674489
232140896
509156087
16836939
17224164
2783437634
789779696
2458490880
2754049826
60031833
2786525767
313385583
1895643764
25856510
946425703
395494617
2461897758
47332078
2229646075
28655948
2456193444
2668807987
2239790779
2572708922
406332576
2409575058
340973398
2358665750
2583284083
91556184
2395223731
261008103
2463561961
206645598
2312398322
168959146
2463920521
1126848642
1115636371
288998203
636307303
2178178284
2651614548
717036908
703802612
28610770
348755781
944488182
135215337
49834947
2768284068
32121924
1093077715
2723821399
310539942
2658719101
16534327
204728358
1630477500
936362851
2363645816
15852860
611627023
268549454
421161536
2772335168
2312415607
2333017830
362594918
68205111
1648765046
16494321
69483012
2279611712
1093989637
293768205
1660941404
18660028
1128768194
2698474596
178125646
96684068
1889360676
601144011
461558727
1663240309
39562794
1638654294
1596269713
1252547748
1151973462
1037982954
891464624
416765077
367351472
366267401
478855762
875805422
788189719
1699981753
34591763
1442326982
115679415
1585040558
2483118381
559329490
72350324
61608747
331467423
626945351
334266844
137989288
1578569942
1264415754
1570879765
460910735
182044362
217634501
147240973
1716576188
2771144238
2449384244
50434933
328712676
36847651
104666649
360185857
2581748005
2499533552
2415674455
59794625
2416860835
2415765410
2418979002
23636912
503497338
19459015
331907796
115093785
595672916
2369617448
15201702
227317408
586238907
82553
1321793238
2587857504
2660371758
2722506067
107567681
94463448
1864306416
487503522
2407939358
2717809044
324620830
38297565
221342241
2542835946
541311215
2340515708
1342352700
86177206
52772020
26605705
37862453
523077287
190409781
2586050040
2534323748
820057669
1549705375
17904216
2151186774
2314968708
1239521989
1897969111
440754053
1583056988
2354494152
20192882
2532298766
2590325593
1727086531
1491945516
2460662251
1325709318
1899141181
240791161
1941191204
22958562
69169493
2557368186
1325172469
17718580
460421853
2642438772
1640814938
584016075
2316144061
1651005151
2148974662
1620347180
95978450
2438849011
183109835
119158342
2204042821
427077360
105686056
176518831
1158146023
458824165
1630255716
71908582
178955937
856631744
171510284
2345964492
121234981
1500776516
76098592
41671312
2388964022
159002201
787478216
541717133
239221322
1089508418
502141652
2323322792
78396166
296065465
304129673
375186516
166584813
2376749384
278993580
2732560263
2472944664
906790099
21299925
236231684
80428362
299788514
253021980
1639244546
582758162
2734050706
2708036288
2213120492
32849943
121660235
2463907453
2586242707
2539666670
1422688380
368538656
1857121074
2349429558
81328323
57799972
24061071
2572452259
192219740
62959181
416025951
118834685
23335196
65232726
805073779
48040764
40686137
2572983162
2549779015
2320724970
220181880
631306182
342073291
36315696
397927012
422347153
33567395
44117703
236847101
2241467952
88499809
2469221293
186986452
1680753122
1524599748
2388826657
516119556
2671155084
221096730
2185009411
2277815494
2234739686
92994456
726636836
2299593450
36132508
2615848520
635526877
237166691
211246046
2716735253
1425349861
548610471
351288728
1658210047
180273672
2706708754
525544590
28484970
41287362
1370774150
1041888200
2669945455
1005357476
71760426
2564289037
2425565924
39764472
151637081
2416445034
553199700
2660701200
2367996296
2499794851
22400252
1363142028
780308736
2575757701
48428479
55357848
29832919
14764095
2563949120
2662270800
2372504466
39068650
183862546
2568235537
1238615653
26637959
15751656
2568382842
2214941827
507034235
2355523855
39208503
2600459096
79289712
42822213
2344373994
1717374025
2601417272
25139390
621360354
466541564
1110577860
1920862952
2505027277
97515756
192209669
72219060
1093141357
2150491754
2463595788
21588316
521017945
2242543022
2352982249
21690812
2549261360
15506409
47472009
2241833736
2287142544
2459785070
1361867629
630220621
1371246463
249839335
1121916439
1488964003
100663955
18345648
301395684
2693655353
85806857
2463929095
43193647
128604131
2711675770
1944974665
2412580496
160959240
2522387062
105207569
83985689
2645808889
182521551
1452336942
1394320656
2588142408
2582358380
185724567
1895001812
177298743
175644840
2573631056
2482768526
2570419274
2328054375
113167963
252705359
141189815
158505614
21591143
2565293178
203303314
2615868506
16869309
574544286
2592523958
123665680
53437510
2463106776
29151815
2246845242
2205816954
197442241
2591798060
258506903
979592581
2283709296
298927685
1382627982
309027777
1481721822
1540361540
85661946
2282106463
2306738563
323818266
278295705
67378195
1486753904
2538123830
2196235724
764300310
1647735932
2516143603
2161893884
564913704
801202158
9324372
2404412714
188712799
260572403
2440970576
475239339
1374393996
20698142
2647428592
2458502646
2227994052
292990873
19508266
2392865306
2383922652
916204982
831266940
2684738325
889311379
224731608
1967714696
2425969784
2573310182
2683962849
1604399323
2480128520
102763121
867857328
569554970
602083934
1317534764
2435640936
19787899
798190586
82884121
57591036
241273903
2682193649
2344873473
140889272
824922920
1972666124
1381013540
30100775
516233512
587948981
2387265954
1929317317
956255352
2263935839
465247662
90105932
313253287
854875705
141856231
2433401953
2163227562
2476171621
165836109
2449647035
30929529
2512672648
222219380
412981857
295882331
2602012381
2358233395
198682261
2276156077
340906429
755971951
2389987880
2166869056
428754760
172300278
43905579
212005766
476859923
422299280
2570722621
2487488335
710979877
284372988
500033999
81086509
183856046
1368959768
609308825
1972170366
24655534
372071455
822403039
26718917
1179843871
426222205
178014249
54583615
1524735295
1944177338
855152202
1701813770
1879355582
2244804276
326102365
246191640
54429309
2522767404
1964500026
2254320648
2435961565
2585980650
2449639708
450796111
1168798686
30464208
83910168
289624395
1341862662
15785483
111031570
117106120
39897996
395366547
2476228459
427134704
536996706
2598032916
720950359
15842676
826960248
555136170
409399754
275765686
2417795351
148089228
1621220348
306416386
278888992
1330238528
2591311302
240593901
2218398211
2210348312
14127431
465688283
2584736269
2453275994
235102332
895122187
1040936066
1946058752
2593597634
2357214600
617706671
525334094
40193680
2302700004
1329731863
15997605
2301162060
2577539270
2637739475
933693476
2459893608
407852632
2535927312
1206288444
14735313
1638439164
1717215607
171519577
49800383
2171648470
16130985
1668647840
41583049
2587678430
2207715150
313015282
2490250946
1394717438
2631778337
19749897
17353658
1645705218
2581030170
1717323234
1088895067
904996916
2502200664
2635686275
1299803965
2588246479
298602588
48918759
2571598320
35901235
1735241
2550409344
342791630
32443295
20347310
1478204994
15567808
1472560405
316559674
75314847
1892309035
348302493
850907881
1530282612
118808972
472132412
84273114
447598265
416708636
12865852
1375913006
2383472368
15498654
272538235
364663955
20099244
350676231
66493745
21379853
272038636
307740615
1853502530
1571928198
2586150098
52473646
448385983
14448173
15245376
312116254
15172852
1217455118
255059903
266065213
79184890
544607130
2559875018
96183915
23487853
30865327
214762415
1196519071
1374055788
173417868
496922304
388934581
42091611
202581685
2619111939
1219455846
2503927553
618020212
2201753618
2572921567
2487356331
438645119
15224565
19511386
540406534
2438633869
1188366228
1026831458
486876659
2443030384
606572619
1141592335
2622878476
2430437839
375226804
1379629597
398046219
2301106459
2560840867
860037217
211063953
2545327602
286765605
97487983
2562011306
454435051
25892047
80911352
303136610
2540035320
8792802
226107093
564705230
135348838
713233935
4733651
2341336076
1952076517
1880597844
1172785100
1834354646
20543796
2528374633
2393345282
436577638
21057743
30892319
564041052
292819455
166650853
725146585
55267464
2402753064
17524927
40842944
96012350
1468337888
306460757
1612696970
2349566690
487807827
2204915852
2578870615
709404201
239718617
2588931387
273433584
543254812
317079008
248851544
344618518
286074694
255441010
1683420792
1700368182
1887486780
163628467
2337146941
43887564
119886310
1956942042
83820677
404015430
100927079
1064623688
87347072
2574771572
118108910
369198132
1648923498
1978810226
188656844
2425931582
916952911
92808495
1920853098
229234507
1286324586
343669587
1656690139
10054832
18987286
16933525
274025383
2375559542
266130367
2505360090
37895093
619566654
1133129990
592828831
2576661460
57885924
1935273366
83645743
11072692
382213082
997834628
2392218478
98229782
392931376
2398587320
24921910
576635406
523449694
334566779
1158436170
1879388738
487873606
2320357526
1977000397
2484598253
2567518216
250785945
2331843732
509045619
2545081777
1075024754
1479990889
2312513568
867465716
16528347
1525436503
43903088
634758535
2475746008
2548150020
556963098
138933999
2551289538
555243918
2548615639
2511102236
759460784
1041342925
2582006470
701657796
2541689222
2546094870
2175280046
2285743928
1020597998
2150473845
1884374228
1296712717
2541649999
249961399
2362598514
1053723968
330509973
1028810210
1375963020
460683284
1229937817
1944722516
202363731
1677071593
398029736
18007215
23246523
940502850
2343366538
2534664919
225392668
2515766738
1365245461
1639025426
2338584960
411712367
2464261099
1876886502
28437612
1112322138
1259387862
2245899306
1146209714
1146876468
237364045
2276705263
1490865577
545215502
2361965134
1158275892
307260550
299385432
1083836696
2292336366
2162697578
909317076
45752463
900928082
17246656
1090102915
2484168434
1640291864
2264364870
2528409355
131833695
2450106906
1541549748
108290290
2574189291
2537719609
725090940
2471277110
260230248
2232751491
20556219
516108355
114279938
58174695
252649087
1160675580
271018222
25277749
2296053876
140251324
2536186856
31460576
853955226
390014320
144184861
2535697572
2535753475
33694203
455154223
146581235
363348408
32503018
1533732888
365153342
92367412
895229419
37443393
466917291
2531062741
2258697899
2534758099
351178790
1575395701
275415306
1455771979
1694056988
2235420632
2223912930
25541380
1621178394
581874343
1624645423
485128492
2148902093
997163714
586839457
1969454683
17260074
292656969
352627368
416662142
870713648
2359943858
320857926
495991256
228294900
2483911014
288255074
1922163835
1074268928
1421129976
2471295624
124826748
859440896
1539040404
714554506
1923312818
448861284
57330145
824663574
1516693339
560328014
898244720
23593011
897437185
217725704
1596440762
171435420
1733312420
1551359448
14905019
112485376
464035604
279351818
978658057
19848777
711532812
2245340919
2363059612
2474688702
1071934880
765636608
2467026013
404086039
90776145
746121692
540857032
735645434
2355243011
23072943
392948616
1471948154
33371149
2525996046
2526006445
933963728
23761878
2530883502
1036804651
1395471895
515493683
373922016
1385254237
725135390
2443519284
612827720
875383591
511577007
1859355505
782576162
583726113
529243059
1348854218
1339652971
2431415398
43708669
23150308
603102369
2396543262
1224710964
1049652157
2521783891
2277229366
2528130127
572323448
231602142
2262414538
2308184805
130487762
783447877
413063979
383993470
451306292
2515363499
348963601
1320634268
2266057661
428178286
246589824
165359834
1646567035
917729918
854071183
511226796
598142015
2411169162
575754595
305791304
131021790
85860474
555488741
630123680
778547700
562818521
746449226
14675460
2526317442
1622493434
2528402467
2266269258
2242809152
2403134774
1101661506
1624881774
2403126074
1624394582
402287056
258248702
262047690
742110740
2340977042
250705712
876178598
59320919
1573587846
486023178
334796359
16514304
706801192
1686790926
1301997679
600546624
2435080286
1078286978
2491891152
2513538281
374035986
1060931510
2385895560
569453789
979016826
712530474
972506534
1680658932
894527666
824748356
481110624
2441358233
332384903
2526013730
1721220726
1594404282
206803921
1949963011
2353609042
427554668
96764938
1066667496
1228167685
2519246628
366216034
1461280381
430992872
1719202824
1942363285
1891652155
2161188881
2513987646
2513944682
2514023725
2514034177
2523385136
2403340181
2523397950
2523383364
2455895017
719605868
2398538807
16918156
133079641
20195111
563875025
92356909
26795107
2150945055
166157650
826876896
308459542
607488074
1171971985
2455194049
226875774
280315897
49063628
31128730
826589504
600985661
17332386
1688936274
1564037791
602906817
1357468400
2377535976
2512986978
1015965576
1377678776
974789556
119197575
923666449
368623391
465976305
707165508
2519847937
422724199
2342597037
61223038
35902778
2376441238
2513340565
2418128421
510582446
245709214
1631581704
150404041
625352424
2471329868
14128614
350013959
297024359
247101057
917619973
2203021249
2315837925
19716682
2423235167
86341767
976220544
2331333250
867505536
1571292218
1673461886
437691294
162730866
1072280568
2468459796
215002921
1480345513
609546399
2235420649
329950625
1624601190
1862014573
2461988819
2555899474
917733559
2240447145
570556914
701875165
121794123
306553598
1645988221
14837928
2185177758
960927583
472375685
977790559
1715219527
2491174078
542923016
1428815922
1364112248
788277865
613334189
745961150
983390444
832242252
847113145
558650514
421045730
400543305
270976684
447998254
522878556
29276682
372849136
525731784
428057140
876364892
323824843
568032922
1717507272
426027981
69175584
279720230
2508197987
1711762530
1676214001
440360954
942974034
2513088847
245990733
1954675542
576983995
2500111174
1327160029
53876186
920058852
207574119
964686697
1345469731
1108291232
729650156
470010984
2479141869
841119498
2388691062
822164718
322186332
803867922
2201951496
1425698174
399759338
2177367700
632673476
576433450
435435655
1317778700
1082377531
2474683038
2453035457
479358500
269847064
1736428170
2556172618
175506838
379858045
2264199613
318796404
49506113
413721844
108704936
2262625012
2459579321
622437626
1668332462
735681546
57440214
517097113
272672738
1716623048
2444840150
595428288
715900612
1940299608
1525158769
803947279
1485483763
1610808938
1228068672
2482269487
483636523
1319925763
1241875153
1153419451
2420616432
963654444
1663061936
2169384136
2289934998
2213580406
354531728
280220375
254247433
491090439
30070123
229762182
2454910108
1562669852
194644592
2195318443
2216634833
2283063220
541258492
2256775542
637335094
2431244773
960490854
2433012321
486489302
1452255630
616420809
979276944
2258429842
541381037
1038576134
471656659
775452060
443963215
876401370
1109474922
2514138300
463377692
517917172
1949964170
878891540
535680072
81332741
2418280469
1136835205
469721366
401764799
2390640187
1861295112
2467379741
1254916980
2420410750
831067273
1334413746
588823095
739600789
1416689040
21154773
919823780
2392030484
2426202323
132950361
537647370
1576009914
23779309
805916083
2497510843
719904322
2277265762
541218678
2514212863
275260296
892395006
1704292032
16353944
1920805208
2515297122
1623645440
2411298036
1252784850
273646329
1392529170
123087976
1731448610
406232043
733710974
1091081636
542910006
516339611
316145217
2481689244
2422993911
2314552024
14212359
120742842
536649218
493003429
1613117971
15501305
1168693668
489285575
15934328
734128945
577408569
432586604
973539018
2511040175
2508598892
1109630634
386778106
1517788129
2394084934
1559487050
369816196
899741647
764634277
1064130828
68406133
797050686
2206495150
2555849704
1577468461
2237445079
165669115
569399467
2293583151
1086557023
1323020412
601202304
2268989637
1695296412
2410464700
797415955
507249730
754442197
1226365988
1490475908
587821634
1194497557
473122051
511471527
444715176
512434300
2202888790
335323191
2265650342
1146147835
2480947340
2164669935
1283966503
1198288484
907983152
2172563223
781295401
2174378056
761431639
611078972
1043202036
915585121
2513849208
780461070
47824726
1125483494
721523005
1184726269
1185624584
2285816234
1688515242
1184316169
246438132
1270795178
1201838989
719241697
1460997068
453769214
997814130
945182137
231561252
528839808
23181999
428595557
2222919119
559044049
2426694815
1206614250
1891451197
587686387
1556861491
1631365657
2187272969
1332743658
179785475
1337114354
2191679099
1673371658
1865105772
2508805278
863636900
1865558918
1506869850
609295256
313919987
2513712434
2312689244
539642665
2501169980
466303810
458460852
190440525
561884517
760654244
2399910094
425358745
762489854
455922757
479330309
54334682
2311979904
2513260964
1334839644
428368815
266454535
59940938
269683063
1707976981
562029376
2396454944
2354428732
2320799292
2197974250
1001663652
241414804
416442276
2187110582
22664094
2231258014
230054606
881609544
1573267807
2286077139
530897048
712454833
1269534997
2260847217
91395254
1670822089
2267566958
497041143
517891708
625568760
1369846764
1055816024
2278108520
615388328
2412278812
806793018
2316592299
2545901735
2512151310
2183425636
2498869620
541597317
27017188
258788891
794596832
2402398865
388815208
1416669769
2221587047
2489509526
621301322
477066334
2494800275
1357544665
302318226
1175915683
494221628
2453016921
2470826117
601158439
923768612
414448680
246708960
2153552383
2440581586
1255710666
1522066202
428958599
1445921192
999814675
2254550010
770626915
457881829
89280654
2339826177
957279180
597882516
1662187609
1161551694
1374153925
297072463
2478911692
2150007266
2318956552
552832143
140179975
1221467262
484317346
375439485
1575660811
1419783571
2398553430
1120214858
750639895
747464575
1608220916
360573980
463777608
878172186
1056065358
1092658418
1659203096
911238362
634216928
70301438
2491989450
2305673826
398235260
1684434444
1268589708
367937671
2362352269
485005924
2284852642
1057048778
327826631
1486456729
402937454
376375428
1025524464
1274857477
1206593071
1639875450
937836878
562463484
1126416974
1048601360
264804434
467295085
1679471670
994293373
634625825
538821627
492569228
1271809675
1094541222
436202086
349243067
2235441748
384587314
2469532113
2163590613
744426937
716956076
1723596007
1517295925
1384352294
291713542
544455074
2511255037
541176040
2477526534
2454165499
2457128858
1183143674
368171806
2353900430
898067678
468725222
577880806
434392139
184153602
484221167
22944766
2169111807
1293031512
456558476
40262562
345940151
3382
109221427
582050434
409515101
701512948
2395940738
446506935
2464905433
501623889
1598204725
451316601
2215192407
529707441
337997916
1108854931
243843992
1246144777
985117974
996407659
958547767
139669269
531388646
1055384082
1316510539
931424581
1117885922
20709117
498316914
797943776
569236414
797807605
236588196
1409133272
1278880530
430086117
2508609985
2271985326
1329506479
586538835
1578322855
1385253374
114026641
768238736
877509674
1201290265
1218673812
237695007
711289045
1477671348
381643970
889605822
275608091
17794923
1413575155
532437915
2474934195
1584118705
605450487
831031464
365015875
2418090198
600433719
272097827
2547834861
2361740049
2396410019
95244036
2175341301
451314923
2479727100
1683071947
2331828873
80977051
1299175939
842373577
1337356525
2239678454
78134431
359823143
705182443
1528444764
276220929
89515777
782173050
1008751717
706364399
549145898
1396222682
960401869
250433132
1147409690
2447308028
310647467
2432475229
1339698558
2506632464
2478067268
555755251
480850008
575616059
1252718365
1732083888
1142183785
557541712
2168012085
498590319
2380464605
2291883411
2432286452
572231701
1651608996
2150052915
2433303013
478416662
2395379482
492903666
2506148323
16992416
1867229840
1385437530
244092249
1487429977
2484503020
185506591
335061660
2424261543
366866924
443171350
557362056
2505860449
2506160052
806831966
2453384279
1650992335
428428821
403851072
414757620
934727520
1028769608
572068965
2242785854
355453370
555057388
362711381
424360604
1589409746
1254818436
2187316807
1604278405
2187001352
2505214705
2185154875
239562878
851363558
1395837230
1517388176
2494734902
2463487814
192023683
1681791271
2191826308
1358117496
1540898516
1661243538
2433518330
2491093200
58389663
15475558
1050824318
1198070786
722159041
17077260
2275182415
314767160
549695862
1843138327
2412330859
541878463
518324548
2372831371
494541587
476403498
378396541
277400249
951291830
2495688427
182117896
18982101
32712325
2496030925
309331444
604665474
420446172
869698518
741985819
446134087
2480392820
1210836638
597970418
2520122033
583433971
224539468
188704811
32859534
2359451898
519543401
2495999694
1455658692
444470993
430996743
1329629810
890121643
2547043775
1693653931
453887188
736850214
110490436
827562612
1722341233
2150180673
746447449
605541571
1544110212
286259863
629551365
1184604296
303313716
549306285
523796880
93251897
1354567290
621151075
156113195
425120253
2182805233
2358648782
67014608
435419906
546525763
2494510957
135998904
2183826802
1016101652
509839530
1425901537
361305832
1061158716
349941493
520223678
10950582
1329624272
937557559
713458082
1476999306
2400103356
61973225
2480062039
1907356016
2379378030
142331814
925664288
144934894
543181566
90777425
381603450
620709888
176963997
112266869
1625847679
113173444
67523674
2427581562
463129273
1979100811
2511223601
2451455272
1415318131
1451602477
1918594261
17288348
2307381042
305309883
401412091
510656542
208250614
1885429566
141360810
2453600957
283660297
420156602
153922568
417800701
352635579
1035449845
291513513
563153736
2412986916
444946416
447236130
1422080497
487045634
526557632
467468987
2296328741
475988566
2474221772
168316093
2187120151
353957660
1180452475
722782872
101253269
1578195109
454324273
1850571366
2310926672
1344217760
1564143770
816111432
307236722
491064280
1329081703
2185166017
778053559
1433064330
1541618294
775817916
1546341678
421652343
291210745
410980471
2290658620
2375833393
1536469418
1519691624
2195527752
1591145977
511827259
987623011
1890561895
1941238188
2482516177
1506009751
2199032644
992873377
274698242
624538663
2198988084
111225697
298681084
564468318
1624970845
893581699
1624586196
733402387
1624659277
2458460312
1693499504
1109642882
417345114
1926656408
387318879
391001736
94984926
2175857471
46345712
408100058
2167265966
716207842
2176546453
606741342
2216011385
2478838824
2348733272
1882517726
1976608693
1667757000
2369380011
208182990
795663
1537484353
526997543
395110990
2304262554
1625972713
226607084
276525002
2231858764
1596012036
2471361175
66882208
51628650
384969822
430192464
929955775
497038763
294281598
73780021
247481605
1654783512
2479134091
51842336
1325529342
1287361802
267815352
1222829527
1096901059
136707843
714918241
781094754
2483270641
316000285
957936775
1043245176
448082724
436795156
299913000
366127759
1251812930
23330730
1669492729
2221885455
267964113
1712895234
121084615
762162204
751764878
366155680
1130954982
435667768
770962382
28711979
1398630738
185508889
2373197960
2184433535
35837175
2310828390
336839304
71186905
2375401614
1169838434
439864380
2205593438
2525288703
99338684
1580680549
1126874604
2321785092
2214937387
102580650
367675218
270227961
2420657738
40928919
325084368
249835349
2479630796
1638381793
2348340308
2449447567
17071980
2365693279
413990315
126867392
2478812114
2442225922
2357859188
1594538197
1169860729
1003881174
262471868
1511221801
395797972
596378608
323309954
2374287283
556551795
122972596
2348218974
2525751333
19263867
88627046
902276588
949185188
1572781033
24854235
223941023
282591357
2339500261
23159493
225010383
2315620772
828653521
89551852
716753935
550499771
427581854
286821989
2291196909
257369920
265239138
2430985886
247889411
13236672
18616085
212680759
1260704090
2194098757
107793401
1725100538
232642391
1050869292
412600040
1860725785
2394680683
24255808
933130836
179537749
2470792357
1901804527
322228151
851148248
2388908886
425638198
255976654
2466713359
105437332
371656232
22981545
265645925
52788040
1084327489
400962072
2288512728
60213983
270943430
316922099
76584439
11507462
1360815800
268403131
2414753624
52976246
936869280
370681724
2472925446
1431215804
2331908652
2463300679
746206436
1449744306
1096747771
2179880311
47447773
2347775850
2349942360
498260392
2435692741
94800375
2445816324
2431072400
2487190822
2430051296
736007612
182014145
2465160273
2242595293
37500362
2176975525
1245751686
2434072831
2435037026
554435689
1408516842
202634160
1520957120
711881695
18682724
2429618534
758488770
462019829
308689733
991666472
2360634458
991260506
2500820086
75298924
2336173154
2434989194
925916984
2468769758
1968165308
518776799
415678203
2300407820
308706956
345268988
631669280
2314013106
2330960043
1849700084
2444252851
578773096
1690277035
567916753
462357025
536002391
2417534798
2417511984
269096464
2179646797
1299253530
329721194
2234051755
2487071225
2423617056
966476906
