3019776276
4612795275
4623570434
718209414323314688
1128075277
3239020438
2843798304
115681686
2346560930
3815831964
717064171154776064
263985862
704217265139486720
716368187412115456
4450675452
218555096
2367688604
2850761903
721746153927217152
721745800552910848
996072554
72664236
594149589
706619770787995648
2369314466
60784269
703778111788154882
4375488613
4834346556
4889932721
86872282
48022843
3427200023
459660893
1114071456
3177381781
4390682952
3906811754
3177541974
2451088110
59944315
463100232
1942432788
60112031
16992416
3305084266
1061456222
3319464256
132734157
2495139440
2474456148
318997104
1283655720
782854806
587030414
132001756
2566299126
1541744390
873602665
960636870
3209155690
2312494016
3204238193
32896052
2451257761
355646475
2258218458
2985013655
339832905
287885364
2950681731
1444296577
1877039166
2950660811
1717047780
1876175563
2951546772
3131916593
3148841251
3187991321
61858036
234966107
396988769
45075781
3169120300
3004092201
624379422
2553753858
520982700
3040134495
2351425526
88489461
3119904224
3171908403
3055881487
556942410
2724699110
3107950280
3127736523
111287877
20123403
1727645754
2641695115
3095748647
3092232454
347861114
2832097547
560062431
1973853516
241776425
2729569688
3072157863
2390859883
3020077126
979329014
2665292162
2881730597
3145639712
1692354570
703561088
2882716740
2951556370
16139093
1359806198
1877504893
368395037
28096105
20175865
16710420
1618641848
90408018
2577957648
466885568
2433587292
183452944
3092186486
515419581
158486567
3040943596
278098811
2951568349
1205811
24222640
48029066
303550261
2239960884
2571094340
2550871644
1694583410
2668904996
2611910672
2759460636
23002858
2160381561
59019882
2480209333
1710146624
2596775071
2432973300
2618283828
1155033097
48818331
1423947390
1394798358
199317006
1128131472
2562217591
62352918
2359699734
446513866
2371199952
2548584223
334036628
1472393910
1683260238
177551324
837643248
