710880391599677441
2416894724
4620005774
4495252221
712442457372274690
84516867
118310849
3241167689
2914086385
297692168
625292654
872427169
3029818785
478012582
3400820537
486760134
4855503868
460672361
2441994192
3950270890
1877029939
701876260218216449
2267791413
700487851604111360
2477530134
4905442203
4902939438
3435567100
3100751621
338469697
4867428993
4865847515
4796286028
4239573622
4188716327
628075332
4519741888
4455688217
4466830581
721184196
2437702411
2871636923
2390264280
3243944832
3198401369
2476240652
3144268438
4254820456
3777151156
4083817689
2887145105
3308850119
3091681033
4199280041
2942728967
3383277983
2416879014
2929482405
3702079222
2632384324
4062882322
3266302184
3294058956
3787763956
2961025977
3341947607
3133161894
3071604393
3416761414
2357150435
3570775456
3103411665
2436562174
2878661039
2704510022
1621417956
2707064214
1522953452
2440599893
2651885941
2740721426
1604285186
3342198993
3153096161
2961214097
3094015501
3398056516
2679939379
3402197121
1334666023
2242555282
2941682140
3368662913
2681372938
2878503368
3370050543
2895235073
3181539700
3239763519
2377910625
2779769337
2153255170
3153266181
3039709463
2924539140
2896223933
2865956250
2963398270
2588103959
2331198750
1568513065
