3854038335
3023037872
2726308728
45734349
714650753370075136
2880406599
2454150847
4864619662
510995583
1977207493
2199750144
2798937800
4815244509
4728239847
3247914300
4144854321
4562959594
4488379396
255749358
4346463496
4265541735
2363609995
4025772023
3995151519
2601067699
987651121
3783131237
3487334903
2318272449
3438383909
2487592691
3433829951
2502903248
2357248038
3425160100
569743781
2958802666
3416718129
3401721225
1713491810
880915140
3320074210
600383128
3322125898
969422712
2720712147
3297825917
1403627484
3188692439
28681076
3105487523
2466557479
2946960130
3063529445
3044429842
2937199279
1648775166
2954397555
2943869566
2878473359
893956346
2905847302
895784419
2267856293
1936058766
1015367642
2393038601
2848054782
1643949535
2367928413
908011586
1556988229
2743964359
2273829383
2465866744
413621298
2657418795
931078692
2542520042
2568245501
2445883479
269539599
560690038
1616637048
114353436
2495450311
351162410
251731019
935717869
2485242700
727169215
2448588587
1013420742
1571938615
1343144312
468906188
632614804
447271611
2232207832
2366420612
1616117432
408034203
2347699949
299985460
784745360
581057249
2178937289
1205542171
1335413820
1449835364
1023253824
1544187175
620166889
249807419
48014564
776041166
548686866
1031641158
1064104676
1877658800
1021130700
2268224578
1231692734
