43913978
3948483267
4160114787
476214711
3066075022
717702230510407682
1971858889
2451140365
4558962622
3496569872
2429705708
2935465819
446159705
548850667
140181475
1869750475
357856483
3299698317
735609703
2627333319
518177694
277194944
705431087
453644337
410084324
1201429482
513675000
2491892426
1027539998
212480084
2328077738
1106190913
832422277
161169617
2345618412
19274724
1517953572
217922106
17957450
64553380
43999850
595615867
280199140
398518300
41476524
309984530
413492869
432079317
476032011
66388689
2308101114
2289644737
2240444490
86217921
2308109220
81105170
2304714060
82193896
1520150407
18194574
1582208102
59002686
46658097
2287355726
2218405945
2294071380
2205995628
2287492963
2231054869
308061865
2241437064
2292247488
402783063
2276532452
2243618678
2285963598
2277123553
2280008784
2229578066
2276876040
2277121243
2305498604
2299172419
2229445453
2280054607
2292858156
2297677338
2294080903
2276590526
2299153934
522798838
2287295936
2276587399
2281891873
2242959504
276808010
2297476218
2304004339
2301374054
343445758
2229449527
2276546905
972637962
2242978849
2240522748
2285877121
2301459084
26105525
417954270
2301015770
2240450593
2289376562
2301471042
161162557
