726172457950961664
726170601904345089
726173142926934016
726172668823756800
726164095465078784
726173090896576512
726172573839581185
726172316107956225
726172574535790592
726171397274386432
726172455295918080
726171376655159297
726172262634770432
726172211292323840
726171830449508352
726165577694334977
726172063807971329
726171497967046656
3017610684
726169842500395013
726031909323726848
726168648910536704
726171289224941570
726170203999096832
726168652026880001
726169472860606468
726169850658324480
726170326887993344
4845803939
3168710890
726169827803537408
726169216978673665
726167922922668032
726169003530539013
726169804906872833
726169610039496704
726168706166980608
726169456158867456
726168814858174464
726166597103173632
726168332920041473
726168138400800768
719592232689483776
2873084685
726142793962389506
726167980913102848
726164635708170240
726168094540967936
722217999000858624
726167479400157184
726166014833098752
726168343946887170
263629074
726129157437022208
726167547217850369
720336140272803840
726167527076823040
726167657758789632
726163185988952064
726164139459141632
3801553757
726167102210461696
726166283042099200
726167043465158657
726167337192280066
726167126449524740
726165868531605505
726165343006248960
726166744616845315
726166167153479680
724618419220439040
726165493476941824
726164807175536640
726164889891393537
726165684728770565
726165121383436288
726165770095448064
726152308921389056
726165268821598208
726165373477883904
726164641341132800
726164853996544000
726165352955166724
726164514123710464
726163842993102848
726161362699862016
726112140243963904
726165203679907840
726165104320978944
3067989263
726164855288401920
726164564824461312
726163735992274944
726164510642417665
726163725514846209
726164253762326528
726164181469265921
726158795957768192
726164035578781696
726163831911800832
726162267826491393
726163217731489792
726163587941732356
726164050892193792
726163477933465604
726163519113187328
725814048059719680
713817067934322688
726162786896756736
726162101132247043
726163209640644609
726162292849676288
726161594296766464
726162280648421376
726162705812443137
726161653830668288
726162313124937728
726162599214235648
726161453833707520
726160839842091008
726161189592535040
726161515733200898
726159681429868545
726160841544978432
726158846637527040
712215981125451776
726160117293539328
726146211741310976
726160892258340871
726158204644810752
726160010334605312
726160309803692033
726160671688249346
726160038805540864
726160861572829185
726076702670114816
726160522584985600
726160469547995136
726160169718153220
726160304359510016
726129644106309632
726160122519642112
726157023319085056
726156469217931265
726159900661940225
726159197080043520
726159364558573568
726159337622790146
726159477184016384
726158463861166080
726158963859922944
726157475536375808
726157513113145344
726158110075830272
715520337987952640
726158299884871681
726158309087170560
726157263434604544
726155973732216832
726156657257013251
726157062762287108
726156753541431296
726157717182791681
726157500576309248
726157710903902213
726156947238584320
726156575686164480
4601247203
2996787116
726157011713462274
723071754176962560
726156447206268928
267647322
726157317809516544
726156904095977472
726157497430630400
726156338032709633
726156494551527424
726157096832622599
726154889521446912
726155125258080256
712036536821358594
726156982978273280
726156788291256321
726156792942727169
726156118045671424
726153957685510144
726156337604907009
2364092473
726156474020417536
721027497018699776
726155768823734272
726155111786008584
726155607301083136
726154421269307396
726155012821385216
726154764308877312
726154965916499969
726154297671557121
724727314815279105
726153907890692096
726154489368027137
726152206538407938
708283353905111042
726153449088421888
726152702443552768
726153762247684096
726153358386552839
726153379483930625
726151255282880512
726151564109467652
726153573277556740
726152912645308420
726153360487911425
726152641957482496
726152581215571968
726152567470825472
726152990462218240
726152164930904064
726152353741721601
726152256874287107
726152467654819840
726153032715632640
726152683011358721
726152461753393157
726151687493324801
726150408054431750
726118426536738816
726151886403936256
2897240057
3307540186
726142566387818496
726151894310223872
726149277160988673
726151222781169664
726152239128125440
726151550062698496
2881064196
726151378964455424
726150809579347968
726150077702623234
726150808400748545
726149558754009089
726151036575047682
726151009756700672
726150577411989504
4262293799
726150666801037315
726150530502897668
726135754729111552
720562866764574721
726149845346586624
726148609864032257
726149491338915840
726149424934735873
726149502684520448
726150434218467328
726150131863707649
726149513996603392
726148206292291588
726148283060617220
726149177722429444
726143552460328960
726149455062425601
726149390503694342
726148891373125632
726144765402726400
725812711649628161
726148738415210500
721088836407836672
726148006790221824
726148153112694784
726148020933410817
269425050
726143035063603200
726148107126333441
726146602616918016
726147516857720832
726147909213917184
726147833292795904
726147428957691905
726146431006945281
719593969135562752
726146587097968640
726147233171816450
726146262584705024
726146900899053569
726147284568793090
726145592473321472
726145520020901895
329953134
726147061851279361
725949308743229441
726146674788339714
726142944776953856
726145241259081730
726146154937868288
726145336704679936
726143367613132803
716686321507508225
726146033089175552
726145765161209856
726145497375891457
726145386184732676
726145314202214400
1145558683
726144999629459456
726144328880545793
726144780082810884
726144105311539200
726144583911018496
718430552257335297
726142123670683648
726143951149879297
726143792999440384
726144383054143488
726143952487854080
726143896024158208
65617580
121096197
726144063137783809
726143515651104769
726143693242130434
718046055225548800
726144009165496320
768653612
726141786889015296
724900030050611200
726142749892829184
726003039459500036
4882730913
726134017666486272
1969511690
726141334172618752
726142090791505920
726142852040916992
726142864674177024
726141950794076161
726136515223523328
726141666495705089
726142594162524160
726142359545716736
726139883052486656
726141413465972736
726141980338704387
726142069706739713
289647517
726142275357650945
726142334535131136
726142366550249473
726140919729250304
726142382744440833
726141164571754496
726142271134023680
2726398498
726139822801309697
1535588408
726119709553340417
2742179593
726140708948697089
726140703391240192
726141131755495428
726141581561049088
726140891853893632
726141065191936001
726140986523525120
726139467975790594
726140812317315072
726140183834443776
726140772882518016
726140639570726914
726139818166595585
726139767352623104
726139124202221571
726139638642003968
724268213203292160
726139407787524096
726139731243884546
3042820241
726135182483427329
726138815090405376
726137950145253376
726139581758853120
726138935651500033
726139209644388352
726139243328901122
726139514046038017
726138224092008449
726137643579367424
726138430011351040
726138382074662913
726138495769661440
726138617484156928
726138954655866880
726138223144095744
726137259381166081
3310858080
725462779482787840
726137643461914625
726137410933919744
726137667226886145
248804319
726137792108105728
726137354176630785
726136152927928320
726136961954623490
726136856337891329
726137559215120388
717489461395857408
726137512561889280
726136343085113346
726136781322739712
726135903916310528
726136327255810048
726136414958702596
726136463734231040
726082401621970948
726135554895675393
433145805
726135520087171072
726135894307168256
726132769760378880
726131524328902657
726136126751297537
726132961775603712
726134368255758337
707305899396874241
726135838422228992
726134876395704320
726135403720380416
726113669474574336
726133755392434176
726133647665934336
726135593277755392
726135129387749376
2895063411
726134399109074944
223114623
726134745055289345
726134078081273860
726134371833499648
726134029871898626
2601446632
726134064130957313
726133890025439232
726133791035645952
726132867823210496
726133226352316419
726131308716498944
726133388130828288
726107766889304064
726133126527901696
726133597082628097
726132205613932544
726133197914955776
726132674151211009
726131905926729732
726133203451449344
726088751647195137
724226460895068161
726133108643389441
726132972261367809
726130852879564800
726132900643610624
4059682277
723929975301242880
726132502897803264
726129388593500161
726131490980028416
726131796853837825
726131614103834624
726128890549260289
703899673531170816
726124739178160130
726130901470601216
726128157296852992
726130968709468161
726131835156201472
726131930064936960
726130847426985984
726129435569709056
722321093575487488
718382214606663680
4756434615
726130172307595265
726130543335727104
726129337930514432
2931000467
726130516441874432
726129849925009408
726129570739576832
726129434760232964
726130373428654080
726129007205453824
725310103050698752
726129348504346624
726129572580851713
726130073103945728
4040745316
726129272751054849
726129504297586688
726128260678045696
726124338534043649
726129687961939968
726129182955151360
726128724622585858
309514321
726128069317132290
726128739445264384
726127929428697089
726128035762688000
726128156885831682
726128627746746369
726128315124297728
726101272072441857
726128550760292352
726127112894222336
726127978997010433
725846260331220992
726127514540736512
705124340824743936
726127572950589441
726128101076393985
726124452015124480
712242000532217857
704038393769029633
726127552432095232
725714335457284097
726126189560127488
726126442984148992
181219362
726125371347849217
726126743325646848
726125366482505728
726126546923229184
3290507743
726126565151662080
726124569824792576
726126196061265920
726126603919605761
726121180730630144
726125542488027138
726125569650339840
726126315804434437
726125819593121794
726120716920348672
726125162643513344
726124862163587072
726121305725108224
726123423861215232
726124698984173569
726123776799301632
726017440627462144
726124410982248448
726123576672292866
726124059306655745
726123760865173504
726123495365722112
726123757711020032
726120657310851072
726123036475293696
2253004898
726123814334136320
726122937837826048
726123780926504960
726123118843056128
726123731219812352
726113658414223361
726123974149677057
726120817105473536
726123267682082820
726119610039328768
726122920448237570
726121909411307522
726122886881251333
726122357040005120
726122725052407808
726122397150121984
726120522233294848
726115466259906561
947821615
726122615459463168
726121200376766469
726121744902283264
726115989931343873
726121083498303490
726121656360550400
726121409634787328
726118796990255104
726119478640173056
726119686996369410
726120414657798144
726120675484798977
726120113842348034
726119254655905792
726120524703797250
726120059719024640
726120470899204096
726119844379250689
726118862144573440
725799412686032896
726118478806179840
726120180477222912
726117097865109504
726120104715554816
726119545421877248
726119281713397760
726117169487040512
726119506020552704
726118390256033793
726118790719782912
726118885360033792
4173638093
3190585508
726118816539922432
726119115530854401
4825917508
726119049957101568
720995255588425728
726117545204404229
726118534401646592
726117477231550464
726118199868198912
726117527038922752
726117688553160704
726117526241959936
726117380854796289
726116821322092548
726115270343966720
726116719736033284
726116473534603264
726116581189816321
726113948391596032
726116494271193088
726116960489066498
726115647260905472
726115419778600962
726116590459195393
1060572097
4237696761
335910031
726116323697250304
726106619147374592
726114959470514177
443693484
726115962085363713
726115707348504576
724528604063907840
726114862879924224
726115445821067264
723282413254774784
726115371967733760
726115078987255809
3042406162
726114210611093507
725777382989271040
726114667391754241
726113723316854784
726114008114315264
726089521608167424
726114242861092864
726113982793310208
726113107865657345
726113073757605889
726113723086151684
726113129382465537
726001688549724160
726111156931289088
726113119530012674
726113580232400897
726113629112782854
726112781745963010
726113336379756544
726112681766346752
726113397918601216
726112825903616001
726112901799546884
726111132906303488
726112066097041408
726112107796828160
726110207139520513
726111958936772608
726112740343975936
726112675332247553
4233631060
726112619598352384
726112430393274368
726112120362905601
726111598595690496
726112146715742208
726111313869590528
726111599623286785
726111557369864192
714306208484696066
726110993273769985
726110591350353920
726109697930104832
726110456918761472
726109802271772672
726110734363533313
726110408159952896
726094905978851328
726109961407893504
726108664554217473
726108948516982788
726108689376141312
726109561904574464
726109584323170305
726109738556088320
726095719602479104
726109702422188032
726107229712224260
726108045890191361
726108947862675457
446996961
726108915646238720
726108628743278592
726107264340336640
726108454998446080
726108694623211520
726108901230415872
371503988
726107538287132672
1641457951
726107985597046784
2889079407
726093065669214208
726108044476702720
726107354220077056
718030427840229376
726106798005047296
726106489128099840
726107089882501120
726107298230337538
726107172778721281
726107080139100160
726104271725453312
4738583657
717092155379023872
726106827793031168
726105302274301952
726105906606383104
726106335260119040
4549014285
726105743972270080
726105885836206081
726106036629831680
157925224
726105599650500609
726105851895910404
726104896139853824
726105134095319042
726105189212639234
726104914053701632
725934668114059264
726102757711687680
726104122705977344
726104123280642048
726104094373478400
721069644883353601
726104139776798721
726104277006036992
726103605057622016
725668350504914944
726104123507105793
726103798872199168
726103969295175682
726103817696251904
726102991330222081
726102706599907329
726103841297563648
726103805205581824
726103891104903169
726103377998962688
726099807652171776
726103074415218688
719915617739018240
726102711565955072
726102534973186048
726100784086147073
726102638077431808
726101295870955521
726102028137717760
524768037
726102125273604096
4857823720
726101388003053568
726097210669174784
726101674251698177
726101549190144000
726101242645237762
726100817179213825
726100980702535680
726100742361235457
726100460365557760
726070070343032833
719972102464479235
726099924752945152
726100373174403073
726100132429717505
362458072
726100146589671425
726099842209054720
726099975080431616
726080871237865472
726100244568662016
726099846134943744
726099394081251328
726098731423154179
726099788421279746
726098470176698372
726099248496922624
726099020939202560
726098900965269505
726098822179524608
726099077960720384
726097903710834688
726097263714549761
1196893052
726096674028969985
726098250378391554
725825737991835648
726097733862436866
726097768268357637
726097637410222081
722406262948937728
726097885314600962
726096707495317510
726095708365950981
726093739702280192
726096408542060545
726096784209092608
726096873736527874
726095853065265153
726096959233220608
726097074920513538
726096979714002944
726096205273546757
726095553512280069
726095593161019392
726095152394174464
726096353303080960
726094559982288897
725979196825174016
726095451481608192
726095885541736450
726094819047657474
726095655429652480
726095504443117569
726095318710947842
726094428943867904
726094752467267584
726094854313398272
726094798663376896
726095213157031940
110664944
720363570081439745
726094259678490624
726094517091328000
726093397686149120
726094710591393792
708652775991873536
726090305989140480
726092885356072961
3992866041
726093044295045120
726092446539612161
726093095574581248
726093608416370688
726092665406820352
726091238705905664
726078956491911172
725963020078354432
726018972420837376
726091188810440704
725785598645178368
726092636793278465
719642093916917760
726092533927915520
4859395959
726092520262918144
726092443570069505
726092117110611968
726092093211480065
726092287483240449
726092373952987136
726087385717571584
721100010096619520
726091577119117312
726091692944855042
726091364652441600
726090765361942528
726091416141729792
726091678600323072
726090616292134913
726090973919514624
726090865740009472
4839546717
726090348578111489
726064101256998913
726090657119477760
726089793692663808
726084795504168960
726080844901801984
726071598273445889
726089025975685120
145123870
726089950823854080
726089351130697728
726088822098919425
726089411184709632
726089107269685248
726088513834340353
726088769821093889
726088816675659776
726089095429165056
726087879986929665
726088135474556928
726087911477809152
726088828272955392
726088860665569281
726086898507239425
726087079755677697
3093807636
726087063783768064
4257264735
338552196
726087267316568064
726087269082345474
707715703483342849
726087666190659584
726086756186087424
726086899467751424
4912294385
726086317650657280
726086740805619712
726086587545739265
724031087656218624
726085183255011329
726086270049509376
726086526208204800
726086561385816064
726085066032566274
726086335468060672
726086088486490112
726085241421570048
726085134353620992
725723272487260160
726084246079737856
718901625595801601
726085329434845184
726084949489664001
726085296383758336
2285587603
726085120030035969
726084655716380672
726085073263575041
726084692152336384
726084694245277697
726084453181853697
725793734529527810
726083657807585280
709262273831895040
726084167419699201
726084247468052481
726083591369805825
726082493162639360
726083673955655681
726083375296028673
3532525456
703654186920103938
267906742
726081874578296832
355407870
726082648184111104
726082314422374401
726082286211465218
726082072117415936
726082295506067456
726081957373874177
726082428184477701
726081349346582528
726081845700517888
726082175184080896
726082125741588480
726081697855508481
726082153570811905
726080842435563520
726082114840608768
726081832882688001
726081324767916032
726073839982120961
726081015706456064
726080895409618944
4923332540
726081079363407872
726081200847224832
726081517294899202
726080783409143808
726080700118667270
726080301433262080
726080800580620288
726080148831875074
726060114134863872
726079715753250816
726080644980330497
726080129617788930
726078604455612416
726080113134161920
726073957183578112
726078926058086400
726079100746620928
726079591362760704
726077516016930817
726077763405402113
726079008962654208
726078726132391936
726077860612608001
726078515142090754
726078322191552512
726077734187839488
726078066531946496
726077933366943746
726077792509661184
726076105694830592
726078040556638208
4835399734
843299413
726076774577258497
726076726745436160
726076914755100672
726073986862424066
726076859407044608
725757008851394560
726076662996193280
726076148581588992
726076702582005760
726075535244275712
726076410633265152
726076322775191552
726076244488556544
726074708001738753
726074095226392578
726074231126134784
726069254404116480
726075371267973120
726076119271743488
726075043088863233
726075797287608320
726074503021875201
701030921680642049
726075333900918784
726074646827819008
726074730839703552
726071573162131458
726074700636524544
726073918197473280
726073990196899841
726073655592112128
726074088431730689
726072581003038721
726073987890073601
726073485387243521
726070582786297856
726073581466189824
726073303522234368
726073445063204864
726073346035687424
726073381494378499
726071685070376960
726072359875186688
726070894142078976
726073237139017728
726072082287742976
726072627589189632
726072095097143296
726072363847131136
726071957104525313
726070365638774787
726071298472955904
726070556295057408
726071874355105792
726071530820636672
726071910128300033
717153923853914113
726071834135941120
726070672754102272
725334923704451073
715830374224539648
2291167675
726070899712102400
726070638725705728
726070538066628608
726069779501600769
726069438169100289
726069340001415168
726069415389876225
726069031011254272
726069437913272320
726068551191302147
726067931612876800
726066008830672896
726068613459906560
256671550
726067812754677760
726067700657692672
725758796082110464
726068617947783169
726068533508096000
726068433574580224
726067190852636673
726066596595257345
726067380485521408
726067835324227585
726067763291258881
726067960423571456
726067380883980289
726066849310478337
726066963794022400
726067734761627648
726066658306101250
247732947
714456736619487232
726067170967474176
726066693928267776
726066105501011968
716743533886062592
723936151980130304
726066787289292800
726066401216176128
726066833955143680
726065934562168832
726066020755079169
726065988853178370
725973231287586816
726066211461709824
726065793692217345
726066129739874304
726064714384588800
4486717577
222062869
726063807680925696
726065128119083009
726064345533308929
726064638975160320
726065033353023488
726064830608736257
726063849581989888
726064105266761728
726064754796716034
439962189
726063244402655233
726063094854737920
726063372148596737
726064118550114304
726063450955325441
726062936926621699
3355235091
726063779163832320
726063892535873536
726063939314921472
726063656069414913
726064032940232704
726063835015188480
726063206100295680
726063586095812609
726061896206536704
726062465247748096
726051076659617792
512507099
726061717608914944
726059251689525248
726063292574228480
714369727192252416
726026433777291264
726061974946197505
725775837937717248
726062764087730176
726061727008362496
180878057
724526039897133056
726061594489290752
726060985321181185
726062017686200321
726061121405378561
723085692658716672
726061686948548608
726061439480377344
726043335006232577
703293320907378688
726061259922268160
726061220567093248
726061120755228672
726061227097624576
726060958297276416
726060877720502272
726060896829755397
726060692177047552
478414082
726060706689339392
726060291197423617
726059524533174272
726059852825530369
726058801003114496
726059647212376064
726059312527904768
726059843786801154
726059454819635200
726057678238285824
726056745693532160
726058387578970112
726058324907704320
726058058267410432
726056471306375168
726057856911429632
718183786014449664
726056926598053888
726058722594795520
726057576522194944
726058084574056448
726057756545929216
726057240927588356
726056581671063554
726056522900475904
726056226619019264
726057304525799425
726056796515893251
726047616816009216
726056855366152192
726056764236509184
726056764467195905
726055890755969024
726056320038764546
726055260117209088
726055598844968961
726054665511653376
726055934481580032
726055909584211968
726055666167721984
726056121606242304
4819986459
726055833285595136
726055546256764928
726055488471879680
726054424276262912
726054854716694528
726055361573208068
726055177850109953
264688590
726054532950687745
726053726448979970
243384877
726053742680879104
726054388528222208
722739581024604160
726054341833048064
726052965598007297
726054058092552193
726053738977333249
726046631360118785
726052948443320320
726052695929425921
726053376245555200
726053355622113281
726050600090243072
726053330653466624
275646225
726052247235354624
726050152801271808
726051655184166913
726051840324939776
726050915065696256
726051667070865410
726052359063896064
726051595021078528
726051119189901312
726051872914739200
726051073144795141
726051524741320705
726042361009152000
726041982301290496
726051155143434240
726050780059435008
4836053573
726050709632868353
726047638752235520
257448614
726050306690273280
726049075284566016
726049636260130817
726049053096693761
726049603397795841
726049062932373504
726049036113969152
726049284144136192
726049108117622784
726047568766054400
726049129282035712
726043527948455938
715305830233608194
726048800540872705
726048830672752640
726048106379378688
726048327876382721
726048579643662336
726048732970651649
3871715183
4565650635
246542103
726048428007022592
1533179083
726046745520685057
726046906460323840
726046614821978114
726047004644761601
722574286167351296
726047056431702016
726046779809103874
726046603568635904
718801878985883648
726045760219959296
2721961148
726046015430733824
726045715449962496
726045487267205120
726045494158446593
726045056826744832
726044624075276293
726044715725021184
726031587700277248
726043433400410112
726044131718496256
726044989944422400
726044957157543938
726044924936871936
726044893722886144
726044842246168577
726044633214652416
726044609177108480
726044329886781440
726044249129672704
726044292150661120
713454376224993280
726033567529242624
726043537138155520
726039752005287936
726036023478726656
726043701294841856
726043627655467010
726043818953441280
726043526207774720
726042854817169408
726043549003841536
726042680703238145
726043385203675136
4041708448
726043348415451136
726043396251463681
726042712164720640
701447454676414465
726043012464304128
726041960390209536
726032339856416772
726041889741410304
725679064120479745
2424593306
726041300924026880
726041605606612992
726041904757002240
726041740277354496
726040630267404288
726041491336998912
726041538090905601
723979939976982528
726040335466565636
726037570279378944
726040791882321921
726038473392721920
726040321809911808
181927750
726040368429555712
188906687
726040032608419844
726040136002207744
726039847010488321
726040577544994816
726040610579333121
726039680685363200
964794073
726039766484004864
2675606058
726039381602095104
726039290367610880
726038324956241921
726038371731165185
726038749084311553
726038939228844032
2883754058
726037862781751300
726038403838529537
726037780854394880
726036455672393728
726037693130526720
2420210335
726037352020320257
726036046807486464
726036397740662785
726037556022878208
1039934738
726035789994450945
725717860748812288
726036102822420480
726037112697589760
726035144176455680
726036010300231680
726036476157394944
3188084256
3099929350
726034752059396096
726035493629116417
726035664773500928
2650764324
726035738177986560
723923950389080064
726035120315052032
726033518652997632
722813488591204352
726034934696124416
726034399721078784
726035246374858752
726034881755635712
726034571565883392
726034188617523202
726034916186722304
726033668075077632
726019172531081220
726033803907575808
726030374116155392
726032950287077378
726034375335354368
726034146682912769
726033708076142592
725501735834361857
726034230346670080
726033466702323712
726033406820290560
726033402252636160
726027936470540288
726032575752474624
726032885468241920
725797989768396800
726032734720765952
726031600140562432
726032812298657792
726032675102953472
726031751290753024
726031445769248773
726032227948220416
726031725005000704
726031193779671040
726027107118252032
726024501998268418
726030479296729089
726031027928481793
726029108854034432
726030200992047104
726030991144439808
726030232008970240
726029417366097920
726029565559234560
726030740748685316
726030052232712192
726030269153710080
726026297038745601
726030094624514048
726028874124005376
726029317076078593
726029015757238272
726029306464444417
726025895291572225
726028186463682560
726026069933985792
726000735637372929
726028476541722624
726026465016483840
726028758730326016
726028272962813952
726027224269361153
725959350729117696
726025582685904896
726027717163016192
726027676453097474
236405859
726026333508231168
726024584353447936
726026116729819136
726026736664727552
726026118826999808
726026525125033984
4055692936
726025728354095104
726021884240908288
726026653617512448
726026064376520704
726026009812832257
726026309667815424
3398638079
726025306457411584
726025501844901888
725797882402590720
726024368267124736
722759187755831296
725328688137515008
726024882971090945
720351595322421248
726023881014829056
726024328547028992
726024174981013505
726024211601444864
726018553124687872
726023484263010304
726024583367823360
726023627850846209
726024226398978048
726023186157019137
726023426662649856
726023274547830784
726023317711388672
710513754346160128
725963297485426688
726022153712357376
726022838247907328
726022395232935937
726021539439738880
726017260524068864
726022197295366144
726021553360621568
726021383910744064
726022208150208513
726021773330894849
725455426364526592
726022378887720960
726022228689715202
725233897391423489
726022269047328768
726021922933362688
726021213307453440
726022020224454656
726021844780900352
726021013935415296
726021655236071424
726021606519234560
717062357806133249
726019510407450625
726020679489998848
726020607830274048
726020873749147648
726019327636459520
726021035301195778
726021095384584192
1196195934
726020002554454016
726020511310962688
726020144707833857
726020015128977408
726019814226059264
726018849083121664
713132736085696513
726019761117761536
726019433014153217
726018703603675136
4913618781
726019145465225218
726018782255288320
4918030347
726018722666831873
1164014035
726018689670205440
726017238042595328
2938936696
709986103898591233
1148026994
726018156620353536
726018541003112449
726018640982773761
719318026613563392
726017666994032640
708162225198858241
721754130079944704
726018153835286528
717289373587398656
726017980778315777
726017818643320832
726017162943549440
726017176872849408
726016923322966016
726017423716003841
726011952095436801
726016276410290177
726017083608317952
726016370056507393
726016815713910784
719415360232022016
726016239806611457
726016453242150912
2302973184
726014467176316929
718459988256165888
726011374380437504
725930677053452288
726016000848740352
726015283794726913
726014002128642049
726015883097858048
4290063327
726014276457095168
726014894605225984
726015353239822337
726014677470351360
726014482040913920
726013981790486528
726012879586091009
726013423813820416
726013723035484160
726013646560714752
726012729572638720
726012613759492097
725555266972954624
726013353689276416
726011682653364224
726013959598411776
726013521549512708
726013690701594624
726013286383243264
3222979836
726012026997329920
726012981067304960
726009701595549697
3163770345
726011487823781889
726012112112373760
726011708368637952
702478578399780864
726010252500443136
726011082100330497
726011980557987840
725809472053084160
4787821162
726011178686799872
726010633716649984
726009033900040192
726008640637915136
725639648341544960
726010688477519872
726010791422529536
726009647904219136
726009623510130688
946757545
721368651392270336
726009863155912704
726008939268214785
726009930088628224
726009670150803456
726009654237630464
726009336728788992
725976393570521088
724265902087254016
726008478893006848
726006628328296448
726008577018724356
726007966265126912
726008848084008960
726007956081356800
726008102932353024
726007266357481472
726008147056402432
726007787743023104
708533677995782145
726007819363860480
726006823967444992
726007383563079680
726006392180596736
496211136
726003340543426560
726007077160816641
726007464928403456
725989731763363841
726004586423701505
726006782330585088
3084675826
726007152133988352
726006603930062848
726001199519027204
726006631272685570
723251677143379969
726004394232262657
726003791313666048
726005828910768128
726006121320820736
715745388964216837
726004533479018497
726004185527930881
726004642744832000
726003856354725889
726004369351692289
726004178737348608
726004231606525953
726004453720088577
726004250749329408
726003835530039296
713087048446509056
726003212969480192
725285449623810048
726003018982932480
815042592
4572022815
4020603699
726002738748882945
2905060291
726002176875700224
726002446863077376
726002524499664896
726000695946579968
725999716828352512
726001648586346496
726001913305636869
726001018274717696
725998019016032257
726001571851591680
726000517252526080
726000148233465856
726000255922216961
726000677776936965
726000183562113024
725999758444212224
722788923991334912
726000210510491648
725999410535108608
725999521218568193
725982271958818816
725998727979237376
725999217311911936
725995809150504960
725994119500337154
725985831316557824
725997960710987776
725997807786663936
725996726620934146
725997362724900864
725997513434607616
725997453414125568
725996470080552960
4870157290
725995884601839617
725996051006644225
725995304839970816
1440623466
724707381461061632
725993758546903040
725994355228590080
725994117092794368
725993551469879298
724111880499937280
725970257744121856
725993424994881536
725992526663041024
725992410904403968
725992217979031552
725991040390455296
725991766512525317
725991026712805376
725974976789106688
3335280313
725991341566640129
420951815
725989409523388416
725990138858340352
725989944515301380
725989544307396609
725989072917946368
725989411868041216
2194405277
725987698557767680
725988116922814464
725987673270263808
725987889214021632
3251328983
725986752129847296
725986411296493568
725986372859924480
725986390475952128
725986188004302848
725986138293411840
725986034278916096
725985248094347264
725984678423986176
725985297629102080
725985600558501888
725985011393040384
725985703293804544
725985179903365120
3325268973
725984386680803329
725983558943268866
4592334389
725984814533361664
1892670139
725983372389060608
725983379779375104
725981765249191936
725982647768457216
725981643673092096
725983007757197312
725970454947713025
725982756216410112
725980265831616514
725975488808816640
725982414120562689
716004494027448320
725980755889917952
725980707470888962
725981349614592000
725981465314467840
724941736917753856
243371748
416419412
725981261601366016
725980873359777792
725978994324213760
725980491120283648
725978080272109568
725588595831087104
3905059641
725980516869087233
725980289055465472
3226190867
725980137121026048
725979707343298562
725978120709410816
725979465357135872
725979954991738880
725979508470325248
725979074364084224
725978796541751296
725976714644475904
725978636680060928
725978577951412224
725949214610460672
725975567263227904
725978766158258176
725978327278862336
725978054246457344
725977127397560320
725977329374212096
725975058401861632
725977795499835393
725977148192862208
725977013002076160
725975361381646337
725976432283897856
725976767547236352
725976026011041792
725813759156051968
725976427464691712
725976055937380352
725944951226261506
725974541973991425
725975750709530624
3395732777
725975019654893571
725919798740144128
725973943547473920
725974619694481408
725975263004205057
725966020058439680
721403935538470912
725974676602806272
725974325388517376
725974570906341376
725973152354979841
725974287421739008
725972883227463681
725972013605638148
725973450083459072
722019266862718976
725972366912831488
725972680986497024
725972126814052352
850034730
3201171280
725971862644228097
725971617503924224
720880995176620033
725971413190979584
725971721476513792
725971306605350912
4634093357
725971289240920064
725970773979107328
725970600523603968
4885396366
2874702855
725970085098209280
725969517113970688
3382788237
725969462982250496
725969180651053056
725609640923389952
725968356742930432
725962429188980736
725968495402455040
725967101568143360
725968670879551488
725968944415268864
718164266788982784
725968233505931264
725965618030252033
725967324075941888
725967335060848640
725967047948132352
725965615148707840
725967112796254208
286580420
725965910083821568
817285844
725966600692744192
725966109145485312
725965953268375553
4923290560
725961861691244544
725964807397060608
725813241306341378
725964239270195200
725964283222347777
725964305116631040
725964394153299968
725963677694832640
3308117058
725744411267702784
723573852538855426
725962503218450433
725963203138719744
725960170388357120
725962130021740544
725962195599785984
725962311219945472
725962234090950656
725962608818401280
725961424665714688
725962437631995905
725960269910822912
725960077522423808
725960683792130048
725960512672911360
725960834824830977
725960273694220288
725960856673112064
725959615821668353
725959868067119104
725958799467548673
725959038660308992
725958383694548992
725958479903526912
725957548868694016
725958378938232833
725958687789961216
725958474958557184
725958587789524992
725958204690067459
720281569362067456
725958039988113408
725957818843467781
725953968296198144
725956088021934080
725949400967606273
725955700451500033
725954227349151744
725954569679736832
725954402335379456
722930564928565252
725953960347996161
725954338296733700
725954342663032832
725954083954159616
725953944829104129
708871362769764353
725953878563262465
725953357630738432
481531888
725952031068835840
725952265140367360
725948170065203201
725951669830225920
725951630332456961
725951233828093953
725951203213905920
725950313677484032
725949470056140802
4243099817
725950007770128384
725949505812594689
725948534520832002
725948074665762816
2893282145
2405923539
725948672580587522
725948173164797952
463530216
710054311221452800
725946965125550080
725947635018801152
718557637667921920
725946343043174402
725944997116153857
725947176757547009
725947040522346497
725947162421395456
725946766994993153
725946852130967552
4626671716
725946072606994432
725946138176589824
725944252656574465
725943513834115072
725943995709280256
725941774439444480
725941747499425793
725941461431132165
725940423357689856
725939793792618496
725940544883425280
725937266439266305
4199804440
725939943936122881
725938481638203393
725939787220176896
725939316493438977
2548166978
725939338630963200
725938689193312256
725938676866256896
725938373395783684
3201172750
444298839
725937997397397505
725938051789148160
725937887993155584
725937468533436416
725937343085957120
725936004377415680
725937049920933892
725935096197324805
725936815861944321
725936510558556160
725935625581400069
725936865111478272
725935613283688452
725935000147791874
725934271538466820
725933810160820224
725934660325236736
725933241799049216
725933374846574593
725933361571586048
725933675724955648
725933017483464704
725932968657584132
725933023032565760
725900934514003968
725933058814152704
725932019188781060
725930960710037509
725931024740286465
725931075420065794
2392938588
724948612413853696
725929991821660160
4356398592
725929972326486017
725929863161339904
725929132219994113
752892282
725927058493202432
725926619643146240
725237933142319105
725924934178861057
725925182246801408
725924031019409408
725924148699009024
3005628437
725924301774295043
725924899601047552
725924446049984514
725924239895724032
725924600362602501
3311888438
725923238702772224
725923409318674433
725924035180142592
725923971418361856
725923048587579392
725923507725430784
725923083656134656
725920778940620801
725921192381550592
725920095617224704
725631704682102784
725919289132257281
725919785620373505
725919209008439303
725918514230398976
725918169542447104
725917472306556928
3040627685
725917481794080768
720225457568931841
725917378391887874
720018883655114752
725916352007966721
725913751564619777
725915666281156609
725915702767407104
725915447787278337
725915493748469761
725914849222348800
725914382811557889
725913670694260736
464930524
725913390078562305
725804742434234368
725912327627792385
725911149670092801
725910526497169408
725910526622978049
725839534269841409
725910186402009088
725909910437826562
725909682536108033
725909008817639426
725907654262976512
725908809504313345
725906825439141888
725906717037334529
725904548766732288
725906028219387905
725904010180317184
721638800074612736
725901255575371776
725900521765105664
725900802372423680
243249082
725898011407052803
725884971714535425
725898342438334465
725898377553018881
3420842884
725896698648653824
725897504550580225
725896718479302656
725895890343448576
725897079302721536
725895695085903873
725895785770938368
725893971197612033
725894563278163969
3375302404
725894709810360320
724866071153500161
725884730810441729
4925283159
725892235330383874
725893297902751744
725890764019011585
725878259825664002
725890378633760768
725890363945267200
725888753517121536
725854422937559040
725885864874770432
725888441951596544
725887245408980992
725886143598858240
725774252037824512
725884751836499968
725883507030036480
725884596085207040
4273996168
725883050815557632
725881315392917504
725880798059094018
725881598420377600
725794481426042880
725880104195346432
725879258590121984
725878133853982721
725878878330298368
717787739123482624
725878502864633859
725876963211132928
725877061940842496
725877883483377664
725877553269989376
2947484157
725877297333542913
3041003233
725876033870794752
717420313156456449
725875266367676416
725875012637474817
801378998
3370281029
725874474885746688
725873777297510400
3216878990
725869613406388225
725873268427739136
725871499127738368
725871532166250496
2799253661
725483305001439233
725872115560374272
725822305977376768
703268184703504384
725870642499862529
725870882489536512
725870129758785537
725870554243325952
4236653182
725868932331085825
725868135711137792
1250068687
725867592800415744
117131358
725866494136057856
725863827565326336
2795777475
3816643575
725865149509308416
725864775540969472
725864242948235265
725863037467504640
725862320849707008
725860732458381312
725860338105733120
725860971391115267
725860799101689856
725859363919941632
725860686706950145
725860183444979712
725853912708841472
725859990553157632
725860059167776768
725817143489601537
725859638395195392
725858884003352576
725858413511593984
725859113633198080
725858255386320898
725858261455507456
725857705802498048
725857680867352576
85911047
725857960816181249
725857058512363520
725857153467166720
725854003599446018
720591287653703680
725856289293787136
4078382206
725854715792232448
725854721647501312
725854683500261378
725854793445445632
725855201421320193
725854637761384448
725853415323095040
725853863182475264
725853957386604544
725853450035159042
725853832312422401
1449745675
725853462920105989
725853097038348288
324968592
725852064400683008
725851987154227202
725852241928802304
724574236950552577
725851153112649728
725851518918885377
4871347565
725850717760659456
725848691282706432
725849520760827904
725850238163009538
725848922917326848
725849737983852544
725848893355921408
725849846314311680
725849114735419392
1513227362
725847770909790209
725846170170437632
725847253857001472
725847288015376385
725847131492343809
708751662677168128
725846802403082241
725846382351933440
725843810639601665
725844846821433344
715330683661656066
725845811666538496
725845775905857536
725845059816558592
725845274938200064
3019961884
2458588381
717457050662539266
725845339333251072
725845059694895105
725841672014290944
337346326
725843447974903808
725844290476359681
725844376853819395
725843850787479552
725840508996751360
725843523174600705
725843765248835585
2837248032
725841639470673920
725756353474646016
725841927288004611
725843156349145088
725843023939121152
725841535938510848
725841728087986176
725841164117655552
725842373478092800
725842020720361474
725841997915914240
725090307507888128
725840963252408324
514521098
725841007313620993
725841100406177792
725841459157544960
725840716816064513
725841043648819200
725840800240775171
725841144337293312
725841064259629056
725840761242161153
725764831626838016
725840885389361152
725840826065145856
725841029409193984
725839673130672128
725840368051216384
725840510598918144
725838379959631872
725839285719601152
725839845235515392
725840296664305664
725839608504836096
725839789770022912
725838005047545856
725839564707905536
725839404745543680
725838515192401920
725820277129646081
725838792041594880
725839331454279680
725730317504528385
725836790662307840
725839089669398528
705362822671286272
725838510175993856
725838903488438272
725838142767534080
725838580485132288
725838852087255040
725838394287382528
725829785511989248
725837857038958592
725836968848986112
725837882523574272
725837335217201152
725837248239906816
725836655727353856
2748203068
725837390904987650
725836209814167554
725837102622085120
725836352160468993
725836766314377216
725837021063815168
725836784400257024
724739968854331392
725836753165271040
725836372620238848
725835236890808320
725836207607975936
725834331399315457
725831304172937217
725824669954269184
725831546897350656
725835238593683456
725834112041365504
725836082676400128
723268624354553856
725834842231939073
725834788150595585
725834243918684160
724770403307118593
725833979224592384
725834045192548352
725830559923081216
725833551434928128
725832745327419392
725834032697757696
725832843297984512
725833972907970561
725834102738407424
725833612222955521
725833200304574464
3306899266
725832176378499074
725748564564054016
725830876714655748
718837182929235968
725641291002974208
1658299975
725832524165988352
725829993062916097
725822015979020288
725831267258916864
725831255116402688
725831287127302144
725830838559055873
725829642603663370
714174838991163392
725828697480122368
725829613671309312
725829957390323713
725829009054027776
725828618996293632
725829166441062400
725828203382726657
2656573660
725828992742359040
725828392411643904
725824966470541312
725475239635881984
725828273423421440
725827743250825216
725819488332029952
725827793309827072
725828454663503872
725825583079366656
725827637545938944
725827254102708224
725827468213510144
725827584194437124
725826384392761348
725826338595180549
725827340899614720
725827231466045441
725826720989876224
725826281875623936
725825604269019136
725826279233183745
725826693710094336
725825716546330624
725826847540432896
725824718906003456
725826535467442176
725826042921934848
725826726840950785
725824685334781956
725824853627035648
725825809185918980
725825492474060800
725825664549539840
3208161838
725825183655841792
725825197798993920
725825040726421504
725824712849395713
725823114702102529
725824758978347008
725824042922598400
725820605539438592
725824571358765056
725824358954979328
725824473618890752
725823975436242944
725822576115736577
725822259194159104
725823373629087744
725822975614849024
725822180076994565
725822651760021506
725822312847695872
725822988709416960
725821533390802948
725822736178810881
725822700145487872
725822582533017600
725821635979259905
725801098452295680
725822318870683648
725821339278446593
725821680040464384
725822057288716288
709141729388191744
725821393443672064
725819027579363328
725819554283311105
725821117148061698
725820304434548736
725820706332807168
725820045499219969
725819578106925058
725820260989984768
725819841576374272
725818693733748737
725819495558815745
724596893209235456
725819489183490048
725818589354283009
3350346033
725444694302412800
725817067652415489
725818809337139200
3426211641
725818764709793799
725818618831880194
725818464070426624
725818532970246144
725817455587790848
716215097778167808
160561423
725818315562733568
725817215451320320
725817653990940672
725817471538761728
725817711033503744
725817472486653952
725817423186792449
43567784
725816980515774464
725817222250283008
725817002351316992
725817302478901249
725817044957061121
725815459065552896
725816316700057600
725816007433048064
725816671680749568
725813592906436608
725816243140333568
725815425330778112
725815347446714368
725816271187632128
725815835969871873
725814702601809924
725815799513006080
725815384281067520
725815477054935040
725814686478925825
725815894618812416
725815230677303296
725814141659807745
725815912331358208
725815291222052864
725814428021719040
725815095226433537
725814336220962816
71523150
725814230713274368
725814904893116420
725815032706129920
725814105064505344
725814732175859712
711391032055865344
725814267321159681
316064654
725813710913191936
725814427187052546
725813963582263296
725813870288343041
725813602607837184
725813897639411716
725812662454632450
725813757428023296
725811765880184832
725812909834690564
725111842243223552
725812853014421504
568445336
725812935092764672
725812561325727746
725811772435894272
725811752903020544
725812522675216384
725812082189414400
725811008212733952
725811293807071233
725365833158017024
725811570777968640
725811231190335492
725441151407390720
725809918834577408
725810897726398465
725807653843251200
725811422568013825
725810070144057344
725808544298192896
725809694401515522
162500925
725804997506662400
725809731076542464
725810272598941696
724908673915600896
725808404665647104
725810031854247938
725809677032894466
725809525706657793
725809436443467776
725809490990403585
725742026105434112
725809478415847424
725808620546473984
725807831560101888
4041169768
725809168737812480
725808676607524865
725808657565405185
725809144435998721
725805878943830016
725809001913573377
2561648100
725808541089599489
725806077984542721
725807955497615360
725808334230708224
725808642000343040
725807147003600897
725807207133118465
725806735718506496
725807391636348929
725808194866561025
725799172692164608
725807898987757568
725807815441416192
3666422055
725807835565711360
725806284298182658
725807381041549313
725805654099804160
725806601014226944
724993790851817473
725806440124960771
725807110416662528
725807070394601473
725807145330049024
725806858104115200
725807007568113664
725804480504147969
725806679539986433
725806942023720960
725806563580071937
712242387721068544
725805044772290560
725806464087003136
725805998452137985
725806174382247937
725805992634621952
718439591171268609
725805648106119168
3323209701
725804078127800322
725805658830987264
725805134698143746
725805347701678080
4453633528
725804658833371137
725804798545657856
725804318134251521
725804333833555973
725804472891527169
725804087313309696
725785793596366848
725800374792261633
725804605410533376
725802286585356293
725803480766631936
725803348931297281
725802509021908992
725803044764528640
2998771837
725802577049296897
725803359630938113
725802905001926656
725803008924200961
725802885339070466
725801957038903297
725803115874799617
725801700418838529
725802018124779521
725802595210649604
725800399802880001
725802182604414976
725795408488882181
725801821923463168
725801702054608898
725801833818628096
725801558483587072
725801835093721089
725801439881207809
326719880
725801605883371520
725798458465079296
725801145684361220
722732690198380545
725800136106991620
725800813986254848
725800175151755268
722311289637363712
725800513174966272
725800602266177536
725783365497044993
725800584276746240
3880308377
725800439229329408
3245270850
1116820406
725799314115710976
725799631993618432
713813450795954176
725797313747279872
725799373658030080
725799014415917056
725798953309097984
725795694297096196
4778741848
725798829954600961
725798356937805828
725776655134908416
725798255737618432
725798358749696001
243336791
725795434724249600
725798417088282625
725795835410305024
725793240880918529
725797908084363265
725757993447477248
725796924511649792
725797288971493376
725796736543936513
725796489742700545
725796772245868546
725796157998374912
725795857187115012
725795893300084736
725795697631629312
725795219418025984
725793996631605248
707694815933276160
725794360227418118
725794707813576704
725793705135857664
725794726499258368
725794520496001024
725794651622526976
725793097163116544
725794224927596544
707579343531339777
725794034871066624
724462398590033920
725793090703876096
725793272657010688
725792743956578304
725792523319390208
725791455911006209
725784801148567552
725721984915623938
725793283516063745
725792283858182144
725792603413864448
725792236944896000
725790405611118592
725791449766305792
725791365293084674
725791044202336257
725791168747986944
725791319059238912
725790948832235522
725791131259252736
725778586913923072
3632828655
725790074584051712
725790985956036609
725785284298809345
725774087809851393
725788090598580224
725789365742481408
725790980088143875
725790450607624194
725788598440738816
725777349338255361
725787655741530112
725790325277609985
725790225281220608
725788675901128704
725789743695446016
725789520390721537
725789638674231296
725789559523561477
725789752792862722
725788614752395264
4867959987
725787450535251968
725780065603211264
725788705508757505
725788006242770944
725788442781732866
3535420755
725788577221713921
725788465510662144
725788643751788545
725788126799630336
708364845435981824
725786586902855681
725787867180601344
1943345540
3296246504
721309346378956800
715931272594505728
725786800548139009
711646174407737344
725787010674360321
725786873810014208
725786786883051520
725786256211349504
725786455080112129
725785156641021952
725786228625383425
725785883446759424
725786318760988673
725786422649733120
725786281280679936
725785006942085120
725786116608118784
725786167518597121
725785477320728579
725785554797875201
725785702655512578
725783630178598913
725785269631389696
725784363141615617
725785199401918464
725785129977810944
725785390624464896
725771669625798656
725784935039131648
725784994669551617
725780817830645760
725784907432235008
725784513117327360
725784366757085184
725784309576130560
3548847017
725784376664051713
725784011247853571
725783126610419712
725784256987959297
725782100478185472
725783861129547776
725784014896943104
725777796132392960
725783763196731392
725783459885625344
725783250094927873
725782907340644358
725782419106836481
725782397510406144
725781417116991488
725782130178035716
725782229763416064
725780826848370688
720986630094503936
725781958706475009
725768527932698624
725781851873382400
725781257565671424
725778434333507584
725780901846736898
725781528102494208
725781411786067968
185699502
725780846406422528
725780952794976256
725779995260497921
725779865165811712
725777964160434176
724329931916890112
725779877509607425
725779685238562816
725779728221769729
725778927910850560
724008336274890752
725779776514998272
4862448949
725778029184729088
725778694954991616
725779054075498496
725778092950695937
725778404637822976
725777802834907144
725778415635300353
725777449619955712
725778129428557824
725777577747595266
725773385142292480
2157069032
725777533514469378
725777460399341568
725777898800570368
725777165124513796
725778135170580480
725776511941402625
725777806890795009
725768822557429760
725777020194578432
4879145386
725777367763959814
725776317795438592
725777353176141824
725776971263807488
725777251082588161
725776574168092672
716253531594993664
725775647902208001
723989136995160064
725776906390482945
725775908909518850
725775764923252736
725770124238704640
2758013265
725776314100273154
725766929324118017
725775645763076096
725775322575167489
725775738759188480
725775554780254209
725774483173285889
725774863756046336
725774289614557184
725773772817596416
718859756446814208
725774080369111040
725756143482580992
725772777530216448
725772675537330177
725038771813662722
725773804652339201
725771392684294144
725771854628179968
725774018666762245
725773580068335620
725773191340298241
725770917809369088
725770779275743232
725770573326999552
725771725594583040
725772067400994820
725772300059049984
725772217301274625
725772643350253569
725772111210500096
725771418600890368
725772147302473732
725772648106590209
725771379719737345
725772131745861632
725772105472729090
725771478457790467
706134936286326784
725770826918813697
725770250675994628
725772331793158144
725771914900307969
725770456872132609
725771525459161088
725771634464948224
725769993883934720
725771241265717249
725770164097142786
725770823395581952
725769594598727681
725770938940297221
725771187054325760
725771220306776065
725765103426146305
725770905952083968
725770904815411201
725770023000793088
725770375737516032
725769473312088064
725769696855900160
714214198927101952
725768573067624448
724510065588338688
725764411412074497
725769079945043968
725769246849007616
725768182221426688
725767726736756736
725768827338891264
725767773809446912
725768149153550336
725767652774436864
725767346078490624
725768093016985601
725767559568613380
725765250134466560
725768020157693957
725767300503187456
725766091650269184
725767381608484864
725426165008207873
725761424451092480
725766839159164928
725764941794402304
725763828676435968
725765024694829057
725766807882194948
725766898256859137
725766580412489729
725766353236402176
725766607855849472
725766134725746689
725766618656215040
725765435036196864
725766095169310720
723973780150837250
725766225138212865
725766278141583360
725764840304816128
725766273519472641
725766001896374272
725765374332030978
725765252126748672
725765641605632001
725764787125248000
725765526836895744
725765401527898113
725765129950887937
725764064304062468
724487351842553856
725764323247841280
725763866064478208
725762585136627712
725763481014784000
725762405448466433
725763356385222657
725759764584615936
725395631137808385
725762952167612416
725763096028012545
725761302967291904
725634620339970049
725762807866740736
4315756032
725761236827295744
725761726084452352
725762139596664832
725761069478727684
725703072857612289
725761895408492544
725761383464374272
725760522864451584
725760603793571841
725759124047319041
725761403668279296
725760183033577474
4652884104
725761048465313794
725759004102791168
725760335894958081
725750629843505152
725759892150206464
725759924689575937
725759904569516033
725759493410316288
725759670401388544
725759082779521027
725755594355949568
725758462152593408
2783882202
725756811589091329
725758602045218816
725757220114288640
706570621090701312
725758978920202245
725758617916428289
725757903328710657
725758326080966656
725758726955765760
725758409639890944
725758562727792640
725757462989643777
725757063008235520
725757539741224965
725757490986622976
2800132687
725757912342233092
1354651376
725757737607532544
725757189168705537
725757619504291840
725757273331654656
725756668085190656
722829722208456704
725757544992542720
725757339450654720
725756800428027905
725756845118357504
725756299040985088
725756960507858946
725756688092041217
725757346757120001
725756928639537156
725757145661235200
725756382335635456
725755665034129409
725755988574359553
725756230782869506
725754833806983169
725756084451966977
3311352145
725752894188822533
725754909644214272
725754993211506688
725754971304636416
725755241128448000
725755304072368129
725754468151775233
725344718113148928
616561871
725754385582686210
725754838420692992
725754457582100480
725753301736820736
725753804872945664
725751981030121472
725753402668490754
725752723350687745
725753945570852865
725749554612736000
725753069322002432
725749295794798593
725751272033378304
725752740694097923
725752693642395649
725753182559834114
725751748237873152
725752848823259136
725751436127145984
725752204456501248
725752534388903937
725751782824116225
725740145119510530
725751628897341442
725745241555406848
725752229593006083
725751620743643137
725747928581718016
725752050559115266
725749457019609088
725751366220693504
2859666741
719952603187175424
725751624166178816
725751349909032960
3404523461
725750752854073344
721268681481830400
725751226298675201
725750653373534209
725086287779250178
725750543629598720
725750626089586688
725750116783673344
725744409745195009
725749886449291264
701796368013271040
725747927021412352
725737928194924545
725749368654036992
725749711341244416
725749805520134145
725749481858289665
725749241235267584
725747498090909696
725748876498620416
724590312102961154
725747138181877761
725747694673743872
725748821565804544
2655548568
157426588
725747445565644806
725257832497582080
725748586915479552
725746905922326530
725747515786706945
725746887920328705
725747547168448513
725734803631427584
725746549129633793
725740958562787328
725746366920675328
4236117560
725745321263927296
725746171860365313
725745439002218496
725744517895299073
725741800795856896
725745339404308480
725744851212484614
725745333217669122
725744876848046081
725744524321021954
725744694446149632
725744304443023360
18317560
725744106161508352
709809062444146688
725743096428937216
725743421130985473
725744283316326400
725742903448993792
725743383084408836
725743930562777089
725740998865858560
725743209071140864
725743445281755136
725741362163884037
725742485868306433
725737498803093510
725742496442142720
15708174
725741494355808257
725741549481517057
725741825735200768
725735299570081792
725741466878918659
725740095937085444
725740663149580289
719631582781382657
725740809958641668
725741167195918337
725740670900682752
725740242200875009
248768224
725740187062550528
725740569964756993
725735332168273920
725693274317578241
725738718439608320
725739720370716673
725738982458445824
725737241516118016
725738328792924164
725739437028728834
725738933573816322
725738537405038592
2910261584
725738875289739265
725736155300401153
725738222278594562
725692402254680064
725737742366347264
725737817888935937
725737837946101761
725737742437634048
725737507783057408
725737933014220801
725737161513902080
725737441454338048
725736401246015488
725733483927228417
354379648
725736615776260096
725736848975384577
725735524087021568
725736517042327553
725736589855494149
710463990711906304
725736849289953284
725736762706907136
725736189081296900
725731072487608320
725736396942626817
725735650813681664
725733031474921472
725734933654851584
725735298810953729
725735626360938498
725735561395355649
725734306346360832
725734891304964096
725735363029901313
725735437147488260
725732675995222016
725734428262195200
725734959923781634
725734080982204418
725733876254015488
725734956614467585
725734468699443201
725734705417564161
725734769867264000
725733592240934912
725734934124568580
725728807261474817
725734332942434305
725734212419072000
725732803065856001
725733063452463105
725733968549654528
725724012291231745
725733009484296192
725733713972236288
725732252139704321
725731173192896512
725732402786652163
725732959035215872
725729643748286465
725731758491185152
706096354909691904
725732305164222465
725730113019613184
725728356776464385
725730849321263105
725731405091725312
725731873457102848
725730494319570944
725731166410661888
725729395235762176
725730060846641152
725730473264177153
725729752636600324
725729518137294849
725729647468617729
725728371766906880
725728302443429888
725728857572163584
725728823942221824
725728897787158529
725728980989521920
725728994168070144
4381085837
725728723618660352
725728505758146561
725713320595050496
725728381833220098
725728064102092800
725727653806874624
725727813060427777
725626051469168645
725725046015152131
725727340010070016
725725548337631232
725726290410651649
725726115898249220
725723703531679745
725725873438121984
725724460762972160
2873902083
725725783151546369
725725430083411968
725724960623308800
725724146341126144
725724970932953088
725723602226692096
725724334342438912
725648575917658112
725724476831350784
725724114716114944
725724217426231296
725723415362048000
725724159016312833
725724648458076164
725722760803143680
725723695835127808
725724390319607809
725723579359354882
725723875422654465
249246065
725723227008458752
724273111353442304
725722588727656448
725722774321401856
725722505143537664
725718071097352192
725721958038536192
722177675633238017
724157299921719296
725720743716245505
725720785114009601
725721370194284544
725721212664578049
725714948035371009
725721201365147652
725721319061467136
725719490630131713
720046535145308160
725720849676947456
725056027759095808
725720482243317760
725720521023873024
725719265849004033
725720167238516736
725719798433370112
725718631439585281
725719238116315136
725719880843022337
725719447617572866
725719306919632896
725719274497650690
725719125083983873
719261802631143426
725718844216594432
725718091997523968
725718174486900736
725716712935530497
725717652505808897
725691471215616000
4513845029
725717214482042880
725717149898166273
708437149461450754
725710981297541120
3007718350
725659139913973760
725715199928487936
725715256794861570
725713173706342402
725716472090234880
725716718144860160
725716540394446848
716758030403182593
725716104375590912
725715790704562178
725715624530481152
725716631205326848
725715699172265984
725715806672314369
725715746681139200
725715066721558528
725715191053299712
725715175245008901
725714939525120001
725714934500347904
725715209130758144
725714967199113216
725715041660579841
725714141583970305
725714123934289920
725427641558388736
725713861781938176
725713563076157440
725713710711472130
725713501403140096
725712785473150976
725712684046516225
725712593290153984
725712759577534465
725712165093695489
725711554595950592
725711876756246529
725712136526254080
725711226660093953
722104304014880768
725711550082899968
725711766290874368
715619135598764034
725711633226600448
725711766555103232
725711584065130496
725710603814330369
725711487059279872
724660883637567488
725710535455563776
725710807661744128
723476178502336513
725710425317347329
725708205863657479
725709532790423556
725705556204376065
725705473090052097
725710525125038080
725709377420800002
725710467629486080
725707809254428673
725709661513629696
725709840958509056
718510571809869824
725708763764805632
725708561209253888
725708348390313984
725709091524452357
725708590988845056
725708870358851585
725709203579478017
724233155671166976
725706496592457728
725707858256474113
2747253106
725708432402186242
725708403000152064
725707232420204544
725703685624463360
725707935360421888
725707316629217282
725705820160299008
725706674032525312
725706682811207683
725706294942945281
725706769675210752
725663957709672448
725706759252377600
725705224929837056
725706679585746944
725705009665560576
725705765609181184
725705293762551808
725704538263539712
725705460599377920
2617239685
725705191283105792
725705089281888256
725705063793086464
723242550799245317
725702542152335360
725703985055842306
725703571547758593
725704128673009665
4805125889
725695913105211394
725703871260139520
725703532339433472
725704019675635716
725701717543780352
725702254746079232
725702133195112448
725701711424282626
725690300186923008
725702303718739968
725698317880053760
725701648987873280
725701444364570624
725701481878401024
725693014392320000
725700608217468928
725695905798733824
725701871856439296
725603137944477696
4839324653
725695841168691200
725700601514958848
725700828774977536
704588430169280513
725700102883565568
725697550104317953
725699606873530369
725694807138533376
725698426013360128
725699504280842240
631024470
725690573886263297
725698544745766912
725698508884418561
725698440320180225
725697894683172864
4205184149
725697987926736896
722698029279682560
725697028555169793
725697799631855616
4853178430
725425679051968512
725686001859960832
725694859290484737
725696582985912320
725696264776605697
725694758975320064
725695186194587649
725695489342115842
725695447571021824
725694673206022145
725694153837928448
725694104894595074
725694749844365312
725693196924280833
712005258571075584
725694461066489856
725693953052385285
725692686922035200
725693740308914176
725554774884671488
725692982339469312
725693457692545024
725692862600470528
725693441812889601
720954003983593472
725693305623826433
725692774545264640
705046752517349376
725690670837567488
723555911638376448
725688130326650880
725691668926730242
720617542755229696
725691083158618112
725691844726759424
725691763474763776
725692236818698240
725691673704058883
724698309403787264
725691836182966272
725692214651813889
725689773151514624
725690482660089856
724694570466983936
724348068687126528
725689926994518016
725412375403307010
716801939623833600
725690396085460992
725689922011697152
725691027110113280
725690697110700032
725683356009115650
725689417147490304
725688682590687233
725688925721903105
725689237983645696
725689160653258753
725689010803343360
725688772684292097
725688623966879744
725688495440822272
725687309472026626
725688091860672512
725688302465081345
725688152766205953
725686467545157632
725687602314096640
725686760068530176
725686881116102657
725686593877643265
725686803496353792
725686231355514880
725684745875632129
725686120718209025
725685544009760768
725685411209744385
725684499112140800
725683287029616640
1049756756
725682822711787521
725666211854471168
725685113544138752
725685071408205826
725684687448973312
725684826486005761
725677003605692416
724019221424906240
725683905127407616
725663405269463040
725683016593461248
725684038606962688
725683648691888128
725682801090170880
725683926912618496
725682879905275904
725683475152535552
725683651858567168
725683870142750720
725682387636621312
725683451165290498
725683117806260224
725682782698086400
725681805563695104
725682098275782656
607037877
725681710894047234
725682416828948480
725682262034006017
725661744048295936
725681895820935173
725681794801086465
725681973419728897
725681464860401665
725681368185851904
725681323558445058
725681176900435968
725680984566452225
1875267577
725680560396455937
725681223792758785
725678884839149568
725680858527588354
713144933746663425
4289300598
725680308029366272
725679403297046528
725679513359802369
725680128500617216
725679442102747137
725678943056084994
401420744
725678201410871296
725232973235273728
725678686633091072
725678229336522752
725678232767479808
725677702401941504
725676753319038977
725677263338004482
725674455226265601
725675675177369600
725677090557812737
725677030931595264
725676256742760448
725613153090953216
1916976931
725465304575426561
725675548253511680
725676170537275392
722143160877584384
725675380129042433
725675380074516481
725673559998259200
725675871961550848
725675740595904512
725323768843882497
725675716277354498
725674399047815168
712912137413337088
725675212935684096
725675251347103745
725674564097814528
725674480329183234
712135683423539200
725321058161680384
725672904164257792
725674339102785541
724220137113563136
725673931932323840
725672896299950080
725673912730812416
725666225511120896
725673195177652224
725671360056406018
725672853358698496
725672358653079553
725672631584886784
725672733196034049
4902781737
725672857913679872
725671903105527808
725672605445939201
725672353141772289
725671805558607872
725669068737486849
725669838409089024
725671884835164160
725671704660430848
4820970586
4824440687
725670434046365696
725671102500982785
725669697807601664
725670652007604224
725670124594798592
725076604930674690
725670287665192961
725670052536668161
725668743607623681
725669974455521280
725669517301571584
725669894428200960
725669484153942016
725668046606618624
725669779864952832
725668857810182145
725669073107976192
725668617593982976
1921211000
725669511437885441
725667787994177537
725668218505932801
725665912251113472
725668117079330816
725667666371948544
725667937709862913
725667688639553536
725667786077421568
725667417389670400
725667058239848448
725666891629494272
725666294104768514
725665830059577344
725666792522264577
725666648116609025
725665534189146112
725666448715186176
725665073784623104
725662878200639488
725665896748974085
725665310074916864
725664864480448512
725665563603832834
725665856328458240
714136084167462912
3308712785
725664262908203008
725662584712605696
725664539287625728
725664962908196865
725661614503022593
712571767919943680
725664868695678976
725664269002543104
725664374946430976
725663244820582400
725663263552331776
725662931136974848
721006844924272640
725664340725080064
725663300327976960
725627170228457472
725662993556582400
725659724792905728
725663384528674816
725662835230040064
725663208820903936
725663186507149312
725662539896475648
725660415070457856
725661752843730945
271894364
722939691591405569
725661893906538497
725480573154762752
725661953499254784
725661101292134400
725661378648899584
725660491218038784
725660952943845377
725661643582087168
725659673945366528
725661191264149504
725660283872628738
725660675071197184
725660428228005888
725661142899630080
725629549090869248
725658805485314048
725660302981926913
725660100447326209
725660120173137920
725654417542897664
725659891143155712
725654866991943680
725502834679099393
725658362373890048
725659342893142017
725658756185481216
725659368650321920
725658419206696960
725659199812833280
725657831446351872
725657417397231616
724214644949299200
725657574838784000
725658290198290432
725657949302042624
725657922529812480
725657447747215361
725635909044047872
725657550557949954
725657402952044544
725656754374201344
725656540133359616
285048274
725657331967639553
725656594776727552
725656804798140416
725656609607811072
725655901680635904
725655953144709121
725656235182280704
725655996333477888
725655606745554944
725655939135770624
1499137430
723791643263012864
725655628627193856
725655324573728768
994109053
725654889301417985
3985148957
725654184083755009
725654385620082689
725653786434363392
725652398946013184
725653732495646721
725653320023547904
725654150701273088
725652617632878593
725653399543361536
725647943781502976
725653235948769280
725653661460877312
332155924
718836877177057282
725651648543076352
719222012107956224
725025711338168322
725652518907293696
725652040043626496
725652142535663616
725651933202145280
725650696809385984
725651448684511233
725648798895190017
725651114687893504
4899680447
725651342023335936
725648488764047361
725650478248382464
725649866953732096
725651061395062784
725650224815968256
725651194971049984
1137704959
725649991675592704
725648997034151936
725649998852022272
710130936927686656
725649187350691840
725647858893000704
4743073347
725649351016611840
725649131952283648
725648071443505152
725648178905776129
725648207733084161
3318942088
725647683990511618
725647673139798016
725647321611010048
725647625526071297
725647201670717440
725647403701915648
725647022452252676
725646901152985089
724777207953022976
725645520866295808
725646869200822272
725638256734392320
725645550654230528
3603375552
725646207771619329
725645796713091072
725646039814905856
725644705514577920
725645793122721792
725645803033890817
725645353995886593
725645914711441409
725645709530243077
725643649942491136
725642013232738305
725644160963862528
725644352907784192
725644691975356421
725643854041460736
725644695607582721
725643684750962690
2767918516
294706639
725641876460716034
725642565467381761
725643303836913664
725642483363921920
725642717028560896
725642005053902848
725641984631791616
725642454922366976
721272700866584576
725641153127825408
725640647059853313
725640668777988096
725640403467292673
725641393369128961
725641419386437632
725641080167882752
725641270497054720
725640753179926530
725640666785665026
725640943731363840
725637275019780096
725639278814978050
4765127758
725639134333788160
725638856620544000
725638275654930433
725639216487632896
725639626661175298
725638935368589312
725638512503083008
725637833684299777
725638561060544512
725636134290751488
725638236119404544
725634304919896064
725639014762569728
725635780421537792
725638489946075136
725246623392079872
353641507
725637238290272256
725629252410986496
725624176363577345
725636680036790272
725637566750412801
725636242998702080
725636122932613120
725636948887482368
725637392028327937
724241600239538176
719080444344602625
718000982819532801
725637314651783168
725635136805605377
725636554807476224
725636251613814786
725636008784568320
719995417715470336
725635120804290560
725635253398810625
270595900
725635214916067328
725634267645120512
725635086314512384
725634714170757120
725633402351804416
725631958299058176
725634390034944000
725633433263837184
725632289573593088
725633441358819328
725633209350914048
709477163372847105
725633727724937216
725579292759969793
725633229512970240
725633044179238912
723233577249419264
725632496730263552
725632677903273984
725631524364804096
725632914189357056
725631645638889472
725632513524289536
725631705206407168
3042652137
725631743823323136
725632855301324800
725630727795122177
725466567031570432
725631277546782720
725630776730095616
725631609718845445
725631410598477824
2760211947
725630829683200000
725631131245252608
725630778676228096
725629707845271552
725629661967966208
725627454392537088
725625945613324288
725625551206121472
725361643262205952
725626815964917760
725628695399030785
725607157740220416
725627897587896320
725628315508326400
723874573175906304
725627250733887488
725628417681575936
725627642565824514
725627530472988672
725628284583694336
725627021703917568
725627576950132737
725626614059552768
725626535579901952
725626382634631168
725619354239389696
725626748499533824
725623871836164096
725626431523442688
725626098596335617
725626865021517824
725626566642900992
725625062343213057
725624516521648129
725447912386367489
725460324170780672
725620951694626816
725624692611096576
725624744784044032
725623935048552449
725624704795549701
725623340648566784
725623773332930560
725624304428265472
725624228171632640
725623204279144448
725623578784370688
725623428598927360
725622375438532610
725622806898167808
725622696038555648
725623145261076480
725622487959146496
725622672651128832
725621587345596416
725622355654008832
725622304454115328
725270753294180353
725622063352913920
725621388711698432
725619318499713025
719610902597799937
725621192397361153
725620448344608768
725620989720190976
725619987197628416
725619144226443264
725619655268831232
725618622144585728
725619629968756736
725619485017821184
725619368734892032
725618897878130690
725618934016270336
725618567505416192
4712393919
725618587164151808
725617654585823232
725617698084950016
725618064583221248
723264297825112064
722475505753198592
725617952737861633
725452883232194561
725617335688650752
725616902094118912
725617332568088576
725616777393278977
725616195194486784
4116001828
705726348740808704
725616245261869057
725616312832131072
725614100726861826
725616744761561089
725615403066638337
725615841866297344
725615787915022340
725614144402120705
725614768854294528
725615568649371650
725614089016320000
725615524219109376
725613671418843136
725613458822172672
725613914025824256
725614070762708992
725614823938121728
725614581427634176
725610942860550144
725614226904113152
725614566760189952
1393125835
725613607606706176
715822540904665091
725612549769695232
725612865856626688
725570301640228864
725613533451456512
4193353113
3624483437
725611595573923840
725611373846257664
725611334256177152
725609678437253120
725611278232883201
725610464143613952
725610649024368640
725610082386481152
725610710751940608
725609408307298304
725610049465405441
725610765005275136
725610216168001536
725609883245137920
725610030272225280
725609355660369920
725609268506927104
725607970034311168
725609285951078400
725609351872962560
725608331394617344
725608403930853376
725608523422404608
725607427748536320
725607740823973888
725607561161003008
725579552429318144
725607488586915840
725607661195149312
725605164493725697
725607069412372481
725606311958876160
725366051219881984
725607144930811904
725606928467021824
725606337896407040
725605693571653636
725606199593426944
725082130708094979
725605971909840896
725384411097784321
725605414885298176
725604401528868864
725604188365946880
702505425833480192
725605044637278208
722803079779917824
725604610526818304
725604861199437824
725604819495428096
709051081603616768
725603346061643776
725421763232993280
707516883533225984
725603684688736256
725603854390284288
725603966562766848
725603671950675968
725603367603544065
725603761666797568
725603104520081408
725600518383521792
725602601274871809
725603127978803200
725601130034647040
725602312534761472
725602021689184260
725602037967249408
725601553948749824
725601047318814720
725592690730086400
725600443880067072
725594799097700352
720315137668689920
725601244656615424
725600696796610560
725601206870106113
725600490143252480
19127447
725600568132165640
725600411009335296
725600146977882116
725600378167816192
725599651949383680
725597606924181504
725599376136089600
706929616884207617
725587733377339393
725598165949382656
725597066420957184
725597849954689024
725593047568883713
725597838864965633
725596807833751552
725596897184985089
725596303187652608
4859057998
725593420027322368
725595049367617536
725594509510381568
725595518932492288
725595318482550784
725592828907237376
725593153634488321
725593830549032960
725572729240440832
722211276039053312
725593564521050113
725420668519612418
725591841752670209
716299404286816257
4832186770
725592033361035264
725592692567236608
725359361506349056
722355573182840832
725591988435849216
725591255074361344
725568160552894464
3957792917
725590703582121985
725591534368870400
725590710611791872
725591481734549504
725591411056365568
725590760658231296
715207124138254337
725590784871903232
725589820442066944
618056780
3277884708
2295718063
702053605453467648
725434485039370244
725589828134391808
725424717713264645
725588460447404032
725589870563962880
725587215951224832
2181594353
725588824655552512
4822319236
502663368
725587953779654656
724671106179846145
725587876004646912
725585866261954560
725587161580445696
725586262233604096
725585400518074369
725583756095066112
725585906015571968
725581788983222273
725584767983476736
725585613580279810
725584635565096961
725584552471724036
725584016804552704
725584089693171712
725583567867269120
725584496905588736
725583591774781440
725584124308803584
725583649261932544
725583572317405184
725583658388754432
4220208623
725583007285927936
725583097023090689
725581711287934976
725583006275125248
725582648802988032
725582611914055680
725581826115395584
725581329237168128
725580964949331968
1682835344
725581914426494976
725581709719289856
4844856679
725580114080194560
3338153794
158162219
725578079796629504
725580041258733568
725579419633475584
713803204509700096
725578962852823040
725578316225335296
248241883
725577767081938944
725577619383672832
725575600413532161
725576996244312064
725575212981432320
725574498070749184
3313962145
725575561096138752
725573845852282880
725565441238769664
725574085980372992
725573211715440640
725573637252730880
725573070304497666
725569410778447872
725570902038040576
725571922684186624
725571994956259329
725572211684311040
725571708598534144
725571053322407937
724941283748405249
725567188518711296
725569623916220417
725569948064604160
725567509643014144
2216293995
725569118137647104
725568165263118336
725568731586420737
725567990251569152
723241973939843072
725563842504306690
725567355816910849
725566420956930048
725566511331553280
725477975899037697
725560312750026752
725566526959529984
725565215736250368
725565352265003009
725564795026575360
724620553563332608
725563076909649920
725563665886371840
725563791421874176
725563011734343680
725562083148992513
725562684498935808
725562368114184193
4908927004
725560895280128000
725560112463679489
725560480358621184
725560448851017728
725557498015584257
725558657790955520
725557596355178496
725557580081319936
724721922752303105
725555125251674112
725555340956327937
725554897278611456
725554490787635200
725554546144063488
725553469734674432
725553069308661760
722620713664962560
725552600582643713
725550328431710208
722236427883388928
725551405931585536
725550294201946112
725550641549070336
725550067214630912
4851878739
3742894227
725545750399188992
725548383507779585
725545272881848320
3094694637
4173483898
423504972
725545203042521088
725543119022919681
725545285146034176
725543411198124032
725542767234048001
267256218
725452375138422784
725542667116011520
725541749272285184
725541159297290240
725541068922572804
725541122425126912
725540450078220289
725540276467539968
725452704265424897
725538122889596928
725536005755928576
4019735903
725536218683965440
725353463257915395
719506841357717505
725532435673419779
725532670332116992
725533094397235200
725533039695171584
725531258269392896
2751800801
724967175296049152
725531076408520704
725531433670971392
720654125701140480
725527035263782914
725528022510649346
520774686
725526777859284992
725526805998882816
725527598579732481
725527304747769856
725525394472980481
725525767719903234
725335089761103872
725523491534032899
724030394295812096
725524080103964672
725524332328407041
725524033517805570
725524165038620672
725522933523820544
725522434443599872
725522037318541312
725519935930294272
722182034077196288
542966276
725521744795193344
725521528356519936
718469989485912064
725522163948748800
713937481381621761
725521021151895552
725519709609857024
725521717989367808
725521365479116800
725520203069710336
725519986639441920
725516132300496898
725518361585668097
725519561177632769
2484370916
725518839530840064
725518392875225089
725517659325009920
725518119817609217
725518099164835840
725518275195604992
370438406
725513806521196544
725517133350879236
725515694306168833
725515325618409474
725515615524507648
725514810092339200
725513679710605312
725514766412861441
725515012467511296
725514647391092736
725514839796400131
725514157106315264
725514248533737473
725514027267411968
725512452822196225
725465824505532418
725511611759337473
725511592562024452
725511569954758656
725510806792753152
2400262152
725508409479536641
725510203903492096
725508756780490756
725508625716895744
725508204357144576
725495226492682240
725507108343537669
725506832643555328
721519928302510080
725505434845597697
725506394938560512
725422874857709569
4900989886
719757953759358976
725505212593623040
725505302968291329
725504529928716292
725504867268202498
725504264240553984
3302177236
247248527
724974013718646784
2870701039
725502718517862400
725502121106362368
725501199122845697
725500680887238656
725500986937188352
725500750206517249
725499803145220096
725500573672443906
725500297334894592
725498247591157760
725493547537944577
725345970444226562
725499540032360448
725499090159722496
3275043607
725497902387367936
725403535014244354
4725615262
725497070308745216
725495115045818370
725494927837290496
725494044269367296
725492316555862016
721482447100211200
725493319141314560
725491884831985666
725493211494494208
725491897683349505
725489525133303808
725492164214558720
725492258389250048
725492199824220160
725491046386425863
725491635535118336
725327515674353664
725491824329134080
725491518392426496
725492057180098560
725492127279529985
725491415367749633
725490245727342592
725490225833730049
3004878024
725490666940305412
725490653791162369
725490869399359488
725490660338470912
725490019272646657
725487086673993728
725488802266005504
725488691511218176
725488427156791296
725486690110988289
725488396509024256
725486624402989057
725488399033970688
712695163622174720
725486950002647040
772701362
725303466311180288
725486340167618560
725487141095100417
725487068466569216
4393775260
725486519230849024
725486022558142464
725486283217342464
723586888771198976
725485463310618626
725485855561895936
725483810436091904
725485797214932993
707376493819793409
725483680488132608
725484509551013888
725484394190888961
725483328791543810
725483934088323072
725483043750842370
725482997911306241
712092993247961088
725480760896020485
725482927048515585
725483234562347008
725483562263281664
725483548275294208
725482807909322752
725481556735827969
725481301881532416
725481474103848961
3414311728
725481419032682496
725481880812937216
725482338331807744
725477623535652864
725481347469463552
725480115203915776
626969700
725479600508260352
725478248591855617
725478790424567808
725458789617553408
725478505736228864
725478501055356928
725477597380001795
725478226500411392
725478013681426433
725477455646089216
725477053957545984
725477703432949760
725476164832251904
725477570129580033
725474230368919552
725477131610894337
725477272455659521
725476572107558912
725476855483097088
725476573227409408
725475573288542208
725473810267385857
725475945189134336
725475939778461696
725475828553924610
3198331743
725475638564511745
725472250594480128
1447677288
709820131724103680
725473139354914816
725473429529460736
725473590796255237
725466097697312768
725472880109228034
725472989739900928
725471486568480769
725472658314387457
725472041302933504
725472308727549952
725471801539723268
725471446185684996
725356104176291844
4246213702
725471775757352960
725471918158155776
725469554592342016
725470388763942912
725470600320434176
725470191384203267
725470285676318720
725470544649396228
725469490130116608
725457965847842816
718798806737940481
725470111453351936
725469231341527041
725470074514071553
725469169639145473
725470246975496192
725469362174476288
725469179718057984
704303649615441921
725469858813644800
725468936603598849
725467439316742146
725468902738767873
725469412212543488
725468959877808128
725468609716297728
725465527716597765
725467417128919040
725467301508747267
725465330986930176
725468285135900672
725467667654709256
725467524075249665
717812141848403973
725466808254402561
725466864063799296
725465843082100736
725466914860965889
725467265978798080
725466264362180610
725466134795935744
725464286542368769
725465391917621248
725461154278027265
725464574498115584
725466107679793152
725465085678903296
725464679250841601
722945163354632192
725465526844198912
725464542029959168
725465358396735493
725464253919027202
725464368859729921
725464808980643842
725464069784899584
725464507296940032
725463448486854656
715250172985483264
725464680211292160
3029712678
725463255171371010
725463928097103874
725456531429441537
725463348343656449
721005454290219008
725463064519315457
725460790006931457
725462194213781504
725462049774510080
720764991473893376
725458959210057728
725462350720032768
725461919524597760
725462510720192513
725460803323891713
725461450207145984
725460396249772032
725462417656954880
721056436021764096
725461271370432513
725461928353648640
725459810431451137
725461118207021056
725460922366590980
725459974822973440
725460684738314240
725459867188736000
725460288888311808
725460633949495296
725459263032840192
725460456048087040
725459687425081344
725460203475472384
725459804995641344
725460092603215873
725459794765733889
725459710602780672
725459765862748161
725459476627771393
725457486229192704
725428512778280960
725458994471538689
725458138833534976
725457578638098432
725105166819692545
725458050874773505
725458472763031552
725457416138182656
725457891222806528
725313727550099456
725457726223077377
725457800801964032
725456460038213633
725456539922866177
725424534896136192
725456433932832771
725456588891381761
725455513685733377
725457122763362305
725456068831248384
725456370166841344
725455800353841154
708754431966363649
725455849875976192
725455430210719745
725453321960624133
725454510886391808
725455525945696257
725455372929081345
725455084348428288
725455050093514753
725454224792899585
725454089887305728
722896820905635840
725454583267508225
725453315560116224
721727202807693312
725454251804205056
715827169864368128
725454953431613440
725453812320862212
725454055359827969
725453116599091200
725453218873004035
4084619169
725451781644402689
725453254793003012
725452487457669121
725452964811411456
725448262023536640
725453401526525952
725452835635212288
725069343483170816
725452896549109760
725451932182175745
725450692027113472
725452911849930754
725451547363127296
725452618890403840
725452709244063744
725452884758958081
725453073750040582
631466933
725451428739829765
725448940984885248
725452125073997828
725414440066277378
725450563819851776
725451524646776832
725452065078677504
725451377078599681
725451283411423233
725451137156014080
725451254936248320
725449816986275840
725449882966839296
725446723414429696
725389502898954240
725450058179706880
725449730461958144
725449728675176448
725449664946946048
4830043138
725449720479535104
725448786122838016
725449018856361986
725449261916274688
725447968342552576
725447417705943045
725447901787361280
725448133489098752
725447776360910848
725448720653930496
725444637264060416
725447953582817280
725447869440884746
725446555243806721
725446770315153408
725445701367398401
725447850679787529
725446297474482176
725446380978884609
725444306912288769
725445357740691457
725445814911401987
725446141702184960
2711277534
725446016137367552
3127039060
725443933044625413
725445191818170368
725443717633560577
725444934539550722
1966688598
725444975836717057
725444393667313664
725444303930183680
725444468854382592
725444634542006272
725443820234637313
725443401831833601
296901022
725443547860733952
318138046
725442621762600960
725441915399901186
725442632189640705
725442999489028098
725442787223687170
725442958053531648
725441802585669632
725440933425242117
725440206313259008
725441739339747328
725441326968352768
725442014624518144
725442171806093319
725442262516260865
725441163101089792
725441874480238592
725439803169345537
725439567881461760
725441301454413824
725440871416602625
725440776277229568
725440341449519104
725441252473376769
725441366151548931
