708458824550780929
28168085
3363855447
3148242013
720141946824613888
2997676268
4849675049
107523645
4849183852
4671565274
4440979475
4916119414
18185124
722224475610025984
54548130
1656392084
1654721720
4329246045
1176211412
4264277950
29303009
457757092
2993845410
724297663689060354
716267959740710912
706738077130051584
817505971
724477610655272960
115681686
458344755
2784140700
417990531
2340388418
588175906
724186802144292864
371197496
4067464641
16475096
91283171
125233653
2344399148
723404973589983234
2977310475
371686507
3935411296
717915006923325440
1049085942
717064460301680640
4874772221
716997422455644160
4829777895
1032307680
319282515
705538796482338816
1565724332
241613790
491748291
715784206882840576
1560917910
1648828261
250034113
705931945
717077935048499200
43192340
16830413
633480652
721976101224980480
1682833002
1562539225
1569653948
708311914242158592
156981013
720175555929354240
720152065620733952
173838049
44517214
1037537101
3075079049
715943291737546753
1726542289
2231328306
2978348969
722341746110242817
4923863962
793655922
722207020762312704
240220270
78926478
147759481
170513866
611817117
79289336
105295143
2585428700
2583822708
720160838531854336
979402656
720162243699163136
699541915537182720
30414789
99886220
718652990312165378
15177871
806175462
252890019
190589983
582681311
76689333
913252856
2850761903
266520335
721720438703960064
291332152
721703270671126529
56293707
24159216
2193369275
720570217999503360
713373629057073153
2387997061
721398968517795840
50094643
3024648363
4019571982
3983437835
2397746737
240120889
2990698311
3319467948
851316548
245855482
2931925367
2260216071
1558118652
4731981437
720277547565461505
715522479419105280
2178437149
955946018
194569649
2785960885
3097919591
1685042425
3092193418
2676763764
2765276274
321572161
893923441
706036967591518208
33057154
950442649
720980512928608256
1577100223
705399457966325760
98425584
3413558831
4247038648
3271255423
4177076354
18539631
787909554
282569265
7807162
3443675721
2409242904
717663688979845120
715128674450804736
719043862581239808
1093813626
2193523407
217140884
111698159
33495086
2762645418
2428864899
306187123
3603106635
303929000
717566673633447936
61608747
1173744072
318383192
702371420286939136
167760471
133780263
116489865
18066392
833710154
898306046
1934933942
720648616357011456
2168408986
91942071
2914541789
2564026700
2520698768
115637932
3344716060
1204988413
710280559117914112
1583197964
710169520334315520
2982461789
87710468
720868331264151552
720863117542993923
720862690055364609
720861298569818113
31620465
200371702
717978957207851008
484999518
389661086
115827236
2458051544
2324901458
160047813
473285651
2352929755
719476680218251264
35099519
85008170
1489703012
24436600
985186471
12874852
1295987424
942397514
554431851
3021829272
548491499
19478383
17393362
3281306976
179134183
21727456
439304692
2395268660
4177088234
98744163
3239414297
631538599
361468994
24357823
1295278380
35767916
3172538313
4756693101
114767571
3223075097
29243214
401998316
1541536724
719197577565093890
4732523176
2471345386
148313963
514154654
4231317059
941804942
350244212
4025385497
182507475
3855054443
3728001134
3297804061
3484761681
3307356924
1276436364
3212563661
124708072
43812795
949982084
632089265
1875265164
3224535940
3170168820
2661579627
3172256026
540607170
3111562077
329909537
573470990
18472330
2801117534
2176379920
632735741
2948767235
2960901429
551339216
2863578729
2833310511
2875644438
2417142268
45348728
2780376406
537343639
50739414
33818109
2654531469
2736576694
2499915350
2735894458
2730803488
2731252001
1361968063
1375297260
1375109929
157757479
2617389418
2523205139
2343496308
2475341274
577028544
467628019
792432043
566252782
2499091731
193273402
17540058
1103940926
123555215
541193226
273433584
2269957598
480501615
2449306076
136798160
595911845
385125725
25333353
2475686267
590024387
256586646
2436995756
1701560484
350144364
17986973
2310096384
45571759
631669280
83197153
16580053
2209606452
182220456
756663138
2366063786
343863878
15912508
615060142
68402940
2382553086
2388396115
16784555
2396765268
163582516
262255966
2239092282
2393639635
2420169009
16548435
1872205765
2212702046
2256478892
2332252542
1215399480
2294276342
1420068120
19529426
233250372
250339461
1137380594
19051503
1077872654
1621813916
2239144392
2229587107
518877943
241606986
2340742855
1555880402
1435231560
852522078
1413038124
32040814
257059236
2219603067
2208720256
1944787339
1947766807
50294938
273927631
176594881
1515452190
336243683
255427651
169539334
345920036
2157029100
376823655
870462446
321372135
516534171
1350207680
72292595
292819455
327245475
174661909
702651399
137281738
1621015537
320582022
516203256
241507477
490260484
1239241998
1548648781
760041739
477965133
1290527552
1427045509
819400795
714477156
1119742837
1261241622
535100357
1282610833
1115493758
478040146
63119492
1006220725
194294304
322425494
236886477
605328714
389294559
801861530
563915174
265257938
413146423
940766382
804171080
110396515
202734867
400189071
14076954
422238652
29420641
1021431002
1022987197
159947103
456451651
716991787
984974358
320753761
901924914
618497523
570381581
707041512
293133101
438289687
576436268
499732355
412550856
350941660
476757983
412557397
545859416
440926662
281607461
42179929
