4637575405
3356164332
718385744063176705
33289198
172095160
4889164887
4048807469
2978559785
716663576598036481
2750138536
85690913
720027772995837954
2262803084
3427817907
106243860
2282057184
2337507038
63546550
927019236
3041616756
16476911
1541532386
28840736
722696732769918977
2901437477
296621181
54439786
2688852530
719876408131067909
105623556
3623167823
725060363109150720
4888199620
1964679870
85089837
4904843170
80867795
2330448084
1526152993
4896928315
1344968707
51678226
4813822574
4043184134
2460773775
4450856727
963555979
2188311410
724693021300662274
2224015726
3293612553
240463193
3582639916
3249084487
77040973
1053586345
717839756143509505
3312557336
87321877
3030178378
3173574849
4859253873
27292486
4901610093
2688992074
4870628891
116271543
243289023
1328266896
211073889
2951841124
1073433728
715577238914248707
2191701846
724233263347171328
4503893735
717859864584851456
705665392572768256
3957605062
701661197846732800
3219235112
705283671020978177
4906444753
3926494461
708546156
351418484
133769431
360794896
62697549
17544730
3842676253
4706270920
724369898902806529
724367999231242244
4792465162
204216100
601397543
177412700
4071782434
2963360325
311207700
4792426637
723860226844172288
718330974342397952
706124325259255808
1140419042
4869787666
719834037217595392
2990044719
67338903
68538104
1143880340
2511452305
176068651
34571618
3988621281
3962133137
559919610
3359849734
3035286602
174422735
368219184
1219963189
724632696496988162
1208688576
4869112468
3340720599
4903121845
512522619
4534828647
16267655
376391434
2154836993
3194032349
76924828
321033413
251652836
3476600892
2817886495
1200868610
2184037639
4420919592
2499364508
4806190881
2866891583
520389535
1341462944
2414609995
4123320868
717775181989744640
717862900086489088
259380044
716306672743006208
716308883287973888
718506896320290817
710270041896460288
718812145710940160
717861999410036736
717853932526125056
3344777134
716310688591962112
716305537349128192
717782155049439233
717856369286725632
2782664153
1184068585
300213607
3092173865
4167106485
719983152
3041388375
2199058643
374724250
143075048
731076409
724529809980690432
3962038037
3961352241
2731075990
4872074938
724394385631223808
724074903666876417
485110193
724285126113415169
4888190806
724252558164938754
559375276
706933387215425536
4353383787
4825397781
2584813506
721010303622856705
3098633265
135192343
4684652058
723891935920939008
722412062903808004
74347842
335943781
719873390211936256
722987457101197313
720112958525816832
718518791840223232
723144828331130880
723623330222346241
718886464151494657
3650496732
709461702564311040
4352189476
723588365757587456
2469376998
702810418335449088
164241950
2582449201
299347552
393961683
2350318927
105917495
1008272796
1663198508
721047270842454016
702741612275867648
723468437624754176
2998098754
719792457815363584
4462700352
706806981349220352
3198643069
2841625005
1531785828
4593532770
2785911457
3106265933
709236714418671616
2573251166
708382452721524736
3483250407
704099223399038976
2265795991
2577817202
4331860457
4482636494
3029016363
4159158432
3529882463
1523158662
3125236300
4870199381
2203701878
3101759259
1909606682
709746238128857089
4635743301
222227559
1673457223
3352073200
710412139240894465
432029072
1563012548
969032010
2923454973
704912683993341955
78697770
97476699
1433941970
706857944684453889
711618093085302785
720896491578122240
702146623669981186
2286660025
2203313987
450589729
2269106897
2308571798
2169974792
2585395394
424845697
87508756
1420565124
4476030385
457327325
217339400
3124955152
1271702706
719001327829803009
2951864027
717415879789584386
2237195427
4396148560
723079901226635264
468274644
719822382647635968
707509250097090560
723010699551612930
3271126398
717344677037543425
708058365612658689
718060965460361216
1798008374
3229452020
1881551814
722952197374226433
967180896
1061452094
722891013241475073
350391003
2473035764
4531076896
718796941761581056
3388916645
2300834330
4720325113
2411548428
721585642120069120
707969130
711997376504930304
715847007131275264
229772420
620220793
4767004994
4479812413
719123763451666432
4800413647
721522438069207040
215111370
717776465526284289
3388269647
992971531
2885288432
1354222932
211683877
4529069713
566314923
572241716
1857469146
4504208175
1418166697
54117369
4512741863
4636537645
2584068170
720179513552936960
3458900603
2909804893
715964906483367936
707157562911621120
349359039
3837202095
2310362749
617430929
762644718
2844447768
360559616
722499580118626304
263610512
722482927502823425
3078026013
149488352
3943318343
722427834254434308
2859772875
2247189792
2695411272
736458654
3089347707
721736643196162049
3039651603
4052282115
722335995442655232
1339140812
54769979
2335661028
3284112337
3308722389
22936237
3314535722
4547869279
708458204892626944
2845207617
722183665250394115
239172584
525613523
2926100959
4896026679
3667277176
865739840
2802048230
852360432
40818516
4874643117
707136549
1072992504
4237855641
3016501992
712872467438706688
722092527227117568
715609600322449410
19173608
3316868654
3424711689
708467578818002945
374284455
242044855
3528078856
3411140663
150656400
1497143617
1871441173
347991620
2301636476
2899245773
706558548537270272
723968964
3359935540
52882752
934333412
2561220071
2392450081
30883370
2849642302
2795876670
721986603149733888
2277535154
709004694904041472
222433252
584249577
445906934
4166174356
600231955
2401047056
4855995952
721315027962175488
2923351317
1653443318
491182701
721818792540696576
4048229303
923887826
78679509
1541037174
3351513202
2886353632
4746708632
1668526932
721739351701499906
4573084882
455379105
2575198087
53347446
592229872
2324774648
715138693565001728
719239099190743040
2497653997
716253755176517632
3311047989
427426410
3078715691
714416040382345216
3266199414
3242984084
721494529963122689
416584415
195579210
1160021918
389451174
3146636339
243214067
721394343655907328
1012724688
711256404129087489
139282086
161451061
721323126148173824
112733435
714284983456632835
112439871
3234097196
2780393336
721290977982464001
3032885690
2188707127
721272967569612801
714178848972214274
2173615191
710374032722362368
712427817775058944
3179948304
707355175682330624
3432833536
3374274189
325059286
2151507830
300400776
4350642441
2346946824
3989718813
4576210399
2311050698
59921663
2729497554
4177884917
2824210848
2761396564
2332978046
3773087172
2347912759
3371413192
4876233789
4620132377
4838485257
4797614069
702809580473098240
447537356
4726759871
3003904846
715931208123867136
4874999662
2379646304
966842196
714780402964037634
149004973
4784317816
4052322496
534579839
4131245177
2814386930
2957447873
2291974688
720978723923570689
3019928754
307389764
551530428
462216875
3676158139
901005247
4886401767
166322041
247702438
2690498418
1829271673
64565210
2687415422
720937715886329856
125137523
2186863537
2270628396
4849088607
3234510844
708773205381681152
1528444764
1098939852
720862352933949441
281738086
717547266429423618
3283700682
395030904
216558300
1493819347
777866784
2457234314
3856919958
305784191
720745369303412737
2781579566
1612763167
2594087274
714554056010829824
800777610
1573199538
3313563998
1121148649
2368619774
1138824476
1571358403
102858394
219069527
275231929
2230759758
1042798278
101283384
2983476597
4805603243
1451346128
2747079792
1880424163
2668494780
3171846647
3073050493
2321386615
3169779833
3167089373
3170225933
3156723254
3169734148
3171497147
2668483854
3123951583
3126136841
3168021328
3171517623
3167436153
3171420029
3169238469
2385808507
3170577977
244209691
897199963
4380252437
992404292
4766443910
550714874
4647605608
4743540075
2180661216
67240598
3137210857
15970784
2931843750
4818755663
2360515482
106575729
2611362643
3296301567
4744126424
715242944647790592
236948276
2651749304
189897168
3966069860
4899363741
229549629
474921908
268607705
1622426706
572860102
995212500
401898288
4148140401
22328240
1877543970
1284812514
97728804
4832415137
82673008
702522222368260097
2718592723
227466236
2462303003
2893800074
47779485
843908359
143095128
4010083635
2357904792
719795124050464770
1369197618
720082340844867585
4753227391
2446076666
613751151
1110632378
66267604
4877941666
2511532872
407731562
1251614472
2782936939
563298459
3656752518
714870498233028609
3166096407
707179755234197505
1908438313
700489035920203776
1920961778
4348822097
705435332670529536
365816932
84120748
3009065773
830345940
565783359
3874067043
1622480281
2288625853
2176175790
550195653
3314219367
62001977
1099418828
2376839732
2611359787
2668528063
2611372615
269993140
3167512983
2373370873
2376853759
2395011937
2668522567
2330177371
2395044618
2668524073
2668496076
3246145836
3383472749
2668510040
2347479428
4355313857
2668522807
2613340441
2395024753
2668512458
2668522213
2668528165
2382869834
2668490478
3070365348
2350509013
2668523215
2613301591
2394999606
2392607244
2396748163
719817781139648512
2873797336
715414275611865088
716764189918822400
4819501689
1074804422
600165145
3886648979
4568388640
719875709724966916
1273682586
2443257094
704701763983699968
714541028028653568
14481746
2818561623
3151901635
1263940776
2893789115
128879582
719481916446015489
3240333683
2324744616
811599072
3223987531
538146217
132041886
22904045
4884370744
715797469154684929
719590062166441987
3382180097
719648925020499969
123851126
4715995101
1378513046
719627291979083777
4105368201
1452502597
4514457143
736223130
302243345
719599317049286660
708057144642375680
708030858649796608
708029513494622208
708014457511776256
708031930458107905
708054157740081152
708017123142991872
708015231570608129
708013181717716993
708012385924022272
708006776076042240
708011411205525504
708008938390728704
707999960793387010
708005650714890240
708001050242863104
707996561037508609
881487554
876403308
881498557
4140770680
879019850
878439481
878664060
879208446
879266893
881405664
882966457
878500735
878654574
4174207161
878456642
878924988
881538043
878294444
881388145
881574092
878255882
884184943
879128299
147290193
880497367
880149428
879177666
878405556
879158077
880244389
883288729
880886498
881044580
880921716
881456352
880757304
881922470
879360860
880493750
879052645
879263370
4343257157
878703548
881096444
879416599
878926550
879166862
878573353
881368183
878719412
883712652
878540318
883143817
881072418
883644410
884632315
880457496
876400266
879016938
880092817
4806749261
880165513
878596399
881385061
3328440783
881573568
878038434
880549508
880994966
878640589
878444822
878222335
883825742
880504100
878850739
880034808
880861927
882956102
880801062
879396451
880991436
878537354
881293735
2325741211
879420632
881548592
883728985
878522270
117727005
117996247
117724454
118131607
117701441
118011424
118359072
117632852
117841395
117487888
117537483
117900990
117939052
117850434
117917616
3099852726
117894843
117767426
117991795
118166885
117881955
117762380
117678582
117621673
117955730
117602027
117898463
118038604
117689242
118400639
118423596
118325996
117884761
132806483
117769152
117666431
117868043
118352045
132297392
117812477
118018080
117957880
117608547
117555998
117629538
117968765
117673385
117569752
117756814
132170806
117567052
117672607
117519678
118004789
117918512
118106817
117795436
118191350
117743551
117580970
117616399
117703643
117903611
118030568
117997958
118017439
118335075
117778450
118000885
117571995
117728675
132085410
117740867
118102856
117844759
117870396
117926782
118364712
117579020
117711545
117653432
118364423
117569251
118162440
117853484
117915368
117592214
117590806
118085033
117902656
118030530
117691512
117982476
117700306
117711717
117564812
117516735
118044487
117879307
117994576
118043639
117651038
118141073
117722658
117949873
118115444
1565033202
117743572
117975881
118391431
117811716
118177269
117607665
118036412
117590293
117837089
118055037
117703097
117605866
117850301
132657456
118324035
118436808
117914947
117726387
117966881
880928450
881914796
879428365
878826584
881297701
882193586
879897464
879255786
883767486
882734521
876297030
881022823
880953055
2734953286
884470472
883907490
881263326
879403111
878366732
878620422
879021314
2452497806
881320548
878851626
881962381
882612224
880533643
879985063
880612195
882728413
879500070
884628150
879044869
878495468
882412027
880379190
882247741
878345250
1236852818
838833194
118184785
4409863546
118381009
884705383
883706760
882826645
876402174
884014579
884199007
876302198
882068372
879437335
883424126
879191112
880705638
877863854
879049632
717708690946568198
4235443995
2766617319
3332527954
243642652
2398554452
3168465819
3171181348
2324321064
2316702362
2401470493
2388108966
1947691236
707592321932591104
714500411621830657
4786582894
1428288842
2769702579
4782970107
4784728282
3056380055
217923505
1260291673
3168482381
3132700250
2316694184
2352359328
2668483890
1711385654
3134564677
2350488300
2611323924
1708909273
3168415126
2324321592
3170446101
2613339661
2611336272
3122507249
2668512098
2613279230
2321089004
2668534021
2323613126
295854576
4758075569
612829771
127122971
1522945123
705054600810860544
711829647667888128
2959905196
713656320197541888
719418459730280448
68269425
300601375
100287609
718276023507402752
711730776425889792
718654980945756160
717396760436539394
718927034634870784
4875019051
453634036
3706834873
4504560014
4717187240
719226459039088645
4701339571
634418978
719204875700019200
707884942567600129
719223722427695109
711991286392299520
719038398397333504
1615765322
719153269319176192
4141283232
521977247
714862233239457792
718751713247764480
719090190363414528
4869344393
719004617745432577
4474048702
718983282046554112
4850557419
450153912
11667542
2164255622
2388064016
718908041379364865
716889781024722945
718884329372258304
706759069483327488
26642035
390877754
2504903281
338448758
718778672124194817
1439385192
710943491438804992
2461702489
3378607283
93378957
501196426
2576165653
718675467037855744
567011475
191625866
702337226378706944
1140872262
231329778
127034702
1467263168
3070190634
578148458
2361413834
48487400
1864303860
232196780
717928926543122433
718449664178061312
700738692462170113
214825006
4210754393
4234861840
718420363730907137
4210514079
2688643864
707572353413165056
2875624843
706150725294940160
2749384419
168913558
2421085764
2918672195
2825236491
3049103485
4298915896
4327674377
3918128534
3165587348
3475426814
716947266075037696
708401112643190784
718123844439908352
2550858750
2754271427
716026551100391424
3032923308
705748870530138112
154279613
717141255571030016
717392396636409856
1500322069
3115716289
4709252235
717047804535898113
2715992263
3439218599
1682126714
1449459912
978459234
2668534801
2400600266
224048936
2376791102
1732593512
1874557538
2793130617
43344004
704271655447691264
706977302329040896
3851043029
705005275720368133
4602495617
708417109332774912
4715184195
41095035
4210754218
4863269565
2373927342
711675878372147203
2412401900
2335822530
4210598205
1676767038
717866249867423745
930985645
714930473261219840
1140815911
105863990
4658725523
4401284655
717771317370445824
4806932538
624075808
714826406048477186
716899129209839616
103158814
3166723901
3134542280
3171440031
3168170266
3137857321
3167747962
2613319442
3167505867
2668490724
2376812965
3168949335
2668489524
534645562
713421988287668224
4724581343
717297560499712000
716865250612477952
717750130435162112
712770577283555329
593044799
3247698787
717727738400874496
701634216895913985
717740430188654592
171563176
711907326295461888
2279556314
2668501712
714380873660030976
2668490826
587550075
4919149965
710335098176929792
709431209017917440
717715395076091904
333790862
44967503
3170679328
3169079567
3168087621
2668508540
3107982077
2339729563
3171733725
2358849444
3171827057
3134637650
3073008794
3170980347
3128900696
3170686355
3168936057
3121867583
3129410177
3169756258
3147559584
3129487928
3113164523
2321380814
3136723800
3134456864
2611350266
3133514574
2400241446
2391703975
2382827238
2334236396
3169800082
2656758745
2668490946
2613300985
3171599140
2338249483
3167805297
3169353364
3169641352
2391693420
3171917224
3171388263
3137401033
3127715240
3168802679
3170432927
2339729683
3169900402
3131481133
3171512913
2668511546
2330177233
2330179957
3171396719
2668511372
3171468377
3123982605
3123618521
3170210891
3170648182
3171002128
3167488409
34938921
2387842544
713061742759309312
3437202080
2359415489
214511896
717698695022714880
2393603326
2251735887
3562568238
4869446668
861196050
3272400529
1923581875
716364192996061185
2252666621
849132114
148915233
1496775595
2894478546
3505636814
877599079
900941010
715491708901789697
1157190596
473923438
473782540
704045541320212480
717263383733473281
3030254052
444773429
3261919927
300301185
4611698534
717644312427630592
706310097853509632
178555145
1903108825
2368957846
839917914
344304089
383169553
3220337149
3939109468
3291510495
3146873831
711483858009477120
2256965582
3804260422
3064307092
405738286
2714098562
167241665
902077423
2731961665
3224600515
434368309
1972781046
4108599927
1051960560
1059130934
2782428629
1634908045
32632622
1229838656
1705228248
709350124812681217
2415479283
714842521256402944
501159260
2884577892
630670739
1522892167
2567445305
2882351611
3099175072
541012951
3515351482
3224468746
709048023804944386
709042792182501377
632749937
3324522849
716215813418708992
2558330322
4032874043
360814604
916560306
42268013
728973181
505267838
714985513049042945
372801517
32025500
316227040
3480337941
3227927979
2193060880
273730944
696825401595731968
2885606221
1024312424
3387189299
2525079661
2545311603
386022923
3022824486
2330265272
2471631482
4484470287
1912364028
598810248
703605693023186944
3278994650
2975506707
4037304203
82369455
467410855
289076318
207905475
332589385
1422441325
1437484375
929842603
4557397953
406935191
533500822
365179239
4421504494
2892295120
1720054406
242514679
702231491565195264
4675052720
702627116651827202
4125945615
2276461697
4859696396
4647593054
2722712399
2791844162
811729958
1952368916
1182397682
446145802
2718053696
4793106563
4705722497
978469813
2423303785
2822581164
380984069
2809090109
3389874434
4527394876
515566158
306269816
716487488919969792
1035449845
2338073147
823238318
1261567230
4325261115
2998137212
552599022
4226897853
3937611688
4784561747
3034721336
4860717039
4876712194
2462463477
3492190401
105891156
2185783205
3315948595
4408891407
2989666102
2519468164
1364691565
2537919867
3032762383
3421873041
4049967747
2481475956
1725984061
444868327
4909226729
4163766178
823115036
3907736295
1653553742
2586713509
1066585290
1040895769
1611599336
2969080826
1621643642
2771821612
2321377130
2323612472
3070358820
2318504113
3170202076
2668513940
2358843595
2611371349
4604646748
3168463828
3137080201
3136826923
2668509758
3167996033
2323618723
2668512782
2334230900
3167775521
3170975411
3076216706
3170338107
2321383009
3070362096
2611340468
2338248116
2400250075
2376801242
3167953217
3696306132
2541815472
572261509
512780337
3230032267
2265898422
4558303487
705057893889003522
1549704649
704699957345951744
3407004280
2203899023
588343453
2162112522
391658312
3272244708
699882654943023104
887463013
4189042453
632681470
4576943422
3167669909
4865227065
3126213160
2318479458
3170201633
2321392777
4878934353
2316695305
3912710907
2316696032
2566210729
3157954016
3167632786
3168274691
716433889
3171461560
2321396910
3116798855
2318473068
2321402306
3169113717
3170055142
2321386363
3168064600
3170193286
4801346232
2174351111
154211885
1972858573
2515420499
916522196
714140423028129793
553114122
454018703
1468276489
4492188681
717285764971802624
700599414772080641
3250938973
1588711514
566078774
474298010
2414713663
980392262
4883557768
1665047845
2958119136
2770675176
2732372916
2792022236
2351970129
603105962
4871903813
939661812
3007145652
1438820083
359202226
1415424012
525017356
705233844216184832
898510560
129661307
2448359949
2720161242
3017412845
4360643477
360313335
2575309903
1607154626
4611041795
717252933067358208
3020313517
2151203363
3292658593
2597358994
3104568408
3083644602
1372324788
310813128
2882831024
451373567
782791040
867474324
1268141221
2768282010
4583390181
3177270798
4592592213
706934665710583811
3343793308
4592872048
4583544568
2798216868
3224571318
4376551574
370560380
4592740755
4868687081
4583416899
4583454875
4566748175
2533033880
4566782962
717125922206441473
4566537135
2174453719
4896328133
714668273577623554
809180964
707648301802364928
717098712259018752
2582956957
717085735975788544
2363019794
2924776404
3366000557
2790587160
2435576730
3303592218
2360799988
1442828940
788061872
717069316215148546
2256745826
2755003981
4842030815
564616783
2703950946
2750882566
1043941362
2299839837
1087490538
2907390518
2312780314
3066752339
2668506086
3320508758
542340889
1005954140
1246711638
2665042382
1496671662
2407760783
3332972112
2706255103
3888113656
2465128617
2668505558
3283386162
2901661842
533382023
4866255155
4575875301
4149150267
734128945
4254612291
926091121
610627612
700078799
514167744
2161929868
4649673108
4196609421
994038751
3021360042
3138976892
2205751055
3271347780
706133181
129149572
278548250
1397789587
3321950263
3285641923
2906434745
2414849053
4442097406
503534668
929863970
2668504178
2668526653
2668512536
3169090695
2668503986
2611350926
2668501022
2668525885
2338246176
2668532431
2382814154
3120581079
2668506104
2668504946
485048642
2668489284
2668524559
2668510976
2668485450
2330177365
2668521055
4414451601
1339591358
459504172
1438210034
164158238
4833494464
1357871690
3519210012
1622604043
710221196680413184
393302405
4874878701
352273878
716868896364433409
4676895079
708157434762698753
2183625155
2906061149
2502499934
4886601603
714128290815066114
2970429202
716604631082663937
716602566478573568
2798404141
4883849704
3343692423
716248460081643520
2958682067
716270205299777536
716538733621694464
3344763286
970319172
3343842231
715137291925200897
3343814614
3343956995
2463535190
3343640267
1093004334
136412126
710818765148041217
703273171407998976
3343656117
3344051489
703469250942529536
3303078113
716234900081238016
709609848569274368
438403005
851635046
716180493746708480
3105128206
3074365355
716135284509782017
3755943925
943527559
138834285
4909852737
715950847818121219
2383806134
51645818
710421616916897792
3344074648
4849340063
3343630485
3343794831
715850741987065857
3343719503
3343970391
3343744199
3344129938
3343957629
141717080
147746511
93622101
141709317
58224855
3344074019
3344869012
84075042
776287807
710144690796900352
3229962985
4906821422
1908332683
715636555659010049
715674117815422977
119409931
1168009375
715637945982697476
715624582133256193
3259313503
3621755719
702022791
3286866859
713090256803860481
706738216724885505
3910954517
3421721787
4871726045
3387667859
260773927
1565195281
2668505150
2395309070
2668533769
2396722778
3070444693
2668522621
2668483116
2668493040
2668493700
2668528531
3167644444
2668528687
2668529065
2668492458
3117457557
2668509962
2376819409
2396712978
3157937287
2376799273
2394999768
2376769914
3170204182
2390422611
2668527649
2668489512
3076271005
3170908186
2398560968
2376827208
3157840664
3169352957
3097756691
2668521337
2400194684
1359818568
290142874
281563458
3169055446
2668486038
2388142735
2668531645
2388178076
3167960313
3168000701
2613302533
3171728091
2668506122
2668483614
2668490994
3169880873
3169776953
2376804104
2330177329
2340719647
2668490016
3168001409
2668486356
2611323306
2668507820
2400249229
2418310085
3169790103
3061237484
715482458007801857
3246432826
4720463729
2289366720
796967839
451695102
4076248943
111832673
3248133962
4330210515
3483200783
877666716
215087673
568760306
2313729012
4655008703
700400239841116160
1537391118
4789894874
707441062680371200
3954204139
1050797935
187447223
78701891
796445180
143833319
714442449817444352
3408388271
3075563903
589410578
1897778450
3817066934
3227737335
99023894
137796394
256628571
53686349
1947832118
2787571169
802265558
3374670279
3306258980
4040445069
4924295007
2596114663
357144830
2522368159
2737436392
1931113591
589478340
82695516
4577541751
1478981750
3145425973
2841611325
124510197
445095023
2598279175
66378652
318324163
1340404483
580934567
2321874728
3074643839
4360867701
2461134986
2819410554
712769068370100224
715082651598721024
302614394
142117879
4846381365
4583436941
394609529
2156521791
259376207
460440237
3980785101
2904777957
696759916787326976
713834141335363584
714190004268900352
714470184359059457
704227952020553729
4875931990
232591949
2683798600
4373433021
2995866097
2833017575
714100205851975680
4645939698
713962320108474368
2216541859
4753689317
4748648608
103547155
713693893850755072
2383254008
713421864660545536
712747099515985921
705389802284150784
2169914425
4082087595
4846750120
705749849514180612
4068975490
1829303797
19308398
4856655975
713078467223486464
713041444613787648
1096679574
712918031287074817
213912915
164322849
25169797
712770256301907970
712696725631328256
712719984892313601
4256299811
2765963395
241205393
2832012616
2200748008
712575177284947968
3295398316
2188030208
374233536
3301268604
712517763697401857
3091768498
3078723285
712508450194984960
478046368
2269096226
712474568938692610
3663296958
1672035788
1684655810
1682938585
1684850581
3096553222
1682461704
1672159831
460809337
428817073
1674478808
3399527523
3001637398
1023362070
3417776537
706636782125850624
4132511313
2301903929
4846889623
378575564
4336920913
3350759621
703296007635750912
4507860800
4736962534
4697232408
146485459
1719745386
4722107232
4721739024
3000316714
3142266270
3016671931
712310329892417536
2559546699
712303396481605633
45859457
3021279514
2593669550
4546704432
4897596292
948832722
2684179459
859749740
309760750
175502262
547306582
188263516
581123612
4832634669
3612946574
525833988
3061936079
1269497095
1319205829
3159276775
3410373147
2379161372
3315341999
3426117575
3306540288
712207227440893952
2354848776
446839272
445912511
4867553691
461722046
1071410486
77999348
2951237417
4835531458
4566870506
3949185256
18953266
3982482238
4770029362
603350345
3093377067
1336910070
711105714937323520
700746514809933826
196765605
16547087
3364049313
2460100637
711959553391337472
708024800648806400
711932778426863616
709174308451459072
710563661488726017
3127612457
3301340906
4870909144
3785277855
2443379798
3313561073
4613486962
711835303737040896
2309643890
402236255
711675072918978560
711756550512070657
710981723866025984
3971807053
711629713916219392
711545419688501248
4735286836
837475206
2782690405
3283476757
3374164763
1096496965
129306477
4749841587
3327391306
711201620667670529
3323534559
1635840535
710079193011392513
4133967492
704674109934985216
561544502
361951513
4593574049
106583019
707258756271362049
4844190657
709779589179023361
4855890843
710801763981467648
3247822056
710749770281668608
1253548220
856584486
2397124584
1317341989
4551748753
2988148437
1917439224
303777084
145781550
1188147176
3332943203
4649926819
701483381897318401
709372205885423616
941539525
3082861612
2887790891
3384624046
763534207
40046671
224105683
701137087420960768
1796082210
845079415
705574984391864321
621803044
292227022
2827785023
1716577993
418368725
1964212758
4292702113
1284506150
783538190
2560608767
266574119
999063295
709413818334650368
1178702239
1330283336
2928940442
836363833
707617570376044544
4763070567
4708345876
322999503
2802694414
4871620873
985116594
2943549147
1087783028
4009272989
4850953684
3023368690
4613374528
4002107841
2653299222
702550045703479297
140432878
435470372
3022202794
4875059428
4876827829
724348766
4275423989
942923186
709906029715300352
404780488
710333614131515392
614371192
4771498152
1011475447
710290256654766081
4685651959
4633269651
563136381
2748944678
4854829325
708141616666533888
4593646163
21360280
2963799827
700743878815588353
452871060
2917456810
3349146567
3687330797
3038387039
2931707064
710089284229971969
54058274
4768389014
3025061218
2932154274
288656097
2927470411
2601424728
2804172314
1142131626
2789871622
709955035006935042
3187802311
4919076755
2370429937
2908473688
1258566019
17184065
2994422884
412914400
709876461528858626
1553548008
903224322
1170161030
534120948
282212102
3841304181
2846227522
218018197
703552221338845185
709822807698513922
2963884203
1875982992
704084328
704145636464005121
3850954392
3092134054
2677474332
709782668234215424
1666208490
709769947799556097
1864829473
519420483
536740155
697968025102893056
4474968316
1438827446
4842338639
3571535183
709511655357620224
703152992896180224
4179540264
4504714241
719062265
2289364075
4823674629
4928416840
3432554459
2890683506
708812915080429569
2805930907
3305242060
4251074308
2284157462
2475139904
2695311619
22804194
3178571855
525713285
3118740422
3323080689
4838338528
4300595727
2565347605
2443823527
221337348
222586843
147650726
240657937
2312990030
338604057
1046306762
3108957186
2957505016
429278741
2533179778
951469908
2543875482
1395923928
215957418
706829391792189442
524623107
4514493868
2914687240
346526180
4763100681
2918459926
128896215
761603094
2295475008
151110168
2989827674
2491702430
1386573824
3282086397
2445437273
229828835
1228278002
4243436121
702799314880503808
2333020974
709214412880683008
709178409247711232
3038991993
167133926
709156603795283968
231171114
2445138067
30317113
709059355287670785
1094354384
966376087
3987644293
2900395522
708780319999193088
4504049297
2323427906
385433027
2698912710
2691632713
4759028233
2361610634
3607278015
3166062652
3930615561
708353374106726400
2582049384
2949276167
2663415422
3149973561
126120546
1197582204
701821605362712576
4475404102
4012508837
4204305280
4143538761
3292692901
2323973964
1426037424
4587794832
85124669
4230618075
413833045
443670244
706895945716391941
308252534
247746523
4376335756
706827681967374336
2903609806
1279167037
38662613
4664209821
2792295632
4579363479
2744668898
4895988390
707856984800894976
142445186
4871751605
1455732853
707733624024539136
3622521981
4889274393
706753956312027136
221190401
123087976
707679328360910848
89833942
4730134000
4873636576
704382324700532737
707622593088528384
3141564575
621197080
3341816542
281231992
3771035778
264571541
988720975
4887480243
3447549802
488900643
1959029012
362553884
287818581
2706009970
1184253433
2503389668
1256732947
3698872092
372989301
2833356515
3062127810
2754053432
400524509
90010483
3319877145
3306369646
3384369003
1444956025
706008835970965504
341492327
2589212653
487006853
129801213
131520340
707210079427231745
430192464
862572906
2555221046
4736324069
1293045199
4197102793
2668831447
3344181754
77234417
2534169746
2719623453
285748615
96863903
4012583134
707192764627181568
249475449
2461099495
4196203894
545317480
3251148660
2389467823
706531093097390080
2486758310
3425763790
3068623924
3617134698
702080507035705345
2341695409
2313317291
4728855695
830923800
17536486
2945274603
982699662
381843978
2470068098
3079074874
2968760776
3727473142
702622225023643648
3243750983
4925062960
4864462468
1850835966
2865388191
706458406169739264
268454677
440573928
3063796209
2450692708
295077218
706046058598510592
337446217
1245023371
1638080988
705487119725301761
2985916149
1162372146
705741060018810880
1718779302
2893536972
550757129
62673924
3723449489
3044217504
2937692259
407343540
1695824606
3949092493
1955116645
3147683644
2908573744
3427744089
622045531
704921060555296768
1707424584
704740107199369217
4059786495
822195722
3354892985
17414202
704598358564937728
703851341819416576
3940441994
244214563
1423270670
4769117499
4202934859
4095025636
1127344062
4809201140
2393272952
1469853218
704227735317643264
456860367
4198506921
14215224
703952949479759873
701913245058207745
12834372
703991673618108416
703957997463216129
4077515548
3299318579
4469484435
703839676260483072
545514312
426500372
1955134573
264784320
4855726957
91520385
701675781248983040
703678716107431937
844640786
122038532
300914708
47953174
1667125412
4539571639
701206167629012992
615658764
317550615
2332613598
527874372
4726187902
703301904768606208
2473048224
594960763
4755905172
3334300433
701711884072800256
462967370
703182356014718977
2159353175
503640860
837997585
3468618148
2792579400
1199467166
703058350980726784
703017900421083137
4906457392
2361257310
802770858
181738524
981625100
3183240438
212991596
980699918
287854639
2866121667
125398209
191085725
4899151452
388157676
4549838841
2416447548
1699980662
2969579121
701080622060666880
4856853366
4364657733
488564049
2239616394
2714614505
3421683202
2793008258
3189260943
4503902715
270623524
4331593455
4856572259
3427742327
4409304540
27845072
2857203351
1309623656
1160917645
255663245
133434530
702704320245059584
799015303
702644240967401474
3244652528
1976320370
2820661628
4835770791
300421815
66216330
18746811
4045324043
326771052
91712940
4875368658
4897879631
97354214
3437250453
3469313057
701740694105419777
337374913
4904228975
425832822
3001611388
2562509663
3538090696
275188897
2787717220
3303463654
4825492179
3899408182
4398720496
378449624
4918337700
2266521314
2964735478
4550465120
140139402
4559923967
2692384923
503118622
2978907099
378500727
1568900971
3855445240
3252348158
91685435
20488393
4847369320
3191777081
2228455731
2851243240
2880928223
3433163171
85414847
3875749097
701886466817978369
4577883915
221467449
4888076475
4505121915
4754236401
2883299727
43935608
1353307111
2588892166
3003406137
3240497843
3824365361
347574650
2462869634
2363505009
4706300847
520398033
4412507848
2259733371
128002776
2233589185
3309513677
3427231035
158629203
968407364
1629631741
2196084537
4717064979
1197281100
2603511291
429453392
87276581
3301491828
768194575
1347989965
193796279
1690600945
3418864829
103349566
2350807659
463869642
4573220068
3322458669
4871654621
882897529
4907163254
245909886
2301227729
2350703884
3073284309
3346396792
43531759
4289594244
872735592
1171552712
4908771765
701699435772772352
701695445823840257
2342743910
4421025192
3534460153
92218811
590264799
2317454142
561570799
221551059
123765982
4750188259
3526893559
2806429666
2294583691
701312061578592256
701045698515435520
701274031257841664
701257916876251136
2407396324
701250245385129984
4914620903
3044672730
959380506
1581212606
423756071
92573023
701010709321293824
4834014617
235076419
542355572
3360629141
4765165774
3986274255
4235108428
563057638
4895797681
700914983400448000
104281167
1334848279
869258989
2688576481
715338768
2639577513
700826114554343424
154991762
893765648
102529915
2360210492
3004905346
2149322857
2770405373
3337649643
4720718412
1152224082
3089320979
322743346
288160389
2495552270
813683978
983399886
1104350947
2879842462
392850780
2887968749
2688085406
911384827
874513279
2170983661
941365410
2977015565
2443683164
694878118247555072
3248099711
388122837
700538744118480897
270001040
2713487662
574194521
700470269605867520
96637841
27960045
3003632367
1855553467
700395565834706945
580216540
3130775627
89139542
4763219400
2722454130
1223869981
3271224998
1165629530
24357823
2314194739
512756649
1103028620
4919549938
1083389516
4219000715
3316976666
4924273954
1880430991
209673345
919943970
4862226565
1585801388
4850072103
54349640
342907485
4438986333
60057039
4818067539
2516480606
3116155140
139816092
4920488909
164040647
341072314
2372300468
127099892
4921408642
4924604458
2999667652
4888046801
4895202729
424927514
4430586329
4089823695
697504046463197186
380443032
1379037829
2897146265
64758151
4716722537
2674334622
2998437243
2873653216
4773814212
3100154947
226927936
170569622
172350714
4004759413
3355293964
175866645
4088789414
3402247864
29243214
1948176349
598237926
1543936286
224709115
18572616
4690969760
155629354
4764861619
72408950
4696729153
449997429
2952161173
2247843464
1116561638
4833218219
4915673378
3255449420
2744891777
468832877
1660424155
3130766285
3281306976
371412771
866926496
2495168767
142519379
1541536724
898306046
4914473187
1335436776
4098192687
1911952410
117494388
555915148
3089098756
3027379109
1445872980
215033761
1251674418
2892455606
1014586405
2880929531
1725589369
2419385695
4915159128
4914903673
51988933
3064370373
3042397805
4099212029
233161425
2304456871
4916278805
3861323353
2260502354
2766527508
4883257283
3178823786
3017751368
460290015
944920356
4866063983
1931811601
1442266819
198591516
4803255973
2982088181
3082172675
2804984574
3891538401
4703342796
1476172003
3235804159
1873788630
4803172765
4906429379
4018605767
19702108
4442121029
4018601187
1015050182
945407011
4882155532
4441764406
4893641679
2314766715
1222234638
3253421204
105460760
4898057156
386202886
3448444816
3033894082
2436705647
606795081
4892976019
1366258020
2877010151
4885658422
4899847457
383269821
4187046263
93163811
696841145716969472
593862367
1524747722
2871172193
3027870525
426262045
1177976756
3222450000
2696335910
4803279394
266753394
1479137563
3194486343
4695990528
609841269
246454431
55885839
174582433
242929949
4736073706
378488194
4548271286
4480387768
697390489222455296
107987513
3585508696
2536869655
374245697
15563128
4886560940
456178697
3031681064
176314157
3172420173
160596928
3184945077
3684933509
4820847925
4567134494
4578155473
193535737
4854522595
498598756
4156867405
4820830850
2946044011
3674806103
2591353933
406785808
2920005634
182613589
198840982
2864584600
110808703
1440260257
1271093918
2205903049
21588316
2650643204
4877985483
624603613
631214173
4850327513
4889795399
1865059608
2343998069
1940469961
2585700787
2814033253
4873171523
433647440
4884682264
2375661338
602069331
939613218
2872067619
2458689822
1941551790
4452348195
4856734852
4873416171
415524719
3675139588
3408941919
1370940331
1367311513
4872192478
4435146982
714956466
3033575455
3121196236
2227278132
2930469295
1263831883
4882055519
3906632910
4878715803
249073658
4887551841
943857320
4859137101
2586796033
4307633897
4415793374
569078045
4737890663
4809306722
3358405403
2216643716
4884452885
4884334306
4883835905
4646989655
376795873
2855384821
4881609537
4773933493
45289506
4441617269
3318535859
4872831213
3327535299
4787046402
2998412034
71519388
45161755
2733980313
4847931861
4833984707
4878199827
3378822075
4847875179
211189498
2242085304
23300294
2749400739
4847325808
452413786
4873956568
4871715700
3293943025
1896057732
175115371
1051517136
4784779582
1855452655
4877220664
449183721
4795378105
376499739
4825836695
4126070489
4874895569
4876580229
239535259
155651617
4869454444
203481570
4875656890
2273169210
4856785574
2148880655
2317302696
1595328554
327006633
394547959
1926466892
409106053
2451245167
2935543489
2396304868
4869196089
1943865997
4710682316
3064469843
4645429394
1061993334
218220561
403179950
1288693830
4870958483
30071917
694679934585819136
4834919907
4748413742
3343690660
768710334
4331243777
1428105817
492991594
4150682973
2924944482
1589950688
732504252
1154713872
3010163263
2344501868
2959227293
879864428
4220267453
2437296979
3385958217
3401085779
4783037066
3405351190
4777676254
338007458
3129885035
2305122744
1133894118
1875899324
4871177681
3011929062
2891849011
2161228906
3291337947
2827324314
717556347
287765489
615865182
4069496529
4870350525
2582775053
4821916611
2979992361
240628563
1634957389
257526485
2935168271
188145891
2912870494
2994734091
463708813
4828547983
289499972
3960281897
4136073455
372203354
113021607
2924706199
33502836
2292983652
1001799234
4830556983
3244677372
4839514601
2364593308
276486594
2458753332
3435885868
2900037861
2538053700
4698189991
1882391119
4869185944
4080900673
465720874
98241264
3922836617
2836404135
4200490888
2964855153
2604055285
4140642016
736659884
2397385369
3298812990
3289367810
2927291960
4281846496
2816086794
1015906832
2324885606
17764984
3227799486
72454804
4841339172
1743632868
3000003284
579602776
1578592566
2561289242
135191844
1925645438
4821698141
22698328
249450659
942084355
4078213486
2849599762
4865113037
2913740599
438800774
1687185738
184175177
4805074814
130546901
356107286
355210658
390405199
3161201690
100831961
274733800
2423105585
4859017325
270413555
1415149460
4514356469
4832294352
172863320
214872773
3268962570
961215324
2902424777
3313984804
97151556
4859479666
3999746477
4555926864
2820435404
4119473577
4860471874
4718743575
322304418
4597592115
847760882
625511811
2420861179
2911873677
2585940067
109441206
4048207425
4663853007
94607882
4821121243
288525942
2697757255
2478015324
3027052225
28918971
1142814942
591981595
1706659254
972909709
3142498541
226962432
2844815807
16703058
3115816309
2496032305
123355219
4805552120
208083510
2659696782
274778731
128073024
3078924116
2874417401
268330539
905374200
4505138658
59673815
4841464655
434961326
3095837142
1114107686
1036122428
4853778335
1176840246
3702786860
453474572
581874343
169728596
4834720253
218293835
4039199615
3009298795
4463149992
4812610338
4706410761
959880126
4475134767
371574527
28502345
4475516475
4475417597
2355354013
226610137
1033252099
298857768
3173083971
3294525716
4194336711
487371816
2723478526
45903399
709033342
484354159
2649489854
2226004940
4850601106
2906047857
2176312400
3699946995
45582692
4128860590
167043188
4585682362
4807556222
190479791
1466541176
3096806961
3254759889
134934741
1867577274
83238952
4744290787
3440514317
4849762276
152759441
1443103058
277469781
2211409326
39613013
1073118637
244889082
282460345
2661474017
212970194
357491183
224024153
425528043
2745853754
4719325796
3331236159
3242612863
858234188
542137318
99994358
3259310410
4835000315
3058698599
111179190
334377115
87695816
4726029263
587562895
296619457
4202139627
4686535848
4799362726
4846270108
65091386
4845879479
4823733375
2973450028
2482084219
2385080059
4845738059
523588152
4742668305
4845688565
3586505061
528319524
4696057952
1360774754
3411098632
2985762016
2338161949
2556688406
2202057265
353293649
3419380480
2162361149
4807126271
2646475956
532252057
3124001385
3170907307
877409989
2378188309
4841669489
4841632175
4618946234
1704342330
4841343623
3511904723
4805945648
3864159801
300240401
4494754697
2657714564
4800138260
3972578776
7936982
1247016337
3646344255
3893636184
20072307
4835067106
4834868380
1554060708
1390438872
172569038
2887848545
66196762
4795436790
4594807459
3377951854
253637401
2846182989
4041016221
4793698766
2697937795
52311367
4753129530
4503123501
4451233275
2905483660
19164119
252694478
3039759820
3998630775
2983222979
4716569123
4795150996
186688131
2837674379
1418508122
4782758630
241260517
4800101603
2436536244
4830789874
2787639622
2474491522
3901720485
328737613
3159863178
142433037
2236413235
3266525726
3336034097
3791311880
2360024215
2371270333
2240676216
4796189967
952053397
632205063
506088970
4813374747
4767602333
886975429
3734514496
364322393
19015253
4547719419
24496196
4829100970
2865282821
4738393845
4804420121
51652720
1396627880
866504532
1405191908
429885830
1607837552
3002800230
2873698883
4696809253
171709481
1967939774
96902401
151079975
2541075188
965456102
961498886
1145310170
4707939683
3383594997
4293049407
2714489549
3419318902
131821368
20228233
2375910678
1318529966
2846801595
160850438
4766950949
167211641
865007574
4819696419
2176692104
535232941
1006269746
3942027736
315868883
2283431827
865899338
2283794286
2758390634
2873968020
4410128853
4561357825
75911818
3727373295
4784852792
101321544
34789270
135251922
3408927809
380109984
52802375
796458330
305878907
4044055152
116072699
4784430553
2485812397
4823395330
2354597778
1402580754
970830673
3347261999
110546573
3294389542
4482035074
2596860613
3305264409
2606063167
2415212780
3817352836
1281782119
1389164018
3313010260
4779636686
1708545698
2741973644
2820857447
4824658349
4496154195
3763382113
159522699
1309651356
262681461
149496812
1159345946
372513849
474808412
302118163
222896449
3439317010
3131072716
4069963099
3158313850
752320794
116207503
628234867
2835499593
4823346022
3803855476
140264393
1926431491
436814099
1193333472
109313722
568715327
2862474443
4737179297
487969283
573494906
3388895086
283819327
438390183
326958336
4700298681
4766462718
3435357323
2841941633
3881310015
4581124355
4732468792
2306816479
3056587383
356617913
853755828
295331854
720595995
2613132155
48306288
237904390
2284638450
3418811974
2355426283
4082904681
189296940
448136904
262011609
584919503
4256033374
4815546225
72877043
140981691
593916288
258042544
4817324433
3816303435
2478548160
2302165556
4817046735
606557458
2752311655
1960307810
2869297671
1173845953
1482708744
1854848172
1422181634
3062359493
222444879
3134556963
2233843580
4815841955
4266686361
4654931123
2609365557
244314579
4815386361
4815486095
3157915022
214240164
534281538
958225890
308638657
1563982322
406932024
511201679
202344069
756260496
4723100967
2424440238
4762930879
249313940
3538771873
363588738
4702333598
2209140897
3064412381
601270216
328728315
197658113
2304396632
726316416
2943399549
107860093
3228456607
1317508154
1323413108
3009275255
2455348362
260256158
579516356
2324662392
3026443519
2713363994
1437615140
2326533433
2959293144
1689387589
93460341
3887587753
1703805967
155377476
3305182481
4808502027
4804100248
1553640728
3370031014
2610985152
2491760306
4759762062
1733010007
1646756046
211326596
3424731862
596689562
2169860703
2163538837
520024203
2148046478
1010705413
327138195
285707740
4049477241
4806718036
3463165943
2658058800
255740659
92910149
820538972
715309820
3058399305
3359802874
3293446639
4755797117
625509089
3945503474
1411559203
297578255
1578847868
266419115
126752235
163990671
459124810
4596763214
4798476880
3016073572
216476448
2634462415
3436274037
3894724839
2728443460
3286119878
370765241
2382756432
253288257
2906268507
3385029868
4803494543
2726813218
4774377719
310643107
2174581708
2276218579
3620938936
2831853122
4300370368
3687618855
245269286
1113117720
3297117478
3120296661
4711138464
2251934764
2556959553
2588358986
1210664544
4798101976
214958311
3044886455
2322936559
1563493596
1467215605
4767380225
260333608
4661803461
3710295508
2399981389
361970032
2749125464
227162110
4043505192
226169071
3445992075
207141054
3098018401
4746324025
1318360392
175218673
4704521881
3698365637
2830516267
4750602242
584884049
3023066172
4735445716
1278719426
210768329
4504190896
948043471
3310264365
1263999049
4254929181
1705142702
2726358270
3166426636
3406003611
3228103738
50294938
2906117751
3237137295
2479077440
78199202
18443503
3307600155
4744686504
2451635839
3283552676
4776774659
3968638923
4518602297
4775068522
94642884
2881377238
4754062157
4653603768
2833192261
602621397
2828547062
4228764257
568235977
4768960661
1644878227
4767215255
455816433
1609511520
4259621795
1247227722
3014436959
104003045
1633136509
14009542
596699301
155748138
3068361447
2992312677
287635962
1269191851
3243339520
2905142365
528648506
2577201558
377626072
4748653233
91460306
2214583686
3254924036
2590841816
236556613
2764530905
3420522268
2258524613
2724111858
114772419
426027981
2214146059
2148702923
2365348702
3425964807
3138637852
43112255
4241917355
1445348617
701515905
115530926
344854565
141943563
4653607883
775034852
230244809
171784997
2893524202
3760344854
38874627
2756007013
146036127
996583194
16824146
3850573932
480353051
4357177155
2964278164
4155874523
958235593
2201909237
3750562695
600228394
345989929
110875104
4738067296
4715987153
1151738532
1936159634
4724060012
3813093557
2829726032
3269123575
4733546433
3188921228
3948765627
2888193891
422377310
2800148984
3233579616
4730278155
4729420186
3616501335
4728405143
502609063
4727550496
17661594
4725421227
3707052081
4718829684
4718802942
4725347417
4706034447
2916522123
4722800127
353087489
3417016899
2734973747
897813704
1059157682
2213786737
4719523515
3089904403
3233469461
969302136
2923691768
2709980340
986965322
4707895648
3861433641
4386747867
4670377008
3000530963
93080678
4662681079
395585075
2299803561
4709707856
1619887568
1863015990
2703712059
2766910332
4188812097
2950055560
3322774582
2171644664
3309783843
4624186155
484798653
594773318
3235298304
2451129150
2980836652
56847025
3427296087
1837565870
2456158366
1628409320
4702051680
4704562171
4417271013
106503346
4703971153
2434744562
360622452
4703163566
2537868324
208214550
4402296462
244619860
242092055
4691842248
460754121
122486754
417990531
2931658099
4697079673
3562070173
3685281323
1692063061
1490683939
135535770
4693849410
2836966516
2990317533
2733094414
1256013686
2200761701
4688611693
442303975
1298387930
2938427474
2905129526
2251826018
4558272676
302678125
2975014897
133607720
592334262
2499043934
3242516840
160626226
700653972
4664321080
4210326395
830115948
4654499632
3225018317
1637142578
2594282460
201603173
4661556688
195441023
3012317197
2811458222
2182737061
2416741281
111890087
3741876621
1041925698
3278270676
1853649890
2829839415
1897872144
4653228621
9404782
3070394079
4432535120
2310674880
3005578420
4609290141
40637908
4613411003
4154580803
4410234977
63814370
186458566
4265063187
3348925059
3081823578
226701980
3038572789
4644676120
4665864794
606904845
2539277716
4643287341
1408785062
2364091752
79038607
4624295368
4547318773
1130231766
2723128313
3230332675
3871640773
3090146226
2190659568
1267839031
2738160196
1918489658
4630971899
2350301605
81404788
4635577232
3119513823
934650848
308134741
4631267695
325423526
211944560
3322841395
2347953823
2351050824
326864200
3481497028
579596503
1308478838
891743917
2330292265
352701848
722355188
2942588072
312398565
2235383712
2294028661
3428232537
283350568
228841711
536603423
3435871023
248858790
3389970274
525627833
241480151
378356378
2796284493
395101764
4608424447
2870937975
3289544924
923679757
228866615
2200328942
3431445821
2524016588
275919333
2493114914
3138200471
3185708497
253287621
3201120563
3166439047
2832063051
1064281561
593930667
1665831169
456441018
3535288876
451116201
466224969
2220545868
164408651
3435240317
739998806
231388808
1487525209
2853767589
477859009
114232165
4595086455
1040459178
1327814935
238507280
89081093
4155602788
1272548588
2424329185
604443324
3002796594
497683826
3837754643
2430550105
376198430
1881687991
2892049451
1005336558
2440809714
301896537
145261527
3288587615
129962479
3865460657
1638558590
963499184
128782304
2856223286
3016030040
236045348
182527970
60658989
528266972
1610745212
2500544269
2417097516
2480594552
1657518528
87852625
1286184110
91628518
4629384820
3190978897
2887516816
4627568176
3290707383
4625793207
111196816
3789840196
207799137
1093447189
3106844193
4622637195
3407956924
2906818461
2962648972
2652410137
493431973
3098595639
3521912596
3577410557
1895017920
2480063011
4616142019
2923133329
4542306321
2707145636
4611723934
4569555557
4611992662
2637344579
4611290235
2281745492
4602112456
3162517796
2969994329
1628735084
4606900522
1126636267
4398384094
4605611836
4605512968
3009975358
2500751655
4650852732
4643412552
4200260413
4008421475
92386530
3052928146
2191355669
2722799775
2195834061
3502187595
4574336483
2698091610
535981114
2465436362
791305824
4593266122
534041547
2676586229
2216239513
4489094836
2151660597
2797532371
3708275903
293381520
313324448
4638178207
4551394337
3092823076
542032919
2303038952
3048431994
4077866661
4120175794
1253003785
4519368498
3003365537
123981424
1558162153
404230843
2717289367
4531256473
1339600176
4522595068
3429981259
2490232848
2251628817
2225447314
2221384055
2951593799
349546270
1965581130
2951613821
2951666956
2951643563
2541034862
4013123842
617679722
4473962253
744092100
375502775
2876288410
178456324
834466861
4475435147
482530478
1596924096
872139740
1694003084
111285228
278461806
2847362200
3170634855
2497141021
102249777
1726104156
1271430386
4518356698
1267168303
1157344658
1425047480
476642851
1306762764
1430788117
1287966092
143849464
2204934044
3481320022
270186930
1013929814
2515041779
233224875
2508469364
3246251654
2283446336
3140629538
1477793324
3506885362
2355549076
275624071
593510048
1620706098
3427716370
104942315
369083930
371705369
3104652934
251743599
280268450
4440872777
328138133
4578232817
1147318100
3254770734
2845526380
970118575
4577699356
3091172855
2862719230
810052716
809913968
3379831450
961239552
1476968408
2987791858
3087912806
3087917202
2884515363
2174264202
4011859277
3331156137
4570996115
2165237522
1893713269
2985730001
3347170901
3010482483
3288988174
4568687236
4298111175
2248878380
156798711
4630222992
462824906
2847952737
457973298
3239037702
2997191375
126104387
3215229809
4562815126
329882461
2892465029
1880532162
419093972
127182774
360127466
316815906
33167243
3160010071
52408403
3022831002
463591479
1897287937
3017720488
1935719742
2827764174
853199808
22609965
3308388959
2348724877
2657066450
4559026162
4010750872
4414043660
2565211235
55824263
3247703020
2715866440
10848982
4484353997
719108596
1014805976
3057595182
1058781746
601155149
2873408316
164209554
4216558396
87560401
1925507593
3005881960
3299270150
3561157692
92972854
4355623274
3944254216
2807438613
436108523
96463568
2228198803
4194429646
3507447192
273711599
4618444632
3908890573
2759478136
3021662392
217333647
4616475913
2167016783
1308378206
4549855901
2846772813
106442577
1531925425
2964890403
2872571141
4614026538
3252944252
1335892141
244618731
2557353991
2362433970
2261585370
3297294796
4584984949
4536632122
2816463598
1973228156
4012012131
353546523
4045923260
4166467900
4537052508
1383664008
99166169
4323775293
4420615294
167053836
4264461382
2737711845
2355453613
4417206580
4524034769
4527842362
3006392661
4044409337
3502950495
3311601540
246796352
2196009749
776271949
3921907392
2379882545
1849036338
2428126160
71307247
200286901
253913199
718371648
132346487
3386571785
1893444990
2778160827
1678454760
137403293
2938640351
418619624
517667827
36109768
11211852
2316330373
4516950440
2897717827
2679358555
4592597473
4521905081
4534817352
4514847026
4553904980
4519390125
2666430395
3909822502
429384436
3514210523
2196654780
2735949590
2378965944
2838301607
3342117155
4204539118
4195163115
4584927438
2161657092
3873429014
3317007526
597251000
499024860
4582323314
2353864842
4439435303
4394650600
233029152
192578825
3252814390
4579125554
2744439851
36958530
2919559174
4410006617
1071097476
4506558497
3288701076
1559127848
4577570042
4287536853
4575819560
74262347
112590836
821785831
236127158
3252913435
2965771970
67338667
2181094759
1855485528
3367647291
832525472
1089067021
63823292
2904084543
3281962087
401203670
2855519645
338297037
120241836
4196719241
4132546514
188817929
4110862632
494050494
732861578
119756260
3010107880
2723619976
2324698532
321351694
3343942647
3344068258
3343964248
17572819
3264412325
4496395847
1528939411
2720281964
4342359796
320500498
881287027
315971482
4347336253
316550290
466543819
307611266
2633786801
3343784727
2831629408
803498155
3343985404
3344412028
315795219
2738623839
25811602
65194422
1957320739
4319400047
541066782
2654901963
2171336024
226367101
403093266
125095679
3157557550
2943112467
4459692161
490574358
69367504
757799262
312284700
4005637834
3261728674
2855416840
748328604
2886738766
250384991
4113015556
2175938484
45698804
4296811883
627476968
360250538
4453504817
73377475
4082220100
3064605251
396226821
159707773
2288519306
2330886193
3321168781
1499283139
1593697284
1353635960
3435952989
4343375726
2509712625
141623061
3576983177
1858776702
3313555059
470662136
320977780
15151664
4486037841
3320733646
126399441
46902858
3298534148
2792898096
3082913075
2722911980
4484530455
2800720439
4228395569
3434036044
243764976
2326561576
3344442977
2954651890
2906727891
3841823233
2316128815
2409267594
588059037
2450261239
1011543481
4326087435
902566172
2328207605
1387844545
952325509
3988577021
939500150
479330309
2545166409
102147309
2164048153
240266496
3280089696
4557050953
1728775675
2444055547
3077788595
2829694630
2361248995
207418549
2359228915
2574083451
4238196861
2614319443
3268142190
833137309
728009420
2340326348
569903813
3087896286
4480765341
3914713097
153864040
4097935397
2187304467
2742483633
2946858502
1120414626
272802314
2569150368
2416086197
3311795638
2241899203
103974425
473815276
1198231177
364607775
2986469219
3296851498
1924501530
2420814144
4211847627
8927762
220434509
354253545
4542877514
2181954513
4476203777
7832472
782162444
4469356697
3252536411
1555760358
3790030935
218062002
4471310615
2616308605
4457233737
2505436099
2647489932
782093396
1412295241
574340464
1566310694
3508642337
4495893139
3401552632
53156616
1487372870
825220172
4467147143
2448469434
125233653
2921209920
3663894323
2648677978
4426746916
78387642
4519418492
4538673432
148860746
4025179695
4459610187
3026532574
2833758297
95777654
2792276935
1698840037
2178846204
4440159929
366843027
3018948771
173665005
4438311975
2380737785
1915776722
2236056640
4450240053
318949122
4450095323
2301270086
1609184210
70491947
3592353081
3293794476
3122187911
439421464
3921902301
4078022127
3143032954
2216646912
3377456637
3410692023
3150240964
4100802849
3351705736
3607183334
3419973467
374182432
3407458804
37821462
247264064
1547958433
2431931155
1307712150
510419360
2768614678
3174183021
306435084
3336992469
4003413975
94522363
329151463
2672514997
3420808540
4088894793
2324229566
2226286099
3079324637
2428851808
4157140993
