2844598342
3019581572
725403702899675136
286233279
4832725911
2306403086
403179950
14645160
2234801598
68971853
3003262150
865527421
37599351
212073314
30892730
717900026157117440
3224345907
4858909439
4767468988
1064511853
17536486
4038614969
4824298553
4135190118
5548212
1102556804
3474791892
4867107071
3288056090
559523443
4680116324
110782268
3255211595
4726945390
4356092541
14763734
3387301576
24413039
2764510308
3301189072
3241943533
3045037525
479975403
2926610584
2951869677
30372006
3389267559
372627002
498293442
3163066124
1607015059
3074459940
2959936794
822403784
1064770860
181392288
207774151
278098811
565881461
1865790818
207353589
365017843
391585888
336612631
264556362
320054993
2790119883
1972938102
480620629
185007883
355602380
1284387000
34491387
251920655
368203478
388674085
1297066250
240386795
198402666
1419727820
440514303
2572737531
299387607
2331184327
531620266
588504680
374287789
1566209258
2323190622
146702127
2321500220
2328107474
191757941
2329402812
1275655243
467445961
453519944
255849597
626023579
309337511
1905565081
612615366
202218655
381886218
140534163
