3043550446
720011076688023553
703920762546229248
4837315805
3854038335
721786539597029376
2792687901
582681344
3021668370
4361483358
182384817
717097896668176384
405996358
35595347
3384609683
710149218510442496
2355138050
709088830452797440
708095898971185152
1065180938
697461442417655809
4850947805
2726299472
706932854018613248
3425515798
4375507874
702350397332201473
4375418593
4375139418
874496220
1002779210
4375333453
1110712170
176932021
298393836
16258457
4374922092
3309780538
3290707144
3274784616
4796949987
4693621770
3744658395
3384629735
1124142470
190165969
251967200
383054428
2265010142
2302117793
2567477042
3947828363
1347702708
2322601546
3252842260
218551608
3303840135
3424015049
3309874465
3406518166
2347652687
3167854263
360212968
1651807597
2985956848
3289367169
1961002608
2531518206
1030514592
3134262760
1597283768
2896451339
2954126290
2506895350
2259575371
2978437654
2774888359
846381950
2455752770
2916494247
2731597973
2427931168
1535201376
1569804128
2597031270
1328686406
2525508297
2455116000
1110478406
1925020688
2432048526
2349601417
2432316751
2307416132
