3019951274
2854171340
2878218279
3084904437
3541741932
3568884553
911706234
105056014
700608762143490048
778976910
701622113543696386
715009685040967681
3324915662
3948594682
852927266
724382361060777984
716756548677197824
222453901
71280219
3188365332
703276318054600705
3595058299
995324587
114106236
713373950651150337
713820159497011200
15063486
314483890
1038208831
4278292246
2408134532
716560498418782208
2690858360
60216260
210555477
713818910634606592
58559649
713373774716862464
721685496334721024
2353584560
2466447313
4889594723
1342299428
224268135
3668421976
105295143
4826705156
710146442707476480
703240366766555136
716788088089870336
781319274
717450678432567296
2464920451
21588316
3068876655
4654175057
17986973
