723517839966101504
724268576706678785
713172228662280193
1165564200
4780907178
702294184502259712
723543699104403456
718996129208209409
4471177573
715614271426527232
721760299913621504
3987284172
2722613941
2393340769
3095457082
1485809598
722440403711049728
722208271348723712
3400370321
1891786388
2202626883
1872052412
1684637454
714902982110748672
243264576
3083072080
720927068784041985
721357155379650560
715934660753276928
715936123047047168
2467595922
717723271916097536
3130857640
721144933273493504
243057875
4042867402
2656848816
720334573507362816
717721710322130944
22599141
721563312329203712
1266092432
4646751577
721106565181411328
714204069276098560
720384371648262144
720038407968288769
2358666766
4386680607
721172996807909376
86403127
574810886
2983350699
4316688083
720767719977676800
4206317596
2792565844
171959794
720992037475115008
717475911453442049
2644987874
4142213105
720118411653685248
704268646596657156
1036632589
708994195709624320
713056857624068097
720074317065625600
3098500136
4497491429
926989776
19334747
2654739644
720107488062869504
3368556742
3361671389
2954463897
719937447379996672
3131103356
2729928980
2527441302
55922031
720042892555890688
3361998556
3287770172
3027362818
3551018961
2346922944
2453627910
3773098516
4049624362
1118204509
1368658950
708838812470910976
2291959568
3428981495
718620247734030336
3033327539
2533858286
713713041066491904
718587725033705472
3504145876
3365313249
2736332668
719645000879972352
316545541
719267901174194176
2335398903
2193535015
719582869128089600
371751397
706271521166245889
3828779997
4907979130
4850109947
4821049205
3135264323
718612154421755904
4727532386
4691572531
716090244987117568
2725684293
719048104251527169
708374884318121985
4293918253
719172050577965057
716715113227620352
1395770412
4279303829
4897925655
1352850883
4817731564
2920967101
703088043326984192
4146264772
703486054842679296
711261474283515904
588687142
710247955278794752
4830272241
2602564448
4051538656
4064199072
2176170637
318940206
700708324782637056
4796858367
3386287942
4224442558
1531854582
703811258428993536
2661460128
4851994763
4842401393
156118550
702130674099163137
3298510721
2477551934
701952279864152065
696437146513760257
701809522369765376
4902970114
3592170556
3118613030
2971602964
700450861613453312
4880106647
4833013085
355260613
4884750129
2906429989
4887321623
2511579295
1465185794
4805392108
3373540353
3233583667
4851317836
2789424437
4721312555
3161978254
2786920129
4881066345
4736127027
4241649552
4826995419
2946880435
2733033932
954657325
3587428272
3052294307
3142736288
4616410823
1861528202
2943985056
4862709730
4461495873
3002284751
3643702997
3734124076
4649858062
4827570013
2208108158
4852014927
4684981640
3430464017
521570233
4491711319
136402916
1448876113
1296624398
4831431430
4804293572
3215087558
4109651835
4424491827
4821758296
1533286508
1463824196
2866533097
3172987071
1413697094
3273144690
3312337159
3559343596
1380561692
4801732335
2163147648
2165104140
3344763904
3360301342
4818656687
3220895484
2902898615
2293427066
4811982455
1901416074
4706195014
4625984723
4535102477
3227793836
4594730200
4697225623
2371097240
4534639893
2432563956
4220996991
2911286534
4462300415
1365230953
3246124717
2401870404
3229586953
3235798968
3223894560
390505648
3293204954
2262294498
2327995453
4768079055
2220439113
4374797834
4332602499
4740119173
2212192787
3242588156
3128579250
2933630432
4716479355
153829038
30160168
3957817527
3373503640
2818833669
4700037795
3955863019
3432844563
3112766680
4705719210
3026193592
4174581677
1581519798
134889262
4034448869
3306081565
2923171374
3458912896
2946707255
999619838
3939180107
3192644683
1042027717
1575301214
3514177174
2960770437
3922587136
3620766798
3124109229
3425392276
3482170221
3746883017
3611974933
1927838509
3632705117
3460004801
3295198035
2919684526
3304008631
2989185639
3224884296
3396794849
3306170316
3278796132
3402197716
3305682025
3402528791
2798710572
3100400867
3303778303
3394885367
3304606478
3296117239
2665151966
2911276621
3248110706
3293049308
3227718906
3400620183
3304056559
3397570966
3304407079
3304122306
3303673124
3154212467
523308452
3298615969
164081884
3380801129
58149696
2850461482
3180283523
3384832954
2713163408
3310635352
735771798
719441905
2998906258
1592829360
3381434320
3360379725
3198074881
3256550423
3237481030
3234670055
3087888853
3145282024
3141859432
3159434741
2342814775
3188674714
1364314058
3131333638
3024485842
3097109588
3076175748
2931506610
3071071908
2996464329
2948660524
3041756908
3040534236
1265569886
3043086616
342601720
3038627202
2753095526
3043979775
2330609064
2917921761
2380911246
1694802560
2923038929
3019302286
3018587801
375906306
2999185234
2798854881
2884514750
2905313465
2790887367
2881996468
2966682911
1975957556
2735285385
3005565692
2897216533
2791910042
2993218227
2409026828
2996926739
317022139
2863458219
2974010057
2741993561
2826701050
2827107992
2953613770
2890413341
2814549191
2887362485
2856385445
59973204
2899785686
2794863516
17230152
2875940138
2855495495
2849107336
2809680563
2780324692
2758521965
2752005117
2379160310
2757000730
2802631801
580852591
25457338
1654275134
2480566486
2762280612
2724601975
2790585559
177900475
1168123651
397468659
402972925
187684405
322458141
142666559
473270204
346784012
449672803
635497291
410101696
350777506
389505439
137154962
188971868
741192398
250428701
243403617
866598883
80917367
567600033
259668762
208498102
475328467
447148335
419417550
378415557
883094810
360239192
1357027662
145742349
438591623
457399825
332938431
263254828
56537131
1188894049
438546569
531060999
976252704
555269797
1019428044
58158696
319314549
159767464
165888185
152319672
76535087
195292224
953284447
440874486
203550540
96195555
377414151
138422133
367011479
269801586
514136592
15551718
89831519
255579733
180009237
298992563
809027640
342726758
616288479
96599404
325043196
1211131267
524647144
605334036
370595106
123888421
96021255
1189849476
202305932
449731893
73939058
967162382
477435866
428516138
26808724
223560707
32468153
340321437
58626121
854286517
159454895
134088107
226978390
233780013
501045597
397952034
1330650157
246081867
234521299
295432057
206397748
183570258
402903695
130231215
217889429
226488309
561249467
166278215
1238047489
534382023
211741642
545404127
903792859
297550050
122407217
136445337
354924014
468643991
44989589
146204646
382600080
202282708
205483664
223564562
244084135
500048792
435070392
88667390
185796573
486557184
251777377
93915015
398016446
1295375532
54388088
636468581
82670351
393312111
586774331
39094664
595555369
106557025
163796910
337186311
876087517
732969271
189913663
154346304
298070535
323695170
152006646
574602934
326668587
313436831
178711473
830748403
217384794
333703961
766531262
151436242
602212731
397253554
711678602
238283013
564073857
361043079
68120507
363290222
359851443
483946120
369454317
106190503
216417894
231201114
481479290
592519186
460490748
780868244
342614161
534400376
84729180
217118744
947191766
50036066
152099953
1183097905
256695385
406439971
280505237
130911593
387203341
250303195
824479849
270632297
336283038
438457547
391984004
1318754226
110864460
236072587
293109730
122668744
477715790
190292623
305095490
1320974346
327488894
229122410
14473708
373295833
573253180
406926560
232674562
410023193
751991528
298673945
303637608
298593146
461343290
541018903
1028778469
424939639
466992105
355321930
923175296
759003337
177536470
113945357
451582932
296535858
29825260
260663110
1309505942
486015358
392569178
334499177
1218600770
471843037
588376669
633410613
96523148
293087171
197202683
192720664
910611104
626309706
360649579
507586916
242974923
338685103
165761167
1111067358
387168224
121257255
425683618
174162088
59152559
84416966
563628632
952512468
94634849
273012880
102973456
864221377
417207786
67139386
250973257
211637549
180520538
1222904761
1099517342
901719397
118531637
284153644
75608848
381804323
281129395
312880182
123830736
253208219
398338758
538230786
358172931
242072264
370078252
316356858
998615137
76514166
223680184
512984142
733613840
320832378
335080256
408304546
116773666
414005376
1342387495
341167979
432796811
94385087
146909212
104150647
606488402
221908612
359322013
501944047
204572465
95249978
504864615
265727722
216584404
317319844
1276886827
228845334
368474063
343250976
90435262
521531018
1204494018
374441840
91646299
38084979
277070191
1330244882
147258103
182992698
401631030
385016631
23918179
185120364
276024653
759306536
302505274
619977794
163906163
343994510
390088800
976833480
371653551
113186301
365875316
246480828
817096490
422649442
288182246
1213225345
261146510
247625036
185401206
388493077
157749850
85645252
70464648
912365377
897711522
295942636
18517982
114594914
1337505960
319186020
832277660
273028176
407516040
249839008
707139386
563847616
244250042
279329779
724867836
493107085
1034188878
433957803
382646105
125854047
145459426
587169330
457587770
282110443
742204927
845251230
454589701
325588281
290637109
87175513
252445142
384478024
73782848
357754500
173006387
382822774
552863727
158195238
313144278
120067484
177281008
154514237
430653789
402892302
363714195
486677495
302107989
903325772
53705621
405449587
230025867
436038094
721872685
207398389
303811622
507110269
383661521
184654070
70183065
1060137662
153210002
1366090105
1245544783
227016514
443846671
404732280
400806189
1303584240
557056134
315859531
163796808
60804611
1284564804
530945127
268394471
418142444
242833227
230789987
354475962
226369898
455144974
73011487
920596345
239016694
252407807
493716250
160308717
300368164
150498426
314104625
1229262577
415334850
297284321
402332902
516490019
170412442
471810679
514583107
902500182
458599422
150744942
605633709
292786269
233842224
386759995
118951907
775111796
570739738
753805134
792667722
463539116
169328718
342226815
632680460
165920389
831328153
268851480
915682008
162362278
114485114
462620309
250966902
1279587278
164842955
325690528
181114185
366445280
78195444
342595809
341406954
871820886
86645233
278744105
603743719
599992899
468241565
1276660890
304035245
1072892749
76453605
245632081
721687728
125412513
508876519
533408351
550238660
603076608
437846971
319134566
781846922
407116936
279044673
755799806
346086775
438808043
501731095
813800190
102410738
121509668
465688726
365141533
532692456
136417617
222166355
535991601
457819926
438375867
135121450
234313310
327633118
358157509
329139156
494791657
223635050
174347480
505068210
562424858
283127488
815328606
613658097
184414412
418874110
452187346
197663878
515960607
141944362
252696102
525382659
125118524
402754610
1323135415
613216543
227089672
220850915
762502418
95959505
178280689
376307798
504290292
309281116
480105069
743505932
449898758
127511515
187587094
389229970
126806542
65492463
17018823
438249050
403783451
1086264062
113733515
80593902
312219792
135895874
171104896
486044041
704238991
286257530
410182327
1188955550
314703637
260722968
599699829
102057826
575026937
169690750
419109120
735283422
253598611
407368887
583732982
352165859
304830801
49124960
408572141
116181279
63862964
865389362
212080520
327086262
318118258
838692102
175838769
627469668
430717999
438424077
235205020
45306102
623848644
499502896
150605373
221856309
784341776
518881373
244041950
178438553
121703128
576141878
73393621
569752407
137364264
957992868
610612028
792483638
1037730008
51205881
449117821
353107975
1227210540
256571645
351450986
1001216743
205285206
252898896
385993151
380406002
166459963
915131588
116883924
139780078
288787990
634663741
597263315
385437772
994706449
242539193
382488105
82619316
189643277
528559965
1262509440
372447645
944334042
884794999
327566334
73163984
108646558
83961705
333957684
61268236
158142591
294695466
599680776
466844533
475182943
386922331
591827973
337745884
534856551
107530378
336006652
486467978
497755812
179933923
366993454
340353927
400586600
475749035
117861856
34142696
704784332
459219476
255073331
597674827
76421933
167962823
70688294
361202723
316512790
554067050
178836317
190129506
310477058
102061070
469336677
1309691509
847984428
531877399
479556476
91679661
131167843
160979971
149592424
288889939
76477373
28906077
125525228
1077329862
946440697
219866422
849616494
258682709
588213728
248163205
597115058
430626683
288651589
395957858
167894441
1108642166
179756272
529624072
491297200
380812595
94971923
884633148
422083422
396674730
235202527
628443346
79867525
186898023
501917694
995377334
176674255
1215481262
807120774
802580936
344290623
995035476
621291839
15971703
229574514
753024510
211539737
53400747
700837284
181929967
321515998
816685327
106792688
105984687
315648637
594104648
354914921
858500034
258889367
24259152
225094360
162547159
261209658
232773894
1114784119
491134193
519552232
458189669
933722730
321229430
184940624
258760333
429752071
928918154
604542016
533989543
349832069
975982562
331872900
17354861
602541726
372564819
147968452
437201827
603907177
290388039
224022659
302142849
149595967
556613535
126655069
315825051
168807671
488009282
151624130
371964055
335407661
211996367
138504880
396654516
1112459731
229179349
591871443
428010319
461093753
376311326
126282917
591513166
418242022
56914349
942204752
91550839
359176251
325542329
199335838
191215046
818017040
364785102
357109373
208952208
712705874
1060958742
57513108
59174093
433365922
78305834
275967633
289920230
389291084
185355575
345696823
339293133
409347740
266860549
331679256
545179065
277320040
172494492
60199643
131721572
330974446
51022457
789064730
364132533
133419659
57638896
179857242
53930359
94373256
139428614
326614090
587259600
431592355
106367572
459296365
397443219
169492825
130622580
502387336
132506025
465675723
339795612
920449406
347472603
468170510
607969032
1224234692
24692816
153610670
184812719
238962489
51982801
86058450
67710166
837875592
240339077
600824680
245629223
593931960
117798105
109358277
540123092
551596901
146424531
312140853
312910653
304252933
255138979
119683929
1024071848
328542320
899711101
185636844
547585302
705288276
857564892
142218480
403818523
552963076
356750814
294683350
464921262
99698815
251100471
584575630
359355159
154572405
1166999168
193507387
461055337
40191751
93331097
285738437
422002274
312663239
1291230390
268760964
87833095
108256924
260061640
223237273
339169883
143273725
550848705
633527278
448817054
463646437
258126781
343125312
123218011
485900559
205518845
609018579
142965385
311624483
362116354
421566938
1248494941
59801407
907829028
85179798
913508460
1334399078
396719185
278748226
141931174
364141739
1127410555
248396236
40156224
300374403
622548394
167157927
305289182
392134844
768083096
58917245
389952180
493794629
103743164
226693684
295191459
233548628
514570457
141871204
483353604
309324488
416637717
484270057
856082521
237932681
296481608
782041352
238753177
60591754
58993176
513339943
143231088
371750440
422895398
425892223
191064270
1239409554
748452098
407542250
579876657
114447439
506981647
386279539
387254231
563861864
194105365
321157344
241271852
295952383
221783490
419570233
375715465
104527671
362760342
945338274
353560415
599357617
873566978
172690326
543073249
1015814413
321237033
354273869
168456779
420243572
31264730
417480903
301838764
406785593
227401635
614317612
106590202
718814826
150794974
455751925
262166235
220296248
198748669
167684705
483107666
379933577
1246634990
231152949
430362567
501224862
441019199
978956792
307129467
129958247
284236764
503465450
289883542
521930750
191620187
444814976
118000744
1037307986
300647602
483664077
519802599
332797461
729908179
208856451
406635198
512559592
256036754
747706476
477851994
158926224
372088202
363949410
196128916
152431864
363488933
1310902632
190311058
234284092
180988460
1017204000
171197662
150443915
544107184
326934212
108457085
302200356
427308765
343483399
459873712
156269146
316603525
375585329
208040470
434067432
615452123
290660162
952410240
739980193
859666356
331770710
458152831
14992587
186883392
398652131
234468778
1016133710
402598741
172814439
210010528
558477690
905605615
71511209
346525570
750664800
147084479
345539496
119080940
306967140
71293268
234026049
1118856602
599185617
747144110
46951892
304379142
440297201
564951207
217712668
496019925
599268997
317610353
370888252
1215043004
218557395
734831281
298916516
94323827
583731896
872656208
240352183
748779187
389788648
117491888
288534928
522324738
97772672
237431588
600817340
167605605
232610104
517212974
332959783
524469826
225572149
147163627
86341237
602681728
120623348
921806672
417461147
117314627
121715791
403725553
470938251
563859977
628546711
533096545
328011925
307915538
265612496
119077783
254088484
59523258
848060233
163630790
380270834
573999148
567647485
886340598
470486630
44420280
328903530
264736804
196222521
232673478
51748823
62649385
357456937
585570851
389981057
408408851
558845708
179176050
1134677642
487657170
436428577
323487319
337202128
53022687
536157912
395986258
351257442
197431309
481187330
587314373
625162891
235922454
355146144
246847547
230874956
615114201
1045617624
435033845
454396827
724565730
344115782
369839427
322983045
328420230
496297755
566424911
81139362
181643143
534478715
171506510
149649265
239511825
213449566
195983467
194613670
109061953
748808718
241262734
168050978
520025259
534341796
434875714
308237167
539140999
871551301
543312237
524514659
371754797
617929698
375154487
786213530
351866359
398128119
540729818
159199253
235535094
465577168
176313448
429631941
245321873
557668455
416818399
1027333172
45741102
471435459
708800198
140761003
331717279
213929770
863337926
606204563
291896396
248931400
355168763
537427339
371448374
71765123
597268367
483432383
522784797
66847595
181561608
359678253
388266492
180039214
468384794
252015579
1042496264
121901876
522433010
484690011
905746136
225075819
446464665
190332027
526147074
550325982
151415434
56124319
331917923
484984505
323803513
509595187
86210969
327963623
314466648
550094239
518333447
465517571
212323931
385462560
129223456
409667847
567201627
769199929
228765226
362212028
242629373
352386137
629288569
354359558
196167472
170197944
584943178
1032925926
202887260
217532949
382994347
211875371
463976414
70774136
65057194
491255029
263748455
368361544
320764262
106061566
49506468
211893974
31047796
76126191
1073536688
173610874
365071989
193526348
353925981
408305410
618742157
1028490606
756639912
634216541
395109555
345136497
156856818
229416349
571336833
320980713
548309341
728825316
940956642
480608824
357826744
423540184
84621937
393320054
273549842
143450457
112790251
968777203
16174213
1226926970
834293504
1010251375
727166664
771962460
117184906
407620582
49207229
413048792
308154844
829680024
82205705
313413854
436872070
1253750593
179634285
458502221
440101971
137780136
324628250
110985404
142758568
226010668
335908752
159519331
162564685
362850494
965417954
79868822
482989077
628141132
1246516159
390614611
341065356
71758860
353958603
826849830
360750663
390798205
48327564
157870343
48347998
738283430
626168578
127795654
826705345
18445473
757804644
461972551
591973988
339124382
171701581
242534431
368771282
391578424
1166708888
399451256
290521198
457661918
425296010
312861626
320393931
97906303
163187573
295810852
493071783
109442686
145430271
191590437
498542905
98441452
338775888
267999669
1276061683
194409178
348982759
116306103
212491291
407543162
618313439
116093611
459396289
283198921
636875075
271165230
177067182
298201578
705682896
481576894
720057978
330273038
411031367
197934142
817402524
284353106
282515680
522039685
150339493
759646159
265626844
323803848
161471901
211616091
89428402
296341757
189764092
46211995
127413514
369565652
168197564
147729005
86790039
262840131
230713504
356212321
458263639
157222789
168692545
508692033
1035449598
476809677
543186987
320376099
154263899
227852731
218243953
476667660
410176200
445612144
617335143
350007057
556285952
368292294
439960548
182479920
375631485
902366394
591924904
156691509
164374226
297796664
533992646
327199007
542645933
1245631158
350077413
438358674
457489334
334718844
298658510
622487203
293030492
725541396
330488165
562769371
258574627
266677541
140072973
268944790
85742511
513294448
636464618
462359511
92248701
632611027
171252531
154885155
746782159
528972648
154931718
170822877
466054264
473648289
539185567
249042087
1044880722
1037294852
214475876
437047116
229010016
240646675
572292148
264966471
802150928
555011710
476200652
275018075
257345843
255952019
65681485
1124060552
517296346
526572572
501821460
182057763
568963007
160895425
141587347
18171918
106892265
499894535
163026352
76705487
148423486
545192620
33400066
968963539
405636577
137577354
288942861
332393786
89201934
19118610
87469196
295044515
314900249
159599033
36936274
231476968
395535531
293678908
445399243
186376505
200410658
332449264
190521797
283983018
408390754
1144425618
623834187
161754906
135011840
242804395
366240682
588528974
811001688
85990588
596686427
137722925
368990340
845395836
467117716
599243988
461462238
53422656
233328182
153095769
345934578
264604118
466084057
264619532
264981493
230848704
74051054
178020105
385152497
479538725
261786847
763118311
164588701
232255612
1055408108
1266175782
805710552
239674407
179983921
872512046
923714917
117313200
614631568
577426546
603005627
362398362
240438444
106814499
509213419
383819465
46406164
50096926
873994392
59954158
193175783
366909311
1146033582
586542160
120168028
322603625
73092106
479318194
436105123
485860600
26361531
98213435
263423681
367039115
1256982422
937372332
301943953
200753762
174286431
1037103590
371466163
576612133
262762526
250259569
267665870
480479639
510338594
25770168
74448461
134263465
406320576
617801018
475563184
279645683
233392404
145570839
80433940
546091666
159861092
229415289
615388273
271388034
332853996
201111663
82294053
113981544
523723068
603600665
596635394
260749233
126160985
85074745
505971980
347678227
143410275
383323760
193418003
283708064
515327182
1186638168
180249733
630635229
58598176
616392041
335511452
121398225
311038937
78568942
173810380
594179519
147248300
636720923
307070065
301091221
1129544130
310996387
941923495
137819283
586021148
458478779
461952496
149440550
581130666
1048168100
365949309
150459710
452594618
134731456
375822936
819328165
400908855
548332639
479377790
51742623
330603960
250521591
334283972
752804515
159559695
142631638
282297738
105174014
188395101
475737121
242927076
863334066
229530687
222891679
972670400
178930835
479852424
116496813
338967156
459381702
529537045
163461335
85310181
383207817
161976236
126856034
519675776
283649714
185167251
462776608
479368906
533417415
607649290
345017661
252026521
363731378
79642902
562078064
304022471
570330773
350554488
592799703
517804123
141248400
548575246
163438456
277422611
544617198
1041749678
294031315
511925705
113128291
464710993
424862150
189315733
1142480400
528162512
150427595
310824638
599629478
343369714
96985498
267507309
401680108
607296838
225953353
521103335
281779763
264215339
522047222
802756249
473144046
544510010
285874728
767275346
157981470
824189552
241493276
17199485
147228832
127965287
977629466
374563990
242996154
253131229
299847784
700907372
158819563
309239155
203670156
476111559
568418314
291038085
409997661
110659959
261822939
226593657
265036131
160303762
132357349
377969037
571611017
33950122
359505140
418886644
369322662
741268244
341199168
83433813
394727480
402302097
367243822
405575933
267799967
321545571
112843605
972733891
392679326
258832826
24744935
499979359
497545957
256889276
457400091
130702354
351780910
211138013
146327259
140992847
491689133
531163973
739930777
116764696
310402327
122995699
150664572
1144878152
316162050
174394213
226237014
565572394
210583009
495366418
390318942
410876177
489089205
78555441
225078879
944658955
283235956
515022841
143179082
54865369
297223213
335392766
723421388
75893196
382242905
114280008
308085570
33290903
478448041
455760026
445853510
36103802
773484032
560552481
321802241
170510982
501490112
409786612
199691336
56580421
80300397
104381905
94882408
1005961188
401918198
412197759
223996461
378108544
497759324
350781354
452416842
178425004
881829740
340295438
283073506
64584110
524585669
392502591
359060680
238646859
749827622
332409708
477840015
114629814
409785150
168346737
437787177
621157385
174813116
366010645
607943680
831891865
134301879
183669157
451204505
538425943
141955922
594489442
371940363
184193610
323366708
454683385
239297344
383374655
141124781
448801663
978695402
390407842
206562618
402977927
365673675
70494371
468579437
89571506
183986153
542377287
1229119777
407134975
191411691
272708350
144571611
121190552
406775062
413828088
313252446
379844967
245172822
475298828
800934637
618157061
248050995
297799993
855958285
627393733
182784109
319798334
424551433
320902278
588383523
244949597
109313189
431455909
587399963
228496422
349720784
182841275
397414471
847125854
900928584
362513314
936339529
169002744
847890582
362538463
186886897
769595826
441532280
154851753
107349703
21785929
626976629
75071046
188092383
1008366391
302676228
861167263
174506729
777917587
422573753
1052957700
376820208
87723389
385243841
401570140
339721547
456556339
435139986
588727472
292454122
486523322
267877969
305723808
172404438
939436620
186863881
442362959
278979079
255251726
879753246
296245924
317647434
401998544
439504285
598269327
407145183
522358381
412834637
228817869
345145221
294045179
292978969
102065987
451202542
18482684
372518819
386108580
548390358
194932657
300945115
244493935
57230855
622931560
557403887
242139710
107963210
316394992
509055750
174211660
429375794
319558977
289927214
703456932
152749821
450079714
245051783
1273037310
1224844476
163556252
387867854
863340062
400134207
545770333
425854985
449247055
314098566
229204099
549134542
312274707
433240048
387105344
341910947
230832001
208153337
286597059
623296396
868873291
300684449
132361886
263077048
1074496502
367070309
1199959778
242660790
574604850
195691434
224786060
992125244
138059640
590783390
1166300947
193213139
446242255
631538296
293291209
51293175
767915136
544602967
623504172
256218422
279243519
247203486
1334754318
348689888
134544044
185306156
307656105
849836923
547363470
759079626
325960663
250746181
174612506
175922247
403864997
1004885035
150488945
584758538
545088151
500920507
53440628
278095605
289891417
399259133
320142329
77572997
286012928
353992186
327862974
245466772
291749605
321223949
860422236
247707249
294772696
167060217
330347642
615996363
947200536
392817452
469051316
297305236
228775268
126496567
452312667
997960015
51944897
604950358
436877201
89891605
306760980
1343832823
440709704
206064477
298209699
930324224
140227556
283452109
621971603
1090128708
636131596
519367145
130206035
430709826
159661671
983769486
455038097
435907887
497254149
159341558
175702728
18019494
213063712
264421113
295668281
263152458
271677077
121137943
67132965
165906446
566543225
249235686
880708908
185440412
543419794
303255307
181675485
239692260
314369850
223849338
775639184
451407914
477916433
161253705
68985633
75247759
86502956
312295594
184851796
33290396
587475530
1195241088
211657136
408626433
18823937
371288657
387749639
313288642
505745730
358612832
468284971
254682465
314866379
599286437
299815136
485934678
227579967
74215420
395511774
396763516
203610738
565698786
263364465
64617074
453121585
110119725
1234472509
92598260
305574754
474740019
107698169
377999798
386119147
557230900
63524930
628587095
1197524402
69366425
76936063
597686871
120796613
1212780866
601051871
855053917
135622719
434177784
230600473
232967937
951092996
1274220739
246384877
212906532
895737858
355491982
528272151
92295111
410535604
608804787
111489608
1253690683
391859185
367798860
567452606
398686227
163213971
776528262
238525741
132203712
462594482
163383386
743341579
91634887
215114455
181304952
746016115
199671577
878507556
293875664
514533466
987592818
701054120
610267962
201151636
396694948
860748386
1192503344
169290632
410649882
126827988
472029567
293593112
955598844
247273989
305087935
313908215
458810645
620248743
308884408
355139055
462961693
300937733
388339790
180645893
498128769
492311796
269524043
961958149
321503505
547008063
109831667
347372611
95332476
208702973
339127352
71184951
294955992
175580179
505628257
169140038
77541176
790841479
166359117
804841423
187314074
521898041
884395848
130364695
134427776
437444919
763788758
157777084
207525500
210100093
104443502
251123728
156506980
206069807
239001053
74428905
539838116
390651412
596348547
301603282
433265986
322825233
375721048
34295186
138147654
369929368
538955615
563896111
388054177
430499417
481828444
551077720
896923153
861158784
358337616
65926136
360126886
288740934
548361805
363384865
332711269
252221522
917179939
615982454
408731600
372778670
184860915
598483935
321283573
330527641
95007594
42180267
228074264
372203081
170880412
189545072
1095368496
1314615132
67013946
136747423
362744275
85541198
306233885
59417804
120619269
549929180
353886563
147611268
613237561
325203682
384225029
189311044
319408582
1241947795
385974581
348399620
128969608
352401391
422250731
294413583
324165304
77957399
492253228
797908104
608095142
382701453
152437154
223945469
254285714
299031093
330282618
322132835
107136941
270180233
544532562
479817515
330638887
160208795
313247004
205361740
1011574123
85898893
921107028
246288444
568377199
150767546
371903192
220884200
130690539
157091289
272451528
140874802
209062058
198117887
1051992547
1030463684
902449050
184099504
852192752
221673713
489774637
560408178
152414874
152808267
361766258
161859682
361733806
358475819
84583531
357828036
317177568
163806352
135584745
421972167
361414587
387939333
204019714
102963115
209566540
965967782
72979675
161855550
1107887389
105081669
121415855
344269792
394229371
154237399
217799272
524245250
42466322
468209196
1119970315
371381444
220689177
221174125
337973692
337607162
191986036
1253958901
1338271562
95271700
751668534
205825889
566953825
341634555
1145193397
163854726
952007322
433388360
383263731
373559935
330962732
225904844
469944026
416075500
235539067
324793546
230343828
380851815
311607611
793564782
713450203
60800011
724514642
218594491
321194793
286082360
400619408
203375128
158412962
514238374
45283966
422118837
170476426
487789973
228849855
1203121267
146653442
295929967
313517034
413981516
217600027
66525988
604104118
387041858
151316674
349598717
813710384
112576888
151694956
527279458
366022938
479440073
438599175
1037287039
1035246612
719324707
335259506
223544573
281791102
247323405
178003232
1272693799
509643336
505653564
101032136
634567257
550431237
355360687
1311748350
201542100
291837461
566310128
1260145958
266151550
966326318
276509152
577271777
150276710
176859302
85008487
1287960938
90655860
167942672
211225959
777760410
406239234
427252022
747750404
145239021
133933166
406947788
82791252
343366539
41583850
1131904219
248442216
406591980
42940203
331146985
253903196
331524718
813715920
242053655
222272068
309597604
217631046
477836940
247334663
84148905
194205652
307138483
233291173
169108561
361373845
303336220
158827471
374386233
38896964
471383073
848158968
293992609
748728176
171213197
506337136
327810632
105673739
306370501
103704413
174879723
126034807
223033851
365260552
208239545
901362654
1328174108
448385217
109306457
219988420
405641473
867005544
958108777
287389946
299658722
559606384
943120369
410909914
223634693
96408898
317845378
802830769
146265460
275185049
128608513
405689173
317871629
204266571
119563082
390600923
110789831
396734262
201225062
376207466
333991800
83423878
57608574
311561629
243061091
326265126
122992908
203953290
254236446
155253035
369552278
344707726
269308701
182917592
495858185
403711762
221628149
187027493
512446251
327226682
538140260
339374321
312233417
87582642
394658720
234132448
221424386
543434626
370009373
273458831
493467862
821682848
252472035
462849825
118746845
1103034936
588610730
866176542
403337110
1172787427
794199246
46006816
245831400
580112042
620567501
711195276
433911549
372259156
127182100
484003970
301584333
179721037
143412372
216072403
288189547
634039797
18693146
180497204
131787610
196325088
288712599
16040180
1117657238
113160199
989425418
391437627
176114948
242432688
291527127
19614963
342372243
465895793
167964023
1039053415
228521897
88805287
54970949
505540666
370075003
704025216
360926027
883049881
440058735
256033862
198840011
352467544
46102557
209341333
241405917
501233559
1048890824
104231805
369096900
506292875
99311405
45238369
294010710
201620597
211263867
545903977
264364053
427498651
194320874
145468088
739335632
800205158
369979502
303688453
334068895
102944395
1098703784
232995527
474625896
473326596
311643517
243605468
139131020
107183429
167680516
379584200
94832568
11772532
357382462
453535257
634367165
377978148
334765633
226578775
534593578
605396711
320879819
516497979
144229050
60840464
214539754
370496714
24197090
126752022
489595966
548350763
589351734
142756511
779961578
626560666
806878506
213105157
315249443
528587063
181183227
302210640
294752595
218061597
484032852
422168730
797704058
286842023
147289785
1341098598
293094992
159983244
945423704
40268214
107554099
336871652
229537708
287176453
778996087
275079381
84800247
161395044
114115018
287418841
196770350
358298267
917011236
404536296
289489083
173077223
349397192
251028452
205183496
299255476
224300314
142017569
186198159
1285912628
476671714
269552115
139623054
385142023
172095950
866268751
1201977175
449256810
117424276
151497585
96584488
211912744
307448765
556873719
602303495
434865637
100275194
126834741
1128534518
543444010
341800881
760739796
449136499
311863575
87908725
270297145
634881927
620193180
1189954021
315552978
141979773
454192177
358827646
623300187
364761731
211140065
194363450
622588386
37952350
138779424
613731776
318386380
388885901
210992541
14883443
163376560
121734036
170715253
308978105
703167559
169466184
357315288
57646741
1008511309
309103391
322065206
629796324
169501591
295133530
226935023
238599672
238677837
350161683
264546155
617738622
559270254
498374580
482711953
301418503
29014334
190732712
617752804
423806162
784958059
602912617
143617758
279706005
433317278
143248821
441653659
430793444
352311490
367251216
392605403
200450400
635080402
90138797
249919824
466670144
176702942
131407830
337261192
136346910
253470682
181769577
293702736
312241101
310506956
39831974
293318258
392166103
468582316
213624933
242488040
782594166
101721285
186271683
254622152
129226591
876464888
456739660
155602224
231855070
170006987
106113354
908132089
99341773
52576169
129242775
289256834
281672655
462068091
235250742
57779584
376415724
129873983
368804160
246960286
65286907
50846355
1074209054
122741449
184099134
929073655
1111025112
1207885314
300895928
389543550
151951687
302409192
598237347
471292133
344539885
50041901
145298861
767870694
183773646
119714371
408868221
238262473
1139765095
243134918
42122071
15385196
283530663
111682408
252318663
393597599
89525720
524003749
200976259
356101290
541002505
303701117
335811477
1039970473
788815016
456753578
994419548
379129361
66461118
210012207
310916192
420294656
428131572
506449305
479447366
295283166
127733872
544560741
308994912
414652006
268918599
111918890
148661161
561037969
51607923
405318533
169642663
41090122
705651895
268444801
100762451
1148134010
188178736
356846328
395768515
401455900
631500378
68372678
1111652834
228080399
124306345
184298887
256641133
201521859
222646362
86043760
497996814
837843727
118695266
216209896
629490659
409301384
134263476
537274748
445564932
609779444
358848923
375789043
99692827
175547119
192021451
279001309
302504171
374695217
251506622
934160072
497307824
93742854
217374020
496731318
569300693
347382110
717020468
465183271
172455269
90568921
563209116
606141670
51070830
821770063
52840586
181688015
136559974
514156375
353143776
421509744
568291172
522195231
617609943
239583841
155114155
603073526
2319317958
2757134686
2207535464
2688757578
151176472
2770673780
1333153334
2772436087
2182525455
2667897624
2726400494
2619014980
2705783760
729707412
1500372763
2704886384
2740096318
2742646473
2742552761
2740354031
2733276443
2708433925
398081301
2731247170
2686680067
2721981461
2674504680
2664441283
2544258768
2536369186
2411859842
2279812777
502347648
138954575
2696367809
2459409135
2708607647
311416491
2708638061
2256905054
2525805148
972623965
711117625
1564916401
2286793963
2158215886
2708142083
2708088021
1609239602
2421573021
2637763322
394260540
2366571678
1730574290
2707194358
2708308361
1569588888
1442085564
2704900617
2639866326
2616506496
522616359
2708258956
505566448
2588344394
1464436154
2479327803
2708213633
2540105482
2302469488
2639131772
2705584623
2691058659
2243401280
2696074119
2189542034
2635535653
2224086827
286888490
2707945983
2595534213
2638862455
2638995138
2621784420
1565138826
2706634691
2686633492
2707761081
2451774410
1765832401
2328238793
2629097876
494578935
176815752
2458918568
2563774516
2638439220
1223388924
2707635237
2222424672
2678363061
2597767057
2205183640
2574767638
1563598778
67676254
2569246945
2421159193
2605409139
2350020224
2411621857
2579224504
2365744507
2287733088
1726594062
315824166
1549312838
2520257998
1955178084
2497998995
2475137704
2168590606
2236088210
414927632
1558876746
2440592571
2331145151
988924140
2419571599
2357109532
2452041837
2436508491
2284476234
2397699102
44713759
1880946973
2405091050
2440453901
331518088
2414024388
2258169571
2273673979
