2659696782
722238178363621377
2298382218
320809752
717196167378026497
2727390226
302526547
3171919421
3350584449
7386932
4731349694
3437405667
3133902228
904987866
2298526787
2453985834
2261808925
3750854967
521669982
3272184774
313360515
302727349
317474345
496397602
3303282883
3396470104
3383748389
1584639133
2352132150
3021140339
83958375
377495032
3060988109
209130765
2937409895
2989852387
3016398208
2610496069
1058775289
499902787
2940877641
50579320
63155859
2916844766
2854765609
2909324877
2796544337
2905896549
2776370950
2864326354
2851357128
2892237864
2863190794
2838579915
2248322442
2482966445
2875209301
2874201049
2874389839
2873796709
2866526216
2863596708
2799255100
2833134158
2782607363
2298616130
1195196124
2763040181
2761635641
2187561203
30160168
2672616698
2743812972
2779457730
2753714259
2775525774
610560963
395442609
2750733309
2737180413
2709824768
495145622
2604033156
1189254270
2571503718
1375077852
630435518
2493365053
2275134358
2472770666
2280219092
251638285
2183396081
2229577051
1460125646
353912638
2366426185
619704940
627848530
447620543
453153331
1535301470
68283828
2351507617
344991045
