102108884
2466371700
127936182
725582125446103040
3762467472
2208772028
4622582781
37599351
4624321873
722053436313874432
724327898992263171
723838616804405248
83963814
16060050
141189815
721573452646334464
721550924582223873
4676720611
721127992542511104
611232085
701976803829678080
628520399
2344369580
717927667215929349
2789950435
717447453767823360
478935928
716618033473544192
715012374294609920
714816112840597505
252300935
714411740277121024
714031626280275969
353514719
713386720536956928
713126060347424769
712956821007413249
4499060119
712447072440619009
4740235877
4409124612
710741732657405953
710109538972606464
709130880489492480
708682732096888832
706984158338408449
706960192450260992
16067064
60784269
704067488984776705
376332518
702158117392539649
1166482778
2827402841
700717512669794304
2301732101
700483004020359168
4580647176
4899163509
2287527962
369609183
3402447059
4857326973
223604189
4852892056
4826171349
4839759543
2222528977
4649335756
367319139
4820568333
3214453575
347854058
3245631819
4739158094
4724870069
257495170
4715158696
1346924263
3334464262
179750262
4578260713
45075781
4671090841
2430010441
4622428096
4607879962
4653059023
3253630584
64430696
3135210183
1172872429
4547190673
1465247803
970617685
4437510916
3306186921
4428810928
4422496041
4412435535
127839157
3568041375
3107844032
4353120869
3989179039
2891717926
4301862615
18995412
4220214887
2729693125
3666078676
3373675743
3362485257
3676883783
4222252468
1698484814
4203710223
4246867094
4190804837
3243107825
158438031
4174270349
3918662019
4165718303
4158586288
3403922355
3063986729
376320295
4102822787
16157545
1147724990
4086573615
4071614897
4064600476
4060013056
197025118
402859066
3910445719
4040803155
4022423355
3129141304
4010742567
1381739076
3153065246
282381885
3974034886
3906458654
3964622775
318408737
3877445658
1073188254
3928737802
3917680163
3830050153
3476291592
3801191060
340950341
88430702
74512209
1328474035
2160260221
3261736215
3220983384
1027193118
371197496
342977614
3781509197
3242399673
3688247232
3776956648
1647974455
3739931313
2805803893
3242547693
3702561136
3692066715
3579623052
2416234467
207382581
3558066554
70672943
3606078929
3510696734
3599964569
3588986781
352347940
3578415676
3482435420
260763309
3458181492
3540880995
1439096804
3418723818
308009481
3513018021
247834196
3493732635
3482816242
3314636474
3461447543
2190089297
3356289493
26440268
2231245638
3420273533
356162553
3438262229
3435885652
11327302
3433765283
2450049269
3421913620
3429331594
17228963
139274488
3291464814
19713521
2872343814
3378043335
3295830126
3411772510
1571705084
19031450
3405838666
187179104
338544234
3224624636
422838784
2598358850
3168002043
3397374634
3396921861
405333927
3393530385
2900591597
2416337352
3293775836
3385049285
3390442187
3390249537
3284969150
2914264394
262784219
3380713570
391939132
3281388500
3280248397
2330340402
513439941
2538320492
23949957
2586167756
1887456704
3277042308
316863097
2796544337
2545027398
2509249419
2448783236
3212873138
315002750
2583764142
1184496192
2277800833
2527828914
36191836
3043579101
388557210
3244123571
1303233662
1359040722
1957358563
3106148338
19687157
527334899
2918056465
2386615373
3230538052
3187555971
389044806
316606757
388296115
2970631996
2538316141
49518404
2904362477
1177584176
2654106110
2426915011
1173908863
25885519
2251495428
557333306
27797476
1536399169
2789889671
2728264865
2332677588
1608707798
1464779923
167215976
14210346
201049831
380056598
3267417848
323998274
2444375096
158063632
2219618934
1828463246
2583731263
1376884580
132670510
3124211590
993227486
1633839500
1280976428
194256016
3262538190
13492552
112606608
369153705
167113045
15055909
69320237
423293102
2153110063
3345856235
3345663724
1435964532
3345304469
3344316299
294207022
3342917189
236632200
336603208
2435979009
306406461
2773959433
366812553
2323556078
396320889
3328254340
3289775489
769912584
3127049842
1310856325
184477052
3320746540
259689332
316181803
35281083
1116774384
291513513
545683016
16381764
90541262
238205389
66014993
299900985
3317452348
3241261074
2963099211
3313681263
68137157
2302468187
76082740
16580053
3306133493
2957931356
2464881378
29281762
3226666666
3298389694
3226569606
16588858
3225717866
2458510488
1390094640
3295753319
55720105
333714666
3293896145
20679558
3237776674
78460302
3285181967
3255013630
3197714809
3131609199
1947628230
271932389
260766816
3252061378
3247917442
366721494
1171501316
28022257
3244346159
106811968
3158226258
1877041076
2950654649
3181198382
3225170259
2353467458
297122566
3221174495
3178326800
2421533660
45252390
3214331578
1918228742
3177168648
1950263221
2985500365
19362061
3063928355
1720762783
3121697263
95183805
88343577
463479650
1329298579
2320057115
794412535
286929107
2421840572
34857048
16548435
2914332643
410315704
3119650370
3185277862
3184804637
3183047891
3174180171
2942277155
3155081972
3158240127
2258864258
3155551114
3155404247
3154978012
3152749425
526800169
161300936
3134513880
1575846997
103508880
1616391913
1010027778
1597582880
3133959891
1258586034
420486632
3132009573
1008742002
3074033295
956821398
3123680141
2272754048
64212518
3119321351
3108312360
2368572663
176749013
3107946364
107121387
3106131171
122030129
758947171
1485479760
3092841604
138570795
22141772
3092337557
3018714774
3000158098
137506100
1273392986
2524732519
3090995549
3087221679
3084046972
1966679174
3070744490
3075229095
3067601807
3066058618
2197121957
3054693517
3052674420
3049589143
2382537650
3047112739
124604642
3059689625
2192270526
3054223713
61608747
1322018017
2571321284
2537781000
3020273571
3029342641
1950443144
1004659483
257618318
15898693
2263607809
3034879403
98744163
1249094010
259613476
39651447
1950557420
387181116
2995991925
921733909
160047813
1130798108
352405236
1190498018
2975185288
30627024
31891798
16248319
71165327
12601142
2464039092
1254978090
1713944696
2773017662
3004136775
3001402337
2859344748
2998583638
2784820064
98131992
962179560
99943864
2990134078
511223459
2983164291
2927372168
199549412
203274695
2979743189
2979559535
2614118035
2978149475
2967759711
2964841113
2964516759
2964329439
126360123
2960164150
2960998624
583860308
1109680332
2956324174
2955283299
550635419
2952997388
269843447
2941141147
2940751627
2933769969
2930733321
2929406547
765702174
2922648383
2923552451
2918898771
2913237129
98001416
2912590313
2912317829
2249378608
2896760326
170873088
2916911515
2853766924
2899019223
2897679027
2910876272
147560333
1950288920
393338232
2868916713
2904787405
2468033402
2799201993
2898354169
1184506117
586659764
382892502
2859698938
35013598
2320799292
612431830
2320686779
2885392584
2711381516
420311443
2865967399
2863668265
89593709
1905418003
2432553276
818135724
2820119465
2810512289
2797012042
73659217
1952542945
1328078510
849614198
1030841736
284764300
17860642
2787975315
2571935143
267874197
2784646937
419648971
95851485
2812818648
2770069426
188211804
1534530584
2678142590
2327375583
2798090808
2796420811
168432323
143892159
2415448796
2193855786
121972536
2752418373
2273735749
2293546676
281211908
123573726
2718667765
2722186818
2739254356
2530533960
1533691650
2484036192
2671419151
253291463
2722099089
2158998573
234483393
241212387
2647169780
293338829
2699826861
582962797
2610735487
2596197114
2603033844
860050922
1284496814
350188968
2632316398
295722552
899139314
979308374
317897802
2570667253
1013850500
67206368
2561335539
2522719057
2433034000
2523392989
18607390
1228062906
2465523062
296121000
2492853200
2341252712
472639602
79321815
713798052
2470381242
2448351290
2443274096
1634334727
29335563
2489552043
47509892
152816760
2487271823
2435359831
2430013063
223807264
2444759125
151208178
2391559858
2443721472
2381583253
1290647940
2437860001
2276807697
1952243521
971165264
2257169768
2478391169
2406074550
2443312046
2396674814
11271852
18801306
34712466
2407397289
362178471
2433795384
2432578507
2355608180
2214470070
2423723413
2303350446
2355334256
2430277039
1720631875
211446580
2427467258
2291602814
278363505
845773964
1954714663
2423629717
2344071584
17867513
8617282
357248152
2403132256
2420918120
14489704
2448698871
2334728827
2236058234
492721248
1517940151
2407549340
537544054
116231129
26582848
2409125678
414506564
2340518840
562346664
1856091566
2412070086
2415427275
2365196503
2391838225
19013647
2363232397
2359291044
360304674
1136136391
567729649
37913731
2400616478
2264467507
17973137
110763431
2280130040
337409391
716143397
1608900985
1976754416
1688365322
1271509208
625524114
1009136299
520575218
1676648952
2427047091
91942071
191108187
38271176
21993071
25159559
38515374
30249176
342750368
249754857
1936105327
233250372
326380075
307643890
363887177
38926252
207040367
71585043
358441607
2294822900
727708531
1683759290
504220512
156365125
2186778571
561737309
718547641
2312359507
584740432
41239279
2279068251
73512230
1473085446
2173786106
426878619
878140657
234909291
304557444
397912702
635860039
361312010
623230324
434825809
867573589
871779884
383206662
873593162
366620636
64809111
2304445698
331481223
352279324
123798058
364340575
323133676
237494636
177257582
433662757
2186486374
232756656
132862462
393503804
327771738
527838047
521383691
866661649
2242558447
85710751
1577827675
199273670
364713092
2293800578
393164970
302285288
550654318
322592207
510090169
1261450261
1065297019
1595834185
1339801573
130519629
271041011
164410905
467687095
336125249
604567584
731822702
1064235030
1408304605
777105182
387150931
2315439396
339119522
320148851
68226011
222602670
770725261
322902641
2217059397
902232480
607488355
166305229
447385125
15347159
405623232
548974028
343359607
592531871
2221026732
1100403271
801781442
602075964
801797900
162442706
347231934
245714639
1456630398
52875372
515459529
455215932
2192891007
388458000
2320158756
2199876056
16308250
2307273405
1394495125
458347657
489411521
50109825
949585267
310856478
73252698
375561289
801698928
35370364
335196540
1121608393
779273635
336485063
323383993
374436810
1285548038
805290644
243335079
450308514
1342609212
763825650
544217986
800940380
135613389
578376020
116508144
772035780
741782480
715926458
232517427
514105763
539786443
595225063
477984507
946394208
303776278
833928048
2207129721
241086522
1732358010
328461958
216656483
515299121
1612396982
131597095
585016990
372500868
18453244
801753757
874555544
1883222096
1894992668
1023472615
297052645
146574768
323433198
243657025
111866952
195877823
390562683
140572935
750061086
253867066
385719344
2317035385
575212802
1091758004
515726432
2151398431
445800156
1335055747
628542381
597554531
68420590
342596343
278953689
35091298
226745694
801764802
1287276854
303124667
54989691
2181347055
193346762
2318683351
178704160
127011389
369636914
351113223
545511825
490384701
981415398
448631462
462025073
328999112
274799085
393303401
1100816922
607509313
2154526013
407018728
39528320
733190725
516497108
753913478
2151898529
178259776
64206263
389545166
606336110
1727942743
1382347363
1278515856
1282274042
91806343
556567684
728175036
307758186
617494281
384384654
48475582
20683488
39508316
2286440978
35489324
611028071
415758967
544361130
277055928
740408137
1138988048
221401715
86895414
1295924148
1910388210
466228344
890443248
801781855
348468652
1560173076
932601079
349502883
142734146
575563621
2239596865
911727715
2272377899
27253411
371887666
2283617856
2265184423
434140769
2227582013
585764321
369251940
307939084
593312533
2311492944
61123563
468892234
175333446
396709294
154163633
1076730403
2244411776
469555981
314582241
425215613
748629834
911692856
594021327
2317103960
76096551
406143994
283019105
471088540
77205123
1722114632
836178337
285625010
410219890
2158816209
51390138
487470949
600240679
433559038
1065638239
540766384
574254957
2238404213
587610432
105822999
171568397
26383493
1369266726
1060107584
409175388
464598940
1581450846
116081218
1216702610
53463971
734752734
827234252
120751024
196480815
2288698158
313480557
404206890
1243597544
453126764
306545723
1497051841
82932694
2242016252
856057016
381611993
1417190952
570917968
1851674928
561321686
292256562
1241837838
863368147
117225214
501327511
1122564541
2183688997
23033065
1247981510
299216026
37578119
2267129026
430702332
472642312
360307020
550873044
63716997
2159587211
299546457
323816496
1522787508
1491077012
586630959
1679345299
632477984
884991985
564083167
241002890
219392948
502696972
445995191
103545392
419501050
366345426
339749370
373854249
1131749941
748950354
104531813
1546595708
229328651
531633353
250802562
57302518
2228473904
732179437
178408041
2224589304
209811293
801763381
112452560
225502058
391982703
1119141560
231126547
1291673052
295545069
497356523
611871331
346704549
427610524
911414432
2226977714
622488291
31170185
499171170
62752506
1165343340
24190380
328673569
352745108
396432907
717579050
884333636
533198684
710738610
246453923
617459010
377020731
544475962
606556538
1138989138
81227053
13736012
1485366158
254141279
630166185
503566782
77785386
1282610576
423356683
937341134
276543225
39822175
533981489
1431969595
157107931
284649343
37201430
856049766
475292040
249556884
306532240
43119412
301436434
42113463
248213299
828454310
226614052
334220567
231434518
1376371052
156722474
54161274
272021655
61786157
2196034555
52573749
460206560
331158041
1277800898
1036735633
228536462
20783496
443646524
713011200
241331543
418464125
334786472
962258424
483720384
334811237
136709893
239849756
565514990
155686980
1081264632
434468530
986443010
99079136
1366290978
1285913978
15725041
2199504578
611578136
1356309768
408576595
482277918
303766420
1033519134
572565382
28614108
2280107144
801772921
452773513
320000304
197150202
543873508
207026460
599125985
610598743
2179210856
64880281
307567955
14717323
128899406
724832822
142945394
511546591
504820140
365845697
167601456
864651108
2306443903
377271775
334716314
889258124
357431664
848946404
1251439874
940841348
70980954
59199624
1013866008
170440012
296678195
366519876
1017222781
403501940
84291177
70250783
248339363
2167089990
2270617965
109854430
283098547
21489098
528392148
511969503
841921344
1354647824
1047416060
402939804
946183836
489643752
453347429
1001766896
518865355
41956584
248836499
1011646914
594218938
2259892283
499853380
73065213
2217531301
301045201
492115567
260574363
239571754
986828569
400981955
341837094
1115337674
2200492913
2274428213
45881685
1486896630
623260683
287095955
355404366
1156477290
535041038
337956549
47848432
435868305
507306974
1417312424
213239617
851379764
616906598
858652916
548844830
1071480002
236078180
37147182
1495731277
277053267
511493875
509813814
1661154181
2321108743
529739119
1704392792
107537915
410140453
93235999
18376365
531584427
977176818
254416037
536674983
135230437
1709979283
102838622
277201651
1445365392
310184752
1454244967
60224133
1687986421
1957123501
1614775596
425954889
925640210
59178895
70691979
437134617
634772306
240946888
365467690
468294197
736934342
451221678
315147397
318330000
327217116
126080957
499475374
1217843874
452293647
403623245
1352976931
251207334
348363263
875683333
189493495
1034931248
533586966
518320563
384942991
1561659079
379046855
237658119
360525233
609185179
305056783
239891580
151490111
447526478
500500723
923325481
607043044
2288312922
1145880116
506143069
423453491
295213920
339460517
1559892086
578923840
1281224396
505432078
700888148
294739610
53307154
522842654
16300927
2220137287
262084491
427395424
253582079
242345170
968922924
1688475697
482715813
229602612
412134535
195896365
218980359
194205694
386424687
586988656
37471814
161140419
347407114
273861579
95983848
395675371
118521380
908680476
304405105
491558395
801764196
801795126
801789631
248373861
519482454
922707457
119512287
1672068152
1246817395
570217839
801755148
899477268
894850748
141841075
320111976
636727177
229045671
164290233
90241317
495801760
746513262
494946631
392147376
362499635
74491758
1228274358
137627320
628815452
384959683
1465327448
485022599
157070333
33227371
1673852768
53217510
556991775
48567882
569665559
216553065
2217613346
1002653419
565124917
2205780155
603933713
519450716
66068949
276937645
331019224
1891317318
1169751806
1710091327
303975399
379820526
801757134
317045517
1334221344
464705385
1622976409
74556163
521938348
30048789
332604732
1026005558
745055239
1063140330
2227948819
979151946
1610837473
115531043
460402199
998231821
476444747
1956021074
1222646306
117297011
341631156
801704342
997813014
628314805
389616369
37497975
58786679
497371761
1197142704
2266534498
801792884
221367301
101740868
579975840
2247934159
2174508050
90682191
801772740
388305129
916615111
388355467
715566678
524024655
915154062
361079248
39862135
489461539
460280080
527990080
749785027
542439468
1359997890
26373712
125083151
84478060
324109551
1522424863
803008399
1692910866
151050369
44323133
1286047650
282987139
388624549
391612286
538735831
342564071
430232869
2285033683
420975412
117271542
221542908
524223386
981626340
444472343
583074404
1215098233
233909000
28537303
80012484
167279374
397531211
470336466
350251783
391107320
1005120318
2178950532
2306563838
865123225
72680857
1924542890
923515638
1323322880
435544132
801697782
1172733224
782115584
35004714
1455177050
299312112
197476864
2202763805
296911205
210901242
106001106
782215970
942709843
1439093898
354210017
1032284185
594731088
467608217
24229690
424496072
2237934862
376777117
250729102
1134110828
548473395
75368182
767522654
25163540
1596654378
2236030328
2184403942
516047137
852458060
232959088
700119422
2277063306
309882551
801757904
417338549
159624116
1883726791
568981699
798571651
2227133028
2226891248
428499429
143473121
151651232
238310572
245005620
966569737
136975870
522516924
137934067
403654531
1034385457
147148555
334545256
1317389636
1165730946
95266294
597624431
170141729
459187939
393245206
186983167
30553908
550682338
428368632
537089365
543995974
1535845164
2163565523
101780769
2183281731
283559238
98542851
276962868
408791229
319565289
326457829
162125020
74937159
543902134
46264617
611098537
1979406978
128613170
1352250752
2298204575
391940513
78734480
283059342
599055589
144435040
90613636
35608627
1365710454
292866497
2290821342
1283858485
310506303
360214947
17587521
313067578
1884029882
282674161
452724537
15145478
548146755
328294527
232384229
14053967
521045606
85918744
365250697
389644634
275636109
590912119
73278242
1155713023
81699692
1395753151
538123161
152894356
704870418
633978892
220288327
2249913920
801779342
85048235
1961948618
271459931
373931691
499766062
362023819
993968491
1200706236
542290352
130269250
1964856553
397350573
73374056
1290247795
173186734
323633879
1222599121
748893774
858248262
1925775164
105025548
421900033
308389443
487819937
127305422
878889493
2208913013
254513331
1603380895
1402386463
340880117
280493559
99198226
140276854
2215908238
501758094
316973312
2201730186
493272565
2243361138
248763031
576267903
1244686650
1364237017
916895557
202029513
229896644
1900691616
1201783464
253453852
2182759501
2244280094
552838997
321237470
880163803
332567201
1622791314
516084436
186078226
1723044049
633074242
498373633
19676721
513789039
150804131
1175372502
524784563
2309612917
636772364
98744803
1499731735
289951129
390928318
885070717
213809629
80008956
226831072
1442779898
553794064
161408950
465559786
38305622
29245293
102265148
238876535
1269994160
1053594182
57425157
114822245
1262561058
542949510
300379557
902125610
263827798
483002528
845029704
257026584
59575035
214033725
104271894
263185773
222846306
2272865982
224355240
1433717281
279317907
403998562
342638969
433573450
491211451
787148827
527882668
360545895
127256002
290746165
171911203
1941456828
840135104
758583642
310371803
730529593
971344189
614284897
1015061881
135056217
594228757
261871021
425572626
289220457
376365386
482067951
110548153
52702655
2304956203
243359690
364303109
574445072
596273025
490705563
26611620
371672749
1123293343
570298309
475117844
943621946
503148677
293480722
1705023348
605682070
282755389
242693197
429251222
543136038
1187722861
433148826
625291713
801773143
801770412
2294023138
420330353
334816152
628803861
629001674
361684037
1123025996
40614733
342698245
892497902
350412102
381660644
66291415
202472978
188633577
34631130
481805779
1606647690
137815580
958762680
109627569
2306287200
523071425
81026823
179605999
2291649079
859753651
399879702
58402415
139639918
222384956
1338730352
528644408
182036198
974524302
1117059006
403358774
310785311
547525604
439958290
462772504
1289158392
1484236076
2247677936
424261766
190495545
193242076
1033490094
2151434137
1259143813
435893937
2253319439
202684356
177550166
461961624
1408244114
792669264
390009131
1015674715
2259660985
1097294827
430567845
419576135
934913161
1527940520
416495839
518898964
17705654
239507422
767397704
257528786
606308640
497339260
1345302462
991600368
311364919
383894897
1451152573
102117644
615789136
1958934019
279879801
15970716
127013317
2297936702
894370746
1857681049
569222995
523957651
446166313
425771175
235893590
449343501
615962513
1421951238
442947087
198931708
416099414
123836780
1138855328
472304679
1221423667
630068407
2185512749
2164492112
419646256
337877427
1857009758
1013559852
20182364
415401361
199745005
24816867
465226455
2247624328
523935512
464265382
1103676680
43696840
1270562294
801794635
1265198720
2304919567
158576254
1367195564
801753176
1346591833
48252809
326079223
433521145
801788774
460164681
51077966
1186873238
1061585348
529528910
61187713
983529152
246888008
535695104
496445452
194882676
228387525
352443519
527719350
771110942
2317048075
135621758
2165398380
2291824243
486776598
419195527
432050336
499784439
298251273
615153374
595737823
2382426728
584078476
116148447
312415867
774017504
2224895496
305818093
115099017
245632638
2287413902
253741231
1385517144
624398388
49160118
373480400
995605135
816721297
1019574158
631263961
521251715
801789216
1421745559
1092828194
167609152
413992446
765949381
501806745
167911512
312533907
89432179
472762607
102970661
308479723
244662048
261092185
460197851
409042587
450809433
1734619903
1461412634
1960883036
93202600
830775936
400229039
26139511
964891849
521831042
516832569
550144341
731113170
631860293
389925368
98751519
1183439720
144078702
288178647
272747452
713676176
1037701057
26547483
2262565903
569971184
1527726480
291252138
179342622
276969962
78019621
389621062
1270755030
334626742
379794724
1408557470
2222564570
41703527
424405761
863628116
302003573
712778588
2240574200
402877956
2315374130
321447891
230114541
346113531
1412822521
418960895
494853968
206320468
379675572
63931004
61509950
493084447
338446660
776004278
489553912
787580316
214916599
332057414
2305211822
1387052599
556835032
161355023
1635042667
26612960
1030807285
2205909912
628707280
149527503
515130556
801798728
876262712
2211542418
367489480
159254291
396333249
412616759
223760759
635770004
117747003
219164804
39141572
89183694
2266747192
1735088371
195102571
471103579
2274358044
256932772
127812415
401461445
2210793041
70871293
150060851
236915094
1266499316
1543176990
729387548
149638152
2310570440
195445092
1530278137
135527866
627013478
297006601
563067248
43553536
1544844158
434428793
50452630
409903102
1479985622
112222245
309980155
918756030
617158650
538093066
538640590
386107157
1136861346
189963449
65271556
2271995688
279868557
412539758
2307052032
1174787808
424311967
111319969
610517886
1146076904
409528302
268458856
2315235091
555277010
408316694
106549682
396809014
306686356
299233238
1515680670
432658165
351374345
101798825
578357462
1598601817
77759632
295030017
299890668
416867327
258573109
359456990
472015681
975058568
627549285
287628739
1867678896
812812927
574429481
963455994
35372938
188161637
181941289
374609218
239533740
871615375
401539923
379970926
636966545
40679357
521937410
1031636870
308704181
394628916
192803589
128624912
417954455
39871044
939015630
55593626
115079683
2266342441
567074480
303955148
704799812
903397268
429749070
518606531
564292747
592490765
567446327
574937003
2243618058
738750950
460787285
244028008
96013010
356172611
570201689
148344893
931791727
757015256
573122659
703625144
526533633
1960941506
371762246
264493461
223640475
480935128
114191997
449807893
1615227583
801748830
2193811758
791948120
371415081
187239692
179464152
2290063050
55755865
1291114958
104208304
412453992
465260014
621137023
45748695
271066161
572937307
1698540552
221395133
332730497
514492305
1608316783
2314158355
342336848
21820540
616235826
467352235
416139788
1599465698
377827888
263329373
147259029
538638781
1003451712
1884613592
218521485
347715033
87616642
597339790
72274047
869130337
1543704643
35847049
1516381801
105277369
1063487786
106660528
332758416
2299221265
58525356
2298047663
386038530
285775855
749032747
227063123
714766377
1009349299
395352828
2182567363
2303405854
144604221
2266552804
1688935963
572816140
106433055
75096198
423438081
337876244
527877438
949886839
238911143
365381773
1264396178
388101694
1855438626
405095266
381424145
73261644
373764628
796604400
473703848
239138926
1283669408
543451040
71960754
212735745
356031903
376685827
21253533
1587704053
607165704
249068655
71894359
76070238
957291709
379610595
603852133
1960152728
326156845
524190761
1043629550
776727594
371544056
338670253
24589576
334832413
1555359398
261407104
1139169241
1674847016
101001708
787418712
82456282
608782836
1379740837
1140358183
501986018
563780651
2206049355
467655295
404968727
136350854
1037036210
472081834
773007152
185337306
364314877
68770373
2314031449
428269206
1570088659
821276382
244926516
1590134856
567561201
393784785
997650955
370516241
405274921
627584568
370094482
241263658
928256472
1469649109
465235342
239967682
466377206
58450064
33252177
723790634
908137825
68224190
537038053
806882174
2230293047
465746592
177631680
573713824
617989180
206232991
2308301180
513447195
251285741
131994809
283808105
362090076
475088852
330177859
471340200
427256546
152002303
152851028
1869025124
279091975
63398990
148413969
368178019
1602122827
186883765
2156104204
70923050
617994812
84386540
548170378
1335148800
1510059602
271998505
189627902
625828839
134892587
85075854
334582106
617207251
1722243085
342791563
1318861765
739827811
543623411
2208034808
133931187
1165988948
190593477
354388999
628254544
144520332
467686898
1530267331
1046523145
388884872
36586233
414565501
574408181
1022560436
222174651
232474569
801764258
291577290
62189778
493010075
77142040
584598671
622517410
51724635
1284530732
1931336569
365006803
2232996489
123071921
522191617
409385230
225788466
206896935
376501840
487564032
68531084
615228007
88073030
2212679422
2309646613
1131883279
303912555
1667913253
2210966809
578488371
222881121
98833020
260740126
550225804
482739015
849634748
67349359
633823871
519798843
1182037453
299287025
1169968340
113249019
567449339
712825652
235802782
1142412121
226278377
636710220
230667850
628803989
1116558752
380228918
1726870165
60053959
415532678
2274439103
395732152
394752330
900482485
1471506620
301892384
1586705042
228017019
211952872
117468722
607512712
222191782
2150850332
268509637
321244837
216171216
209769697
482368756
98390196
92035190
817233648
1145842538
701530964
815845088
1858824924
989537377
316196751
18809864
536112281
556627266
391490906
273835246
1120662379
2217283987
1853283163
893647880
604174216
1431659540
402563806
92273588
610314444
1313890772
970422740
1081639688
2253917424
701017705
241814111
159641593
1252337527
2315996605
271035596
28436263
1094576449
609625433
736518836
212340681
860119652
2317268522
154518507
148045287
1626161396
502440132
581047366
325331410
589015334
724737356
545517641
72174920
469345497
1726216328
1427276372
348558190
127526737
134374482
271560268
1357630387
448170372
1170269814
978505806
897263856
186964651
531652268
501596310
1578335076
801703711
843263023
210564195
1473468614
103283496
535126823
600308028
767248332
47457827
1519093993
388583210
410916880
567279387
50558621
872196835
295109521
1057138909
56210813
1161514806
2315885121
553420623
866840622
493275785
359739480
200525375
1651934690
247418107
1106406132
966494124
2181002461
2277956522
176012317
1404945247
1657041638
532833439
2200231928
369045803
713933791
717769249
293108285
32196377
586117624
614861656
850393513
1722628538
249096747
75765467
304998242
142755474
85865616
1020211351
1297295779
28583441
532367566
88996519
133460918
18367021
349532020
971502350
339138023
1214972798
438446296
400372919
1975208863
716040886
365800841
407514480
596497435
90319538
2288059497
15740747
211752634
298872960
907735158
2291080981
566135032
27720222
863275771
1234594254
76499438
324128598
293504743
92387027
114010197
117639700
310259149
436128772
58661738
1920533119
838421732
343317072
850567014
51729605
42500319
57764694
2184876782
2307851155
101384718
385328771
45112479
1141023313
201064399
204975627
586287730
114049746
436744196
2275703000
186600563
347730391
2318848188
45080797
512107813
602653471
325529316
464455814
464503349
521178712
230397074
484243837
154682527
2282546041
636427747
246533155
466637151
381497524
148831182
821953531
559143768
360247870
259765397
584318026
761395904
36081859
245472600
174971658
407733026
587488442
917916692
126291619
1025953988
873155935
1334109548
291899871
204728552
91533310
101902950
506061846
85898037
2236386884
2150594959
294495302
301485678
2184018499
437942877
399799839
218385993
197766790
336223571
17584063
1521014652
390226416
554264082
1850794350
300431527
2254046954
488909032
782525480
288315768
554456672
1916034350
213456339
168870962
2202241000
944791524
1545900235
1907569105
80754617
402794864
976639070
367037121
830478816
507348598
231990217
2247278034
801791905
742789794
132711162
615351419
1599263288
273136479
254109750
553806893
1161639314
361988491
29985653
568215655
1964810203
1150662824
2224250148
631678356
277804182
931545709
113453958
1959703212
78843809
359896456
60271752
855204217
920032471
2320379126
1004876034
944532344
1454360048
900298754
299612066
1131735278
885960584
2252848469
1625065207
25299925
2215405758
51469382
112183087
2274649030
397383748
357927292
2283095841
170752182
1425808256
1614392396
326268469
836078917
16533713
845896231
136162239
476086328
17463459
369918165
522167794
1009832196
53981400
707273251
14645032
54611232
119485835
52393640
2279440646
545762869
41818821
1094134801
73757292
1045726303
759612710
798062442
447845433
608117650
363840109
714934172
271548005
1029066396
202307863
494281380
2150614196
971596687
2229083337
2164844384
486965216
1255200805
466627502
202625069
938130607
2236680576
347114907
1079771659
14697421
69506321
449234346
632324601
569164410
225460753
1071297542
1921243658
470513658
801797167
966527720
704208907
1320595117
547631734
1015772118
472065230
1608830126
2248142325
707355084
304027813
257193959
813185606
1522434486
2268692813
1324390321
16641960
604362414
609825560
478538337
1157676132
1316443358
1098953185
919787262
2320178066
801769940
2238438041
842334818
187117193
403259376
785080752
1952135466
754472702
42215028
1734541980
1202856115
2261665578
630422606
2288434013
1570694575
345415782
157794690
58104995
420063492
758527716
2246358802
447361272
2148840642
166050084
374916855
484759491
2193852907
168424622
426467828
366863416
474694763
350792970
1124716100
227761861
310508442
385874414
1648121280
52161756
926165334
317939171
410069133
728802829
360733051
1333977463
2153977481
347137214
2244464136
871716180
475739486
414663872
1609533572
269264694
801758358
1906471454
246427517
233238710
458392749
150693239
749642538
198764069
908167124
288946325
140243727
420618994
272520123
502123952
274657198
2219775438
2221383624
1538359939
399321797
593955202
242871562
1411445060
1875328400
242049911
351566027
21310961
801758916
156830542
101335308
508447968
1653522997
264261180
758040223
2282042947
737148924
1044133207
599742275
434918698
2208595920
51988324
328492295
56902202
70204251
763483483
304191290
130390692
524502444
238311109
628672680
111916203
410570330
590066456
2308734898
73878807
2203833179
362138473
471303158
852045062
64050137
201535263
120067738
2315489899
449888540
326079076
558055492
575493017
76175554
828750422
81360919
801766723
721730305
539145407
73693962
286868105
392067853
972517986
965670757
452259600
723329713
407585486
1676582845
289934930
401390289
1025761507
384941945
545521551
429438874
774595188
464144201
500500830
951602958
461812529
82027473
108960539
1413984540
800808223
375086030
399349323
239436980
1631274637
464485520
246460464
2253367120
499962904
1379723479
1728349975
302627697
528708567
1066410402
1639616210
156088001
1555544899
461619771
484165801
1933052478
940966430
1408539566
203909496
2226510649
256405849
1057196738
939754266
226321703
112179845
437166723
310397644
270492549
1346802793
428358096
534100991
2307246481
1304733661
861263744
285406015
204619772
2295344456
229516966
314469602
575289340
2282743848
1606991090
375744337
575667991
299111563
636348173
314452618
361369908
1641265369
594754523
2238048684
907373454
229066829
392624405
282308631
333915614
2160697436
637023484
1318143684
291797867
76938386
578140238
417763500
194928956
206094402
81281175
2302513854
199105587
2306347950
494527781
15823524
1343793210
207914186
1321814006
801773797
801763231
509952144
2233081095
9541892
239547960
730456004
397245742
39629829
1342682450
1612098384
539942193
1167705163
176584528
100635507
358686499
857477846
66245194
872746478
98307297
633929575
125269748
262226666
397811689
580590089
564938584
358272013
873569082
970949196
56250120
31579192
943945524
2263364625
1318303620
239247366
358698121
356134088
256163091
361431777
212188162
1722161041
165055936
398117533
149273821
216454374
342255392
1700325722
449632574
108342538
2170987778
2265794296
9784462
300204757
81190362
244986375
626715306
446202058
76761420
2243224064
556763860
500710668
93683414
2200736572
256816471
448651499
475263997
124322259
864117307
519386571
1068835368
869508468
393019662
295667889
2207697327
1081751468
557778191
1568172019
1356378242
147101752
2287848817
1003945680
228905428
1174777537
23104060
291268557
187623368
884899855
885005480
79996256
270784178
2263141315
2308962393
2262375102
2321221033
1403110351
2319485670
1279873466
588007966
137237252
446967358
555217172
954320665
367076021
2263622686
482301815
1566426895
988777944
184468578
1123168813
388976835
1033666075
2299578045
1078204256
218208512
874561249
326343360
848335040
348011275
54240943
82061773
332468142
549854988
2158672430
395300539
129275497
801989396
566547375
980714084
552871677
15460033
1915525399
448335342
1373325902
458670947
169226905
1310992274
212912258
783476352
324512111
2206193344
310449597
381597026
129804729
1272468636
485307678
2299364823
1136601870
522649768
61741345
346398135
1060836734
166232003
275264988
290134279
478360744
1356304694
925558238
111040929
252649735
1246651531
132013055
381660082
48502185
302733816
761612346
251901375
1270734247
2238155371
1195031851
818729172
612292354
258001467
284799491
906363206
357932735
1450912776
1024863619
579763900
428420004
319243426
571244242
2229493889
594793525
935615599
800290146
771023900
725408246
1409383628
18071837
1667747558
473768374
969917276
59330770
475980143
1462876434
2213812514
18634610
214074045
762801547
109254480
468635965
383117196
115785269
2269191070
637031631
539300493
1441614444
63004193
26795499
1041904382
384118430
202702977
547159341
379263926
176509098
801760878
170212454
1681642267
404711310
296796763
1496291316
2195299334
470265167
131892149
343742580
923440303
535539050
584212920
574307764
763209457
434043784
359752742
618149239
531581374
339161655
587332055
2230279844
66897780
105978739
801786860
93571536
265144108
1108962613
825900134
396447735
256197364
507658841
745799634
130638949
279504419
512405910
1392463615
195554102
701184373
1371344941
309796084
554225359
1413890864
593468951
816305688
329228774
2204808179
995542236
634387311
118823937
215224977
138764789
121839636
453324664
442096218
2237566837
753373328
740440964
16267351
318969332
2260459437
1157672040
1448770722
462253561
1138757384
939638617
304329717
178665081
792241850
386662033
154705087
468349836
1432615393
64821645
997053000
1130992322
403527610
114950014
1365136645
767742769
87033038
184127745
109969605
961263894
291225074
491038289
1071033937
229969541
22875469
2320048034
23627351
38838179
173369430
1861147160
307371067
583100777
738485994
1489716511
568666276
67643714
539279027
2198618884
793416481
206038389
144216542
166489896
230984651
165089295
2216119036
1519650272
379800061
56496297
936842052
123826434
2192646309
2288102761
2371207140
327172667
432706068
246312308
471447159
291734251
202188796
2296415874
269563611
1957128746
349063889
350196445
372736839
926678808
1341550123
26448342
1060062174
1088872664
397027227
548307445
343959036
556937693
262815646
801769826
2277593600
56585851
2307684982
96487553
85260356
377338740
589333483
771112014
459188741
17633815
48761441
385555057
1053432200
467696719
1462641812
606350155
190852177
1099373113
178313443
17327494
1122534204
87435505
990180864
1707272406
1703526979
448062652
339566983
89883721
612002344
1530876926
1054786044
143576658
300420362
2179100146
331561893
226964200
246000021
344951913
436586405
42712379
453453871
855244776
340834056
394487516
614895613
355390431
332737364
270461654
73725588
197077202
941515716
183664100
830535667
706669496
358922021
490769301
1498189093
457990643
980476730
773379288
423281282
187992648
123975286
349023813
988543994
1275733615
1023210763
59567347
619562802
495240642
1040628782
259765030
907004040
2229444049
801779707
1519824350
543799063
609562180
1226839148
322689908
878998441
313960794
2256617750
22609971
896884362
37684031
96016827
2318458963
237316653
248748062
271034226
110031960
64676225
206355339
550339654
454991474
239522519
2250181181
2293562141
166995066
256722505
48416467
322513406
921430747
404315408
801770011
92776600
234602959
331500175
869799961
974783442
1947660464
500986643
1350523938
42160528
2230332616
476070637
576914543
241921146
2289937637
561345017
59269787
285335413
322050879
494384418
627547770
256753555
1348451322
149848703
434373253
961069962
126702860
353142768
593515135
532441401
1518108859
207066238
383917304
264322991
1725713252
1415799824
183233428
459692335
2203101334
365975509
579516298
310099075
299649014
2257547629
2285439576
441613884
343230292
801750338
2276118794
986614939
1161739622
572530081
854702154
348715731
463941511
2281113324
115962443
195310305
1919881526
362338121
2226226584
953676877
568543111
2284116012
185746698
316666003
292593274
408319545
563890308
1315637634
131045908
474475260
2272914851
478622997
997694070
1471876849
465586188
528489849
257797300
65361406
308500791
129579859
473333923
2232628849
2311906550
342207749
417782397
437061304
82871950
599215419
485143079
61749357
842479940
44409170
1876616688
403330706
1065524587
481969743
1040338663
300421930
73811244
597648014
57956219
522272803
1066614918
300548379
229672833
37819809
298013064
847944278
411301101
921130825
446781225
353006221
2230357050
420093099
36789779
126373864
438666245
160643051
304075105
493138298
490822453
26481737
1205462400
2186613724
1291846837
376901255
2276199259
309906848
566123147
112831197
413448987
51405676
103673460
374097633
293350379
752870850
1266666907
60915371
250712862
307063518
1087047660
352209706
418545290
176314701
90738219
310676692
983161052
325597051
436212736
1351953020
337859393
1125095257
602222882
351164095
1337491676
710350026
184736804
297908031
425887977
307875610
534906318
1460302417
471812824
291887964
879963320
229224635
627025073
68949643
412475051
1168955010
178615211
69578315
32699291
301616163
1474662847
64602780
224936827
241127736
1958124602
1359503011
146874436
2203048569
32538509
626187578
2265171472
541255049
850502148
340667891
419637260
801799718
802130844
1200914598
387196649
1499218308
127641484
750632707
1012290362
436674903
239244352
406729456
1071118908
499296732
2265294856
50769705
221049910
183529222
2250090528
473530595
258192606
501995013
487559727
256655593
160576048
1504173618
441130916
941891719
601166322
609359998
361452859
116255249
117646193
95743277
316342538
154825109
519805383
98663552
465415943
595385148
917450430
2279979479
199794438
298387288
367098647
258734253
295529106
230718699
483081673
1905986438
1198270044
54309550
1730445362
346761470
801769754
570203475
322543381
383113875
1024945536
1408121114
105211749
1417086468
109673695
93400346
104071269
158834078
492981443
428990585
544691047
735549086
763917985
138616595
2247032401
98479315
542433159
1115774588
1338587857
1913640001
2292035104
370854091
28234105
215021158
2300867087
223931851
534105231
372757427
25276511
632798918
2223679184
103982778
357698513
92120570
192962519
1725228666
457325041
134003718
288417095
2213017531
361023178
1045266752
2317028748
493725454
1015121275
785664458
552756122
250687740
441971001
273519732
517806484
1189811006
1113945385
1434199994
293167454
40755097
568638228
1442106469
133397344
196027012
2317612022
939962707
516136811
1380733862
534685035
405232402
480783700
404949283
588106791
245919266
2259424891
399283274
382439860
1182911983
1022916632
64489752
923633664
48919213
222254418
216201634
372979332
1205374081
387939432
399373253
232783739
362521863
1374044863
853087646
1146254958
146524070
200717000
549511201
1117840440
1267085820
87189800
2239980472
355016683
493175337
45108895
458422546
803687568
406566201
368905605
1592027856
262382531
1685946114
754496768
801761761
345706521
245060226
30955019
84671723
396669628
168338682
409278881
211186062
628135046
2208688006
320118655
563765513
748180496
1371929094
801790484
292785081
293313471
914489437
801797101
65874887
121873993
297171788
242782239
408103835
345477673
333908281
343414837
305083290
801792222
152459876
2305147903
561022163
295272511
2174130997
2312952853
776583068
270831571
586495330
22814006
234082542
60764649
97015051
744153464
752047999
832898058
101634815
107554857
328917484
150367137
281496924
2299842215
2281514664
437619662
602866175
2278366627
328434799
2313668348
555287951
187748110
2258760336
60951176
527988250
617897667
591132454
360699860
1408534884
299760990
2256375457
164224018
158214490
332959096
524249939
339050781
80802341
1854302778
1962628086
290304809
1028729790
966625466
81079028
596313107
457071344
373450879
101913731
97628527
1346439062
1926721639
610758282
68737627
925732417
1215140569
444891615
238434572
500438033
409708615
299093904
1012714542
2308449541
1407429241
160663370
473306581
75066679
1167424982
1090459939
1578802321
217321306
234338859
169269735
724101163
701680430
1041354589
1265534922
358271240
402820784
1655074051
432742521
142128660
261482917
152984704
787371240
428990732
801794797
360885782
82520279
1249966441
32845982
801772116
504846566
2239958996
549368374
239729609
277008675
29256113
56527398
272251259
339252860
378535945
425762102
326014601
636959824
2233418278
612565100
137156278
385836468
26755759
1544005112
1606757479
385580637
281493979
759001140
117263528
628832734
398099574
1668359509
1528467601
424424117
126383601
436710611
310149388
560170653
1522939328
882675745
555192966
574047807
75703605
1407190866
418545259
1056796063
268281400
425204866
323427186
107520040
18269097
445587199
617021374
2308536380
172519565
165158275
264528782
125988100
315248487
80196702
465612122
2189427372
2260153976
55326305
188331147
2302610947
543916635
273363070
1228278434
437777631
1691276143
128598370
436874766
200092531
393462070
220562282
207678658
254138009
1359245719
487622464
124732114
1125410275
486681657
976559316
633899534
265397770
1628302568
1710927090
47414094
357030726
279638110
247924061
186298002
512518783
1151075922
235561560
964160564
2180296964
2210606831
2232448601
113223871
317213098
230970013
1263666432
342069858
749074418
623917614
63955801
284177294
361755162
600049238
272520709
397203826
78943465
65176226
552690673
203124960
98759332
504226129
323470874
166536015
2258218708
317762574
2289727267
366381317
144129659
407860383
569984081
249406820
636030606
50189192
100969183
599170520
2267525130
483444350
632733263
207180053
454346531
547802709
752837665
586028982
768055238
79934875
1537412029
303969809
235073360
2265753624
115149964
2317227410
1396435429
2292027834
75299401
234580336
259765472
414808865
988930436
99186045
39928523
2182330520
184261067
56231014
207539622
540867253
412803613
237410234
494123225
544466563
22806869
1277979552
458246777
194153141
497747622
476996921
1117914858
1255424112
425902679
2316799687
1254540349
146923679
2190859915
2227090615
1280541506
61573457
133929480
85827018
170353685
151605381
915172309
330378572
71040685
801694044
1655606646
2265236728
451918598
2218266710
748385142
2268432012
605301119
1087804477
845036760
252236547
85819378
274035314
980504154
392920062
150202194
858365588
801800155
777275599
476130091
1264789988
76996951
486356568
502796355
611113601
27915894
450693483
473027699
488462764
253615603
21458368
1107632810
764041314
1672096950
1166307169
597746489
489509288
1494140965
339535426
17730592
31658694
482191032
1080853136
507835149
1058025307
2256794334
592675728
627241139
197489931
311730471
528739841
303096578
283492311
299201549
595581626
2276346554
436746696
432283939
1967192167
1916081834
284054189
571472190
69694347
357334327
801756169
287758770
41995909
533488848
2232231504
280017251
585877376
525610955
172310716
418271979
291831904
892794157
467684254
519588422
369624691
253690265
509454975
239350455
1723797606
540565290
56023845
1107398712
190762648
352309942
801773762
768698438
1639735088
453320392
573919637
491197848
1518217746
1534557236
297970755
1408532370
543350411
612456892
390402848
1321818390
1562469306
517600257
995393822
141184061
545961545
88460606
226955622
1267155216
1279619455
801769274
803140428
609192350
289992133
1445248075
400077437
501187311
469345092
2289140888
282315141
349150887
326686096
2305459863
507805327
520588485
266639133
614494930
63360173
623866811
358810608
224633423
579475657
2297908265
2267199901
78886638
356349880
1334838415
294770776
362369787
337140671
578665784
1771542901
1348725385
290760631
216153621
513228437
83429454
1116394736
2259379964
305484602
176318713
619970919
84057951
125003596
490542559
859285836
213235014
2396742667
2207681898
241327561
2394595680
244746802
256383675
21753328
86869986
78037670
15782767
486320800
2353652628
1406058337
2335387250
172669182
2382700783
2372315305
2364833540
2278249334
2314503432
2275358622
2342608110
250451864
2256372841
744382567
57614741
19125090
612099125
2353896379
1619530344
