35216399
771882164
19341224
717928313969205248
162786595
21579466
153492935
1726542289
704774715987070976
27789999
710723351090626560
3284112337
708265425998618625
713756394722340864
4765364386
88550047
4446803592
720316299570614275
4659513317
1400943320
4747667560
4895361413
88195539
1341173161
4822119385
75736238
711922682519011329
4897200195
705435690021027841
3948483267
2736962849
507765274
489508196
245990733
517010854
422071124
4706270920
485338994
51968680
2828722807
158476551
2164888750
30847216
81086821
55848336
2914157479
4781576424
382414379
4402025381
357543538
165783048
2984814863
4479812413
2628066159
1072992504
1412064840
3744122597
702530571734351872
19912099
711221348329082880
20593022
990260346
3314758074
50094643
3580248555
60784269
420012327
1088053650
705440373825474560
110350272
4875427757
4364549596
254275417
1251812930
703949074018336768
2856065270
309418741
1077928052
46302096
531351424
2529814050
1575689569
4530031518
4102376488
19173608
711381309466148865
17826962
21571841
4899778497
1075681177
4832248535
43149311
2312494016
70156027
1548183698
21651982
331678866
399745111
458508167
342894187
22936237
347627434
4049454617
3266856037
3309041036
795181796
4547869279
173417868
2814376638
848058758
4420652837
1869384121
88494677
3735422713
4453785373
16703058
142441229
286233279
3987568917
3676940660
3927572774
3707979859
44377087
2240033851
1049681827
61049859
3733426153
2466447313
3675016697
3772913417
3655385712
2894327186
3795522313
3187431663
1968055639
3593033303
213808552
192374439
295367690
25405327
44188670
2748162722
15068876
2903783646
635113330
2912690232
193531733
2757417513
1893196141
1697856097
2312685468
1485802597
34298801
54724985
22339165
2393063119
3006733923
27903560
885794358
3329482425
15301172
3364182227
1068535296
3387977320
1716893113
266655848
15219770
3284566038
212302405
1966921812
2829869598
208083510
2864853317
1017863539
2171331630
3218787108
3236630260
3141107006
455297772
983383381
273747713
3027902989
2986360775
30959548
2917064206
59690496
2839229625
2806779557
448373867
1484162798
2758745148
1567730850
1879847827
1888052180
313039258
1339356211
