4264575493
3003222046
2838402496
887346488
4060699209
97073640
1972622892
4886761145
1671746371
2319362190
327592267
711146010521767937
1623955598
299071087
3138165577
2866891583
724574059929817088
2766768008
2753490355
3544123154
4234882707
482156961
15063486
473378740
321413027
3139305408
4717395173
86333078
4100919203
710698130
716313786660077568
862329896
716657120704212992
493974496
2306403086
492976740
710113283991343104
3424917335
238458631
3022892467
721407252427599873
2990117946
2696968765
1343300730
34428405
1720816128
3201888929
65455370
4247735952
1376536760
168100032
43232530
914780798
538711270
2696939690
4907253393
3906907874
722967558534504448
2485695486
4735284493
1062498002
4220373573
17963435
355683234
710540663075377152
48935222
300313868
815493158
712154233278242818
479862285
177440360
2903495759
721302338049339392
4514343855
4859377717
712806143790174208
4855097572
20830344
2424016218
2465049607
2824018164
111832673
39223556
18787733
63192224
3697177872
466988327
4669097233
2692125771
3875748192
416696463
718082532760281088
33529092
3161019538
829366202
111848844
961444555
2345834826
17677627
4429900341
365004530
483415153
342822563
713694077347373056
3452957836
3038372864
165443025
53096315
1694885834
2400769123
3018884124
477379054
142258986
232316132
3245506177
108465379
2952917539
3402935435
4598052263
3585255254
247981000
4645669108
302881437
2389937568
2901290275
133487936
2528891308
361502122
713322236657020928
145601854
127039123
2219263398
41304930
49470271
3389996296
233933230
617832072
4673962992
223083302
445360132
4890693147
4363198276
707534831618498560
568771863
705565939895554048
97292779
41767207
709764899526717441
2335426680
860074500
2998451675
16716652
708031268420657152
712188976526958592
4687928161
3503962453
993036073
711641952626843652
3151903901
2347816776
2313952862
2287887180
2896261913
518744362
3108710042
2541090770
2502895924
1297976406
60784269
582726398
3018791432
3409498392
55066820
3709999582
4363123101
4686488156
4410399674
75736238
709843804497563648
551385464
3173651177
722908975
32671252
528266972
337834426
4100953924
1186436246
617035129
21588316
18906599
4304419334
4723131196
5644772
60984641
3677282112
4213183510
4330554627
16476840
702200373172428800
28678200
3200627932
706405535743152128
4511770274
2784407161
7809282
16282832
4854250851
2984322113
449110269
2243403913
468764930
218713681
1710236952
493082857
10196452
4854710231
93961698
2764770081
2285688942
4832746727
4891022396
4559611528
733232665
245176643
173467227
3130710477
1424605753
4404186375
942649616
703750052993503232
3521599994
4835182679
2945957444
898622467
4645910967
378259727
3748027762
730510490
1561423087
702198441426837504
18334049
133469917
14993272
3427099624
3684650595
1707857599
214845548
701959255360991236
3082399059
4490093901
4471122433
15665629
39576271
2801360028
4710933789
3314758074
4757624958
4909425670
576310098
3195423342
4310800955
1579287858
283301194
179411829
2361944108
1270620150
634429167
4278693203
760334912
297007299
4846314793
2371618334
3292106054
2331619862
287742921
440287004
3710316615
3010777026
353989199
887346324
236928181
1969346438
119203617
3829445237
23342386
1714215379
2237237556
3260134182
1428794820
98453393
4197860298
2294528240
170488200
4101766521
2604374739
452794540
4853913459
3007574342
23016666
4210818687
28566291
4260368123
2356754006
2579678228
2654356639
28971190
2468448045
2428238845
2952852335
1703046392
632372819
2970791134
3145496079
696466262063456256
261751772
2297971651
89437024
4564665231
293136425
3101613139
159478788
497893541
3266978148
3911707993
2563646953
4202622286
1702975410
2970363023
57388012
2414736038
303896480
3347497853
258025056
49013218
3263877366
55430367
711669715
1343369154
832886564
4238472515
4862021647
4859652080
4778655459
430192464
178704473
3956301615
4873341759
2590884252
3410891445
483426850
3275296080
2858316782
2887108388
2712562681
4705807278
3003863477
4456278074
446228264
2343995882
3321149356
2950061003
1534991335
585604003
2964584867
1032648487
2861775870
348130743
44828614
1122705594
49384747
2196203149
4851430763
3428565077
4236637427
277924273
4794618541
2550575082
555479126
2985197002
2461452080
2364021598
1328778984
3221755357
2712636045
598967993
4795795927
561654065
120964097
2734367325
2409084032
1177822908
4270154713
3428429300
3879233537
892071500
4844550851
137976256
799031060
421252560
3502767916
3070209746
2828705712
2715992263
766273862
819055338
551644827
559977174
3299917608
708522042
4269888616
620451650
107229597
1375098068
3427182407
785830202
634595966
2755643359
3162014286
3454904177
557444210
629482056
603708824
290097255
288629888
450062327
750703231
46139600
880237465
407130574
563136381
91769946
274295451
619338270
460848476
2861976996
461421545
632985793
2393063119
2203758170
1421144298
561802635
14678279
2505217933
291941733
4255054333
2315583427
575747486
521099168
2613167647
197211761
15088481
172852209
3242527197
1065869268
167414897
3127506759
4174017441
160267592
3331835352
3331438299
390208861
2979773758
3110360439
2978305309
2369898164
19173608
3470996714
98967516
4822904303
25750158
4088407491
1475811120
199909211
1264772724
366498596
3229506722
90804267
4005375497
1656480096
4234566983
346924655
110735727
2845849081
584554949
1106592134
35216399
191076433
2449913803
4530079632
3846006256
115681686
4634627416
955994203
4698967314
4717279696
57174231
3580385187
206774019
867074707
322116425
4547869279
960725671
1373139446
19726943
4706270920
395700090
4650323899
4496549793
74219748
3138338070
3043014442
255645890
3283180824
182456364
132111956
2980673631
56371852
4621910142
4463149992
109441206
1047319182
3111670868
377094020
2846578520
2366320388
2267724114
4625860462
232720513
2581758266
2781807314
97563021
3890345237
456679916
933693476
260288666
3058539006
303884934
4584917308
2313099380
125700611
3795292154
15474609
2967419213
3399043193
4224729994
3580248555
1072009236
15650882
2209298587
782393876
101828157
291513513
1125937411
3197874187
26278305
3337133659
3406608339
397808398
4057672269
4510289232
228791219
4460400399
2555682992
284844762
1328597425
3586180212
4329740895
44832407
2357354672
3022984112
38021811
1444888904
18161620
105295143
2680612041
2153346882
23619142
14645160
885733974
816265238
4358080457
27835263
396158429
1056718994
930818888
3248141375
2811995960
3873587412
4275063733
2573296932
2167674121
292659175
1635208298
232023677
18315727
477410739
572629231
3427200023
31694460
3246671550
3322438176
3772913417
1137273540
915594294
22565920
26876136
1580297383
252941860
4286135120
403904789
23195603
542962969
37630113
4145513533
46315077
411956651
2166712563
2206912764
3438287817
22408659
1368478189
4142921015
51915336
2382424129
3010316315
93118728
2240033851
956217427
1060176518
236929495
833963088
4236524773
4181435699
3320712379
552733888
124567136
381513806
15363308
207015756
2286269995
599181271
615572610
370221673
826537184
1459676408
3486976402
2391736202
2227702723
466208875
198587256
191736149
3296351990
636318753
473228575
2323303885
3094750640
2239790569
110508688
2381135910
50717180
3442590492
979302511
3405505149
605045226
3818143708
80758998
2746940134
70664947
1105693836
340113768
1964256902
2735193373
2753499070
115526143
3278096468
3016777890
2906438088
2902585625
3416317949
3385176093
2207780696
2568131149
1320506124
3140982924
25690056
369029151
551588782
2762592056
1433427858
3197771281
39166602
14720319
2252148708
106183468
2503068274
38635888
2908889111
233274366
2557331785
219983463
434328576
580857186
69519762
324201150
482265445
76525772
3083809798
2733816872
3192540098
2235067650
136432427
592185078
1263002017
2874359694
3570410415
2806004678
17563445
2329396765
494837281
395187583
20944649
174618314
3171801288
2203715906
3429770793
3372648855
2983082150
350362817
2953396947
2737125488
42330661
1510790299
16015347
3666111555
409053479
2546730606
88168692
370119444
70587127
518586371
3318124892
2719825639
3272586115
2252839610
1617959046
3397498817
3423015254
844766941
312641499
449901857
26223503
3343039449
3396282117
1839329642
3316011402
438631644
592330191
2349185565
27789999
3315690787
28931314
2191266001
342894187
212207191
2763680641
903377622
347627434
902076782
403171779
3388222553
174953869
114780460
112380901
195030017
3195852355
1068535296
3147424383
842733402
3285819409
1731724052
3300950156
354248645
28830480
529264718
3023273953
398713254
33007901
299066548
358270358
787075928
3383284077
59511805
538547125
174316096
291612075
2305142845
3056067609
537289034
1219997234
3255356792
3241496089
3165570224
1964256464
1343430649
2228659594
2416085409
87383875
101264587
2919907586
496048306
286708292
2288632549
3170412221
2302134816
1359226843
2951869677
976837826
3035763827
1440061392
2795191209
3238228062
2994078118
2240949270
381108914
56216595
3196676557
2543902960
3023863007
549133033
412332494
2575080103
2751509614
3220682993
297457814
3194753155
3193189611
3231159698
3227730882
2941381346
3304483955
20977776
56249795
2983843448
65517621
330502336
2831556585
2843168429
29439865
1341784800
43583486
287084075
3164774293
497162873
1977419539
3122439447
3025235686
884217050
2835672253
249918934
2150178744
2975432630
1894962780
805602769
3225546240
531351424
16373550
977565266
198128780
286589854
773908663
3028727361
2264980638
23849891
450942890
3088063622
379962842
544686866
18655484
1497123636
133022865
1880936238
3292099233
3027052225
24333544
594205112
26643566
211109134
377644304
481836551
1630482644
3256781488
481809371
3220071348
50094643
1235200052
890094763
343157640
264265349
739461068
315878798
80601437
257790013
953824854
16600626
1876660194
869176992
2156427649
53818826
2849871148
250586450
3257519327
225096209
395697196
2945352696
3189972427
33786290
24935003
2878768800
190824798
128635228
792660210
171512460
854446688
18723666
118589251
1516844652
1049681827
2949323625
578595218
10141722
30122242
2214755390
256676949
3195024625
331825712
550423777
1558362607
549181612
2344141208
18112970
2170250454
2188426121
33438221
12648862
2893372832
2367666996
283865372
423977954
2841543051
275836823
2400551504
3201649715
3081853491
257300343
292980305
1850508044
263872832
258274614
246103
1600064430
3154826490
2288707378
339832905
2399002355
1635593876
1069704944
3031135905
316623024
3191393427
2434684398
409600225
157054921
3094773145
2471373595
561125761
27897429
2712571328
14828860
624080892
21587082
355305204
2202604292
334493163
800751782
2749858280
3222335681
278279975
1515327913
885794358
3019408996
1049274146
885721369
177068012
43662736
2372501918
329419299
49638737
281162612
1236057684
2934200467
1348188330
3142454811
1041218948
863878094
261749735
2654848442
142464582
28623510
510245805
100638300
1304696558
1312555746
1674529778
814059650
522132942
492833134
3051448238
470808766
3167576835
303522825
246625667
24645354
326908039
1436555834
403992815
373018802
3188738553
418055121
3122950843
252708695
145873207
208083510
136644917
2781587620
212638721
3060847377
17904614
3127782724
554835606
2902031256
3003753453
3040069319
3146413000
3125632353
2895146151
124455128
3125762721
2321655144
3115950510
532285060
403899803
573205766
397720493
223709915
38485326
264268489
18863455
60228837
3116263187
3062307785
16814500
1379515296
2493694519
279688057
537628712
272133104
2546562188
24159256
447161218
2920474115
2276936905
158060289
140676200
940503344
254732884
492545912
112562263
2180523194
1382542742
3105264926
2557905024
466090255
66951419
198222526
22966253
619293579
3018960919
1597482762
73774016
371932584
33611715
46303458
222138483
68807455
50697813
2147981366
16264803
1966578282
3019220635
2482268682
1935323263
39750215
3093819598
89005882
288063956
3007768819
57360176
579596503
506864606
2473387202
2196874556
3083580105
2316246829
558045041
43037025
79550189
2568166888
2986661359
2573634762
93637779
47233194
2494237140
1198312915
2737267131
1717464030
1188145430
57215100
278098811
16389971
49372625
373367371
3037122126
2889274898
547969112
2512732765
2512734812
2973851974
1563005659
73581025
25975551
2280007795
3005762823
2574956743
518135369
3035236380
3037010125
3044937047
34026982
176306447
299206881
860261738
14059250
3026098199
260590025
2910074359
3024827240
2152250713
1491405692
3021461268
2912025777
406839262
32884393
118881896
23970108
348558007
3016271867
21759987
543844884
2985214667
2481208424
2467154762
2773948526
2879963460
2983267387
724208432
2991665205
386184035
903696020
175857632
