716843876439474176
4859505839
240854206
716844295291060224
3437993877
716843589330976768
2921077178
2728757167
4926130509
4855164370
2855864495
4837315805
3854038335
3281870113
714909610570698752
714046098227200000
716844177900900352
716844365944107008
2267940265
3307525359
18250615
3890839181
701735317271769089
4891855103
701644630413090816
706941707179261953
370338998
2383865840
1403416520
4375303752
3310343086
2987730850
3323157945
179005690
284670437
2917960765
2290357363
4842245728
3235855333
2258343396
2990310324
4878302254
74622741
3397896742
2966914787
398821009
3171056185
3554795716
2224181160
2634953605
3009256211
1458387907
2946312169
205817496
3007559378
2937661751
616134605
2518739700
3319712885
2902407087
2941738732
1870282586
2901136769
3245710699
3871640773
3071552283
2719234380
1581487489
832681867
4745073842
19265695
187510387
164322849
25169797
19687157
4654662574
4845132077
190438206
4137434122
4624243835
2485527848
74018878
3313995072
1659511890
3044675151
3193590224
11722042
2800832154
619102080
468071981
4261699695
2458855225
522537060
142806919
186141167
2559306584
2401045405
261503168
2806818712
3987699754
61744243
3323316682
109313722
2450844968
3244006861
2801853174
4021809854
276826130
229498941
2504199410
3537276981
808224894
37599351
2209612734
1945435921
2992377677
348373687
3225601968
1327497120
2665031910
14645160
87403396
1933042237
3367152165
2323077619
3343392257
3195968952
3243850388
1354824595
3230207620
396365573
396733990
2449562264
532518873
45106932
2371485878
2378422220
366739144
3016549960
1337483011
19956739
2525755712
21598949
3208483635
3063777449
2312909504
2984978068
3114247352
2929400884
2294803052
3164345063
567290976
2939160790
3133898658
3133644997
1002772122
2591926706
2422202036
2827777044
1621600639
2837193803
2814843696
2914502068
3042288138
109779865
2219260250
520990529
3086876400
2731202649
2466496940
3033912267
769928624
3000235261
861619980
2257903908
338456531
161276066
2903101455
2164320034
52508798
2167262363
849999312
252020392
2341140626
2938543957
19569136
1695510150
2762661103
118043735
214969165
199010416
274127782
212156825
2473660776
2347353810
2511688906
927017071
485405888
2574941336
107250421
2177497110
2409352003
28950488
38485326
318558574
1977666888
35099519
1328078114
115773671
137144052
115827236
111698159
2789010708
1535154150
1912726422
175344563
704278898
349228697
230953724
198177868
336896433
1566218923
340555734
2433159100
1242550296
1320096061
1666637246
433882993
2784212670
216307605
2428577071
2569538971
1676374052
605347520
1415551424
77394232
2345158690
617384307
410811685
2488317650
214615148
73511015
200241621
1463055192
1918228742
2757865741
2357026976
2617124785
2498371548
755377009
122770723
2658313694
331489284
78193202
2351684336
2564146368
2469949202
1933653204
1831749254
77003840
2539396145
917751703
2569082229
284243953
2386750476
495596596
172491120
152382666
95687734
1338205615
1584596964
596199318
567719017
132079316
23456535
757332493
386869121
342081314
1720252428
198024298
303760337
1608786913
51481364
156004774
1316715530
139587413
313072096
32856634
2306975172
253200818
1665398179
15530529
1666564344
1597294572
397653735
110608919
554088639
454417327
358540620
309802406
227198002
70614644
141314229
116474987
2397107885
435259176
1254941509
2210786515
36898349
107801649
2194381020
1240365127
356927957
2385173203
143170728
615296357
51842336
337374913
84386063
340433669
100322384
2299894251
195747980
16702542
2483217855
426048069
536688712
1648547654
115801376
237971950
1084463239
1332619735
31559471
773277918
2441431584
1096430215
1447714782
1493460242
260097537
2389869392
928257415
527831831
185567936
483246851
244842862
2430937742
299812920
65144344
383389107
15120535
405565290
67664586
35726888
17794560
2415315060
359090745
2305702224
556328419
2289674492
29139195
35912291
1003136372
85124669
592527652
270166591
494008164
713986413
635258855
1012546213
141085161
164281034
1464229260
40004518
915828438
596372224
2325565280
87613223
2382449479
153038148
603674282
1640688924
237833319
106332067
293464055
130278068
2401679193
205957912
2347225658
222919571
2412945909
296464097
601305951
1449970075
82804753
2244753901
524346312
50192060
1566305305
1202663270
2380970245
2252991768
943997718
361001998
2369487242
16777916
1090925996
769651760
2382595916
199446505
62220911
221959819
413167918
1729109138
502289357
849830610
23290863
2240706799
1596851449
98022293
2314321129
2289679789
2308113967
2289305971
2297778450
2229575203
24617933
1683447866
2229443912
2287426843
2314223485
358232471
2229582985
2348098044
1732755630
314851996
821843828
408757348
1190949558
317634515
54584705
200666055
2382792996
16361219
2301018914
21896677
1317158948
1711967611
