4855164370
722264871383879682
1075054358
193483879
720298476366483456
2485512249
4850767775
1400093498
4855875971
717402628192342016
452817623
2366397027
3324656607
714605696352980992
3248857031
2824106537
2722542937
2148447065
772666315
2976652439
3157981539
232891241
4166520148
457576271
1014223656
2182621300
3402178025
705329803
703678437689528320
2358207374
4690714104
3306337402
1402817137
2785242088
1038779844
433901899
2403367587
904519560
362767696
2959051660
4903088919
3027300214
2639533139
4173702688
2598243048
4865727813
4871030943
177319531
4292699181
4854582821
4848347243
4847659973
4152862275
1646795954
1105182276
889577311
2510317927
422253990
4504579055
1641173832
4747786035
1421643805
2713218880
4416159929
3983251619
3434713085
3320745704
3941887277
4167921917
4101114075
540764393
429184253
1602573458
1353061560
3771016993
3815898683
3739991002
2949799797
3403668605
1268392927
3002270339
1149906996
895854367
3647694742
3633471195
3628687636
1172044129
2913582552
1351995512
2616495942
2870045938
3436221214
2261211299
2728623207
451073338
452790798
3416911792
1547240754
477608922
716952077
2764408581
896142193
554718137
1932396674
2371536088
2347353615
1195514750
614781379
1102846130
3331593653
1583705863
3307638405
3302333187
3286377863
2899029635
3122080505
3239833169
3235568639
3226055477
3222197825
2468165789
3160042350
3203396783
3192466677
1643552348
3156842112
1525501447
3111512529
3033905294
2730378731
3108794711
3046713661
1522267040
1691838414
3085121169
2249619265
1031655109
1018584380
3053896076
3000421839
3040311427
2939075361
2373472269
1268173052
1446999744
1235344314
3022434747
716200055
3039742019
3037214056
711613130
1129138627
3026549956
581965948
1036534387
1651716907
2320909023
2998799469
413549618
2739028139
1213517580
236095380
2393402478
2794253261
2965258396
2972542510
2705716861
2206459983
1008027966
1892376085
1623068695
2923332617
2718913558
979430052
870858014
2420971569
2817368653
2908463268
497012111
542195420
512665125
2582514762
2815997090
443134252
2357102261
2887903479
2881971675
2897793348
1703758110
2723363619
2874315556
2874226965
2896089164
1152346572
550472170
490944754
941526889
2267801741
463261716
930937298
2183797241
2865965694
235770453
2793135339
495605961
2374723679
1352521357
1627906154
945034548
865259341
1164716395
2821015479
2722119251
2304773823
810132944
1686409454
500336772
2765916677
2332321329
2740017747
2786091369
713636263
894193063
970316882
1360179218
1206456198
777173916
2271827554
2768829760
2492239528
2331078617
2474539167
2788772658
935671710
2781307830
2566377895
2369486498
1410268284
622095910
477737839
33738126
2748273232
890114036
2744064957
2216501080
2742142803
2229161705
2299832163
627036342
2741123458
2591606354
424308091
2738266923
2734365832
2439399523
524749464
1723147602
2661539136
1318581438
2638944243
2216667208
2482392789
2585237505
1016352102
2309636999
587040499
2570045965
2310788119
1069866962
2214644757
1924644103
1468242805
511010150
1551937086
1323566048
1038504740
1260756398
1699780116
1595987713
2364677004
626237544
2319756674
2388474414
1413842822
572835019
2330724952
