717649831041310722
715017518457470976
706851202886213632
1202244338
705302410084880384
1699412064
4846112219
30956761
2964003557
81933269
517910247
3010716159
3402752512
473361738
2351689129
563914564
391410070
3071081135
280129973
81081722
17711046
2243574691
477926461
252730173
282105253
391665993
318356788
332626171
129893494
190258208
17210006
19454719
243387880
53887317
228717192
287908849
267185120
198063769
105895212
587297660
55588259
23854709
20083529
282256975
459224619
284110626
2471348864
472923501
79312312
526580658
212767244
719699945
98001032
43001654
164613308
547544982
743667523
37263355
383695584
85669614
35039961
15046200
20336013
960377004
597158387
96970960
1022245675
15915392
355091748
861580519
28066028
1263963103
70767382
574893322
109634737
1209884304
281727641
171187780
41673838
240770957
14604185
180320652
19829645
529463646
729179179
40359542
22276988
211328495
52357884
272158227
40451429
555800330
203915675
430973749
375621636
398900921
266191983
251561200
485160753
399264988
257877431
282739758
96336608
244141213
222893622
120707178
