725197054536900608
2450393978
2288674988
2305731032
3015818303
4892429343
211878633
925955864
2543701682
703830152954818561
221358307
701077863089496064
1481499054
2397500817
4229099645
4868990128
3307133353
2819140038
3307123711
1649249412
3054353522
3260528035
4616007455
3403637603
442200505
4239955273
3311642064
3021147857
3320791745
1639454509
1115865403
773006496
3728214378
3613093760
2493748802
3332392212
3316179516
899079914
3292183758
3029497047
2500518822
2848101367
2904776155
1261288351
3161490648
598831980
472524649
1462777860
1723538516
2211112964
3016020830
2431433394
2181574464
2915286625
2907658196
2482600376
2792563391
600662013
2802980130
2749913195
2532313179
2170989236
2555721943
1896342097
2254461229
2428318746
2254266810
1315505329
1955536663
1135662144
2377727994
