17881816
4412199793
2387926482
4896233842
87403396
386520574
366442210
454112482
190428496
43034498
2401313180
2356108304
562349002
2198818399
19325572
393818064
20400399
397448879
1167257437
214240116
22935820
22399498
1569610980
19683967
1294641241
1135943461
493980983
831467156
276157456
365833903
549467704
535377682
516818629
479362095
281998176
282003311
432509613
431435485
36558840
394976858
385303376
243084579
370388628
246996498
116708153
328080883
230952746
71482156
243465106
228953051
228798085
217666571
124061406
199116089
186284652
19484265
28921988
85316989
24061193
