3165908666
4760369303
2659696782
1043196992
2580820985
717077611688681473
706676180162707457
2605142337
1957209596
2411479404
713509182398468096
708190024118894594
711590224019775489
3424393198
2758744553
709541668756672512
332327402
3153581696
707392586789466113
2542297068
576566953
4834598746
248941728
702571718670352384
3891418229
702296214969180160
4917320369
770266879
3296803880
1036249933
1231516813
4869220378
504732401
2462935738
4832816740
3380766509
231997486
831672642
2244073301
167993860
4498470502
3224632733
4471877123
3011387825
701233850
2253272979
2243713726
3098345729
2436020016
2889745409
3431740367
1262150760
2890453168
2793484954
2433953723
2577313658
232376381
999870019
15445129
2363845840
2782535747
3031477251
2189380427
357862337
3403403103
2750664887
260891197
3364351934
3303381057
1640776693
1621513879
30970117
3125399195
627784661
1325681414
3301849034
3301435880
2835691888
83682501
2732624257
3376683647
3379318311
2524155543
1126753694
2816447439
1699717358
440506766
896209339
243018136
853795508
1628664656
1146936972
253315531
494394863
2750331016
3031360251
3306693310
705719065
159307336
3084739714
3290705561
2259138190
3290701216
3190257097
3199539327
3232483311
1890515346
3202887179
3184306041
3093198114
3188909368
720998497
3139019973
3006061511
2957414728
728885850
2640872968
32770041
1000187497
3031211559
1066630897
2448401695
1629233048
2458741874
2317968518
383933984
633537634
396863708
2562721294
372557600
210964422
1223104940
24030040
456111232
1592101759
2566158910
2321030964
1164504409
3040091033
3037351535
2832168797
1666680168
2999991510
1496304690
1033590792
3022102575
400413500
2986039434
1559534610
2743160104
2330817051
283797318
2957530707
2957047587
2953581509
2363541120
2448114961
2938779803
945105464
2935420924
2932876113
2188096390
883557612
2427893463
1689491274
2500407289
1618483500
1051790712
364660168
1035267433
456942030
513588988
633692062
197905080
2880154161
1126931472
450121234
763983752
2857681786
1514554580
2878783769
2798822153
374291691
2567833615
2815570766
2781780477
881250421
715945390
2342621520
2420892692
946888152
1195694851
1442182879
2863957633
2864041284
2355253873
2851125612
2527323368
2644776322
97013159
928699284
1049109258
332470297
568752322
2326566891
2551962854
2633678088
1210617002
559989601
2560253197
977299790
1099377906
2419999674
2345881337
50579320
412683981
749889884
2491761216
447276287
103280316
280759120
1242474786
2519776935
1723489050
702223956
2495531753
887933419
482489570
1577479136
1630519176
545485155
1873557390
187423729
1051294640
2433224496
1914507318
2353713820
