725114560345198592
1223319942
703222133527330816
3384742985
3106039169
4034361863
719651999957049344
471503961
403641747
1564649538
474498841
720796864749113344
2759948847
889750926
778256275
577691517
3074136777
3297175115
1439720580
1284798572
3227389822
2481017300
2913627307
4102376488
274285992
702377172992958464
714645261662990336
714640719823183874
714220313979052034
1692615716
4893160630
710238352352649216
710519061646540800
2939562065
432033618
745908650
708398344402509824
2512803811
701280329101918209
3468446355
1591320692
1713229897
4520232453
3118039683
1682217085
705373977523449856
3171737638
2269646798
787215331
1624254211
3040117487
708380902
2756674252
874411586
4404050963
1219059960
704336069077147648
811963826
2189181564
2700853672
2156989551
874547107
2994766233
703008157023469569
2175175782
4322029679
984914010
4468764733
3302329383
381866219
3181659173
3063081262
3056952808
336392034
523645700
701190516298412033
581428455
2620813947
3025136487
2776992636
844316935
3604284142
2924968812
1325738648
3064571175
1321389402
2771520045
514844961
4903484829
451501741
1462466233
954091267
3438648791
1478819113
3105660279
2475915026
4552702875
3350121574
4843085763
3309443158
3515140942
4827862611
4834024767
2816665697
2416147775
1589367913
2245858205
1007684666
2351799449
4629767955
1593608719
3296764910
4205844074
535601680
2975693805
543883030
1556480809
2816816303
3350211489
779531508
2316273559
2446430088
2374533592
2817717882
3082945041
553631849
4245814143
2765740931
1939469630
2780638533
2657117247
4143651509
2287154367
2277150725
4049559113
3528518895
3382639600
2975746677
3556057414
3875853202
1265620734
3206490039
1596704815
2212402702
3082338512
2474148435
418289553
635949019
933140724
2749587510
3434934533
2498440684
2334699561
2652594804
514627274
2574394767
3060129323
3035887762
2828023192
3332669025
2749337607
1596202682
2359579887
2735409435
3390540665
2448295866
3166557125
2784067018
3247111013
3057656542
2224278077
2995087970
513894246
2828700963
2753708793
2722307865
2743023203
2727699585
1641393860
2695693341
2373216502
2379457857
2633482301
2302556464
541720447
882154249
2604802318
1034897996
1375294806
2372541248
1327688388
2284719855
923408617
1495679322
2439119464
2400867741
2452259770
2305416000
2342653501
1895188693
50621512
2453111351
928713020
705421654
2243769663
894292488
2238423277
2213127190
2306497527
1439848111
492652266
1634452716
1656296826
2307693835
1532354684
1538955403
1579308420
1096582819
890170862
1596685730
2380762997
1158319087
1120667928
1905745664
2304633857
