2893754904
2198991925
2390918814
555791715
4747396926
714569509827252224
8818742
712705415969157121
707245627088875520
3327761825
317182090
3233333174
4875430929
4794572294
525713285
4756389127
1407835957
541625881
2533042092
3248507202
1316107014
2159171215
332493740
2160092851
251445084
4098037512
3957388813
3999711189
311399233
3878007733
572812881
317032000
114087468
3308665555
174195982
1544893940
155678043
3261381800
136640346
3225086995
170332167
90147407
115622913
2832000121
254405503
19075318
1369348952
