718702992120233984
3023037872
3854038335
722207528893968384
1037626970
718874945426731008
37743198
2665957440
2253627049
2191371774
863950651
1679246172
3413608293
3173508334
2468911572
243266856
368026549
384630357
1581384734
3178927166
2999150578
1466704076
3325836839
317932729
2720712147
2886042402
2976536878
3006023950
2457990986
2843716419
2779714158
2789495366
74835560
1177686056
2869187740
18332190
2606254627
101077138
2551785044
886338415
1311467173
2678602985
2678160772
2726204945
2357251195
2582486112
308998784
110191227
1015702897
2483820372
226682780
966549800
1605330294
2453139968
2314801320
24133942
2434188559
2442973074
2443102694
