722836521762496513
1449713894
4883956643
4825062518
3311664027
709507920010956800
1657411134
3937726277
38976017
4417966880
717181521199632384
4875910828
2882909449
705657504408199168
1932407485
29710406
3026914855
1407424789
308014692
1976044261
1958273006
90379747
701433584356368384
554629512
914758777
130741213
4852342141
695548087998246913
15732026
2459413412
57502134
2610027230
541381037
3064009798
58559649
2223599205
2423058966
2164830788
2485977121
202634160
4823087535
1010810106
1906524205
2719113642
708985014696976384
722547872273551360
718445404845654017
37256946
725427185524285440
4917004092
15475354
2239654017
4613303899
2555381341
2882935200
3910264572
85021241
3284674658
3087175894
3728767036
703302863871721472
56938863
3222566306
4899565343
30102432
2316246829
23761484
90570778
700532975931301890
2162196044
3120220546
712849282559160320
304589051
3190331552
1649409660
3990514935
535453697
2446766928
2898233755
3476605332
19732344
713373735173001216
18088416
4688829792
3178468062
59861123
310289165
3264867451
1188621296
3330244523
867710839
2579786377
101321544
2444562330
704685700453535744
42832241
156400397
1853428015
20254407
340417596
719219024471683072
16339851
536087812
2770395050
722973241996763136
2583747290
2575561441
18439997
4439617814
2895262021
4863633911
2884965628
718948593126752261
304708759
325865834
3303025153
718944691836887041
271073176
167781199
2583822708
710484143495208961
2585428700
25276950
2822117268
3802359628
186669620
707563504732131328
708149118691119105
176255681
285217524
2512494217
28381862
4745275092
4656537841
135344025
2345653232
129230580
16175706
54548130
2232991188
3070003102
33702677
2931795407
4714920507
4087440979
23199267
4415178613
813695790
3497203575
4414728135
1609360616
220149158
17628827
589723557
188525525
707788043734810625
253768224
24859536
4167815412
707789056458014720
1412402154
11108762
564595812
3430710359
711957005989126145
721605845100863489
721585173137989632
721582831944605698
721582499806060548
721565313628672001
18666337
714801859689586688
78883324
76689333
704070213143232512
2785071561
52102296
3005755928
2723361531
63349037
721120774824701953
707539504773603328
87051352
469806383
191914406
176314157
712522676502441985
20132655
260887905
3777263427
3291287325
720856680225857536
4844760069
2330350158
473285651
3015902506
701448902646636549
866717532
707147835158831105
4219699713
3242269997
263852695
719064766539403265
704610519605501952
77551314
2246371640
1681881888
3093974667
260347851
964784250
713992770499780608
2546236069
2177676990
474114908
720168841326817280
4716340209
720271483398787073
452732887
720147521029480448
4002982007
1425349861
98744163
3379737905
719879140485279746
316239685
2332947703
987779437
2970002127
716480520285065216
14159444
704100480276889600
2197528581
67217002
1075324656
388504835
2470276154
85614136
390388984
85743562
716479425991221251
709816888755249152
12144232
973753897
160268128
1295127601
2886753081
461301890
469603597
1870282586
348963601
16147580
921759169
4852557873
4704047376
3250033374
18943191
1744621
2883741601
2986525396
3304386296
4560963684
260029172
718746260933591040
438828609
97047728
2292488509
2470294609
701828048107257860
3696172397
344128331
432989322
716479854095441920
2599044530
24586575
3336799889
38532589
545529704
2870589214
257265441
56631103
403515169
1661908656
2873879001
2946154083
700681978664759296
103618959
716478636333801474
716478024066031616
1514569650
586176034
1291079264
713082737092136960
2997162650
313285713
2817373081
3467594663
716477526348943360
1137722502
40998039
4895427135
717844978936905728
2979992121
163582516
46955805
3761106024
715719530031423489
212023751
715012311677689856
1064587236
709494970814562304
113422725
4271886976
2349480066
2819841203
335129021
4178264541
2874221903
713714749284831233
1079311171
2377179667
106203356
505586108
714828338045587458
15830958
549425052
20477352
15936868
251012121
205754172
191130837
2293329019
90978424
2347380103
3434599881
33669105
502895503
710940991126044672
222641803
2811010097
3277758486
3924133294
4067422251
2396238068
144113297
3165845519
16586626
3607061893
100650272
2898289915
438500433
712682264459612160
4696063640
1539427734
1059525787
245322394
716089491656687618
2959497429
716005476757073922
1965191148
372119237
2699730193
14469246
1309263470
586394149
17833436
714741709922557952
3948421845
116994131
3227204152
518779520
715709419946807296
2232033499
2907677723
4202910019
3959310794
870236286
4816370867
17556539
44074935
1045854992
139745381
369352648
4083987309
2904163205
106368459
104674131
240694705
3063827517
299258565
133984183
19842151
2909376548
2303077585
38774229
2698912710
2354900192
714051324527165440
57325095
345738935
90245225
2590422858
3048290854
3183111687
1473315596
4202856072
102116847
493456376
2419943132
2614370959
731927509
3884712253
380560718
105295143
2611458349
292492273
68971853
79338890
230425473
2797959552
597893482
400128084
3246924024
3034550027
2531309462
2872160781
222568923
54924529
21527658
1288990909
3228213992
219868736
702905265377538049
1668449862
3386269389
2832124844
165236025
3380369602
2529429392
804704874
4084624828
706784314911023104
2927016225
3073179048
51735659
3064155032
788349570
275678439
328638472
2824025154
2976206477
4276026980
15275931
444719297
2881379128
3236653884
617780286
3232013216
2649080492
3534224363
707665843
2430843984
2361413834
3182228761
700464026824749056
3245631819
3594700693
622319841
4283489835
559780277
38258527
1902015966
15063486
588492837
705526438976327680
4867906919
403782375
2670065136
37949650
700603834394091520
712256915338883072
259674489
17416879
2771767023
3677526494
1486896229
3270025830
4754621772
4241817434
17997483
712575632966811648
507450553
706011593306288128
712532457283796992
50418426
707903138557255680
4510657814
4417615632
4528090102
703171206585802752
2792754906
18303591
755149141
251987507
27480420
489022897
28262754
702157603703541760
168738308
4898894343
711781289771147264
4181306353
705918794548453376
86595709
2303638260
2388063445
3673967055
2847862249
399223755
3378515741
1547247097
628520399
143377881
3244072786
2734953286
614526504
705040642179727361
1186661167
4642183466
377940503
2178437149
2816728361
3606426612
3153179213
710933655074394112
401898288
3068790141
117128823
2944839748
700622606102171648
18446605
1383429912
4506195502
4745532798
2925305888
490901162
520314699
1961437674
4329131962
4140381321
233991388
2540943813
2819362954
170899491
56851719
707906939334868992
4624290074
342022863
704426257224765441
2348625554
3260657304
970814600
278684657
4834996613
331484960
308525859
1660794966
843641377
4883531002
2476624602
2784051603
1347862164
2748578184
4120175794
2738418642
4490591832
1691655522
708786463282847744
2252069544
25537232
263125103
4456293502
705791479600410624
4210449574
3032365103
4103376017
15081274
1665807648
709222787353862144
268454677
708541189759352835
3219461544
703114347871010816
2901160079
220998317
705746158040195076
186175602
3136363472
19877600
2664667260
705036957148176386
1578817370
255658874
3812776354
35925439
362837446
2931050661
352124240
705725460307709952
422289762
330616620
284703164
276965213
4795766996
42070873
27897667
31231020
15517570
498392326
413019210
33043257
222144971
223629536
55121922
1150654428
21285979
706966258563063808
4834350813
323648321
182157937
2724557755
53689588
3084318070
20677235
64191700
2901913720
3534899424
701387539354152960
139805438
1292438198
344005669
372050829
146077569
701707828940115968
611831442
2917606224
3935459302
63963244
2186796277
138463658
2608245109
2558837868
112228504
2500202586
483167438
385209858
2713683168
254705605
15367154
4528756715
704592694413238272
4559287213
2780962892
3312564102
87234523
20909587
322584847
1138372326
4471871112
186196438
78978173
3829445237
160916852
196447125
569867057
2423289337
3439957574
3216355100
20877605
706719795123724288
4869261287
705009054913986560
379476398
20791835
361695567
2674885669
706915037487583233
702808978259124224
3253742353
1242860166
705778378763153408
490857705
17672202
35162066
699971769747177472
200607519
2978783314
2998726149
2527828914
110249178
17033708
197008257
85155917
4057424170
4823922323
812831000
17979466
559767388
213026528
1119497738
3385236489
704488721534550016
4906967958
849368232
2868776939
2493874620
2893536972
2536540844
3010664694
2186755171
17491264
17472086
4149753073
325170468
2686628156
1033644440
36043115
4208527877
2383302521
208568172
2902154269
609317738
3384995091
3010593099
2483175788
2369962640
3004905346
2834664349
532480360
4134289937
6328372
256564922
4918224988
390877754
1136598588
240070925
2962626514
131472597
4905174123
3243280421
4876306174
32489306
702642459076124672
3307097888
776774065
2563814487
1668821198
3578622493
346705172
24863591
974849245
77235082
623012051
1674109290
2682736561
3377837637
1393037281
3337216475
705152785118060544
2569338613
1159525747
3317510646
1353774379
701044941431160832
23224410
3990511212
38848092
2414709972
259689332
2305540434
3676244835
3816467232
862848234
46099774
108796231
2400107456
226890990
4852252655
2727959707
3006104127
3407446409
3251407126
3973854053
2841964389
115215923
2159008536
4909947046
14894710
4568242578
4805824784
483771071
296896338
322014662
231547812
263786496
22166120
704215172236353536
4289720041
2796742596
4165206566
193596074
704033159013277696
1710801594
2288496584
39043005
42721897
2360562750
416871524
73236430
109441206
3179662599
109758989
488935697
380235660
70602439
4177640721
4890939703
126267083
4463149992
38741486
3429855760
3185698177
1979367295
3293886549
56571133
33721957
46264051
125431201
2360019834
247062249
702140022305247232
20823987
48586785
17857089
17590115
16185448
4891670797
2414626382
54424724
348461964
1398869772
1665917761
218599924
2696307024
3412948678
78704561
3060447510
37448989
4332573742
2578876908
3309029669
105207569
620287297
4834421543
19083212
15444539
3071684154
324888704
4910320040
2977535944
84198180
2456660110
465089434
78384956
280745235
701843075782455296
214896753
14232619
2848976312
28893013
3373785707
16761349
4514531554
4895661241
3354458213
403942389
57743260
970303986
58220524
115679415
470109297
151646571
14838585
1521533432
4892614372
3941668575
170670605
2408150898
4870889608
17460947
4927281419
2802333157
457618544
4895774593
4895603274
4895481390
2293942237
26619979
214310498
405742601
1911303422
4827918136
1720103365
2870989505
2186946828
700572308780425216
2486034890
2796334270
940384621
4449242594
325562627
4134021380
2613958200
418214001
224004614
19795404
468984992
3594763280
1933601918
4515081079
14411523
3083611330
2643155179
140635836
1882918332
262529998
2365408057
3066308911
18966155
336053144
3900869914
113084080
3144040043
3074958632
3268092572
2320410584
2490232848
2170942711
631029361
218423826
314139352
1536399169
2783350164
368686224
55161975
3320957840
807959780
114497980
162554765
3236249083
4057400974
2341149504
4213142327
3320466517
3376321847
4190684242
1871634932
2151186774
1007732894
2270982404
3069589914
4508646411
2288526636
21677185
17075185
2911309248
4877480115
304399481
19887850
34663615
78706788
2441823814
256964232
3362997875
56293707
116981474
14415783
4568768975
4125685891
634820150
4527443659
3214016385
3019385613
3430538614
171911342
1451477196
3180978036
2827331114
55676827
2330553757
2297107153
234304384
3116058121
177989708
4869444615
283075270
2927431443
2955076597
572125861
4798037911
4862109258
4542770236
86584390
4876438047
4105238241
4468728028
218594162
3307341462
2309070512
104342030
3046919854
4698578509
4444889896
2332326469
278214197
4873406133
2795634204
32226828
911053897
1672992757
4691981299
15857747
23391334
4344983434
82923378
2692167780
1749384817
3286848973
1862439649
15466386
3041573272
2603102431
469189230
216235435
2963670137
2730744295
48549259
1023084498
34977164
1850098712
182589343
2157417348
4696353686
2769376430
1903714662
3171500599
59785531
112924655
2420861179
821107842
4825364758
66703604
2792688922
897943052
2241428113
3170443718
280623262
15791117
253138309
95588373
2584811341
212249587
1965053142
4572444821
2588528155
3287869802
268607705
891870572
1515153356
17829291
280255353
259666947
375645127
187893930
16014236
3621755719
3860445914
3223937239
29610442
1579772378
1950754694
3331959754
365100152
430438145
2584755738
17997649
32481580
3649001606
305115580
4812045139
3031861585
61128948
130320277
380694832
226301036
27246723
4075684282
3242623674
136039679
74147260
4804785331
1921023505
350067423
448136904
16877616
3299538995
3299656731
2337112813
4170975913
294592706
3225361400
3554869994
28601983
1851295646
22607674
21223161
16547087
3246345534
1671219565
4745761843
4046846921
3975437666
2869533971
4833613623
102446779
3219039072
4775280352
258825889
2958296033
4647366134
2981403377
2251431872
3360629141
4676939246
3972911655
2734827354
1389383599
3096629398
2371305157
3346971460
3320508728
215442037
553215041
2999898171
2301737107
4563791836
2545655084
484999518
2497336783
3483558438
3172308049
2330645310
4551391214
2285681216
126903716
312673052
4829859347
7246192
4759377016
4554280873
4428984792
4234572766
2361516942
2259351883
34390936
627454613
91488764
80130557
20175859
4122161452
344728424
123678702
21670055
4826889723
2305677235
381032464
42549742
4811164427
3766449977
17590542
2458855225
275656890
1481618598
2881135503
469330673
4439636532
959564347
72961274
2899133017
2908811867
76295423
4823502400
4823127658
16510607
3307580088
519439629
249914753
3761413575
329660044
2262134150
3281115164
2972410695
98505675
371768488
3367613069
84217658
566496010
2376149011
4681430352
2555231179
97383592
770322817
4707037481
3304759205
2969635323
484067512
1428332168
635329903
162398995
4523757495
3056142064
2597452268
3009644894
19389969
4819769321
556459529
954899047
2722914054
172863320
153838101
376448253
4671818719
1526528917
3063341919
61818291
165116160
112500591
416949345
4778183417
3459760696
1697068668
236430004
289933169
38485326
4719424117
17070787
4144144779
35099519
125517500
375991956
3053062542
2584659632
226099210
365161460
3448837576
3258282270
111698159
82649061
2594546222
4730607674
1349732089
2159765580
424329892
2252976408
19210640
170404126
3131772515
85008170
1200819426
15755782
31516071
2913908180
61891565
230180013
2366064635
2343138379
466543819
361552327
4758834381
2678225023
404641900
2821186187
327921463
44144631
600079973
236242525
741637770
585341968
2713626576
98737601
3025463301
10070832
377032968
247949663
2299611103
2577136399
363189270
589445056
4419495928
4813159661
18460854
565559770
4812767177
592758438
15106486
492991594
4812072190
2797879046
932646428
4774387000
1074128720
3164117660
2389316726
262284707
45181372
3313851443
49876550
498340611
3405634149
3145633647
4228003120
140971200
1951765716
230941628
4807972534
3027816061
423153308
3162988484
450229110
1043198016
384674294
289955516
3643243156
3317414869
3093201981
1457532188
2173635047
3826951875
137111403
4171298417
844750669
21384852
17090308
2343966982
991670881
951271976
1650912265
4805605283
2180234989
2940634578
291984923
346828464
2415445873
2813223643
19487375
2530724647
89018996
731516611
15898634
123085589
79993544
3842455192
52753409
3759452777
626681544
1313966952
2591741106
40972954
619374235
20582624
459446151
2242244960
4083516688
23128820
907345453
1398344467
3308599089
2581021770
32851741
65359897
3185636804
348216077
2745869442
89777076
507825481
1104213572
1358616876
172569902
3391910519
22803740
327417283
14488911
33855048
1152931194
20925925
3346438259
518351582
2435323944
1072719324
4777286601
19642069
360293368
231497809
4776013721
1354949786
1592681322
4305257555
148160794
3153329761
4179848835
2593563955
98156850
4404014787
1957296674
1967013500
112990049
4213881193
1839101318
4160481191
22561979
22477697
891786476
19068720
47377948
3320625044
2844490934
522794267
210269467
19218108
86388410
144199987
2349801090
12757982
3292459602
3310947816
2484720476
2836453703
14513049
43619502
2465376464
3341318193
1093004334
4755419980
25879959
2470312610
276470314
2178901477
437650573
4752950063
396219114
1041888200
300460813
14560373
204389728
2682308143
3226680689
2807870120
3610844233
259649352
3109028386
4724621424
729793656
2251577246
3675923055
3662209462
16816972
4611380199
3633739813
2215064868
1377797540
443415208
83611859
73936002
18518775
830470375
781482788
2553004117
220899197
2201921964
1140151146
240979157
30292361
4668059149
3861757092
154286890
4507128527
4060812039
60031833
4196472563
21790272
410719374
4719110479
3287133278
73725383
729025896
412883715
4323588028
317443105
614677884
19181549
4720039937
484055950
318750288
8071902
2433035562
4716585382
4302510617
4715376009
147750150
3329363703
730322904
4712514436
886882542
18638264
48318679
3017783983
2437010239
3012317197
3122997408
4647427333
4709993847
2926511716
3301487464
4532613270
6230402
1673755597
2856968787
3069721146
1395128827
9834692
2991950623
23397630
2493928537
580712306
4580589933
4495112427
2340388418
22044232
1465065524
87206538
3431940339
2842282216
66988786
1901447682
2276726352
3260461698
119145381
4454302527
75413122
32324648
99793636
3102102906
1390094640
244551777
3413810013
3082932069
116766949
2477521214
3438131158
2735640018
570266167
28631981
4691829750
1124787104
133014693
2732160222
3542639665
20402485
542291870
2409511567
100277835
102552186
87989672
4635879857
995136493
291456056
284419413
878884080
3048084589
10842642
79827261
4132001533
3318368861
2981291687
2252339022
1152368821
4642913000
80508926
4663170141
24523347
1228995708
38972412
3064514789
79289712
558656715
2496032305
57616446
4148572049
1605744104
84467185
277522032
2680729040
2724492680
3861149299
3911350092
4647458837
18122229
2668090308
4568362513
2229893802
4646653095
1143371911
3219161286
250416435
54646443
30551222
221040515
732713060
469748676
6108862
275264764
3400742530
149352485
112394469
1066985078
14143676
258003493
3267156080
2396488968
30841587
3222612961
14203640
19195866
24947336
4527104141
21581475
132216422
2724721424
2959352123
2646210842
43918058
403105262
4425543328
135981624
17342191
275047905
580226008
296879022
30364770
185634438
339425126
2940151785
3091406158
106356132
23639144
14785113
2372730972
872125404
1873058047
718762070
3074438607
2226685783
3309910023
4312154719
3529037779
28507777
9102082
27576488
4350202454
8133992
105651468
3016594220
465019547
4656157154
59959922
207799137
2544809335
2733374251
2996353525
1056050304
246103
191668537
4602839836
2839117082
26377539
21884325
162569857
2888668170
3326063380
3974708054
2526840908
2290376150
870761
3036688837
1335599142
3220737569
3131139469
1084962212
366064279
1035895740
3003064388
735100410
3529908553
28428838
73116030
42341287
3171389502
2560087831
1911651336
3230882976
83265646
4588249816
160312672
283301071
45265781
3948143128
630472644
3689622321
3403704074
4360177618
153671249
32445874
3433040833
4651164811
14913837
4345403598
4477991300
2921542055
48883695
4216961865
368455392
4648080498
4648120987
1381088924
2899074540
4648185217
2377062811
17600526
1676350267
2915581805
4566344116
4536305425
4418150834
1015416452
32212855
2372962049
14513154
4378390774
18500081
117608476
413641306
3239363948
2940018152
478157338
405909487
333585008
3433557611
112758430
886831460
607871889
27337770
296320946
2168961860
3053274757
2912774110
3398919244
4213685249
3324382154
3266624216
277355403
3304566965
187476053
168517345
68567871
29216260
234996840
82330132
3501686117
3431779804
3823713995
1702096849
38898845
611600999
2412580496
116903742
1615385107
67767341
4091929159
3201134609
2377870303
4492698195
3139990918
789980083
4222687398
316515709
15444160
502327165
1713944696
4553698933
2747450241
552005607
3374475003
912718398
4431652461
33502375
19713521
299900985
3057113992
44197057
2286189025
3291565359
576144452
100023084
480994264
4386872067
2258769614
36842405
93026879
3428312074
27883417
4544869252
118487495
2913356009
4025056282
553648255
3176952908
2970813920
4574210894
4093148531
3314169023
278660002
4551197746
4551748753
3065748768
169165586
106324963
3593033303
998348030
531554687
1334353680
1156762898
4300639101
1368959768
25707034
3486450795
2995259119
4312783158
1674103135
3384052222
432254894
3242631948
3119514154
24349664
467705144
19212473
3343020191
20793678
2227338603
158552745
477600691
4060918168
3142210096
4408371797
15367370
277909707
4566641958
35865106
2650041666
114061673
2794939987
2607123872
2361754251
2284066573
2341139364
2929135816
2401729680
20866353
85975725
548919647
41922047
1514448769
2815408383
265668224
142445186
4526701175
1382336750
77252726
155045032
3434325791
311328974
106817676
46866384
2491644698
60658989
3119904294
4516067775
27090356
2666218518
3469779034
1076852898
2744198160
492597114
102108884
4201910279
16210077
3779912119
4583182873
2905235441
45038044
42208855
3634169474
2264328750
378098449
12874852
1608150445
48169004
793384148
2342763606
1187966880
174135877
3366513286
424385869
22955911
3136664607
1372167344
544136156
17668003
365101425
1963348200
33407324
1223989116
43519478
25281063
364077793
24134009
53380495
200192934
4226459434
42975712
4406751193
4073964012
366296660
244746802
3043789685
57106936
16176026
1021440288
146914627
120083514
30859043
59225619
160775790
3426859811
1525891932
2468027756
17278968
3217062802
2835084657
29183101
15177871
126389796
26526677
69352934
4474716797
1223297359
883949966
16688896
3150423109
573225679
3812738113
17640829
4494166343
148591151
4443333313
2202616825
28351670
2322375792
74425508
360821844
1218235176
2613834901
3008910437
4142412611
166938112
252969975
3347723669
4221715221
2174392574
3439370979
15614998
938782680
2493628800
4384962503
263918540
29130296
3415420157
106735655
2520520874
2342499536
22216521
977727558
4225384108
1638557816
4530045860
4502703558
4182555628
137727876
19395916
42336722
1353522607
2202360891
18687393
128676094
4565992993
1411237436
280826651
84081882
3246664636
29547412
410143657
2731351554
20827869
217544693
1154711041
79055531
740557982
1434252091
4146715753
862212176
67328659
275231929
475001327
110689613
2565607694
107523645
478878156
44697063
964548320
278220964
234061294
2500604225
24194453
4557408913
63474404
3193318702
2469568903
3021540238
54424651
3416104641
4361990957
10207502
3353688604
22864811
400524509
270212550
3040043060
299504046
2985037894
15176862
194841266
1090291320
1011422586
39286720
4047320812
163373716
92356909
16270580
23181999
96626418
16464953
4469395463
14363696
522537060
18408384
1324765802
293338829
4318287563
2985881579
3022022000
4421229614
167575404
4451636894
176212078
308062362
17956292
3035838003
2916132069
3246961308
190540159
2349638372
3239767856
258115225
3283604216
538399586
20897273
71345831
4463236481
2838505205
996295513
1545471224
66269485
561634788
440497979
4330508114
3234316172
1606572625
99427640
4062837748
52556452
13339272
2393897080
44362897
259919986
886854528
853668180
2470277317
216852605
2568901404
2562779562
155899912
4156758448
381332803
3183233689
138362926
207301720
2515480634
2572844671
2480889199
2688454620
136734371
123767543
3230037654
273603872
2817782491
98997201
3306476896
3846606853
273001142
4054144769
4145240832
3909882557
286297658
340804120
3309926870
24201405
920528174
304704275
3568411
1888211342
54457026
43489847
4063987874
228942497
250708329
728786725
112598150
362395973
40408531
130079738
3654542053
1493298541
3017936750
55074465
62837312
3241649083
619101692
121697150
3351160514
3682722318
3121049526
36469086
1038726722
19448796
499059925
28136504
51136704
83996423
91066636
297271510
504843816
504946068
4482858558
2471577114
251752537
2568114773
3232879200
457973298
19685142
158101709
35797450
4509769386
4509306494
3686033968
3471989237
4108343495
142342983
480571412
721646294
1971117668
1543499132
240200196
4410489023
388934581
2864750405
32712325
111077787
3855414378
2877844072
18375963
4418660188
4204485016
35871249
3099726919
14539215
21589447
4374516161
124829064
3256175463
9951012
28320528
957128383
134700704
2900480230
195815858
481200039
3156127542
3044526195
755551362
213994647
81998705
52514197
19629005
2919167575
994293373
2914541789
1525689241
15490739
259387703
141571943
19815980
43919148
4066984283
32135630
906579367
2273504501
2651656344
108698830
16097766
4016332273
2905199284
1256204010
34350951
2569193581
2696016510
1686165270
1313887394
1527648626
2650996669
361634678
14745785
820591831
18275825
1556895494
3269920214
16300146
2252338003
29886563
602148924
11304182
4246757368
4477468699
175743717
216933938
866504532
35120520
199622102
3408787785
952297824
3003686526
313371523
23238622
66267604
2843143804
3044848660
1449744306
3022974200
2825562680
2148275342
2875374482
4386660735
230111173
3005628437
4285155433
2504932662
17068947
358694686
129835871
80759906
46476526
91525842
4135012158
47030292
4450223533
2770255129
3134669494
953264965
4090392695
26122639
407029897
1322877475
715058048
403092629
138100701
2205388728
2738295344
22041124
790260464
3088919176
3360732255
1249868125
3219654762
4079203752
353593979
165011115
52841375
3145373241
2916468429
14763734
3020892656
14222871
2646883478
2966412100
3035842125
62503583
720567793
4046167240
2290872542
215990674
276991106
195665666
106938252
766071379
76054336
87881896
3363669262
96355894
242051004
133769431
16702542
347248863
4434912878
1626220376
1724364290
3277554841
37391190
2926229443
49464848
32767440
396560365
2443823527
83641051
3399260681
1537304221
3259294425
472132412
3385859565
469071997
3226255743
4070506528
896243527
2915051557
1489703012
2994965243
3084311935
2432976324
2296627532
130866926
24900973
380076893
238664986
3031137252
30249176
4315587135
26571643
1149134282
17986973
3315635422
499770408
255708408
45105778
79711579
2355222984
3040274825
948528846
3345784613
31257471
629106817
779429562
4360396996
337322189
1390349509
4189937513
71125630
2888916231
59125757
389775595
1853113554
3842712628
2765059257
30595320
64682816
39166602
523490556
2242945850
3237470944
2307424561
37196694
990500054
388471027
485330330
919451701
1321602025
3885157632
1459022502
2896813519
2463643791
59227865
20819652
16263464
3885678497
3824341215
3809816182
3767102056
17536486
558622287
2343083550
217262378
565902906
2360238150
89532632
16132791
12913712
807579367
3063301531
25865834
257058948
2919602615
92142387
3871029515
1732624986
383098129
2869096637
196979357
3561072252
70642085
4429774272
2715065448
2800260499
941951017
14276017
776514768
3370995382
34493542
124913941
4255273000
34316295
2722706347
4437513732
275206728
411110060
70704948
3392492531
294576699
3432706563
84513115
3084420584
3689416036
30702783
119282907
34490750
1263108098
257581957
2393107628
4421818698
15416816
200228706
3281581770
515840802
2396698950
3899653632
19837910
2282870425
276792669
256076704
124826748
64371160
3400039001
95943762
927751477
350766681
94529822
84385056
3657441501
2389928700
2220416131
1947872114
459518685
1679146958
2240734957
2687874710
2991894825
193311342
2194167800
15831093
1579600388
24919140
474902531
3318391426
3301365433
379498878
702464306
1937725914
3307351285
17809752
1431168336
1676693401
242611867
235345240
198516874
2411671578
3214372191
2964693608
3980606359
32455614
95728960
21836409
58866657
98109503
19520006
3430153223
3297704054
274209565
236605310
2239801310
1880671464
30119441
20110907
3145298818
41678195
315145379
330509973
323281282
3682540035
264099812
3398316143
2202952432
2210643643
4230490581
3245339241
3313584407
150574280
3097077053
21089499
1488439950
24035721
1084600843
1138759182
19155938
94761655
275697620
1400262938
4056209999
1610776369
3805140857
568722374
192937458
53150814
29675978
80836501
79058131
97503684
31275509
2370734041
85621251
246273559
4237691134
2461746499
149981362
3197715688
1493819347
4339577473
4283205508
714307909
272019516
2561274786
162884428
160527484
2639049620
440129269
18782063
15067951
3368824703
259717648
219341547
1704772676
29557052
2570639157
4005402380
122166624
1565724332
2196693372
2364648582
29217144
3255720134
2636000947
95991836
68025323
1289766523
1436467830
14334487
3434452739
2361707564
191479479
17139579
46926921
2497209325
2548008270
2865948508
198314346
233828367
426543583
337964910
2315174749
48893830
3063736589
1058894972
602321565
3595600396
65258793
33435667
592943212
43459317
177592153
3189086780
24591043
3024306714
224366435
2895951606
3233029089
2491852562
253040693
79536932
76014392
17041106
128782304
46783856
42435097
4012032592
4232161414
418174393
17854144
203083471
262790491
478285314
188614339
74749064
405022806
2413733521
196375548
42034114
87710468
43304523
2531333780
90309894
3164385110
3332873794
91449824
3849864621
183477012
1911506358
765669007
15478109
830115948
370258371
2177243843
295528893
121671968
3347298567
3084220098
323020867
21464305
365459069
2829428812
329077997
291326977
2555043354
293534904
963499184
37038303
16273144
429711657
933507090
1315528387
38735404
218586343
339108013
594586761
3179036450
609150188
3062153582
1879899788
75235295
3302731604
17010913
2965984780
2536419440
100665036
45988300
1476346602
887086254
2648145426
1344168973
241241199
29154878
16496431
2188775869
16294267
12027012
3201043457
2711030355
370844972
2929003502
3820968132
49085235
30546880
1851448399
1888555386
885105865
2793501069
219130947
360173263
83185208
366498596
1550945029
112919969
541119531
120036324
201744013
109191530
68360592
380824789
2345279918
16047616
196234820
180954109
2514377605
30464560
219536180
52885515
335552809
3222709009
504966681
34150442
350650246
462442999
554335063
17850012
1077703159
556907368
219380738
2153670012
28058517
2919118394
45947379
7914632
57654035
181080454
15647199
527951230
3749410286
146324614
386538468
34000178
157735687
18403825
184372064
359614024
300896369
168634257
36970582
100425998
299341403
2218507344
337583716
125676372
426356370
50274369
38856282
183753591
250644762
3230706454
40012980
271808670
73231838
623543
2528383177
163081096
611214518
2379995545
44151302
2209606452
763279082
4127324752
483195215
2839335467
1671355094
45174956
3437940707
5185131
2486240888
32925783
293508471
583551903
381266934
46728157
3929321793
20579544
1712791735
220694797
318987013
1676972539
3121375168
50387814
4046957001
1359090558
4317033221
285754962
65592401
22210879
2471426796
3002452036
2186307752
1490122044
3934914623
19684844
1415719508
119280063
178409693
708863976
93670166
504793409
763574384
414511824
174516672
241655859
233453991
14306571
1413516224
264264597
47600097
1954700077
2187861746
834382784
76314505
83681893
127139712
31737782
45788703
972869695
1487510586
358905141
2931232017
1013976908
3528008362
108277226
47503235
19027199
2604812534
1172883138
2364673465
4254462922
3080949243
3099106164
21315700
3308907480
7842642
807184478
32471312
610142804
251097612
16914630
4176079512
398661814
37750540
31552184
204136753
15932774
3041077385
2293533745
3157083258
137848599
2519483401
286522095
4040853585
4041127907
71796971
2938597896
1074701970
3389993532
2264879042
1073156407
3947767781
17875065
841955588
2943238027
1931468118
318461925
3154415117
2472896598
475400279
392985324
3362478886
2691645842
56729637
2542075171
3370724363
1296796748
174016889
264557695
3072103836
3287124613
2992089309
545975324
186165810
16980628
1510326092
2416923211
359477811
2499261289
2886302875
2466317924
3336934763
112794951
55207986
2953690713
65405538
3325760640
596391894
2790832245
2595614983
2899783733
1288467590
222551540
3698959582
751939411
3332298231
153137227
4137158669
4248884739
170289252
221983281
133226044
5915612
829500602
1321872906
73181817
387371342
636026316
2905071701
252721723
27219718
317378810
346431877
282619022
14910194
2393722705
187905676
2462029477
1281589513
4348687212
3169260990
3315636902
3222291459
729399067
237819923
3422468747
18964032
4382096773
2323045092
128579051
965808132
311917652
1166090845
138920003
3220116774
485563657
3295150686
2578457970
2839673274
2592081980
26322383
2776352044
1595098831
2322799140
1593464976
27453762
829986438
15184606
91737570
2717676907
156062466
3004893892
42585582
269053724
2232466838
3391260673
2370874585
2904100014
461558727
232698219
325694288
156981013
3114348160
28950680
3559141769
434076537
4288337446
2171416125
23595987
519443524
4204760824
487953730
3414618047
861179034
20414217
16832800
125601099
3503885655
27898141
4124688923
3279231158
574814775
2435227351
911679380
2415808988
505006116
2564389488
3335192649
1705643179
3367884477
109635986
3304469661
495108404
1969630836
416765077
2533631120
218685153
3142390054
916560306
1623645726
291513513
2664601365
210240661
23636912
95359336
118174195
2397023406
1130798108
294207022
3314728048
473765519
43058884
760898708
536870319
3258793820
29731526
2934089046
3151987719
3397105342
455652827
3169777215
3645836355
759375067
113211318
3167401950
148055679
21392006
3092594199
17334157
54356637
14802174
433039604
2414615280
492519212
213982788
90722926
242377439
19539314
16253235
3251211016
76934483
39415410
274464934
134874683
33371191
68317866
1711221
518379987
2650005604
1093813626
232342189
81619592
422966156
1573873243
4261018463
3060892367
2394265418
17607175
56800772
189770284
5683952
917310884
2597031013
36032320
1368053881
42172744
265779132
2407922725
2235781596
4283630182
511223459
331174088
2383721767
106324287
2780207274
3246594519
285886139
2858784273
388296115
353824384
4138928585
1605891337
3187320439
168708565
3097274125
1051878806
350425853
125246184
2335508581
827699005
3268431901
2495321340
2573990348
1337120988
4270368083
3236873507
3233261978
525604815
1552137493
31359226
1061395010
83750315
194718465
1872557047
815493158
2431352275
3635374281
3107970385
304613358
1155854976
27188645
4204364254
2260150651
57766323
314764239
4054348078
4044461974
68956545
3362936152
334465608
91685435
925695156
31895836
65797916
120969783
36886426
484598218
2835458016
2585497086
2687487721
2522529224
3029059205
103508880
195917190
23565831
418769149
24495071
4341601872
1952076517
355867300
2188359972
303975422
91460306
1121154613
162262713
323310470
2656738956
499014749
2846636521
2348962903
2875028992
206175656
3239210756
17165932
122865096
1248388159
49131195
20914367
2872223062
3658888042
1871657748
353623677
19036353
222931709
218697713
3759407121
2173478716
3389493070
3302504669
194321816
3301028359
2899666071
89498052
2692564670
1906872398
312046088
1934711096
538375828
2527079689
473440583
1476219061
37751642
61608747
35579658
2690685156
625400636
2464995937
14562685
2964412869
312129169
14492357
4350601580
15184929
186552750
2936903238
14592079
167760471
1622450394
3291312030
4113886579
328990309
460030463
3248141375
2437662536
1965011929
2861046681
47837116
3672229759
351145094
376302246
2800173667
1248208026
18970984
3987761392
2207769404
312149036
2651465136
106811968
15134789
21645908
178559593
40728125
752240846
2836936615
260069413
2522628319
2172179176
738369480
2725619134
272674112
2774062997
3394980250
4148025981
247389608
89954389
130974356
2745400203
985186471
23587099
37233478
2395268660
2889971646
2897717827
3762618508
2897693669
134566641
14238762
3401296479
2216821436
3142281292
1913410831
287818581
326380075
3802493235
3977775258
3331911533
43971294
13463862
3219593760
1391027346
2457644358
15446520
316477125
193941462
3047790596
3439288515
21535166
115827236
289663519
3065033866
13818242
93774187
20017601
3377907933
235414297
108108824
15231037
221867776
169115069
1381205011
4807561
4219704821
21047224
401076769
246885577
624286476
62554155
36886145
1934428261
1373974975
1207667768
3929954655
3077827401
864001974
3248086803
4186888346
411845007
2961204242
87557031
19953949
2744902664
147304900
103106691
3305733833
174126900
1466704837
4238381759
253663760
15843228
398857345
987141642
35867792
3051097582
24877477
16190152
156791881
3166668422
3260291017
19203429
471820238
517798920
570839782
508354035
256328026
3369412241
529794801
257938883
2646878076
412914400
620117845
89809962
1059189764
385059786
2797602696
1136326358
2904389591
2862966903
2447253250
16151935
22633086
286117007
1111821
1000720830
257090715
569062771
3193681874
144261370
2231419632
26037739
30449115
42712662
309587330
57945768
1180727826
7455282
1904320356
16270072
572364348
481034054
2955194985
806193661
3241369799
20148860
30262063
34388741
933933583
3378782488
73612433
2871635697
65866035
305991028
534563976
60914832
253247887
26029097
15693323
2829607634
3210928653
1901384880
2162697578
2938077735
3467980041
615927039
78460302
115489922
20351094
3347405697
38118204
87650586
4236269873
2373590804
2420887548
227423290
396417554
145640515
16955829
479222008
314151883
3382016500
25222559
2469754045
561980082
3655385712
104251285
268012382
251623154
2559686845
238205389
1631877504
63776749
85378980
1209017300
15357926
1010416652
3457078993
81112022
45499590
424711422
35203319
448092938
1476291
18149467
3410274850
69618865
217952687
4251922210
231198437
1263505094
3374489927
2528301468
2918872201
4219591453
3751880007
69087367
2958127882
2915823696
41128491
15747743
4041358156
2311374085
1100110422
2365633542
68984035
500442132
1145964510
2251018572
111123459
244845449
103504838
231377117
1329490638
14252648
35045870
21753328
1682988625
2374424424
71165327
2932836172
972473700
141350970
89932115
3383237475
1077733045
116139068
3290781859
2848492060
196598607
1675881830
246473898
2804058378
3232472028
2809031496
2938365616
14177018
2893159981
3063636825
63946841
95723547
191934632
3317100852
2175864487
3249140718
2458054904
2836341808
2330246392
2872223974
169364387
42657221
597477212
1839747522
210823231
22509236
528088878
2810031216
765777608
2887249024
3286303506
1155996458
1223046516
135251922
101207609
86773118
1632220008
25982107
158144872
35767916
2769638045
2806214899
3311905446
44729198
2244872360
1712824796
3858593592
230130074
1853223918
2262093295
3107958686
545939824
497438028
31173950
188914104
2992512774
2495496246
796916900
14320620
1018448179
31618860
61246801
2908293891
2230690256
3406293081
3146886181
3599544852
38143886
19654799
17811321
2230284601
33495086
176956587
17232641
241652770
3518487375
31424763
17375271
197551832
715020643
1290080545
2939091468
2709074449
393529037
83832188
27937462
382112202
24141411
100859648
2719640706
2866342187
33770950
71173336
252230017
2271221526
3244875996
632355616
2716292122
179127580
1616053327
3301427848
452007248
3311420111
28022257
2453298811
176830279
614139382
336137113
949707872
3152708218
2303674687
170900539
78225868
2576892257
4159539982
1905646050
45445316
14568079
3027306611
1583130540
109237155
2231125968
92415827
363281861
1411166910
2220359256
2844460191
3075755985
2931761293
2561592085
2192570076
1969922532
42093826
21818674
2597368179
213366994
2288632549
3996471749
377775441
1534721586
4227229820
2530551944
34904115
131632068
31293928
2649494178
1668903781
2835999973
2301803486
3754229954
308410814
3536120422
3283105345
567575673
3401092468
20192882
144338832
2340666936
1210511564
275291167
2842165209
3067212997
42728824
2732974264
2701049138
1433647742
1467926677
111098190
14078555
571335050
262870980
829277400
2385357091
263310004
3804952578
90702675
108838948
212787244
61192129
251047215
2918961768
557388198
17822126
188243290
488437758
21314396
2527277300
15221598
361468994
1430077464
183633203
3392503481
819522
358347955
4192792635
218187341
13043662
412194955
81362392
1127367420
1544302482
105971339
16327134
14366927
17798223
950158110
1317763788
131710247
40769584
4024460121
2587391855
3563051476
29997206
2548933872
3325813295
2963185337
2817862311
17390124
3828727755
38456542
1314107029
313099048
543751139
2909683096
3827805323
867113114
859565288
3994196452
17993100
2226508920
561978284
2426413352
547874458
106771994
2581758266
28971190
3312686220
16580053
3139139799
8820652
65806167
3425257835
4095185321
3883081462
423396956
4121997280
2244894157
3387908469
2419370472
35208567
3260312202
301244128
4147101673
303535033
43951442
120891179
383269821
2955853845
479869733
117236393
25938322
212284400
3334870451
2778659701
2227906128
1426174201
3017018216
324421084
1343302134
2314968708
380971445
546418557
1263894223
2884845502
2811917352
117505255
360071927
2484331177
414120540
44150150
67603734
4187848274
2909733788
3004309337
2571704768
50016047
7807162
16841153
36832842
1964719286
2473737432
3131117937
44402429
253207647
87313054
433579556
45260949
544459972
33040458
3110775388
430380815
200583835
16050296
1510672807
15674884
256500168
3160998193
118190428
80428351
3130567797
3411516553
154093780
4179421377
3299248409
2375905794
273376284
406596192
2938893319
3331367716
4259223620
3192016989
18185124
16182628
335713091
65428318
39897996
3165900877
28350368
2150128916
117174919
17486092
3211642711
57275398
384870559
423398760
292819455
2302468187
33918928
15635138
179134183
98425584
217506104
1904275572
45858911
24436600
3759442276
86090224
66064952
20665924
17393362
3300426879
165144989
35267199
2767303416
17735548
39606379
532368832
16976447
2842844908
93986815
14442882
39651447
2672895632
3129885035
2371582572
3016075704
148311589
95263650
3394858810
2708284086
1964676936
19927676
529715795
3914097374
119480392
2914901723
493609953
3411299147
280587159
2899109548
2329922893
14445775
337096663
4194504922
2414012077
41555739
3379328241
4174518323
14873180
2307675307
856527548
51690117
3287919141
4184617889
1963995792
491381837
4180480762
1282354970
25647527
141189815
2829775801
371197496
58449797
342597227
2987065091
1485664832
266420236
231023430
2495584375
467067963
36444683
279612469
4054025602
231469385
474801107
54211743
73287396
91494502
1399482794
807154308
883508881
16804180
17072283
170703381
4075869795
254711322
99384125
3121415891
171727888
70536414
2882368683
5733002
3578954188
903350606
33057154
1973160024
415298013
3094465010
453857487
3787251732
1323590935
3134075392
3704976316
32789366
366406586
3243705901
1030036866
1216953829
15400055
1923483709
308997977
2550199736
444061175
29281762
495169549
3119753313
2848269873
3913076834
2546392172
120186213
3608118674
58149329
19383954
2800639381
1525882674
14395912
78045423
3406918513
24719097
86106088
1236837823
195303281
357668606
271915137
2383309076
3327466908
2990698311
106995214
3438481690
122030129
24716475
17943171
819181700
2891852152
3456210023
466886481
3399437722
334635978
45672225
1092934004
14238777
389067268
523768922
3413449065
38014617
3377306909
404120472
1598997302
629558842
107731692
1810437037
1028738874
2790967830
2963161413
619926478
3073289823
3122591551
1405411741
479702526
3154587851
96204813
3017196845
15135287
1254769795
18462961
3460751
3759725534
1081982948
3044761119
1968638208
14481746
2391602148
3046479450
3310992906
3721428618
129261780
119787511
2691651259
3369131505
52895078
15393226
539874735
3479637018
169975564
3264639436
2485140944
512101723
1693359115
3531770593
322152067
3230897221
15412070
2988711209
2990676658
3066196710
2977558316
2431009880
1398262321
46721978
63564907
505553419
28354033
3096937810
471489844
1933042237
47336979
265474596
121823150
144654134
120273774
2902505626
3147798639
749902309
289353325
1917377167
3061517772
3178198020
494456296
279414166
1558861508
47714847
16438898
609401800
356581623
3656165236
2804495601
3214862913
3274967312
3401318093
236986541
112747369
9734382
3439168713
3471663734
426228687
1198699874
3434347203
334020727
215581580
500929942
466953623
2248848061
43531759
3180128684
290348545
1228610942
2177971307
969299318
3348652573
31028062
1349787607
15438211
33345091
21909785
49783954
1897215410
2446713998
3382552755
3318592189
5514192
35023815
126089839
42651013
31183535
262257100
2235082016
237796056
327659945
419663209
2769689659
20442395
3291129445
1380034992
521017945
3102180520
3346462743
603660185
35584127
3084481661
1213692973
3415086747
1238540384
2915568754
163692076
56192994
902756246
2322276858
16262368
3372112343
3299810041
18953266
53445821
156612083
102148991
3299543516
2781666948
2504567620
164322849
25169797
388708167
3225084991
2834379515
111359852
2766560059
2352093068
219496700
42217478
476248887
223257327
3281933340
267449695
29309901
3355185743
2897881165
333308242
31513438
2860806734
3045453518
923754901
3379977165
2541212541
839164898
3123540227
945610128
2996527011
266652760
209515650
2330340402
3165809266
3119060537
2567179478
3235032217
2884919241
46281136
1304739624
2195576862
2888478987
1420023163
73299371
2884917814
321983167
2671028510
387298410
457574630
635274374
2438724989
3373555695
3092570747
3372027509
325524926
598642842
331802230
139974630
3239324599
2904177904
2627650750
3054903650
60784269
576490111
3268211820
3187359674
3191092426
3032484544
3266032260
432141469
3346175289
546313843
26688109
563264076
140517388
540684136
218482405
2470757448
264579898
291929629
187666065
297917731
2714861515
2806124669
2280848052
471868887
348020654
17996198
1580031474
1491772716
3023037872
23276520
1700426708
2454751844
27785560
2842681850
423544156
89040826
2369212688
1444731367
891796231
3312718684
3246183209
2828131771
15836013
833571
102195417
2427652401
2806299118
91942071
234997673
273629614
18878415
3294969299
496542938
1622790582
2805165359
2460216512
16275044
2805349618
173413459
29761128
2830215260
2707436346
1597582880
53210455
2955543368
127408323
3299667033
14920565
1705885393
123607481
2256622465
3296401545
1156159116
207392880
2853578230
3295455286
57705515
3295298206
1444543069
160047813
3003855975
1634544032
41776692
13066242
30986793
3115094398
702131646
2279900172
216558300
2329236396
1951728966
308130306
216207093
2447955384
229385617
71849217
2967037368
319246523
3213548897
1505086586
36518451
2719113158
3007719847
3094699944
10427102
509637782
40551290
157920406
99695339
2444389308
1144068860
481376138
1875326822
1877943349
2951546096
1715890652
103972606
1948412586
930303686
2241631370
1623599196
280797574
2848052259
3183551535
16605237
182384817
87403396
53796158
586121544
2994528556
24329353
2804118414
32856634
69624264
17881816
22773313
153966123
2970436334
1539014066
402549409
27485335
376073243
14856253
252105705
377825859
281244257
1591687903
73986605
37599351
3153753957
230872713
150913877
788158068
235362301
121209904
16074627
186834395
40580641
3119510059
86145402
21049368
1918819380
82884121
7019062
3081639633
284792744
33706237
472409354
162611402
274444625
16703058
33014441
32318584
3083742482
3084463572
243333357
190804002
371242904
1818859116
3069736751
1078610378
22209201
2233329709
531856931
3058391164
2914259973
259613476
14926165
3005169698
219261943
2246995603
3026203803
2840388938
311077694
3015724037
1144885416
295433774
2868675730
2935175991
2998409597
85936577
2999606442
33923443
64808256
15212680
2719397832
2980788473
293624906
2961676756
2983531578
822009380
2983730306
139988522
2969315133
2586977709
610371363
224765197
2960563059
1952966226
23244465
2575784836
2908117881
2805680619
2805596135
514650321
2709048241
1112548400
2911146972
14516237
226285866
906039709
2805477621
2805934065
2805681845
2396675276
2802012373
28617115
19428306
2846470015
149322871
2837985561
328712676
477303788
2899355569
2876224797
2692602726
2864498452
562442422
87350151
213063056
159203775
2894806332
24733117
620257654
1603635662
2862915400
2806137976
2890500019
2805990543
454219112
118025663
1273024783
2806299190
22411342
2411456959
1264027645
1902824323
2440647319
89012091
2805747556
2805115341
27002119
48168973
303237188
39278774
2804968515
2576811990
2273685774
1110024181
191480261
1278123914
1869429596
2800483935
2823510717
2833927862
2805213315
263519791
1523280216
151050478
510376178
2811497031
533013904
18539631
95979133
2840211049
2752709904
2840447754
18785600
2149415708
1056012858
2805364713
115068072
1958420024
529600055
739285123
810305016
2805408491
2805818151
2806086105
1270604455
354488617
2805636761
164385223
98193592
2424289945
2805322168
2805945267
2307291296
2806109535
2805695020
1688140376
2805975717
2335407332
238079989
2805048113
859658773
1413042330
2805996993
1333391269
2805776849
2840438180
2804934676
2805778000
2804991334
2806064668
2806268357
2840383873
2748302419
860221140
38973618
64655964
35993176
226372933
41767739
257839902
83358171
140726296
150950291
257046346
514502678
1860669012
1974603534
22638889
546558923
42947281
406858864
370059762
201551549
364684168
50195126
39970869
231033941
33139561
576417972
374926372
44065274
145964456
41500791
204720811
203200503
160151114
61750557
274694562
95052194
64613251
107150686
47116252
275062092
229731165
264217631
207885029
145204074
77991944
391421240
75743843
83319164
294182625
910696752
109559321
1035099079
111860205
160742614
372640783
188339123
130474695
99254070
67485401
45606767
49563609
108499624
1063839366
172765274
39872350
76452820
1475407795
206075784
458934667
140975680
83807831
2831857327
53002998
79606346
434049153
346519894
544964927
29681186
302305692
135451733
432415628
2786926332
105687192
327861420
121970674
246384781
269108030
244840765
369585148
82590176
241340424
389125166
340728083
1211276455
397058568
312240747
580292427
95210029
1247671147
18838079
200829415
87352982
152639665
1864152498
136745835
116112211
441640666
37633568
479425891
731381347
391210166
463690925
1401428287
15629624
31137575
1899204745
14400196
1687244258
356311121
2781120698
211555531
2400306013
893282906
86880167
94300554
338730537
75785255
201339077
1685852071
2231879225
250112732
38220038
43929091
60002023
59500629
170784954
866526864
189790790
837342319
101888784
34308804
510436795
2196374215
225420354
22713235
109639423
177493891
48384055
123810295
86126921
991581361
71440962
708568334
579028685
123396898
59734004
405560586
238625439
163410479
123686331
73779873
484126371
146541815
124343450
293357678
242643286
400175606
105671164
110691454
276445088
285056910
88942207
46872396
2523913099
104228279
1933909340
45492453
290232584
429053969
130839548
176062274
982696790
106560939
113596657
341900145
279449010
54429013
68597517
155075847
102981270
80782706
79101349
140740581
36025841
220578164
214231152
322986010
295036207
436566197
144891819
81594056
15140744
124492159
330967307
232213296
95414446
519020524
148951567
82037594
144918390
61263408
370672303
123002160
2315943155
552805363
43660188
353312970
1030379251
2244597038
68646314
60547603
505215988
152522354
1148520428
367695803
193219798
141897522
60437668
267120642
2227062564
28626280
86985878
40705359
142374961
875010559
538141618
279379186
1148609096
592928633
953405012
862198670
141140746
1457918700
197298418
248235601
103221801
326916324
353486764
209754546
45982858
294292055
159530222
95865633
283123913
272857977
18454885
78495162
88877317
158879234
884294731
171099563
759826939
52680968
83453904
196930468
67739180
98844379
109180955
1266041760
320682558
369400918
194559932
32888814
550550380
100652892
433187240
28985449
132811240
1344925177
60892513
2222940366
1291872222
314665830
268915971
120445217
53354897
360088767
154529070
62955594
330974916
161675338
2603705605
51558878
477278646
58435379
234698471
562979773
99445196
79342005
154475859
80346522
514299031
2203277144
113874692
444651561
120437039
1271436356
1805621516
113881569
119354757
206942034
893966118
287087460
116348993
155459674
101167190
1130307560
124496032
227550449
585129521
128641772
806816989
138146227
46189068
102325535
349855867
36337331
95432558
716429898
95641254
75410414
176753433
88592694
2508413480
1385469924
53915520
503940302
59865338
94729153
57604939
85527187
56620878
113211755
305651436
114338773
55251790
79355493
136729143
469110367
188694676
590088167
484606836
375009257
1035016274
569038362
858919436
203641486
2201909202
34261401
595345016
158022849
56599560
92239741
34168785
346504325
215508546
147894796
1492457298
111179861
72703007
79323080
190215802
15684950
194659873
1402912188
129701251
31898972
1081825771
96763688
356774946
81079458
610266453
169945857
146884660
376854843
354112202
379776388
226911206
404933387
66601935
142963429
104417342
1090742468
246809709
186728888
2775516667
101338496
179592323
126134358
135410209
94323396
459431365
88212766
290393221
116572434
44780617
301897040
189001334
633927517
102380661
276077298
288218017
604805712
72502684
2465804305
1178570286
83880952
272252219
250660256
143360562
