3448591521
719914057877336065
722180499733639168
721237625680609280
2574359547
4922043875
717480739026169858
2653011577
713132942713823232
232328352
709771886499074048
3525406461
702227611141935105
598049282
712959284527702016
715020285469130752
280251911
714250452196573185
710690115471867904
4792226115
711972687858405376
710780471639207937
712253954986524673
755701291
190784601
705701484378324992
705024448735240192
714906886202634242
68651418
714246980453711872
2653073528
1713630781
714770263825629184
4819912955
714821483953012736
714604555930087424
711140001778573313
4856918130
715042930331934722
707462304326094849
711560872838225920
714474261356752898
14234678
4529150661
712751237779877888
714888908564209665
151193157
4728266335
709531601953280000
714692624125399040
713457713540382723
714439423321092096
2692497648
709931697450553344
3099636831
713440319996559360
706408423357865984
3186182281
714446661590736897
703584604284915712
714317899436015616
706475385693868032
710498287476994049
3099087743
704682988018245632
2892920556
713182023947591681
714646879926140928
316798990
703719536370032644
714363352269643776
710924333548441600
4357146560
3823852875
714584684508786688
713697131182301184
712046734558371841
1648514450
4371038057
2216655390
2603278825
2868643511
711750471925555200
702814766344093696
705903361351094274
711726451641323521
713054253959413760
2269425935
713462017236058112
710008286389608448
713301900792299520
710319647782899712
2579543424
3161909742
4156519661
1164214524
302690890
3235587269
3568543577
2214815523
3544877357
3434129512
3033145469
3436301752
2521761066
2844103570
2944624715
2814607188
2917846773
