882415238
4616813593
3602887395
700403585356599296
719972326868140033
3023037872
722008074244849664
3329755272
722432691933609984
722146585451204612
60317232
3899010317
3344981151
3151230991
99820682
198565074
2979538748
1965255852
2478857250
582670007
3249993770
695302692340527105
718645597725671424
721321245032054785
705869424138452992
3480516254
720246642755002368
720066832950886400
2457224491
711232750418657280
719566849751588864
1030077144
343228492
3017712979
717864779394588673
717796184128102402
717704111081263104
324708531
4095839598
714839846930374660
3161529018
2876917827
2839305662
3151154492
4811082721
1431669278
4892598935
704419028476022784
1287198319
713569508531638273
2480113111
4898084645
1381925132
940606087
700957883782066176
710961766977568769
4676087082
740394500
435512486
4891350401
1931811601
4420818319
4895723830
702960121039753221
3223742484
4784385862
1049422088
3308341272
706609407560441858
1226784751
3202472853
4701839053
2406936531
1334671016
3085521893
582753822
3272313104
4763295857
703377544263782401
2328217514
3939676036
1726713114
137111403
2785194439
3280535862
767002579
2246895290
2267697595
3504093073
2837169387
402696969
2920073996
4800948661
4692602426
1270923878
4465057349
4480128914
4521185607
4461967883
4489024759
4427941774
4413654077
4451007871
4411113493
3270612553
4235886556
4198267639
4120542718
4135052184
702101719
4078642347
4070366953
525233744
1161103958
3976888513
2255897588
2192152485
3105050286
900358171
3937592081
2421386934
3718379472
602261454
261431332
1279384009
2371305157
3063906639
3716306834
3667127057
2983414460
117738017
3655479434
1416882139
1702689294
17136735
220899197
2690738377
3525844636
926669946
718515716
3363171357
3285051049
3029313069
3492483437
312480764
3483080657
986954120
3438476885
3325226660
1681545264
3253210171
3422835753
2921077178
3309644838
3284562938
1834964858
108681046
3215931490
3250252092
2612694386
2881356044
3311611480
3244332590
2505394441
3235155337
3294770477
3292201053
3198795901
3195847004
2902310496
3193768212
3083798892
3100722096
788271553
3177016530
3156959612
3156500455
2668378008
1115703056
3041227316
2667085014
1176720614
2987503459
1975155594
3132970050
3130209173
2972525749
449429125
340266583
3069580037
3095198391
3084031138
3080902749
3078827351
3011696569
3059452586
3071445190
3061714476
3054418958
20970260
1354259821
3050254848
3048410778
1912925761
3033339111
2168999295
2903308527
2941595293
205729983
2800139289
2497186603
3020581282
1432038320
3005842826
2951408304
2234558462
2999289060
512669769
2997794981
2265479802
2916051217
61526991
2989643315
2986420254
788452160
2987095963
2986523755
2943358500
2986097965
559714832
2620303088
2936650001
2967387470
16482279
476369130
2983335516
2983374313
2978688429
473527313
2693074616
453449726
2852806370
2889678865
2227183596
1066899481
2974556465
1297222632
618675574
25457726
598879060
998061415
1454254489
224142817
156004774
2186063052
1961335502
259132164
2604391440
2960239057
2952905908
1018754190
2246248093
1370720455
2952697574
2949591589
2947200428
2948065914
1107196561
2941513614
2535829566
2184825616
2935733327
2915041579
1067460264
2907358195
2903940604
330764460
2669876996
1859391775
2252580614
1618163545
15338228
1250286570
2887725448
2906655134
1481125170
1703492328
424399010
2882219284
1876895580
2902122157
2875976079
2878906207
2890340876
2890374637
1866456924
50387814
1476280970
2608625383
525864124
2607843810
2765428075
575564402
220302216
2869469006
1651340617
575684116
2731619785
933815156
1315255052
1463622662
2317491302
384052598
2851075687
2820901793
2844032660
1180837993
2646035835
2842852844
2376002066
1638617564
625887475
2790385681
2343111649
1918418586
184515419
2450472999
508850117
2560953653
1254889188
2834485424
155731088
2450011843
163858919
2551122397
2551146588
29215552
192303870
2749584823
2812177578
1572781033
2179478946
288215711
1506009751
2749182438
2587914871
965677819
2681649181
2752237989
2795330893
1925070530
2179396009
1059605592
503965225
2473462058
2786799668
218895162
68776750
783382386
2476581182
1017980005
1036274851
2262934386
2521010003
1511182754
1035148836
2752216597
564936056
1199449916
1522930440
2344301653
2747419029
47268866
1948377282
2704577293
167168094
1275536875
2335426934
1557302732
1167554780
2688293203
2192596562
1140917004
1102685496
1932786098
2707323746
814080619
2692983483
2400337956
1849683793
2693707447
2248350198
757663878
2629581971
2471726704
1436429540
926825534
477405660
1265845261
2280069312
1363157071
2637268298
1380971438
2634056504
1604892661
2620069544
1105080918
1489156890
1376722242
492401972
1541565564
1189227596
1541528942
2528074712
1375071354
601139900
297212144
1541523439
2631900382
495605961
893314644
1928709006
2579583498
1666954729
65038198
229648059
964568666
2523266294
426278120
975108324
1223483376
783831840
2558080891
2368248924
1902403950
1072048578
2598463121
948277854
1619216629
1625552262
2319755575
1113418820
999876986
2371721609
1226535428
1677489968
1619999268
1271061060
2300133926
2216709158
2412734142
1065114908
2440284696
2203845224
1134317149
1729537220
1364741797
404211976
2486451996
381334280
1356020185
2380771062
1247883140
894537902
484486376
1279475670
736536775
2512884272
2378123724
1599747073
341565803
981900206
2225722218
1411397676
2345920777
1636957388
2298721879
749818124
285979450
1539242377
1292328770
456882257
1325890352
1611721746
29885981
150058020
994037479
1649449742
563292280
396055780
805100288
1172639196
2268045745
2246499433
2486907799
