1606376935
1177558182
2734662939
2659696782
3411014109
720012422036074496
719677857723654144
2913074954
718646794742140928
3497625973
717818802432380928
242117487
4072433896
714492905495199744
1674507799
710809060036075521
710240763381026816
1202571097
705816909917204480
704755025990451200
2663970889
489933207
194397911
1975059036
1240153626
4876219394
383376132
4816856654
529914120
4758343457
4764919279
2336043979
616716854
1173474001
4710590646
395564230
518082059
2239970952
2169620880
742095230
4515882089
820771446
4509518603
496618895
4561810225
4534737793
4429604975
1141329936
1252225399
4053239666
4410653145
2919004496
3146128877
2230500229
4448695872
2973009649
3010993625
4259354368
4316741952
1864208846
4270861874
382311576
968367182
4127925257
944872693
998204917
2314076370
2967389288
3920974033
3908998093
2221706641
997199246
3756128235
3766632436
2369098004
3278109925
3587096654
3452894772
2818569740
3415236673
2312038106
2963458707
2677517740
2448540919
265026579
3402777742
2572857025
3363398997
2734782964
2760896195
3081991887
3218825148
3085395166
3241728854
3238349676
3040772569
3190315129
2175209696
3178596866
3178596092
2904430565
3122016534
2904442486
2860789039
3096149478
3081242334
3077428028
3076803907
1955433866
3082215833
2610829591
3021760650
2970966112
2898908312
362897069
439581700
2588396013
2281318531
2528961560
1138467559
258377895
2746520767
627007198
2528805090
2682133186
1281962166
2583265273
1422287803
2289059251
2602685248
1438323260
1061445391
575624009
2427713053
2572160685
1616227448
2448267992
2571255994
296984234
2542314742
1278789326
