724554128974831616
724553834631188480
719882824401186816
2197173444
166551949
724553911126900736
24923418
3881265317
2302579452
2897385435
725542652297527296
725542944380469248
175535865
719912814924668928
2931925367
2362439048
720532032070291456
721817684120313856
220395903
4163942146
2250820957
268500317
27897667
21753328
721251429025980416
4626043773
715324513840398336
4121418455
4717596077
4724376912
281937040
4515109942
3805060275
2884769101
306978526
527160699
1376737387
2284525766
1505546822
2433267187
2433179701
2432489882
2432475290
207438959
19533985
524341566
426507706
347719595
326666856
279698231
280958411
250958454
