2207780696
18199553
119228499
712721908198981633
701538088472850432
2463234150
1656767594
445190150
247190352
710093001008107520
2162868504
164322849
25169797
24347130
17086900
2258226686
3281410541
4886494277
2254351549
29015085
4225030119
19761475
3129288433
2550074857
569683254
999656748
3159218798
28079216
3402328810
3363474070
3181045309
20272083
2342111431
576490111
2256985338
3145185641
3169982751
3148968923
3192920479
2693137016
3210544061
129019194
1045994628
2741544933
15273001
24926339
374280854
3058992665
525827057
38244366
130079738
1434635390
562372370
91289961
2976953403
3002226844
2998623545
2992282880
84151171
72659835
25910039
24222640
2944271678
378933826
332831577
21424262
1122705594
345730538
1064362644
15736490
563281155
15396298
880237465
2476322923
2835964464
232720513
94712225
358905141
495464885
197734178
2921257040
15203873
874594010
588479306
2307878313
2305873195
71600459
272388054
778976910
2825224526
386925170
1039473812
2869985849
2878267097
170514197
2949285945
2453554307
2151262242
264470292
93902984
2513811746
142089059
848532770
1909328292
859406618
28096105
2270543852
22921836
915496332
2246491063
778314276
2322211173
349419581
2844359310
2569598965
40443752
1314662389
2779157594
203334122
2788892736
2772603177
2845924565
1368500982
2695339990
377963634
2168995328
254782844
98920388
633007028
302877784
2173016900
721241231
2242907856
2570907325
1145792010
1370016014
2847437263
809070085
439280815
451810639
1355620304
21343653
415855486
300605357
15300388
2426570978
97953551
132620306
30318759
2388249316
307897027
2558038794
44209472
2221703269
303173777
2570951858
97486299
373562248
2738298255
124477480
2393997373
2655470227
44135635
930784507
600148628
1299449546
69681766
1904238450
1596678966
150446380
73448937
23008116
2209606452
2211328680
145305040
53434947
1549705375
502051772
32896052
2518846417
2530566139
224704470
2616520477
2559917798
61396565
239620050
2729613672
258527170
50747606
170817774
20215316
323918881
2746780459
2183517288
2464039092
395222436
151156781
12601142
574038379
2323982664
2350939236
110918004
38804737
89496720
1148636574
144558306
17877864
851958919
28918971
212302405
927719113
2449650492
105295143
200061946
214257117
1910919804
382338284
83234491
1268650639
372364734
182550591
66592224
1852114382
15027086
26635704
2737267131
52777209
558789212
2341038200
2574956743
1321055226
19515059
1279383288
2490858745
2595105096
84143465
2490472790
410967625
347976255
2342261957
97635340
107440670
2601966842
421558068
2608484690
621400341
24914494
1088140784
23039411
31057963
61015562
2566386624
2695686864
1436047242
47160279
310325693
2304519302
26591324
2614050474
636279801
1043963208
441145940
19719029
96447622
1870184845
239237126
416762284
478855762
340287514
268002142
631544101
474202929
2277631295
2726684345
2404125769
18906599
46479775
1541516737
70156027
310285316
880308536
2512732765
73408582
840997346
1095558246
135697030
2491614817
93961698
21091983
71507359
200163987
202446777
231295638
2670434233
1901134711
1010067534
93863314
2564137348
583897536
368509498
1618641848
531629036
22456513
490722619
318546639
2322694057
419228673
2395004145
73657657
101264587
2279678299
525630064
254732884
357080873
2204695064
66951419
1281009498
1681956830
2289476006
20687263
269926686
186294828
2587026164
2255274860
343329641
329706765
718625752
407082465
2194375063
1050571602
14528306
1712895234
557419680
19114646
2434027230
2434048706
305990938
188818968
311137675
365659990
295918710
184477052
817660009
1064849558
253892810
2274000919
2322858498
23205346
11102352
1893117254
343772856
92221915
309374492
130984413
118895997
39156212
43502102
602302616
1494835716
242618658
1957780728
2173327144
866024353
1939846340
2586807977
302367888
2493704292
2411495790
19403556
312848382
1419332412
30197540
278096906
339208109
195539910
591200125
570911869
362112977
73774016
1090070120
1887504650
2562311065
633076608
569012802
1149161474
101620003
2572030734
1463699293
2402066646
2411492570
243027721
81619592
475811383
294799083
191052555
1336169892
24333544
303565983
242495902
16814500
57652284
2444984564
2616237953
434998702
978983136
21044127
541069727
1433434207
1870101229
842217397
268557035
1365738204
260920107
2544111799
2589748124
2597228520
1285560246
2179262221
2591292528
298116725
780787512
2594320471
18516728
183036873
186988198
329323059
1383230862
550436419
2465258120
2487698605
940368062
1525342994
342821167
1318880126
2345393432
1055920698
331518485
2591423900
2286763243
843527719
851316548
2189913699
2156200659
16703058
2572137980
19850687
480155396
26777908
332438331
11377212
430623761
76625702
834356276
529548712
628180500
76348185
356329354
140517388
2563366153
2548967575
33906770
1975552356
904069392
2458216183
334559258
527667717
319206490
2406141812
1132189957
90650484
134119181
2597326282
2523029707
20118767
2230986575
1222948164
1449161942
1479863827
2297311902
2555228089
2549064456
111225697
2548705922
577767726
491723569
1965306301
2553232200
222558841
1373155854
