2659696782
3151929162
1620120224
2974608856
708072519996088320
2915308334
2195339604
2513196974
4852453154
4873120540
2437229976
64024515
35772583
4837902734
3088044574
2760721381
3275134140
4372498045
4789697652
162612380
1597482193
415770913
4490241794
2780036474
2783214212
4077535812
1219938056
3016357090
2356669490
2274553766
2158939298
56008636
3545408059
3450672794
3620199260
3015606965
3441834792
3295769275
2744019183
1442511613
2943004455
2713890999
1779126066
3178630189
546226776
3307651472
2989195010
574635439
1607181660
3100586612
3246787050
273130276
3183578604
2890103580
1112855251
3214588640
979127984
1663689188
710098567
2793095223
3220783212
43813704
467719847
3184724048
2646063230
387799724
2555906372
3162882906
587881729
2248001588
1679681976
2734029867
2760807110
1054036694
2848021568
1184483018
161576677
2981747786
1453037851
2985675331
760085005
2937571345
308571956
1305359167
191069795
2450675726
2923835820
436199793
616165184
277795587
416753241
271405374
1062222618
1340353002
2854272490
2395175268
711430051
1243670510
2750884809
2724367913
428645602
487151574
1472160319
583499211
1223354672
2352504325
2747259241
2263108226
2411626891
715040885
1902655232
2423024000
1884779672
1925084610
2641713291
633382519
2367887442
611868306
2472695882
2780873456
2437651766
96254496
1834371950
1223292289
2791061588
595885057
359559354
2241754981
2742681054
619404216
2333839951
2553219595
1272754081
2770303860
719343685
1357769978
731804480
2750675297
488835946
326851881
580813790
1548390870
2506447616
1239910663
492582329
311803410
2183430080
472585324
998454133
2570901813
909182431
1679224159
840349188
383309005
1319251428
57357722
2309268145
479134792
783607567
1530970770
261533681
2746261867
1406540114
1852521074
462520161
2187525218
2387359645
2688020454
536804020
2440680895
1576540231
751611320
1173047994
2633762084
2737828006
555621508
618373042
1651975158
1904158704
141652468
397021294
558337245
536998818
1661019008
409573001
480810640
1499067114
369244114
556452145
1608422773
400817495
401125906
1723564807
569607230
359436512
