40966769
724402126760325122
3285489752
703862791040475136
709980317013172225
314001085
1893898160
2528585137
738288895
3392152409
721729851120431110
2841823756
131543835
90570778
2393063119
718915479771955201
568032922
1965251923
1604808973
2424289652
885733974
400912425
2465279120
205013813
700782005877866503
703706311519834112
707448986513367040
718855997914279937
1129432213
4906271513
716481717641424896
4513069883
3262714627
711149850608271360
21263698
823112684
718352665466552320
179327870
3753694212
438852456
716473822942248960
704145636464005121
259666947
4373433021
4135945994
716365527287894016
594183579
715685852626563072
3017752532
198200551
3191699199
2787104861
20831969
3027618579
2151729349
708179106957885441
1482947839
711904507886739456
25692368
705367443653468160
2801952015
27043578
4083281954
2258218458
708659375
3501689601
4547869279
3177335767
4649687901
237796056
1613445530
737927700
739013040
1604159874
59195634
346703179
74325218
705884619950813184
186175602
2970761461
445747355
4816571556
598725062
3154963387
4613837052
2389702578
78704561
143157367
4667694108
702884643343900677
3090528559
4125740953
133962846
33079769
14828860
53474689
1288592545
1952965146
4734632841
2903155570
4887261861
636082809
3028812112
3301047506
1211451360
2911430278
218895548
4893224373
1722572953
217139756
536562594
4127683648
2338981514
701429118370508800
15063486
249707298
1128075277
4659365715
207789907
19102612
3273082526
516827869
19721592
701279248485470208
53112612
2795360930
4643926583
17963435
2891899191
78706788
48935222
4914088936
4907574973
4915296939
833395710
949845114
119480392
2777256630
4877084667
6108862
944975179
2221862912
4899912673
4842350061
4896677794
3370166085
4879530610
16793307
15234461
4887306455
2883163299
4821072074
2912951212
2731902114
242995207
4544377812
4877528344
2436402074
4764929720
4857198252
4778655459
4615449373
4842689273
111222977
520995345
187923237
3872797814
4858753947
116519369
3079131311
3855137114
231275071
196415460
4175550795
3453577343
4802701213
3243750983
365592083
408012833
588076802
31485097
1087354014
4710499710
1477696962
481376138
2849176637
4751885222
1310354143
3137285640
2293831807
3299561033
1159381206
3764051181
2566340030
2911655537
1712791735
609389356
2837701390
13604142
3143569337
492833134
2892470728
4707543060
4417052894
237438306
4694253312
406066799
2824022297
3188272609
15013452
4652158095
582681344
268556198
2153110063
4652058980
4480598777
2380944356
2224178762
218555395
21836409
30862237
3382982009
4603198517
3233341815
3405371122
588492837
71796971
2929237271
4562666183
3806565014
4620663152
4547449168
1117383192
4545049539
4599946862
3389391647
2465814534
4592354172
3788427073
43704380
4483131700
4576045405
3318770189
4514847026
4441219042
3572991261
2541171510
30747766
2608245109
2208010074
4472489123
4023740063
27128873
1318415052
237565405
609318775
4442029336
4146763575
1891886544
31160337
346705172
4494782714
501270202
4332395536
1495751292
2560704823
2909409227
4289897360
432582031
3154890636
4444302499
315443658
48602825
2675545016
37888712
635329903
2453562690
1933042237
4449097932
3091373190
4445263692
403092629
2568114773
4145600181
3384772181
3100049153
3990753736
1166994914
346246513
91280800
16814500
2614831645
15199103
850095096
138584469
357668606
2787114608
35595347
142383533
4308530893
2581758266
4142350384
785240078
33345091
3201628258
2362445323
16281313
76966092
18882555
1593660066
4251003493
512775078
1432127796
324515771
2469815419
1028810210
16035887
4099806322
34971242
2919267654
2835610593
4259676672
2749604691
623449275
451136428
1967013500
1143371911
28675576
1954619760
447939845
2845109054
4075376180
4037459789
3929467174
137111403
1252760161
4120349361
1367974088
275489054
1235718324
16850409
464060667
37153105
22965779
2946543660
338624626
384479899
126131699
48820324
21381021
173343464
33186808
19454371
4078064475
39146117
1870282586
979160767
28723372
2177183856
14455025
260845720
317130963
3185287864
123393385
3296491111
2453790212
117651981
3915719536
3831542479
18038204
3793470088
230439464
3722172317
73572217
338725985
22171607
133618901
1967917536
1429717153
38369963
3351468615
196081738
29151815
18013397
20442395
57819511
817496791
316544540
304661173
3177245308
2176981512
417847323
426742973
152051108
3075480662
3346360815
15778463
23720092
3092849848
2422815008
15066876
3037588892
1650713592
253020960
153364839
100050690
997731894
409185291
1210028875
3232658353
1223073690
16592034
3303842794
2789356171
265216193
53669477
3131467751
241552192
23887463
14764107
22398178
2924312487
30494556
269053724
565004863
270491061
3163001232
2373371137
32903633
3110044540
20921346
885372505
3145789857
3131172023
25203361
201797768
29309901
88528339
2384220721
3010438248
1962117006
19735514
2761126359
2991886559
2332137835
2218413296
1257056821
405078193
2930762403
2913106568
2698984921
1132189957
479117952
25994256
366063334
15259861
447600903
14404884
90236769
26350255
406489223
1297482212
330584032
48119914
32684933
2706706496
316378156
73969752
87403396
554080983
1870093136
2591769636
2616045260
21436506
290124485
172904866
15010626
10375552
2326127791
2506885951
18358981
834657630
2466371850
143675606
2349158592
19015287
1645957572
633899914
259999339
330201623
304730655
14192558
375405888
2304261283
532196860
2165978886
2271801050
18387489
562190552
18667222
2359223545
147956779
169118696
22710669
109315857
336082401
336091065
120001208
238063505
438711673
340391615
372592150
815030240
21896498
2218830110
40259337
16172634
2203327741
1154202642
1069422120
22555370
32505377
1052138546
1684212542
834559656
834616200
968252676
177658829
970286281
306094974
1729701414
287163355
355126135
523361957
1707312228
1689978685
1080249410
37364551
33577210
765196968
324088555
18849798
17488246
212097279
717309876
16296683
115246029
1096193755
24733117
737161272
469865347
355909150
229926440
46699040
67324583
78225868
18468704
10546442
33153062
1377827330
8234132
178705417
216625384
19987208
41729745
15562013
563208702
150786123
1414063884
17699422
797881615
553753344
418830106
157081881
74916268
294145954
372621361
17714851
965235278
1158809958
15632812
284323222
39774873
1195098960
1218237630
97499266
17366600
184887528
14279560
151954843
1255592550
525986615
265668224
100019306
746192120
185035708
226010829
176048522
31464977
61445515
126903716
244247819
41771158
52815333
77060328
19149087
826301749
1225947332
382909342
409062401
117316488
437803808
1213939692
41321910
805669518
840711428
53456508
358911090
773202241
850284440
594237214
906620078
874512318
790019881
4393001
116508584
770206759
882340111
1058251002
396020216
129258460
19111192
20570337
840235189
43752279
566480948
251722186
84657564
444378105
29906598
244146542
852875797
95564984
18936542
320524842
41306968
385069603
994952131
1037683392
253580538
991841437
44856252
25635539
136360942
27012313
15012679
984547717
28162811
993791054
1067020729
310415428
535482569
1122315906
1040683704
440816963
996194108
358637702
97963881
557485303
624469586
242618658
52824967
331518983
102712092
494653862
49964679
33058382
16294267
259469442
901766917
285752932
501196395
188914048
1156410164
519191016
435094988
226040717
166557607
295623648
140060120
119456029
605806714
433530146
17461226
17511036
67585373
16371866
261431332
112217391
89081091
566417261
144221600
73657657
223565095
63008770
45641358
71128881
388621558
55113967
61642937
371416085
408658397
85567835
1061658181
1093357525
516788778
112062206
224005785
510746189
244982928
1053503912
405504484
14635682
409861385
99407203
1065459306
994946287
628687429
456838878
17941483
62397252
474248085
995582725
357226763
178555324
36301444
931102381
35106934
336204941
121912183
968573773
52918421
186557080
372038027
21586522
8509142
97512043
981436657
549485994
215386979
264325600
14445448
373650597
16703058
411621494
247477064
834652628
534733989
568190888
834692564
913317438
339702952
172289207
18640094
21787216
542731722
345001226
24822993
100858282
30095477
39519047
35474929
22727234
801686510
834756193
16162252
834832412
735852002
384997325
834479029
834630583
217548189
14389132
110939612
248845681
305655582
396057034
458131121
61010149
39578731
861127016
191282392
796917504
28584459
374819167
339646891
291315723
770777353
409227869
862073419
72660240
219143917
834503154
20074976
332716013
723756199
22271187
43110286
228766381
21779975
846410389
834632000
834649398
175847267
397172560
388722520
834785154
822390942
14851290
834316273
630915462
820709120
834712357
723233544
17355922
250390708
50198642
834690024
768551412
836675654
732167324
288384007
195103862
194773394
834769375
504957261
31414224
111211653
834695917
224748163
514489584
408791880
212759747
834922694
468947422
19515059
622661135
345759744
443398798
173148945
580098977
750055532
629679637
572790409
174895958
10115202
769768099
351756471
26106475
18804275
523805673
278096906
17689076
449987082
583051288
20635633
581892752
19120837
533494084
76349587
544709555
223288705
193504156
524011472
155362799
244100640
512477225
421342542
26601018
464136197
360619268
487109880
473318184
443044262
123879162
477145523
26642295
452625179
447143308
111671896
443653642
443004442
17757005
361473417
213392564
440065140
360142354
106005339
436327906
10569882
363940724
69207268
289634334
38456472
233795323
405250154
396837565
14986811
403036069
223158471
54218244
382280842
20776036
187755303
325739781
364030350
26841582
44679085
105915903
354554637
26111686
44150150
57131205
185136724
18265353
15656687
333946591
307952857
47498174
260624148
307522175
183255652
264007475
14354433
170743319
26268135
30681230
252896599
37241089
185508152
87844984
38261515
17427729
229013471
187482772
216171805
17046924
23391485
19149384
184018200
22865146
14234444
19793810
27553223
83768222
42327829
54235591
15303903
19367142
35173488
139817960
176328928
30713314
17964225
192232137
179972968
18052560
85731913
20922922
19537848
7043182
173794733
24835623
19857109
15782399
14966703
181212730
17743199
177570929
69009675
15248833
14209540
161523969
123037344
15805629
151103360
126825415
132235696
170335493
158235112
156796649
60542177
131082828
20882957
133772506
31237720
16695395
128041790
124849232
94913795
57867154
114951488
14070376
82144210
23541996
99320249
86396741
7911232
70584763
32693541
18478385
20958510
25411356
14387542
28382264
48892929
16883213
40044923
92102012
14502988
14879400
21937420
50880679
61187432
69927758
15244445
110440539
18236077
14749045
66829366
16174187
105230432
104892418
100676501
97334688
96532522
54058271
49015544
93647989
70133757
15503210
74360186
51964801
40342571
20259714
62881230
26430264
63104177
69651009
15517190
1379681
61829444
22054897
45977242
50257607
33889506
57221477
38359790
53002785
61487516
40584596
59031664
60069340
45686021
25344447
21132950
15929523
59706574
58537118
57943635
16492753
50440207
44325832
57542072
16313652
17287251
44706450
43021428
14468043
16617145
49145130
48472233
41949968
21040094
17276099
22341950
49634269
17543946
15452859
27132791
16498727
31121154
48461764
9376622
45238903
34863185
39417889
42271520
43214483
43468163
32905998
43047899
40889172
18160766
34859300
19393817
23344565
29921861
23817718
16882335
20897154
16405291
20512795
21174377
25754344
17068576
22123215
30973
15450996
17850012
14740093
16491515
16646819
