2535256447
85653101
718530974187917313
715330092751319041
2245899935
23949699
51987179
39219035
722146585451204612
722254654483087361
917060502
41617592
1682594786
89717222
2893897271
601804474
38632472
40936532
4337757868
461524894
81488726
124280207
1715850816
25171315
4588125621
2930462698
87179667
390856590
4184964869
4023985407
414623003
43069576
4285687455
3128990675
18115600
39847120
2188769658
4147031121
53768578
14258257
4023469463
299691449
304949327
479660970
3301673243
50743244
2937362272
2935723869
2199440324
47909519
22361715
2698388498
128493710
38439143
200892586
308406056
3244791291
2612248771
97282045
377563873
49601688
150287867
16815724
3141519497
3115699821
49601587
2291521993
3088321679
756895303
481518335
1586634403
3008348122
351559847
3004272358
955697419
322508230
92960685
347232060
66153125
41093382
2931738104
2883270317
404145374
20210193
2556290832
2383400996
2773635661
2669405904
2872990507
112813136
1265496636
2616746847
18988667
393213445
39966546
2829447358
14290726
2796153404
2405130358
943248409
96861734
297555618
351527552
66217612
58180860
547131423
31210522
81094902
21853001
97446313
82079405
1091859392
241109011
2749312520
36879994
2714033784
326400986
2658725768
42380143
24955372
1375072794
363635815
45321236
21604237
2562921888
2526850586
18551911
1376734400
2525744515
376920145
40923512
1671346567
42879709
17590338
6523962
17038109
2334082303
1483179049
1156634233
19178884
21859509
17705285
522329036
2394845685
15428667
2368838621
30422283
833363700
25105806
2356624779
34013116
60891099
2337771695
204706399
2326878429
573616644
50294404
49370357
20064921
138855525
14206252
18381317
2188281660
19705628
255471329
1897331802
2277232791
898143270
1107372186
495229580
83446336
184714771
19237009
63266077
20008618
2271609436
839346397
86030645
48099139
34247120
22604909
348383442
260788604
19758217
45565440
47298686
359577999
2179482603
18610234
55822967
2185062985
593599728
54669753
205632770
17780015
14998206
1908033007
1903563654
1899852517
24716445
483693421
265486447
253065079
226226681
52785255
86194391
901497769
6526412
1706528556
52897900
22472364
372173666
263106678
14395000
18600068
1215772574
32353005
67277243
67043953
25679544
330267303
34859489
38163216
568213083
1241925312
368502218
28532466
47902240
1376758238
150771231
743060426
252019880
25966747
93609346
14201332
29697649
299572378
43125145
19017103
33633297
343327295
20776064
36160117
291277159
455625917
126628902
407764234
18558708
17323262
511674004
14290904
310509161
17685876
39965455
945514393
16183455
227097414
26839190
934310659
151010058
31101381
193773313
31368001
38631953
224946141
1063899720
902358847
607904329
1026742076
314209749
37911247
33852061
189281068
25805619
64668831
403320517
457219884
30927768
91833088
746943120
947493792
963123408
9543842
927837001
34052135
28101605
857790079
21695947
18944836
18907026
928140847
22920732
14432658
732445232
9695912
184722739
14406719
378649616
80843941
921822648
36031332
19282301
419553326
859841922
121420979
39016975
37036390
38016612
42843759
28818351
157907219
720615816
494384645
361996322
48154045
56442937
19928658
19160199
148655456
36774962
19319985
20432556
52341252
94721506
81650053
134221985
22281074
280944995
38847775
25859481
19855583
192160002
45550140
44887445
487429328
520658632
28984492
498256238
82323571
59135260
403644935
450058466
471235993
98863217
481539254
38483841
216916331
410625394
14790385
322531105
252361852
337299890
342926708
58477605
291864495
395439921
390313360
60034200
20143588
39738562
23751064
6967612
70919331
57653188
31195903
38406000
324495485
25680396
15895694
26849508
379698844
14321377
18550977
263842791
63262403
84932074
218063694
192232414
381455451
28546058
380429514
14490887
27333815
22779314
143061537
186840534
234818239
234129919
234497387
42854868
19062442
333018853
39587862
39744646
156580448
169033271
251523398
47607135
349453798
379926399
29465388
6257592
20124820
19110628
91416504
89284278
369422449
55541718
62346830
18878967
137292619
45302230
363306513
362350456
30502064
109017660
344714782
136406540
238315982
306339986
309876837
47606328
19901366
304409914
280252841
80365572
28865987
234384987
37876601
267119575
67144176
28763362
28063775
153694624
200825098
118346647
201686963
182802972
211465864
17425802
207064908
14304253
194101689
194715091
195867948
69370408
32095865
48103010
193662292
34050300
18611983
44710412
190551552
151856844
64424049
111008620
65357795
16562077
14763346
17719019
19090188
126352644
130773534
77476111
17211550
6145432
17987852
17868367
116402109
115413664
28364125
108594815
95174263
69737220
55919107
18728358
94071970
92473016
42399326
85326841
46979706
84709356
83796199
19188289
81547348
38171057
69227108
60896067
78401842
39332307
34609277
63451448
56162490
18185969
10112552
25346891
65008338
29700872
54492779
49592638
38737154
15820298
19231785
45086329
32912906
47303318
55047054
37904694
54996226
48471023
54917900
21908004
8170292
47334427
42984003
49073990
28541888
29037709
44348523
39094799
40205278
29189866
39115360
31150189
17775775
31085457
14283877
33677145
28092347
3943871
19061563
32352556
32890113
7087422
17822450
19529502
22627330
23988149
17678392
26604036
17113249
18332222
18213346
19332655
18633093
9474522
20195297
12061802
