3905790959
724092220190666752
2773084151
4704732534
1037211055
2784477691
713452225704566784
1375860338
53210455
2534907375
24935003
720789449748135938
2714874518
704202799525933056
1038818132
1904918736
980425172
1032475213
265260401
4329795136
1046797669
928905282
2729334853
719174993595265025
522537060
717121330836070402
3956929403
717372782380711936
934982222
707636495016968192
2756207444
928910886
2559925034
710855865050513411
702468735932743681
716336144
4420846453
2741896277
2728464422
3333090119
274782243
4830525459
3904002377
4883030620
22149250
1372322094
4892439934
2610063726
308178360
3728447535
56099832
1918913827
480494997
4747038694
3940467874
3092456344
3995668095
4440383253
935612262
826359079
569613225
3168204859
847568659
1529181355
388470294
4021994594
1382532901
3561477255
2203608816
4322086162
2938946186
318501798
3591865822
278673907
3598181712
1078088023
4057167940
16282274
2750312809
177569546
472771782
