4769529015
3106534151
1543679881
4831879006
722307804686655488
3023863007
2926464862
75736238
724139091671937024
722644690139496448
538547125
703655442681999361
54229868
46609664
705961747157397505
115681686
825501626
2438724661
4236806414
2217097310
154350597
466988327
3372197680
795181796
4323735923
198320129
4927986136
857001662
861963872
2202371624
44135635
4924252227
379225543
717905238837952512
722801684791955457
716018657424449537
3022158560
715538615376412672
720680562105651200
2955230850
70700565
718466041446277120
4636949955
286703523
3224743904
2845207617
277355403
714950052817539072
715478368582414337
715474023824510976
715475948338982912
715473088540856320
715477544351338497
715474270843830273
715467914313404416
715467962191364096
715468787856777216
715467453619376128
715467304147030016
715468042533212160
715468545518383104
715467097577558016
715464233912242176
715465569718415360
715459214722916352
715463048060923905
715459811413008388
715461259362242560
715461272750460928
715458590967001088
715457734066499585
2912754262
715450293413089280
715452580340637696
715449142999445504
715445394029867008
715447709893787648
715444233675603968
715445482630340608
715445699144507393
715445369786732544
715442744664129536
715430888331427840
715441079248633856
715439492568649728
715437028213702656
715439085897326592
715433224676237312
715430730621386753
715425381503909888
715427270370934784
715422810001293312
715417685924954112
715417343103512576
715413873977909248
715412038135255040
714957805959127040
715409798045515776
714945643782004737
714941861979373568
714938103824310273
714932191168479234
714934480255991808
714925293543297024
714910838923112450
714904279417532418
714905011055173633
714899251378143232
714897144407265282
714894928820772864
714893085134692352
714890011817152512
714884999548440577
714874372532670464
714867176956641281
714871339883036672
714869203665293312
714863239067222024
714925266682908673
714919505600888833
714914780260265984
714901088890200064
714909850313035777
714888413711843330
714884618521088004
714880375076601856
714879482004418561
714865285006753792
395693272
1526553212
4746074508
3239288246
1339060338
2853443310
719916501483040768
3538092137
1363449445
142015635
70156027
884304968
944145019
3794736614
591092889
1376536760
3331835352
713909911911010305
1351385318
702540493905907712
74662993
720480488817836032
470746148
2376708672
3392826359
457448375
317561814
4058601063
4224729994
705902960967094272
171649681
90379747
718114773297049600
4884796019
3374730436
2903166449
410170867
3344756722
2478736706
373367371
3187882145
2176174432
695697958357094401
72717549
2749858280
531351424
706990012798140416
710723351090626560
114350985
474094828
3626674515
733326702
342999231
3018893500
2996864446
406483952
1348346059
845690522
717613865
518160684
3281910150
1128075277
3314758074
2687764388
32861990
3753356896
245176643
1853428015
4790148574
4729317440
33579552
31579226
3935017274
3313043539
4713331610
16710420
263962759
2431253425
708716192018464768
70883367
94607882
56449803
29929551
708723744793989124
2975468251
715496304777015296
4340433312
2585061890
710520242276007936
33270656
709046708571738112
3550037417
711032748459302912
315784651
398252964
706805494908743680
1309064078
35794250
35852232
111008993
4671191282
2581758266
345629680
1146734924
4417130582
479156428
1708970678
3285975517
705202845994328064
4706270920
107012365
4186330647
1706298709
3836008983
19341224
46315077
712819764301840384
703268281038168064
4230652702
4840660025
1707296066
709497411144523776
4102376488
2908646959
4847335294
2939271021
2440499917
4810747934
4483840173
208083510
3957920723
829735580
2831927269
602954914
561654065
121656624
3261533147
4444519815
4904619314
368545981
26278305
4850850500
4009351954
3407739003
703535588180410368
4512568575
393190233
2591708060
3307859176
2929300893
4895212151
4895361413
4877553287
705861358017974272
1648474652
3426313810
2963018631
3274794456
2330767628
4808353874
294311266
1963788462
1102507878
2227207840
4273529293
3437625226
3251436240
3088281582
2895094386
3226053083
3248167603
3254900994
3429371547
50434933
3107509583
3008510639
3088352779
1943794381
23136288
539468863
3193772186
513656197
535015368
3032070653
535724616
358555317
2878768800
3016030548
3004393696
2670390968
1126848642
2699122381
510245805
585373512
766415527
2810299978
518807335
62547429
540658490
2468451187
97963881
2817002180
17798031
280145396
1120122108
1570879765
893856362
63596827
16481756
2458490880
34591763
1648765046
72350324
1578569942
50130164
