14828860
719677333016285184
1195724178
4479812413
111225697
2659696782
1072992504
2588109960
33053218
3951491722
2308954104
724557914946560000
342894187
208083510
561654065
94607882
1689378834
16710420
347627434
723251650174017536
2485533937
826537184
3405505149
1589063965
4064624112
20732140
706638539472109569
2914194020
360640666
884304968
23999320
2828705712
4049454617
4125875653
722133336634761216
4181673674
254729145
259291600
195743915
1617777570
373703200
605206341
2201837220
216587627
491470143
4738497264
709497411144523776
4833162304
31934987
4103087435
2236414884
3253663068
70156027
4909002009
4547869279
3424711689
722192854030819328
582414063
713429506221064192
3957056895
44135635
3293741005
30880563
2387153004
60784269
167958868
261749735
4154041574
709208411825508353
1880936238
846447662
713452259150020608
712512577201446916
66834166
3279340987
71444145
380525217
3275310606
2399189479
4857974027
4614029112
225403925
3943563559
4493114113
2892478027
4165289358
701172499178852352
2950655150
2790966686
27593753
4894837236
2347692840
16703058
4760877385
217634501
18610043
72350324
261008103
903279661
416696463
334266844
2344216860
39562794
69483012
272133104
25690056
2341038200
1851279564
3107936750
1096901059
14134180
2588247704
162576868
3022045469
200163987
25169797
585373512
3081853491
317791224
4463149992
2984727962
379498878
1618641848
368545981
3224841256
3062375583
223709915
716679918
90408018
170025854
2207780696
22099720
26278305
91493488
4751885222
4761287515
4766124445
2468089459
2795191209
21588316
164322849
191555835
2484773384
21779975
1347752340
2727055166
505497232
15063486
279068342
2372095194
1376795736
275161348
2720856761
183036873
2392045711
