10206812
711772079339646977
725188432142569472
1661159448
20830344
473285651
724209257206435840
707527348279767040
3331403363
59771693
134234167
424711422
1934304114
2540573335
76372965
249288691
257234986
713208915304038400
2276774694
714992065063456769
229265993
145302286
46685411
3247002411
863635782
338280716
127680938
580847938
2898238636
250755481
76966092
2258218458
4668331400
4375337654
20885404
4686170306
3238360291
54619102
73424051
108193922
2312494016
2761723447
4842324498
2154028783
1137271452
378206995
4834141462
3404479516
3580248555
2899009804
3965614753
1334490631
4779468079
4355536638
225245149
2223562177
4776021313
3896249593
2908293891
2654755843
1977301982
3872419641
4660403303
244190490
2411694794
3909551061
257295694
2675514804
4553803708
2866473281
2481983263
4702418372
17349381
260347851
3329230725
18950185
3293952443
316181803
4598186896
616515257
2319344353
1863186360
2293759616
392047970
2805650627
2693341045
3677110216
4220435560
2303077585
111698159
3534282977
494326686
2379003705
2931563772
2912809747
2248166209
4379557213
2472722514
3823837283
3078115304
22236071
184267522
2769203506
3481292063
41108476
2921864643
245444692
379476398
49168231
3233660882
4112153253
3402250661
56967376
14469246
1457805708
569683254
2494222568
553639345
249056056
2802543452
354115330
26817104
21631487
2393752238
184199603
1030036866
468210903
2486111033
949630800
2300691618
3022784680
142043767
3260041032
302970029
2332613598
3900156449
17676062
3130058786
18572546
2389018658
1106156509
3287967198
3428541082
67887578
295815059
2799705294
2541357239
147759481
48966322
2903671648
2901245151
3117288699
2568873085
2623875737
104459389
2569256025
703136774
158496230
584128266
116766949
15645871
3293777279
259674489
3399222227
403942389
3263253388
18907301
2722638602
2148900003
2855818079
253307132
47235439
2617608565
3004986126
2978053367
3145203594
59956410
2203765908
297448424
3006426177
43531759
2424778714
15333317
765489001
446169665
3246323595
2395583880
2756808618
422527684
3001472331
318038838
1911303422
308033833
272175633
2876442414
2921271531
1235477522
244636311
454428264
3070577467
574881362
2502332161
367750490
179639625
45608788
1183717736
3055089382
35932471
2988388635
82704394
3239185533
2679003245
3001049548
576490111
1880640066
3225475110
2969146682
3224844922
3167610843
3295351119
2948118473
2484657731
318519385
427655976
2565301916
3250172242
470874674
1954027272
3237188008
223610043
66951419
3230837489
2183388159
2192824389
2923955280
2835383596
3210116608
3101880434
3008198437
2292329009
251240960
178595022
407158664
3131615817
3158518273
3041278589
316571424
1734308330
272118514
317532513
3155265706
2253511088
2801616330
37202833
56363520
422164503
312916659
20775724
2478261680
2168961860
108052332
1226111688
327558361
2399002355
72921072
885445418
2591719868
71734722
2717377456
3064539303
55066811
17662525
176087555
2859954021
236464325
2946859357
3133415699
3040792658
953210450
3129030146
3123059118
3116797951
1028357503
310336524
15046153
206997479
17789677
123678702
286992566
2696632248
2988102232
3104446362
525595860
82709690
3075561115
53017384
2444706326
3082199500
255296633
583190908
2320507177
970875331
118789914
116572628
16574787
420541470
87403396
2854815620
3068817954
536440394
117763834
3049695685
2696859020
3097481339
447233682
2684865902
412159673
2687777911
561558519
316581618
2370355141
111966379
2906130702
397222934
3095364990
2979784594
37599351
2862113872
615318971
163671640
110891704
20204796
1345702129
17881816
3089822486
850323991
628367263
3013255298
904341704
3085640040
2940151785
2588483455
3054429406
184872574
2861647641
2649006812
213408609
2906400686
191383270
3059313866
2363300779
1716623048
525920439
2849383075
1158383569
3073550096
2699730193
19102612
1244728448
444933627
105295143
316590739
2922015099
2986338775
985186471
3029037899
2914009158
3061748210
148814280
84434079
16916445
142634840
2254077715
3056099910
502160657
1870237458
1581515226
772653259
97963881
2395268660
98744163
14220449
2894452445
15784302
57098954
21705181
56151874
39595443
1870144128
3062244314
280826651
2972603730
1378596505
2885558846
2929717149
2838034643
3004479945
1558861508
291238895
19068720
1072736816
142889259
110961163
353469450
1111775804
83661026
264264597
338229963
336228838
350472835
1059597540
1870189182
571168316
338119281
2265048648
197499997
2714351026
1123712497
3067400531
2256886950
2898019627
2824577705
2538053700
607873890
85112732
14083026
4293131
2968336786
889573830
3064500591
1210037227
624252755
297369350
3013760197
2517854953
591947239
212023751
540838857
870133933
495299548
2149495130
2413245824
18067299
26350255
425335248
15656004
2358042013
2182534364
885078894
499841987
2983205571
2962673182
2929135816
2810551178
15628274
2462391714
1252520509
442144732
3014410664
1533955640
436795156
559974103
1358943476
97383592
68741593
702715164
2651562855
2905645658
577234777
623677981
49465474
1193339844
711268309
291513266
2402181074
182550591
2949692685
1583718259
2964650061
200553940
961565498
160376514
2868162981
830622012
128808903
265643851
574604672
1556370800
60875744
3022245328
1059908287
1965457579
2930586325
140060120
510319281
139974630
624947383
437673995
262957023
275430896
429031681
148189785
267449695
1008521334
76018723
2421116346
2957683070
2942995301
2785486910
310258379
3014602846
1475143686
2985041418
23132001
547336223
155045139
72510159
272986795
1596503618
2776047546
191914406
1680025706
985906658
2688737196
178582101
518615888
2357426845
1067478181
310296168
742726076
2831799644
2720062883
2997991108
526839303
1870302085
2705420889
65967525
2971790439
154879881
2991523329
316536075
2691559420
15905092
243950136
58862439
2430100928
2884363328
893338705
53544165
2184024872
2990513101
2816884699
2652612770
2354273942
2650967776
60784269
2203246710
2663966905
2973406211
2754656928
2606127016
2332137835
2470550720
1909758506
2504203291
210735868
1328360287
346255213
112977585
169208254
57497901
977151841
287660375
221455875
279794816
2845559719
20203344
966892832
794873582
518153624
2718753917
2964777602
169129429
399722029
2604198258
1109386315
144276055
826187509
2573215164
188525525
155573237
109460638
21283508
2915233442
220766386
2501963420
62178427
2926436442
2412230340
1289529698
2513015600
1088861148
408993947
2640365693
1085891683
2893762674
330639213
409723545
2442756054
23307208
243751591
293832920
796261392
2889406630
20267632
2425055288
894527666
2729673697
1955298338
716044325
2784820064
415304375
81615317
210944813
388934581
219496700
2179719390
321527606
632331726
234870299
2590451349
1886281098
459161511
178203295
2864570037
606727352
2621261169
85860474
439421464
56333012
2645418084
806778703
2563918750
2915733688
116331114
249840560
81998705
1859165214
22533761
16825961
2730656051
1283596286
583383887
227698346
17224164
14105540
1909041854
344209981
45647641
23109598
279585613
118269391
532374319
2216770574
916204982
305579552
373195981
2235189276
2211867912
1108291232
1558167613
41417878
2577282014
15175819
48771393
2893266639
373703345
33952014
375539222
1380677004
2607123872
110805744
18787733
2870938325
2664752136
373474887
1271723072
1095624530
2773549376
2700126842
2895991776
2896129136
966360134
7789342
389452628
53689588
1484354562
2729223054
2788934088
83421914
311137675
1452807270
944440838
455609926
447421329
339633008
210183323
1488378090
236333273
235062161
106835731
1243558909
718931255
24636191
316858920
89269664
2827829503
921292178
2522486630
1362530816
39047949
2865083620
17072206
2153517654
32522055
2839980287
178447840
268117600
2734280624
262998922
1551897720
619675047
1883354443
1008121476
516004106
2330729395
2650934876
323998361
214969165
189628044
323259484
1871264372
471560358
215100106
316028706
293881939
499229548
2595250783
209383326
17798031
2831441272
108058788
121588294
80759906
114085960
25926142
33645205
2791704482
32754483
2615725926
79809731
2766604477
1133610576
2358971316
351210442
2748730945
2740133209
21514744
277120302
14967230
2284197996
43187274
54259935
316416404
2429618534
16385192
497432101
371760024
2636737233
2398498584
2288632549
2348928990
1443767262
84389397
19454371
16183623
857113574
274510502
1851620702
2750022410
2822793660
122014550
315535373
2536731186
2759392487
2786231786
2695511709
157422411
65954179
1972046011
1845709668
333114907
2496090972
25923044
494235142
2606816928
1210037988
95882434
491619143
2807941392
2200181346
409995856
16256826
566852328
2727253811
2687686944
2730324558
195247895
2614673107
2769378653
278258054
316142947
2702289674
79558387
2767317287
1661784469
316216023
316184671
421498190
220185960
2696331404
45381821
1201877377
574632952
59785531
117184679
316380254
253005763
7772632
19481438
2569141315
316137396
2788571419
32446959
2709701876
316296558
813915445
480816150
731596345
316152093
1870115797
420897126
2352650977
8522892
617684434
107651327
57652284
1870236308
316239944
2365816214
377408483
2362173923
2706387186
315860018
26635704
316032534
1470869790
35877004
28337792
1941996169
31471284
2556402533
51118526
21037614
1899141181
294064382
2535251237
102116847
164252225
151825970
224226909
2381221861
2273884740
1090038649
494306386
2570808086
72552866
1344108386
247537680
121977657
2770612033
2732913053
306299988
79255268
93589228
2750790407
1870214779
315516842
2740055432
2754466027
2723922688
358087436
2444577403
627115205
109879047
552278840
2495584675
2751971742
47962856
2428808924
610987918
291513513
2528314106
1343704328
71613949
2240029488
961838113
2742838497
383051535
56978179
1870107482
63366408
24012441
2228486438
359285615
2490423633
18982679
1658768851
353672532
180801759
1016544696
881428872
505401712
2275253040
2487893052
2685351580
2743406150
160504259
49851275
2271848935
2684075792
733617661
147507682
2253514663
2375449800
2332323756
312059091
66837697
160984682
143593143
55113967
2616952252
985538232
398455975
852422755
727403658
248067666
13374
2735821484
1678516310
47146514
223154110
267098443
409062401
21712038
2696277866
143362318
911796242
2739482741
1510586250
1289795336
347358838
196063790
489855788
2693339149
2228184464
2532107895
2723451210
2532231092
97711439
347799272
226327933
20374939
25272132
318050566
77584998
17258834
2191674892
133014693
283296417
1468790760
460623393
598436273
7349062
421689857
446291023
426940597
1100931066
1522605313
1676635716
1707150979
1075324656
138389433
541312493
193617846
2649853766
602807375
1626294277
2546016977
573074260
2691178490
2397741632
952085281
322013936
1570055918
1870115742
1870223119
910766424
581338878
2498016836
1347875372
2172879742
233111629
35558100
542318578
33497114
46218905
144221810
2726349142
1189254258
2686991391
320524842
1085423124
2588617079
253022226
573809623
222083951
636937930
599349919
2377462482
343417824
2270816227
311058794
20732140
410161842
2452113865
2572402992
599989408
630175635
18594226
591459578
567439059
25252077
1870187875
299440906
2377492759
2352127176
224361792
1967939774
2591861484
129880735
121234981
354961568
385472830
1312222128
294260703
81062907
2621629781
21779975
263077041
2590275548
22504270
21837967
1613584404
2291816660
164976578
15063486
2367992575
22348588
578391378
2681532041
2502674875
