724389444741140481
707770668906094592
20830344
1708738243
721386269847105536
19169508
3326107301
31231597
2524025562
1932433866
4180946362
193349189
697353975876681728
4173096586
3430716167
30135051
4906902192
41598618
2820643370
185437031
2756000292
3316070638
4839444268
844744285
2946646661
2580853620
4565680100
26646580
2931029238
1618368865
2768997956
3603837917
632024983
488871917
4401859512
87369180
144205202
61506660
236509931
437695069
2321785092
3273213031
593614299
2477787175
2537984836
44452548
3687583756
2364654643
562523125
3319136647
3405751487
2259787508
972311155
2725237574
2983288825
716679918
707980194
2559692549
2493748802
3055069764
552805528
2802509510
57787764
778121078
968261293
3364403573
324554222
726577010
19198811
1268571624
1161100327
315705426
788645132
2343863688
1942362438
3411295066
459660893
3233772066
3357278601
489663172
768227700
302341217
3049676872
3043563352
1140211009
2917046252
2454062692
19734817
2405105594
2943543164
3226746925
1411467158
2858140185
1421741052
3236648524
2946595780
2761469224
3060214250
2493694519
3112174398
776842650
2467893889
3045215912
15932151
3033883391
1149531619
995484924
1151201773
2899935062
2216459483
208578870
2529901654
2907915262
16437815
510245805
2964907042
464259306
2558071551
2699509688
2944271678
1517378874
163374733
33260064
186924203
23204579
2964054758
549732644
2840518200
63037146
541114171
2954018852
996511261
1039987028
2952598126
184175087
843711805
2716587527
2326522396
1646087142
2745483790
2499495888
2615119827
2712419148
2810511154
2748010269
321067870
560049939
2764382272
903266490
357691638
2697047590
1012526808
621057166
1939846340
1529980075
600466759
