4109866035
34428405
2290345111
2589212653
2902407087
27142413
115681686
40102443
17881816
3319990553
3658799954
561654065
917413946
37599351
2972347967
4709936488
4418474009
4346886437
1945120964
2924438322
2911167323
2163710412
194693152
2728175474
2558163311
749630010
1442375030
1634121276
33150474
343427591
559567806
612039203
178006495
843194670
339125234
64391512
436977676
415630360
238556188
222716039
221561758
15568724
104195902
101199525
17953908
105479584
103206708
103511421
6434802
85248610
60510767
50961477
48708511
17111803
14542767
97202899
85013269
60994497
77613319
80212282
75457952
73210334
66762672
68088794
68088222
68087527
68087454
60126645
60358959
60136004
63155459
55991727
64035889
21683864
14096789
61681294
35534566
55662584
63810672
60074128
60632399
61845659
62928840
35644418
41336952
42532505
33779227
63882423
54608726
49486033
52089412
35493779
38911440
52542899
57507010
51808184
61633867
63770576
62034706
44269550
22266575
36978709
22682696
61974431
54564432
54720940
63071112
62755028
61899781
42714711
61894601
39278107
62602860
62237959
32173902
59574738
58834094
59375316
58081655
48369757
47894183
17188910
42456798
19127517
51986731
21275080
50066595
19602223
63026799
33349532
37486762
8740652
61458232
28187620
58735713
58566096
