41494082
718697838436335616
711232165732872192
3385605670
3427109043
719293188071112704
1046935879
710101766411558917
718767280335810560
718767128707469312
3401747619
718766167578537984
719692608390438912
715313330643156993
4823839530
3428934087
719659563042086912
717887026444505088
3024400842
719653931249442816
4901866967
718765607794118656
2638247079
2786459790
714463235718713344
718567265013207040
2592179390
711295451211943936
712376680187355137
3001928734
711144000636461056
3420208529
4916944535
4561928908
709528114465009664
2695699143
2455535251
709238617248366592
2192826226
2590412905
2440966488
2978236672
2869355282
2619955531
2334567712
2921076523
2901327093
2898395647
2523697232
2708975911
2755011012
2641926991
2741497167
2736370830
2726509046
2645704958
2722397404
1035955765
2713150512
2708749626
2714531075
2439846579
2384349313
2191304209
2305330494
2235223153
2720335246
1129171440
2680712035
2679846631
2678184798
2361587467
2723307220
1966095661
2678889042
2575342141
2649225776
2551351164
2593461179
2691430275
2645525462
