725452665665118208
2968370544
2486028168
720822239520759808
585059506
501196426
403171779
4551720146
303429035
3092625141
722704839713648644
2926128044
4926495803
3335133237
4005375497
2412051059
60784269
94687261
2798656723
1128075277
2478015324
1379288282
709555605887782912
45504625
264461851
603469461
2214755390
44914646
714794713
1300866686
708512486266425345
4878945347
705602826295062528
706865960372854786
2418520321
702038489253158912
1436790152
704387159885799424
119654364
173753747
911780719
124579169
1561548127
4726690032
2582267186
387361651
738680648
105187328
3989943249
585373512
708522042
774692370
45286075
21958137
2472722514
2209664874
18161620
3002890454
1610187517
3419237415
3300853837
331696670
2939073855
2898797140
1010039167
86177206
3139436780
33786290
270535444
531598198
3286771872
3312397618
531351424
952112047
2996527011
977653171
410301870
180606167
1392951560
3225419439
2788278833
356014549
2970302430
3248927020
2468126198
339832905
21707592
534903573
208083510
532285060
388282863
376576835
546347263
3231579188
988083522
263285926
2358645936
2207780696
3012985081
581021952
1542374402
2520712394
43621911
2749596256
3002707150
3044817769
2734930890
352750154
2996462212
2996539577
626641911
2980895955
987847314
17757005
1317487885
1376536760
561654065
2205454450
2889241467
204623148
28096105
49518404
1081660548
1038584462
291240266
2624245429
187603601
937643418
24059498
172979282
1075197222
2413033938
295437284
883573909
750215064
1345646442
604601847
2342745397
2282014987
29373081
1276264884
1132724167
2236816687
2236825777
414361963
61869192
552848796
14720411
478157435
282295410
1690012476
1109383783
800642714
1310867274
1081076028
871031503
710730559
894374221
30094565
380088686
139974630
117615372
36644497
140635519
786333739
54710910
107172480
64432312
487249114
28918971
887905129
48969390
43203630
622826927
37071431
634006127
701710346
1409226254
528832805
373499448
269499114
43204105
1433957202
382464816
417451460
510250061
629583217
246414791
609973457
1621067197
1646712998
39755667
18360675
33611715
83245724
226753401
361940911
608717802
385443184
43930789
84168191
863238847
16643649
628510305
1364803249
35559992
356434482
454907830
1329816355
118234850
827924594
466751485
43370083
866500945
23108383
21193364
1099064232
568411443
135462498
21669254
475811383
570396073
874482116
1181132179
28004805
177584156
630496335
569462028
1335208435
713457535
35852158
24753462
452634196
1049400470
359043769
329323059
620583354
1433842338
51238658
1478272674
44186262
1319698939
473199911
21598228
709206948
1226446382
17829274
582963425
839585917
989453492
302233607
39680372
1117562450
1431564204
155673785
810266845
471664093
318721919
565511731
373728675
297573634
383351399
117440808
1075690849
23447279
1296476318
390997763
39603357
464000220
1246556053
14824034
1092757885
536580594
343513998
792125095
60630907
904780472
234507716
920120467
1117429292
1318747514
17943171
37220484
1022795420
385324184
369178373
174316096
1228839474
311699993
348611214
1330159460
621989197
237888723
17327882
1375525920
74820717
615806411
266907407
70156027
589174750
263406775
226447315
18824077
538481859
234036636
537789621
110162490
113423378
29899648
279400934
21820574
979401001
236489012
28162811
1261056434
469661725
1236541008
205139274
574887450
563223833
312506890
247374262
313120369
234050183
47653796
198187042
50094643
495253331
201855574
1356294636
316919641
1255429531
1117756459
32811929
234590552
555865638
28329944
270073295
1158532238
33343943
84909450
256080867
511027899
17798031
387161769
846133824
885933012
25029390
1169040325
75840484
1093103335
173872916
15013087
839319103
566789087
875627605
374331041
500021257
40530033
110918004
394134197
796764606
130098780
286334634
6092972
377747767
127678075
754399645
1148660444
1107690794
900584197
92775643
906345576
47494634
17645505
628963270
461935358
632344478
479541349
49135957
61642937
292929271
360690726
803769560
35648599
986167350
346715407
367785987
30056500
19521569
289079179
1290006391
293267862
362759626
887705509
310643025
304091781
86584390
153394150
482759284
1290270200
1005552722
19367142
148891227
527295583
23269838
295171830
20009204
14993272
122619939
22974869
17423332
17808804
1129661486
292763654
335405859
995212500
515597525
795181796
123694443
6124022
624950404
1255001646
106822606
737461466
17132768
35123416
61764215
621075197
409122325
49373256
614801913
523374381
1164480356
940503344
1095724669
565188105
128574513
986151114
587859040
189530656
635445997
33309149
136743706
1269586532
159705363
577281559
938657858
907474158
122811596
235062161
540039723
489636537
24636191
211270184
318713116
627505338
18244206
329628740
20336516
56594263
950077800
22964326
1074762404
500101798
387416970
17080191
299679874
755958397
1202732365
1257494100
480556612
268403017
531666149
292002527
101264587
12587862
633007028
243237206
32236860
1255663932
464618945
314910388
602190876
42728966
440601632
41495964
90020065
22832066
44595784
1146358172
1183427928
523782755
59327523
287252580
16383523
851677074
1176644424
62554155
36032320
518836323
52399952
201429995
46315077
280821719
637011677
311048487
314287177
73025974
632157129
499057681
55744676
45357919
46398531
191162512
1186524434
361409127
100638300
448587735
184462612
1048722518
45844993
24930006
435069715
924595368
326324669
1074235585
877042764
467723007
621110959
73657657
519849143
1128986431
18093123
944503872
1068499243
321496438
166866262
398251422
48605417
10392332
46537726
93412074
599474135
885723504
412776430
317967764
1029560786
933710592
897953586
1227585942
887256348
19500176
478889692
469785324
322977771
29689907
586087993
1052046588
768605425
238911100
453890590
23272075
924594481
237940612
885350262
556375787
226822347
348008548
38411458
833271210
1041282103
29252304
23039411
18810571
525841715
22788127
559645321
1118436763
886993130
32979661
598473298
240413628
530943882
910439012
74759474
104240343
1212457832
235217857
924683964
1126695116
1210663128
249504740
353730821
1167740060
48765734
795339080
382232554
397748897
29236749
33939842
212811299
580546410
117200024
223286050
467968715
1126975927
1065869268
942779432
98507228
924083029
1199372545
20051181
445019219
625541717
94619609
47099879
549400099
892068638
1198366862
281679641
1037501228
374085184
761823356
20405322
148800323
632226497
937704163
129258460
28162416
211221146
333902113
542986589
66265121
787598970
1107105506
209944791
267243203
1073909671
972268302
1170970106
14549493
244243072
14871143
239153238
60927886
1126065678
459374736
22359612
129715930
121656624
748644511
22816138
915993793
915156222
1069137992
559900957
345551240
16535658
217254150
806010806
540345254
37357729
770520350
718810596
546101526
1083468552
889980282
41835034
45838237
127946101
531511289
391897915
221926929
26444955
111056827
547836855
254193327
533203329
249028866
428539465
372338018
445300853
1189446176
1087850029
1188390799
435099091
58888563
112479899
467051583
327909258
46909096
234696158
461558727
19521572
200575688
307154654
286330144
544311549
113709808
450291742
410788286
935089346
885892344
28135590
1077448490
1072084555
829542974
325400456
1094027119
1118003827
241934339
339761949
914071538
784826947
733814106
266214466
601144011
76039700
1031545999
91298698
379943597
906864444
517707191
25065023
20897273
1088140784
741021702
37085627
1081054218
1004337936
444606293
15645717
1062009044
577434930
635970066
34751839
398317794
194947075
70620140
741297163
24938430
277425776
296558572
562577357
246068112
613623369
30661155
946292498
26543623
775046912
588479306
37243007
44266386
19395504
230724921
399770251
29449978
465722660
132983461
266776743
711610790
198127132
48485615
596883433
477702366
1170992959
1015592971
872129240
46461250
139249725
274116692
17428378
1101505838
1135885423
50057841
65686386
388925361
394860161
110646954
371064566
238756212
519011732
1149227880
1094021328
797104076
885480031
16425672
183076553
140216501
494607890
38611008
863813551
45145349
27903560
1015626871
76173394
926552688
870654146
1112501893
632963692
823654008
31570570
211445666
958297832
242495902
17584578
284432919
540100041
909429824
254732884
48867264
971036016
821618544
73557861
248555662
16301792
1161962774
39951157
584347479
867282019
864881161
49118430
175487483
524826278
561454508
116863351
584007872
112676314
117082302
933462812
58394596
862419835
38513873
728789868
106756764
1126808629
471668161
1161268182
457680921
1119675236
234742098
15051735
385206529
42904769
94368266
399065347
21828489
561479439
635004482
62692433
768367141
388616677
331489082
106851592
17527466
21656973
734313128
868148340
592070800
543565632
540405511
826301749
474607359
55408050
362968029
23025248
29284444
527584686
996497334
18011418
309535454
1115981456
20342351
899526444
313062591
792660210
390398191
307629778
1085158327
457080067
428574434
16143703
20923669
1071540248
903156355
532603860
842685444
73931586
862076306
277599473
1012605522
146688896
1018150472
513542745
87862480
317378810
702066306
1005486031
900104359
73026037
770088818
414003816
399440328
620496173
778976910
1096452331
44832407
531486752
86868948
525549966
607725801
15955265
16223834
26572089
351880345
60665204
28731961
4393001
1069370780
870642614
1123892534
844147586
584447707
21108021
243450221
19205708
246179810
33791390
114711796
39885951
1146135853
708953546
331279300
712651489
855654883
317284206
28914678
550245803
17714851
22907723
1067492654
77197634
352999575
17919287
756240828
1099121384
23258626
138033590
47224274
59425024
343477647
188848758
774431023
983100463
608273357
592282118
228839111
342402132
466090255
17900421
1143439519
1087982575
187059363
1143721620
16479143
68526790
18809436
78773447
107451798
30285927
48008778
575846022
342515326
20651510
1071976226
215921255
1078367808
283733589
1111940402
39982256
17184930
115792183
17495624
36205737
825876019
111440588
66248962
17364058
47944708
379962842
562323802
54428714
400400445
336085411
219131520
14827344
19130934
408219053
347299728
28065857
36826968
388432699
19205104
45658900
397697610
296511659
20939349
405963037
273526335
30053756
194641299
86308365
95244036
270108035
425063005
24493182
24169256
15079844
434168576
531377832
17771356
635188313
422306175
16618614
215163102
260030223
21040094
514404215
871605840
876226856
1112518652
43395057
33155165
526636233
1135981909
272557378
923627286
887127253
15031129
104424669
546436141
133161412
635545865
617515249
278618766
17923419
713463571
738255829
1129731012
385656189
36417257
17021399
184650231
453265065
1120738746
39076082
830830002
805023030
139545790
36704131
15704041
70683132
22406588
596770580
753444630
61885763
930589616
1006905614
942868836
123148227
1048739886
1099743007
65036477
41154464
460680199
14204513
833990756
468911503
178143432
66042325
948470732
102219035
550029547
1054540363
637395633
1088132911
391901041
21831595
1051028300
946145268
407464547
932713160
551680573
1087925245
437999761
103059187
854989104
212283553
16004807
274196613
1123081741
321005386
86664651
44907764
587111027
1366631
47211120
23552459
1086716154
181472093
242637589
752193
35816152
357998793
493268964
1126989206
1020865999
251969101
796085544
69373781
512977416
588521516
579305088
125416469
917031912
74549457
923509962
1031086644
634962812
1099090315
1088026470
372364734
169674898
500300203
35234928
29556052
45654844
20604226
935126107
291344593
1106790398
109333748
235119199
270474413
1088147264
24566461
836910416
132536727
365591244
395064507
548705374
767683328
17907265
210721882
351252573
81582751
976737810
88370617
579254908
400452123
715192998
558377409
877089456
98835146
1093747105
28082561
1114739611
837897956
187547165
414820581
1118493302
1086952340
41462796
1081841946
1120831507
120889860
614433560
55586264
464767923
53575966
550532755
56449803
1092628370
1090692300
985564789
22142945
1119619256
999148346
95205720
589244606
1074066792
19097357
21702932
108823440
39130868
1090693675
75364356
1098940860
114265735
138169208
956825180
245424408
16897657
961775360
628038157
833747208
264608196
824400206
1075944032
1102302066
422085329
1089456889
525789813
996189469
1099034173
458990555
30467603
446549932
1104754746
1118288299
1114444914
449088089
49840135
261236518
104874562
1095942012
457566485
1089076532
946019258
54996176
63462555
991105848
30186757
1069380392
936258414
26395193
851520786
1031268859
1118348533
36155983
951201950
425204803
22333646
298024798
1090823990
17224930
834718590
34929313
794765863
241778782
18623401
156034612
20654278
1072611882
1074790338
168702924
358519591
919963628
1084827571
27414706
82224636
1073449170
166885352
450208523
1056690800
1099452169
310401449
993951462
323421255
270441409
896594545
1071244068
564654299
295815228
36069087
630586656
1086626323
1098355004
190730028
528046511
139425808
866996342
35116739
1089186284
850973504
201278594
1112649248
138635034
751269943
752496636
487897223
82277624
58710467
136432427
1089020504
14144027
961214442
1093142556
1102389775
30298386
50167020
349978326
514837989
1093338090
279167748
34413416
25713562
287314441
45411971
885265748
564669113
16084945
1089087139
898273184
35028052
1095803803
785524554
15255845
25990183
13848742
1110506874
336328667
518814491
218175303
19031426
40158064
21515465
605843566
230867660
631548298
1115152206
1099661845
186911796
1114993682
220308641
55836027
153003431
86152411
391320667
887121516
537819812
17295837
113972216
23974861
25566301
522823573
332866727
787990730
23195481
420572112
37016742
32670258
152389419
38589890
1023045163
1061345708
497260750
580332073
707977364
48680358
860475799
832196610
18042071
878719854
902450426
860672210
28800014
387096686
55316099
371825029
553126021
1081625052
266134813
17411020
761816540
343772856
400364870
529551094
853213656
384649049
860646054
1055488278
9272862
162244544
114250646
46190555
91116664
818301800
847164757
223005324
1099037228
47843708
50174923
1092432378
623301816
621969422
1107812966
462861372
399069743
543373179
86414289
795327272
298255236
87280029
18615114
60748546
14568768
729262112
24086385
215749324
277545406
891698815
466919431
402223132
438660600
701784218
26265231
529567768
969151992
525630064
526215675
599529978
413408123
267349892
220796564
618640170
210848603
905019768
324645317
89277004
22861410
429556992
528634324
398070332
594069871
270773964
48209683
344770427
1064550349
532622381
136055526
915137490
569940929
59634594
372924469
22287731
348280843
1106907295
417111676
924281594
451712491
104747576
4240441
720849914
211589519
339833601
806703337
182521956
262305192
78465328
561483440
21323106
403406021
1106614574
1099072538
27665506
29904908
327913057
427153052
24932181
38642519
262116127
225652246
65989626
468413570
474584516
49946436
900486678
799318526
1099247072
15300388
312646140
15656004
14898452
863776506
924659070
544628420
52989817
152640267
543702697
22336594
209949798
339831428
924893161
868810314
74015626
240404311
156187068
221454090
624170672
152478247
1093955550
109178065
35304762
536860498
226252074
389322965
15815996
528905050
386104803
921376165
848346864
35021244
1099145449
522261592
19941063
719348184
1066207495
16742064
16225882
1090888328
25350094
21527796
282220986
257983463
817787401
449195295
1027591790
22823661
323223149
1013385697
24252611
1034056160
1061559740
513018928
1009195424
173306938
552727861
884893716
1089892711
945886795
72873606
234789656
123066284
519101139
24253326
800929074
96612485
17800397
18883522
27478843
17045777
118483149
30027177
541276421
263285930
795680612
74485989
250322859
328227729
37731615
452678489
225630549
220006263
244541621
44057768
189003435
860359554
525988895
597821645
629711211
43147980
318594095
478757890
564553280
1103949043
430118889
1080239359
983092278
459380002
631517182
898647841
524727014
315961749
621400341
36374979
118626495
11392232
122280156
901324098
40498940
1053449900
529110254
583005149
874609920
867861240
745591364
35784576
23331101
19479214
876731610
68166416
823794966
49890534
703379082
838157954
209941571
1018894987
18117404
181731010
376206064
1101104660
499160195
8234132
270974417
27727031
180618602
533670216
1032100686
62645216
18038804
579930245
520165865
452338284
79295744
99149391
425915541
54667289
80470400
224760049
198615011
1081310334
615745609
794551928
461547076
1090871192
1012374811
738095178
17062230
19381675
11231872
44504025
22141405
63235943
574917441
15697878
558271726
189414513
5511332
591049461
487168883
22188979
267945345
29257040
1090683127
881137596
18058317
19296440
233390760
948718933
7179562
1082563274
1094117509
289719219
89839868
17980372
32390228
55348286
24302157
26248258
941855652
525653834
42669297
18000962
39888656
240036430
35022147
930784507
1081264213
114973427
546417511
562925893
123300331
20647722
43749437
538201921
532562534
485373898
333772376
363124757
122096875
479173103
360335389
27212157
35632685
862059158
84747213
1078408988
262894502
601140813
48248352
1075699338
913493126
358922155
360797042
67896980
883142600
18768324
404725996
23512407
1081300759
833997992
783103896
611299674
1081136018
1081631017
105031650
326472530
60944590
1093620290
31057963
31513523
182265955
1074246914
829446506
859214821
248447252
629428289
26846618
53775250
15867128
108668283
1081455181
508365033
1080928656
1073072540
828032298
559017511
22024503
34306449
1002036294
28746077
45137503
41439081
56839273
514919679
889978968
41683723
390944368
57761806
23668222
1081447182
276260699
363380304
928922287
1058463702
516120235
373226298
1075439407
319707689
865745833
92997908
40922363
599633958
828265597
977209892
20792169
1092716658
1092488120
329839187
242576170
246379575
633130388
82915010
743980196
347026486
1090619760
1071965365
804707124
21050979
528988614
478336566
190055456
254581189
137086129
18104557
188781653
1049402222
364813013
548029549
65106504
22737135
1061889108
598074270
1053585246
1079983417
70478149
123144263
47924820
15990612
201830196
27897429
35757225
180618079
18081264
35752927
540583731
94464086
1080774152
1081279728
1054415965
22736245
54439249
202030770
236097460
393790529
378129393
109782727
342552374
58872505
72123971
228634452
88051747
26043187
82559552
1072845367
952891352
283304440
896250470
336744713
373569258
65656391
1072862010
33152496
265056673
22726177
525703657
329274990
18660521
99329655
74628767
196621601
588000376
1081283474
168948330
1072788948
450324323
1083965870
1083983672
774972260
437026402
587670121
22406984
218733638
536009521
952149414
25618141
799445898
15385686
28867972
16002705
57838814
178471059
180508801
1081027220
1081379280
45156531
1085261527
474524867
29706898
270974542
1081224193
264955219
1071076543
539876554
1080403639
873867937
478153611
623955457
144411579
341330995
16490787
29825077
26359247
622488522
44419407
24664035
97009960
21610240
109297816
1088099286
322727575
544709328
20034576
23025505
53537623
11925682
227169236
428597557
892111028
59674605
71639834
471157843
570447536
16618051
444994317
564947756
625024144
473279639
27871731
14941611
1020094135
30342962
24517955
611961641
422495083
349661693
509199061
298282402
17648725
1019060826
130615345
740973908
203727586
1060616532
478383774
754511682
72169850
460572439
378779647
29600588
454518350
758216155
556070052
1084673876
1063323372
860762347
56803066
339760532
519041584
578283125
525643462
163717434
29195022
26578825
102197482
30209291
438011309
451194828
39189675
1081666693
229626249
937657417
827345436
108760256
883469780
580287005
1079982020
355063782
18621632
1047002491
1078275517
36542668
398086240
839978232
71802866
264908096
463059975
36301444
50310958
52161825
520682950
511970204
355230761
16492558
351252549
18248159
17744351
401594262
454980008
25097109
1054012999
45921823
14440719
559623797
263567272
309399269
201349644
823112684
470744587
379564204
191052555
274556937
913093344
35234926
90918072
1084053589
123481439
59304303
1025312623
968294761
19515059
1080872450
218614791
389314624
122104735
607813801
33393905
1083818036
36730584
198030170
135577237
26523317
497451993
209484116
85159106
776545723
118708596
989508163
44003273
1080960061
147204027
50479074
994170631
75045023
573190121
32142528
21775637
373601625
436303966
53717114
24636045
264268489
791987130
21862532
53111469
611377987
527290048
1080848592
155329660
265328469
186348637
293816619
495501287
17789036
533469542
16007872
92666862
820464380
897647660
39375825
105892267
57652284
57218228
33830604
162230681
790091659
994337593
478896860
622750531
349105926
885899647
1014212395
395944861
84754228
896021785
558307659
41056036
22785085
620097567
80750450
513571276
306848694
518095933
389900539
717148146
224465023
528251296
996073172
921754309
17539320
245871770
405702914
353461486
815552186
60418414
374941126
239244397
563301375
314719703
507939923
538598044
259896082
298624447
351204400
53997854
594389594
32140066
38842922
262129811
61902547
20031200
49668985
15356347
525814253
31174580
792854598
884304968
466102051
504816414
484980949
85589618
911086212
913259125
598701030
1080575370
90249364
364050399
289669341
495382516
29292290
51188243
289506777
502067536
18324068
457930636
784943635
176939118
482971832
458120629
42151130
565425097
51890169
301496897
32206607
18331341
538508510
449429709
138190423
173296564
67442403
941359285
242358762
347057474
58953462
915594294
48952344
786113654
30602823
558994371
829735580
862436984
502609407
297769932
42786799
161487039
17079284
409481370
734987114
1076201833
17463686
111011719
26566049
242492755
537775187
59561147
1074281682
18119606
54444221
17766973
531878520
266389997
535812960
531903960
450011933
70992939
996172243
320848710
22224088
1071945420
1071183150
470600913
383996891
1069311288
258510156
35354808
1045096429
19338762
53757167
379498878
756100196
885745434
805081368
124462383
701318048
381120477
38926453
537563949
717284394
14894050
329141413
590089393
243370723
21482462
51738464
25506258
8524102
41866281
733145442
430424081
16190478
104890099
212992600
815951054
20892463
172894461
732980827
895917385
27433174
26214020
331948464
166134301
591352382
18220885
1072450910
720282206
122963922
207305634
30250938
592903683
567798955
887903886
50683759
612889454
587960552
549223039
18400385
95696656
266200684
18099489
354569062
356647675
250721136
16526649
103637634
107800226
956426796
217207219
428619678
574019352
366411699
417908289
53974249
516044806
501485473
878916812
524744736
35462142
33179583
34996703
334506898
175469686
430510690
973503684
47787520
224919452
275870482
23684807
827870118
1018709496
92433879
357899984
21728906
315878798
22594372
29961541
49336419
948281251
583360602
182013287
882784867
261933137
23194823
110863694
23345664
175521110
18333082
49203495
519686061
525998738
613861291
351262776
38316240
634872823
18201366
218027755
26860506
378158379
159967276
282245556
38435322
610356928
335507999
48585896
1067834622
388399817
632431820
28407251
963233132
32986579
23038122
34019808
582056406
16102308
16469463
277501298
176854101
1059201871
447957260
865457791
335399864
148974248
119748748
500406486
877699334
18371376
251905304
49703008
750239178
754109270
626833372
18327389
587939964
1067348574
795368869
14834145
57528178
162252213
61792510
569615161
42126668
25579962
1066558002
258525925
18092926
585402852
68727108
177028452
934785902
257171654
274543609
365112822
447324824
767539927
24233368
621177510
21611672
583456839
186673727
574283385
18258597
876163886
30508936
1061680783
341587981
860766853
55072359
7164312
498052677
321713415
803630258
42749792
396158429
625640550
24781552
1055920698
552732182
374281474
932893484
403166926
344174135
441950189
825357338
950089194
829804838
989871518
31596414
134838419
511177454
18315644
24475611
81782131
30575767
98495393
54370942
285858834
16568788
152693867
610943786
612106086
22480289
444829120
858931093
139680498
238263452
830010780
240877623
801723252
359459578
446228264
525652923
906992988
329105238
102861149
204575005
1026776682
112481764
876830978
48281694
45019461
309158370
447659516
219127318
502181077
396392284
23256613
57515678
14147191
16289608
188594034
51187882
85371916
418875353
258527170
164322849
910626049
588793422
525634270
277991040
857121152
23113181
123617604
177915541
33641950
883022923
729292453
518663218
37532300
30096408
15238700
443159289
722531178
415836996
94586761
169089848
985124227
812079955
357875764
25014642
21597194
23722910
611308603
376008324
112932259
211632953
230885646
28934569
49311062
22142402
908986465
506918638
263172681
431807672
959754247
336710813
344437215
247912208
485896464
126446337
204529842
54716984
513353707
885741648
798914238
274057621
282385285
69744495
731965982
19766278
231810890
373973224
167591551
58475589
63241623
47839991
921914659
47957420
31623445
71337419
353530295
285999126
378907086
932613620
218367339
536975643
597943819
509972048
552462392
179820688
481844398
753361009
134658158
44278555
234843257
597014017
199875940
571447558
505103050
612875602
762754596
50302324
489626676
113527315
724279094
74540500
308721235
788620878
560828139
552983235
797236412
932944808
25451991
11992862
71927983
472188279
554117316
402308743
405573630
357895745
580958513
583348785
507751051
252800294
37791442
181339036
990166868
181293295
290743295
261308199
192800960
467523179
386331159
33116130
464265317
902791141
402396142
1022481914
26300180
760597862
413347462
84518521
241259220
270064871
515818683
731677802
59377043
128134542
232913157
356837905
18523265
100716160
19610325
362232708
290137961
385683192
21670832
29095374
514420227
18143552
63277398
805056157
553871022
84831981
34302657
636607578
17269069
16907611
28239343
1011795588
25686547
304758535
88749495
59909115
798622394
15491840
376514554
436226879
460748307
1042932907
21866516
193759500
569606994
45081880
41252808
595250319
382252359
250439656
451194126
240499875
300604571
21725404
69478003
485341505
28123505
892175611
47657632
582937196
221451752
310580814
706779061
79628320
16710420
848603143
466164631
517066488
161838405
1049464213
1043251890
32274411
38487286
516927455
418889692
361859989
34462716
584383272
428396285
839915725
794492185
1053947070
18766808
1042820228
862366537
338010474
65506051
779093905
423073574
471560358
124024091
552821881
24271465
612501939
301017454
28006508
736558806
318383192
345521704
355339637
116545753
998426958
80631675
972909709
1046135791
803065406
64709081
554482666
90577822
93935172
779163704
80969261
38709939
483372655
755913133
294301263
22770373
48190679
820711159
898106738
838471068
547779762
755864660
333543327
940177478
956216960
16753998
783778849
260527870
625986278
17618766
921977310
718431559
251457973
156516663
52882718
241144285
247107701
416318065
198305999
322984377
242618658
168541923
230846828
814330134
19236097
194388713
750652153
1016238871
342060780
254615229
561310591
330006753
97912404
805669518
297386002
257399079
221382428
263251675
836435058
140191125
933326377
553993740
22314002
506896911
759248977
297457814
1027510970
35216679
123662578
20949830
264129564
18608303
55989285
24544802
23468661
121616193
865581428
531479489
570394261
162926657
65381193
535723267
21352728
766929900
214184926
18364807
25169797
54613670
43508994
244746802
319776853
579881644
245403223
714513542
49470271
901264759
193844092
68131206
334751956
41400882
1014834912
825572298
259469442
568278023
44236584
457181638
467085529
63489388
37519150
574668326
27565899
930808560
788387953
21752962
23145486
364841269
589450999
16655702
253653624
1016653442
169211465
348141480
1013620454
99591679
541898023
1016171113
45450902
114669061
616409162
927964976
424598063
137942186
785224992
298039119
57719445
823813580
1009784570
223008801
16814727
851853745
26493742
788352756
633422735
1009523240
582158433
1009133448
24333544
15958265
27503607
14851290
288283415
473565525
121153053
588499018
226367472
935532277
24365339
993625992
811797997
25672901
492833134
924114080
18125131
890894604
274050663
531916185
597972562
39959975
419095470
860955577
45641358
599402151
84112769
466020324
370422480
151405084
80601437
862326432
326660770
906620078
840884676
846152197
108108824
356199275
636243926
58942167
17726384
799127874
426380650
594237214
865342177
115945502
65517621
217532430
43503749
961424383
61804416
809455652
34826262
51473146
42741029
438198498
294145954
601470688
352539661
549679040
786230298
32374425
588778634
26122639
156214500
325259500
707305604
632245681
962459432
7439352
138485782
263358545
18953266
335618354
335544497
549743992
27515148
744575491
486649212
787618926
488591690
531291518
346924655
391681846
732966558
5820642
877984850
74000981
792995834
867406014
567930956
19845473
55953050
292744647
39915851
330527956
515573992
18190205
554335063
15705830
323178643
582152998
599329617
31504040
361394095
36690141
377653938
552320696
926192252
862329896
82636302
15886750
613043580
768529747
302180236
128948597
55464588
455027468
808950042
918236306
84351421
830929766
18205761
33811812
751214924
31211247
136337303
53578734
565834754
194114364
895314548
165261500
887218734
242432792
535489977
310558780
270723996
937632362
599020500
40663997
777059101
828131276
16192851
862062378
214614496
48884106
260076391
72898305
398219624
317942715
475514720
28148762
53393446
80670332
406288970
126162388
258621582
185272462
25427791
29316008
142703093
20209873
14389132
632437663
522752527
15152112
829216771
705069115
332625405
74313955
459697541
199953479
71926170
798456859
23664510
157513553
19002983
794671951
203843867
73475825
22812044
46303458
465652420
487135662
192752938
14454786
29337802
140640762
176406752
212097279
383383046
418867782
18927538
244660107
522965333
34252794
51827471
828386862
22456513
70627481
51643372
222804467
468811529
23088741
870494478
375371145
25201431
49964679
859875217
59871131
302353072
54338361
605610283
124230952
84491326
256800972
144350248
17000619
340880465
109068190
455466335
71617159
244650849
334392985
27490839
17850012
35067421
22296258
903236232
48047188
21044127
360083617
342535416
871823742
898804424
31048444
53199607
336243098
348135358
16259228
187891974
21769032
144744922
16624121
35654845
420739112
222244547
879422556
41537912
132587223
191522723
583295962
24041474
326509812
333159205
14410652
114554579
61904624
91493488
21351067
876224322
316877292
531517994
7279532
893729094
27285591
723043112
467810972
447282334
379842575
27789999
817858230
75684859
24060607
537327467
554888488
362312374
263801289
255696250
346068647
338891348
222665922
22099720
515869032
411626852
178583037
50149812
428648836
48899508
91702501
523554588
408753403
901031810
446433798
393502291
299072678
57174231
43400109
470395786
272082993
30241144
243297589
570911869
466160515
29208857
372568382
247002793
417388541
6128652
842565144
361829481
172457076
25002819
612818487
118754227
393375338
247116266
345642379
470501931
38484359
26327809
25015261
61051685
62829146
76030793
35610820
275344930
792154100
939112410
386654331
375669510
538352616
44961495
147107266
328037233
19240098
548753715
883442552
485831834
58697702
40929255
133815895
556118417
274658170
98507780
52029432
366959409
578449991
753253274
25986794
25194540
904772078
146288576
358270358
617693612
834283746
780787512
362827552
19916238
16055197
19850687
23026939
207819444
902996089
452718417
827081204
389160419
107633302
806026429
784731384
864748406
188020040
31863438
431264470
561697288
336291848
60100421
23195603
75607719
260469437
235817656
250911899
17816063
939893797
23138382
911688626
171214782
125085657
114342695
335665933
61153399
407341317
894548329
163540129
152757361
22966253
138459524
129334955
16703058
71613350
373783051
68481202
481037737
943372376
887795593
26556275
318044919
330603792
557175140
29531485
60742531
866532728
465713045
871832833
34478393
20606171
304061756
245643628
393190233
124244793
16054300
47439538
24771990
526914568
351361539
202209663
923961296
320524842
79652669
180074028
24192218
205425209
15637449
32991125
871121912
299535458
278096906
257082992
111530769
467775031
309054008
76064527
929067734
64926283
318049407
15477292
860669810
93088579
596995703
761833112
355954658
18655962
82075653
37322643
800888641
324948441
851726574
27132706
28288292
282766986
314536920
259644846
15902990
18397843
70767641
229540908
916108610
759732384
94857536
41868436
751605620
546222571
24655764
803589642
413925900
33548125
256849727
474393393
224790874
21604766
825608011
74467999
216534004
395053128
892355978
790724838
18892022
29785132
48153070
275652201
27830822
125176622
752440892
749837371
87996263
527007725
328492886
586329129
74644440
18294521
48124610
355802390
134152603
534380406
924553088
892215984
926355667
27226756
272251414
33345380
537596062
130848903
15948407
555550128
14376218
15989937
408900002
43412340
366819502
20952299
889024146
824754061
751498374
558197225
20932284
257912039
391125692
822400398
515657722
861261163
119171074
178369050
35749568
49226489
149632164
19912421
115116322
167688868
567774090
534602254
80896724
457723903
20121860
835686776
465292629
372006284
205540427
636383511
383387977
305401656
413470255
893903736
308210202
700437883
25504976
16634002
562448643
103594788
224727065
18986238
28690500
40803277
633370195
827733534
481466658
54950597
339274528
799340786
605495913
274587573
119169500
885801416
157741362
19036334
311500424
129314386
308002270
578447674
254312139
874551841
24381587
239336698
860862564
211745433
301153389
14465607
19803052
272237835
314208110
885463688
476124357
860698856
879086671
395078818
516765889
530877503
154621647
884017944
352270199
324637965
56550114
716301331
193883545
156168388
90425837
386315267
367630473
720841087
260831515
815466210
25118498
23071508
50780046
253757670
115411450
395327741
124556404
78199243
807645613
67028152
190508058
21793058
261219120
860837065
31531945
216595995
792745872
889690850
30489994
73507054
870029437
619804338
405890457
78975263
52542938
544655963
48956768
104704001
573925834
811458026
727945640
770795846
85203998
808000502
322055175
95461418
123104719
318211277
160296007
64183846
363933562
168778402
197249196
185999139
147427840
353727321
532755732
188001348
454427279
11009472
22283872
924137364
348427744
324668468
416696463
872279719
74590093
26322844
198267229
28230213
20909540
205819353
255765379
50322995
269541485
17467874
395339689
93755970
529748357
19148087
621459119
21565112
24063889
75704269
870481328
254293989
14864466
24043278
69625887
621464755
582390475
310661850
20783371
130608234
57368963
333476240
170377902
29987506
43035602
571441563
498513553
51624280
30865013
13396002
160949214
913642632
115114707
60877382
445608258
860774821
235770217
534745180
73219830
570096226
169362391
379479080
855548515
466981428
18906599
700124023
811688257
41448463
127640229
44809643
413346440
227780361
71743897
267182511
85447351
373174268
16672662
18694665
763498831
531891699
264198021
601429296
324602503
47841458
263471041
97963881
378821768
224351791
158148054
806600054
788255594
403083969
177625923
32808681
245551431
604963493
711395942
125712103
24756899
620457085
848526500
248419585
753800215
285778397
423823340
18653708
735603492
147392756
846694100
43269082
373690646
716603186
21207299
16328360
41917361
34434801
182650398
75592503
137685976
832787569
613131981
383422685
344002185
103514969
195316137
216770668
412559164
25134904
176950935
829511071
263264196
293102560
14282169
563075586
479132341
809743100
81701609
15722673
62407070
108663353
17234573
30959927
372536226
409384934
16886195
813443936
281290956
604169994
325977301
520571793
273376463
466871121
332637055
212302405
532923132
800881370
799455985
379767285
24305174
334048886
20958510
790203756
338446951
303663840
465568290
531474256
43038373
61089526
239218267
424366646
783362552
776180634
426032891
158060289
149315713
711053155
42270283
365809045
163019357
634984993
551852779
127759381
418206411
39280880
516123362
107889946
468890026
57672009
26369600
97705779
49509549
32154690
17681513
