720431985479393282
722518430759276544
4837315805
722222810836430848
4750624308
719385643793702912
3254232500
740646690
707682463976439808
707397704406556673
2831974794
2530643016
1579515043
2606163133
4760435952
2219831144
3883707029
4694248050
2942747602
2190464421
2555886674
4411788214
3069180436
2937589686
2395768276
2480420435
4149734953
4128865258
3496376477
3636641235
3901983262
3312966812
3397881148
3389233216
3384956717
2266982574
2173998153
3022318175
3234239761
3241005423
1078396711
3158432032
2973978262
3111950408
2167226681
3100785320
3019117068
3044567311
3042363524
3041489899
1963609645
2877476062
3023323471
624846254
302640303
2961905196
2957433370
2677366709
2931053332
2881555126
2920202690
2903172231
962892680
1378413348
2765890163
248224001
2859499905
1104629893
2801120753
2844068319
1630621862
467907469
2581406158
2525483649
1611237038
2600845872
2785253218
2822569392
2646125666
2342528261
2345054733
2740327619
1494726217
2559519096
2769664206
433196410
2648427671
712816225
496000666
2581113860
2690345792
2723429548
2718671079
2666126278
1701979123
1925029728
2346012642
1464815364
924361424
2465176498
2262365194
1890280309
2701530214
2513180657
2456545509
1350486853
2646127608
