717210798435786752
4129629580
184477052
3065726389
85323004
1391148728
4855164370
2406249446
708704803648438272
722273467098337280
720257555847467012
135486399
22805750
19158873
700857141846888448
717192919992565762
721978970363723776
705024006647185408
79274717
3189086780
3184054019
2429600508
705105156837216256
3531770593
705081286038200320
3401137553
444940567
83185208
20660609
4318315541
705069922636820480
707901224
21793863
468416469
458659937
705067897853325312
3171500599
4119770447
705373715647705088
719725439502139393
1132205024
15857005
3637834457
704926639499698176
21558596
3061655164
718584376884203520
4751820017
2642786528
2558133955
858646280
716319602427478016
2391602148
16205403
43532875
3545228354
709969967555452928
4579103722
3547562773
111786667
15320056
3631155257
14432326
83783141
3638165181
2826972511
1250154102
4726047682
118952409
141189815
16580053
713877003888295936
3301928199
709424545279647744
1092326809
2573424091
1380375433
86595709
3364763081
15841369
28812995
703210146772684800
19212473
706379086814449664
1539656179
161336624
151812351
43943829
22711674
417100344
3249351888
2349800182
374138602
260766816
4202856072
4891927455
245412151
2346687594
2328196453
2466342182
3318405367
39515704
909078528
7436142
708922778003628032
2412406063
4015874000
1153995726
3599153787
295326066
708191887790702592
54955463
706549446209773568
706222709118644225
552154783
19912099
1964281615
2305378238
2787245106
815476
2899109548
4794549252
308226281
4903881133
1375860338
60458403
2464711513
780217040
902814728
7240992
617586136
54738757
36989190
