70156027
989446776
4636949955
726165585818750976
585373512
709897775362605056
3475182432
20830344
714903361242460160
710095201474387968
4387685536
4832681197
3316543657
718244298991497216
855911462
721955885438889984
721946959431475201
721945707633078272
2434306537
721950907404054528
721940852419993600
721934840296120321
721926609985351681
721950930325893121
721935763391184897
721943373607747584
1493267851
721934860193902592
721930799222800385
721929345439129600
720811727256973313
721952053904470016
4547869279
3950586455
4729317440
4135365027
112517348
705566834913890305
533712415
9376622
3022158560
3239288246
320524842
723037749020762112
2911039074
253809595
893856362
4735616514
3661168817
722589641740660737
531351424
235226095
83312898
4100953924
720188315463495680
2550649962
266135498
715035176833839104
720480488817836032
208083510
713673840132546560
4697504730
3259126782
2840136808
46302096
3592503441
715273665823293442
2302134816
2892007354
283305169
14828860
2296723068
477410739
3023037872
712505673322377216
49372625
182362719
3530476579
710990834972233728
525636026
2286014678
703972055784423426
720293777315729409
1618641848
480500298
3023691432
4281538335
4928347811
708265425998618625
167958868
4064624112
4647416124
712134697585922049
45450902
1625288022
261749735
234827348
4478395109
714262935665786880
21588316
2749858280
1606996346
3433590633
4154041574
2431253425
342894187
2393063119
347627434
4832393140
236487888
2329396765
124221545
4157373070
3424064471
