18149467
2211474966
3070433307
716368614123835392
725624678925144064
3283476757
1603983204
4613532865
1109536818
3240128910
500639358
2458051544
719772405674205184
297064204
416584415
726668644835545088
706779919787753472
3797946329
3186733303
2952816737
76843609
1257645007
18783656
56059049
16593353
1021702081
3386382178
266085784
15275931
3417869801
129553726
987649676
2420853642
914471598
19058949
181221694
723017534677520385
884011315
3930583874
1568337380
712453105841876992
855911462
718930910549254144
163582516
720371002128015362
20202389
109366134
304130333
720390559089569792
1927871528
4762847895
3283616258
4724712675
2210552477
2701408981
3263208853
717980774658654208
717149983984762880
3031976375
1009592004
723582012288720897
3157812953
2269061689
4040396097
2409182570
81704461
49426723
2352390788
4765109533
23636912
3195985470
1947707803
15934506
291193702
206607769
3071803901
716035492349784064
2193992714
540004373
631029361
98133810
720229906249031681
707894236012617729
719912599425384448
51035274
712202875460452352
2798583674
17879226
3170610240
211800056
2954839276
43079215
720257816955518976
706117997388148737
2992131753
4063862188
877159784
89814068
715753367474212864
702519719715332096
717835127502581762
2888507784
702416731357237248
204762333
724757874618994688
17075185
2770255129
715590974949433344
129113242
437674175
1658566500
4307710595
2430843984
490653728
721942185516658688
4874791874
711585986367639553
718512052830994433
126416115
123767543
30384152
722316398207184898
3230056830
231786281
225648419
821785831
2263797415
724349076871892992
714967460156465153
723257052777205760
88807679
972396618
4837054155
718070987405836289
25414292
3378972149
47714847
54706080
388388380
202634160
3184054019
126903716
3318726281
1300289576
357668606
215581580
714467518665113602
2934275751
279254935
30249176
2951622098
713682138072096769
318383192
705677630595399680
175743717
107086297
2652950160
2301629250
2993967664
3310992906
3421599561
297271510
1053032478
327921463
4327175567
715504782354554881
2751491147
1467525540
28745679
725678872646307840
725517264817152000
387677142
2992671064
24527365
4092817997
24460007
3419801172
3317197153
314659616
709355354220400641
220073241
4273100052
715139553099587585
4875889767
3221743922
165087408
22278567
943184348
2958296033
4717187240
55275451
2485581974
708113106782658561
703251361572397056
3407494335
4711930195
4416879753
432539838
3003782199
781482788
3114348160
138148604
995212500
2366582844
793614823
1667811848
725629236950786048
3003754917
992521999
77235082
3171570813
715753636735881217
718267200394698752
718632034235772928
718268220038324231
718257430015176704
143402145
2759157810
3955924642
2485270111
611308017
718446731785084928
718445404845654017
122103056
58212400
968856324
708862379577053184
704000825769771008
1703062142
3163202456
3241649083
3513050533
4010622327
3174443267
122805456
78835877
4858477771
722104699068030977
719579509691801600
4385642963
70075187
3178380584
982549675
4891496833
4787001290
2318294839
720561388632977409
12181
325744837
4615697667
701299086088011776
719409717060087808
1216848890
724245763325206528
1396377116
724953500283756544
724463643144929280
724657589804535808
234944510
724069488660877313
2682120156
16060050
81998705
724310532837105664
3244059886
4881098073
3051663174
234200909
355350607
136402916
717013315743047680
16976447
3403680191
4173208092
725046037040254977
3249421333
91460306
89014663
725025046729752580
2353508762
1656778566
2485546687
110288965
3752107455
4725290000
724990541012832256
16243225
1886814349
35724090
3086727934
19355200
723419517158756353
36096152
39897996
86784903
143307032
709389000482672641
2959905196
724182790921662464
315070668
724179696225640450
724179472186892288
724179857379344384
613721278
3069315426
65822267
701818813172445185
714957465679474688
2891676128
2725004272
2836707586
716802277919571973
4711617735
724490678223269888
4067464641
80493629
2412437036
1187603324
3220949784
94453102
3087656786
932931037
4440088875
102108884
50222758
133984183
3243251831
723976975585546240
16507871
724024616373485569
138463658
717822024656297984
3295752772
2484934506
3234050994
2804243737
723211961597583360
26526677
15830958
3425972291
3749071822
3003855975
713325994531282944
716681035203739648
3170731873
3110482490
4685391012
3320003376
329631303
2844587025
1649408370
148291344
2239478946
723431734822334464
4798651573
36241120
2294172385
2344646154
704749072683560960
258075868
286233279
723404973589983234
3253425750
23159493
461926222
222051792
700707573045940224
2896525119
29364045
710574717724336128
408023195
1304241396
362666862
1046732492
30802287
719658556040036352
721758454138834944
617430929
312885607
54990667
2699266460
369815870
716146649555464192
2577185611
3317510646
718423204369416193
723987095379939330
3917557814
708785527236005888
2900450201
250034113
707101676184936448
1959579373
2932377956
2700746503
2351797375
722605157918314496
715163747841662976
4547618117
489526005
1971759176
2734071486
3051132120
4916319136
4558818915
4531197133
95252139
2418979002
2470258880
4106993572
407612368
16872173
88008447
272726079
4763068934
14876077
1079829865
84354013
3301303441
1062358316
17068947
2963799827
849522068
3319467948
4574800295
1730556139
18720140
924323802
20413996
4846642780
2782278954
3324915662
1262776610
2511298669
4007826275
3433425945
19212473
362405549
4363196355
718459114112716801
3944570420
2422745532
494750357
2605433408
3216355100
2158166215
716165385502887936
317606559
1046704128
607205960
713397777758158848
234996840
721764988314984448
2602750146
1716122496
60876764
2793236566
20132655
325538239
1712818651
147055023
105791026
3488128281
404212592
1147392908
417389899
1900157598
348843547
18405027
1363060508
4533228683
851316548
182265955
2186062965
3096631805
32896052
98425584
3949112776
3822986837
2470736629
3312173903
3106148338
182242624
122014550
2869667823
2313275654
723372799771865088
708198646202826754
4178011460
2617465430
709269274758684672
133769431
709262826964180992
119272481
704336868226109441
3429075280
3091373190
326380075
706665948430794752
717999793394593792
264162609
3505103003
2815864226
76908416
297692168
374985932
377889524
48396731
68744582
469084357
4211271552
722409790643638272
716418495060135936
28155299
2201951496
3093932225
713810463545561088
380824789
720301359644454913
34091664
629311002
67758634
718944041539366912
14993272
718940781797449728
593939715
2415765410
1434556880
387831555
3010593099
2546753844
136734371
323713315
1475225312
714408081925378048
1460517318
698476806735724544
4243168101
589118341
709040831584346113
712566644841844737
229316244
2911592915
2460216512
2354320504
718480566148927489
718944691836887041
1565388799
719499349588180993
45167431
4627256415
4899175042
802132758
23513872
2843701989
226261507
722201174548439040
706191981441998848
22734420
2430332622
709256668295647232
3187555971
3275233465
169903572
56293707
1411295035
4567819333
722771800896110592
74697674
2555273168
722758356184604672
722747381234532352
35705992
1707063668
292819455
27845072
2311623008
3295950231
97563519
44058464
720692798836441088
15792045
3802359628
54768689
102496183
2324526006
4872694333
6633782
1036737458
88467528
4852300333
714816316708888576
2708082832
2463226284
718943422283968512
3227698278
721783514925047813
25034688
2924912770
16175706
65130553
563569591
722519643915730945
488913057
722119906662199300
44362897
1961218116
829288800
1428942680
30970849
2298790620
3037227696
45046404
534048319
722075790859509760
598779452
899056381
864371989
139817813
16398216
4922108772
2279611712
309676673
43192340
39184392
103325029
197678347
2931833648
156227042
24329353
721417548609282048
721413337268006914
3246217756
3650645356
3131230395
466543819
4922093284
19341391
1058576011
16294267
3181489046
268607705
184119896
161554574
710402653495267328
14742479
480854587
1707314419
319282515
408612336
709829599669194752
352182122
3050079314
2909389022
2255073300
15901784
2799460057
4229997033
47030292
721016019620208640
511740616
2378632858
706140529650745344
2585324544
172635054
191870072
3145373241
343157640
2436814285
713817812188286976
3353023181
3214250518
2800315917
237568612
2741752771
4367678477
2259119233
3241889015
1066647620
3810107597
3129915967
3331367716
3123737148
262749118
1391027346
2421879745
701365596923912193
4841161455
3635289079
354759709
3053496317
827699005
1372367834
847910245
830911236
138193318
71085586
2806504218
1343302134
1321032583
4312991193
720666745564848130
15393804
717144530315771906
77818657
117040707
17600826
4553870156
313403069
3129798420
4705204333
1260467232
529678789
2784140700
22216521
560034604
19969078
719323837251190784
3963439698
352082192
2507802414
707101657096712193
2683152010
702379521668993025
284682595
3733773979
702381788509900801
351504896
717148955625140224
3706001539
184477052
707133552857628672
4697206658
2461134986
3306181919
14130785
717266036974682112
30344426
4554325626
3004203448
85008170
28840736
67402068
720773462004862976
23224410
719105544410304514
4223505797
4905812049
3327364388
336736881
21896677
2567918360
241026513
33807328
2449727838
802109174
2748578184
182631148
2817230036
713397377932009472
147457647
350260580
395773875
166501881
2526588174
18340526
715348510674038784
3959593512
157473610
333672355
3136658454
713819437820878848
3279784194
7789342
126919224
3519298634
718957773929771009
23726395
707126936275918848
96858246
29026968
3797245274
105651468
325465461
4873002387
1607208096
719110701944426496
500307496
1242135966
4832840134
30465564
2898820330
717907405284225024
205427322
701745728922771456
183580718
273677482
2225631039
2849080604
3317193391
24436600
719959693695787008
14232619
1683260238
340874787
715567826921263104
720861358758055936
2958814202
119119062
3355066683
2498016577
1190498018
2395268660
298663128
710110543391039489
2584811341
2575561441
3172538313
2584431830
2582938406
328990309
302352057
720162243699163136
715634785
707918936013037568
74668871
90272103
36621722
109237155
148800323
18354476
721088360056365056
254797717
2917394612
3219657061
700872603066437632
3398023180
115679415
19210640
3542958734
2591907894
3379220603
712708226727469056
31458835
473285651
2214939355
41243590
1883879910
989660850
24540827
108838948
4109701311
702580211884273665
536087812
20414217
16150075
14600151
909806744
1353851779
4806920236
19974626
2702423150
33495086
849548258
17628827
2949980805
71165327
419360053
39651447
135251922
2711825323
710179155309150208
140217668
718157136560332800
254975856
1366251535
611503804
56018001
35767916
574143865
236854701
341687475
1489703012
719879140485279746
1292856452
4900341576
322959574
4421247314
4282187776
16823695
4578465018
1307667036
174683826
4421280733
4144244717
2797664626
719152041545887745
75049621
4118441471
1573623558
3153329761
1563418856
991063610
367718022
27645362
720227604113006595
4409389517
4424783175
2813011897
2240639574
1342885652
232964813
718443322927407105
3421893326
30292361
2536061541
174181069
35546765
1015831213
119480392
717128669169377281
2563966032
713833735326670850
721076784880611328
36568705
1208691686
2945306931
3243280421
710114689670385667
64991683
2671589701
3242827521
23028288
2425628768
4136167154
1631371838
885733974
24194966
288672302
13463862
139988522
425989947
73995257
219202333
26706004
3319382127
219062453
23199267
3309232460
3046135476
546411234
718897699840466945
720340100572258306
3296274879
716012716662657026
142573659
36180117
4874672984
4817811637
121624263
715133339678584832
2709218538
137397868
37732653
210351958
1602730993
719533136527237120
1046964050
3522918256
16242870
1544427270
702865611383242753
2993997033
1965178260
2510444514
4015639941
720299835530878976
711807502325850112
3314365487
719231816067112961
719290901080748033
711771215757709312
1906343022
1657393837
711784189054607362
3140691864
493609953
3971954712
711791059773165568
159633929
711809141191385088
925725800
4830630628
4281533901
190331765
2963185337
3223837927
4926889876
164808708
20470485
2870599010
2706749544
4030825692
719670878783610880
1421370552
4033380075
1546306946
2831961468
78000778
866717532
16392208
2970631996
22380908
1674504678
4144205921
1528581378
2805778609
3016096892
614990379
83910168
3301800911
498340611
928935920
4320512237
3315508046
4136069302
33444337
18696514
2769194550
711827979987324928
719162722357673984
4041777682
4178108954
3061655164
104674131
316557414
2376833214
3192023879
436795156
711800936952365056
711769344661954561
2900110930
3296841787
4813558398
2491551175
714530486241136641
248765510
3429560399
713453792600186880
457574630
3742796662
4058315639
1236355004
2761468545
4164315334
719741337965346816
4730243538
18594639
64251044
1326218137
1632220008
27749242
702329146370879489
2340187291
2734396106
116489865
111551790
433888526
2997594856
2499128526
2361279822
2316118291
339733481
525648777
105475278
3405031919
3506376557
3332723773
182164508
13637062
23789498
4504805266
400912425
4093664474
220817232
1036275612
3424251861
708259598059249668
188326857
1267477128
17403103
3003262150
595126101
2726926329
16377850
67217002
29737968
2563378365
2177421912
913931190
706723815838064640
718009445238837248
3148569432
348963601
4786485154
3190782948
1015315171
1939065583
716932472366178304
20898989
477794196
4179848835
181738524
4893326441
171819956
2404895729
3640801577
766071379
3077731558
49584911
2337837390
14517144
35841335
2986449423
490232818
945955489
719500725898899456
716639542552498178
271996925
34155255
706034826025922560
346908191
4118513487
225183759
718009872198008832
3327139400
379372530
3170253906
30414789
543181566
1679863184
121223916
3120506438
611232085
564411003
2883741601
3165845519
719206739774730241
3057748215
212023751
454938408
544683697
244207508
707779530505609216
4866725716
388708167
2467709788
4285855692
1449000090
129582715
3319846481
1234656734
4419613955
704436191597203456
717980047945048064
4202856072
334985298
4202906534
2248660566
97486299
458578190
239007087
717783916514557952
79274717
1397039954
713758710594682881
4913556972
3655417997
709841211771715584
1485935142
710333614131515392
123742207
21379853
98484157
4799344675
3901384515
3100589987
1431168336
4199044636
3072220627
712368502921891841
2796742596
23383065
76963726
3710297172
4585946540
1874848994
3288588437
1360196185
30871594
113084080
832586784
228947626
386770863
319020849
2707959582
735633506
715770957433081856
1141278121
409817452
2321342489
716323052909232128
86758998
2892864408
2716414825
2465228118
65854961
2847862249
2814437455
860037217
4894430746
3715359134
2953331819
3996840711
20636436
16307887
4850215969
400524509
4362540271
4538914212
4779178595
2373978144
3226680689
167760471
19028821
710778600530685952
550329052
25539759
266652760
3434325791
587968111
3158048164
717254850304741376
1220632782
4905663916
715696809994113024
3192683592
1489866055
714911762932436993
46476526
37292052
348415090
3139800337
584307004
2924754191
223735958
27897667
2891225304
21753328
54541716
17390124
717475040565018624
3654278473
3393439013
45105778
73181817
28768235
7807162
3372845759
2176055361
2324583630
85400437
2873607879
388471027
3147784723
2748944294
4701998683
3309158461
2621769240
861179034
703286017797853185
4418839514
51988933
4781622913
1713944696
713359829771939840
377658513
3287856806
431367560
3233782249
504914819
14090931
1977485977
2742906432
840068354
76054336
697885264417579008
3248567901
825370843
2451496610
1598997302
23140227
18000763
1319883463
189770284
612931307
709363366486155264
4750795940
14432326
144657491
200192934
457059389
2248961382
239975482
715514107496046593
4840810032
618721440
4851569668
2429220762
304009282
155899912
2466170298
289513288
2929774927
15159679
3438007049
90978424
291984923
67282933
708392110765031425
706940703948054529
324421084
701849749884952576
537575701
2815150497
4201266579
4713618643
711365794517491712
3638069002
29902089
18408384
2977075245
2319405769
132632727
2412406063
1622790582
26563593
44150150
2435227351
713270098597949440
16261638
2419560983
457973298
709263823451131904
99820682
222641803
2533527679
23461759
533276668
4177745833
383350666
1964720948
2296812913
3594430036
3306097846
710191704473731072
3829289417
706406882714451968
3277758486
226914619
2167439960
166189204
3877171228
1176887419
4074652033
116918407
244623755
3805550774
2917235575
4701292153
355784391
275264764
44252410
716638607793135617
3028722898
1405381272
710611716023959552
4177088234
591255805
3689066961
706419709789470720
4464435388
415413776
2783676591
2932865711
2976198662
179496118
18185124
308062362
60852100
2163151188
2231311262
479095512
2723593915
2257669249
700857141846888448
715237332941549568
95463872
2418098766
4854841685
28207516
2975618625
17852973
91741446
4878754426
2540699294
2860999256
105410288
714802333734072321
30719727
2834664349
2815080906
705931945
934730863
3366300262
3324699888
87710468
4921155480
916541732
715021955481468929
441208401
702510407550763008
3382164261
83185208
551662064
3283460257
2341960327
714809915580280832
4202939052
704008690744094722
3008147433
2288616594
17368513
716208981513908224
4178047272
2186148872
2866547026
716196816904040451
3338442917
46955805
4203189439
707102265241419776
3906457993
2801983422
3230328938
2898319055
382304101
4770343466
97047728
3242226117
160047813
2577654037
216851784
699685586915958784
711596239620579329
409431166
3253357440
715415320513515520
237924858
1964751115
711954029832769537
119240184
3092012265
3264334684
91942071
3412084715
2283792517
303929000
2316798014
4493317113
17833436
4181275159
4722890897
2348981773
4869260655
714902858638823424
150187003
42398803
714305248899239936
2280304916
105161933
3043198008
3857469562
312948607
14601336
16248319
4441555583
2291881451
4202910019
4707305745
574435289
1964722826
419648971
4242881841
383959892
545529704
312891987
3003732319
2433370358
1641271440
4178097032
708106651858051076
376302246
2466137910
2451772356
2451764461
1912195224
714726154217865217
715161871343427584
334635978
418363442
18374067
4919209559
3408649504
1315867734
15526558
712130952152002564
710671095456600065
21887884
125524036
703891150739017729
227879149
2971298278
15052873
3502062254
2814786182
133879298
4744921573
2366108664
2231465368
2895688859
19033000
17393362
576144452
4275274413
18494916
111109069
1968855433
704779645279821824
695476848558346240
751871942
2964412869
1718448012
4913185461
108161606
985186471
850163119
3101969271
2885097877
4250979639
3511218136
253663760
4264719154
705497423678812160
712227138469023744
42702358
3398460903
706784258162081793
511224110
4786271613
477223874
2920384408
714472444828909568
708101799790575616
27406492
4447249632
1964742763
2278343016
1130798108
2583822708
189844273
2419943132
2356864506
361468994
703045003673624578
3278615550
731927509
2766560059
4859365997
1375860338
520663638
547462208
24719097
3300049067
2696016510
1714440350
118190428
712095365437202433
17486092
709008118873776129
710569447073976320
3491384172
2563814487
1668821198
4839652521
3331123659
3574154841
3307341462
3221884908
2870794000
4919294169
3306592746
706924331864100864
3226086004
4181126354
94047393
4781879353
710687037968375808
17429238
710337565555994624
28507777
16750098
46493522
710879001934499841
136393773
16580053
4268813189
47336979
801193910
39182299
2950422166
162069176
3103164607
707897926153015297
4314836721
4890128900
212453373
2868936190
