2316338498
718311803348979712
18597320
21002366
3177300827
473421472
1491509748
414818489
723996985557016577
720716001642295297
2771555113
632412944
620274663
812318192
3142878462
260899631
1403955824
734913956
113131192
98788673
27130640
16294267
707239740811124736
3889980077
78508514
978561402
3816236414
261839915
709751337618165761
60117736
2897965392
4829955653
3134829814
553273636
11102352
4900289055
3739294641
392922849
4892456343
2685484890
2298568950
4879931409
17602832
700163778
4816756135
69839550
15188122
153635646
1370971824
451713078
31479090
878380256
15273001
14930609
1662983516
4411062376
52228687
91882544
93306807
158902301
1688805906
4661859974
20275809
47809183
146095589
16381764
4720249786
16004383
911780719
100434875
467838289
571303931
15501989
512362508
2578956343
3707051123
1539671647
4332060737
2543101195
4151097765
1352431099
2367729500
162966829
330799343
2452598856
2583356646
202722446
3534997764
3167209715
3077217716
14363289
17563812
58584852
206962497
1272258978
1247974742
155291324
3402949565
3400722519
115564732
3306433838
9056602
240454812
122817604
112619946
14401607
39826988
2363714464
746250722
964567424
3404900254
3303840854
3005145869
876376074
3103868035
118897004
541385453
233842454
2912665938
616384045
3243802303
324125534
17757005
110945357
3237532068
3025321943
3237390661
3234473761
21779975
3091305611
2515813767
394404097
604001902
2360623159
27711663
348943987
2312494016
3190072255
1832388302
1833228726
166448714
127794831
2211885602
460869052
17745925
409258800
496443905
552110139
62674004
2361673935
2436610507
325501368
2207882210
2220806822
516989942
23280370
18293302
1539668370
144193690
344816060
2414743940
23746133
421028965
2457198342
47182247
2343835742
2172659323
2214908970
14190832
59945065
26833923
93610439
366555025
849882140
47020975
2929968464
420006248
2932818842
465321888
2955414193
358134191
244211887
2908758229
16914974
1150220162
90773725
400152824
221557378
2824686281
14760752
482319784
42107478
82653800
2825681503
55707991
29896689
1683123260
2389911306
2400780715
2698233134
2724831264
2685050778
2360390222
56174050
1498430004
232147444
2690425958
2610315559
1537188709
2559296167
17137971
2359761133
2574941868
62317411
281236408
114661676
2571858229
73934735
962572704
1909988090
2469511105
80740428
730738922
2466953941
17851385
17154895
2439271519
354474600
2395468669
1726191458
597040043
2395478671
2285514211
1532768804
370553413
922281967
2368788494
52813588
541989641
2334458155
271632566
27010731
130522112
68818174
358467258
263819761
31670468
914457464
396565174
182028374
256726089
107208199
137922391
55167691
1598851118
15210622
2209789704
550385581
15348913
259267913
350625172
2153894851
259071207
2176981512
407445039
121874485
178736879
1894688126
220145625
516143192
2147630359
5789312
327720663
1944727015
81767468
1289060972
1949973470
401648581
44464059
133123913
45862310
546565923
537221659
111698780
394598959
401549376
172511244
293896025
514634911
574217293
41501988
1731600662
217694760
20649844
1701125293
14973296
17176156
314862094
529629588
24612021
389547189
508606630
1621268394
386268732
15476142
1687004538
16895218
21943036
6142072
39427251
226902304
17721737
26250144
168701317
384076765
939046615
519020415
1645488192
361616505
1649318144
302602177
18412250
91087404
127050046
18617535
350266716
42207273
796104068
365769013
348818866
381945471
170539356
218646778
135292026
425375031
28620462
532608870
19191137
186799961
173923256
739392265
107999336
252003077
388291072
1660828388
60120468
962149968
21702358
860836243
544767854
289710034
40971860
39046666
217320273
402470354
818566477
1355637086
14498112
518020575
266090972
278396949
1640496060
825772045
21823842
78727409
15982652
538819956
379207097
243672231
1300281140
476953217
259626322
77938574
27808654
30349112
476416920
110551218
52564626
44893
22931951
265568211
70178894
419726491
1620302306
184264926
271457415
1191607134
249314559
277501298
357709352
18475643
15468048
60006673
733838438
55071920
541406653
163604631
1559131208
430552957
19286495
260514034
21619583
139221847
1288938349
1087802959
558885462
342396020
17025578
613627634
58261723
18629177
39700493
44042135
150037210
5386852
300105638
1604817090
477108459
1596847094
322484496
56514499
1551517778
36094158
191567669
862466786
407296120
1603850222
122159255
132780852
1424329580
18767058
356752037
15963868
1149751357
877212360
231271426
22788856
330406517
1318765896
1453792098
1671481
141646883
192728270
458796368
378167778
16361750
1393262258
438341010
1478242488
205990889
833503386
14470286
19808025
211394673
104136310
224860410
16893564
12290032
320209081
770225624
1011586627
101974189
224411042
317385589
958148300
222493986
190287994
48426813
15650397
183682923
123678975
307262548
1161492055
14585830
557473500
52406318
206444351
1011842894
30492717
7110332
344427952
1237095325
41237699
199742142
421344061
28569175
15197998
29783068
22232548
234505253
391582177
50705652
1537567172
38570684
112272120
850041769
14648942
151449809
254272247
610520631
96887156
343665024
29423015
518001461
42850012
55717882
65232997
424870293
121782628
16386532
46337485
333604558
295351168
1371158910
1222642465
209670619
92672717
394999768
467685028
138970604
471606565
14487215
976733016
760890092
12248012
368276718
126646377
161099466
231639571
370168255
28907276
534424660
946134949
1580410358
22781123
121339565
1345616456
80732651
29014970
54765664
89605281
43342500
52704124
334019823
17537229
36381743
240087194
191894812
22402399
420209393
1486700718
17878103
1525063117
20011900
97168531
73442704
266512357
17291627
581582829
227105054
16311907
341085943
209004534
1582099386
105750531
15023176
252593221
138802544
276799074
19243600
1560477084
35668269
19185165
761851908
58200931
46888830
28425862
462051216
491458673
357168242
20333434
728921264
76762395
577527192
70983692
15917391
311261267
425688458
368067000
62173645
1521346878
295871818
726030517
53655473
328744311
526537146
237210501
264256845
1519076684
83323119
324190787
304159155
14325088
17776169
17034980
497292741
242966901
1120211972
267413786
1083183799
46504552
19485301
469518952
40202588
35989265
80503846
10490522
39854540
23690127
43050619
19469150
602287675
532833101
2269731
152348024
137209249
172585083
6598732
283453189
221709505
754724515
22901723
23854223
465091676
1487079950
21441427
47460906
342639822
197320143
15574504
367376558
279329884
47286810
594559576
883509668
17869100
464176912
44573179
80650384
248767346
896449506
42849216
60374347
1600315794
533454016
35519472
233789205
236190840
130084062
14873552
23165124
369661175
497495704
280331378
120450626
36376016
380786239
15817602
426348550
34232414
2131801
1592688668
18775096
10196452
144448371
30958013
1019927353
1486904736
15118658
1158705164
121250214
7968312
44640117
17760323
260499648
29225057
1470765108
16536187
1520917369
18437697
379011971
53103561
14949029
1431958867
390280606
76158175
58539935
27928005
531748352
335743470
41850801
465270024
549900931
17296642
173389061
17233975
31223166
14036592
42327832
859303344
292595304
48515970
61784574
14569506
15188009
15174423
1247621432
774171919
15729605
72621043
19722679
36172016
52832091
1340568434
74166867
467992330
22731588
180472701
543152619
14447704
262972748
432188448
617145042
190934337
17914863
385101128
362279898
48598707
134167106
49839932
15505261
14404828
259453941
1599942288
296068157
222532604
187737723
14183555
604760262
122770402
587219382
1583751654
24123517
915778483
370767958
22161988
14568650
185945311
40372664
104398740
22674714
24572216
121779830
244371330
1481067253
39913477
861079682
469458049
117227452
1392639073
378293481
67468232
335197608
35884006
271551719
48249021
1553808961
1520940668
54641942
610449564
118268396
168465244
21620798
27652350
196002985
272442860
37071905
122186661
353474487
20606927
48037049
35814865
1323265772
189965706
7729922
49278191
377680692
43961937
14366662
141835756
64477527
27233241
926014872
14480155
14591234
19438908
52885515
41505269
108751365
1276637150
473680902
14920224
213421730
364980163
242080682
1149203646
1386020269
185526824
22579978
245705405
1470783247
205136418
15143049
385227056
215906643
789043
252826861
106700438
127312948
574175721
23385404
1166199325
134827151
172413922
466028757
11824812
243665968
109368200
379167681
1249734913
187736650
304496844
23609277
213653178
1194065970
236452047
1110257287
1467729818
1009213586
3010461
14104411
21168063
38293060
14543924
706353
29990376
14485783
1152766952
393194759
180591898
25628455
21430663
17339491
295234304
1542160728
1077655782
257150143
1084079623
362702024
11414932
313390556
20956965
202666288
251947052
1011845144
735922784
1599319520
261017646
332821891
16318815
271139115
423154834
857609528
56315339
161796787
622484340
203811305
2616311
97548201
53998674
29274819
339075963
86677512
7182252
1551953989
370357781
16427714
4943601
24824575
612042221
15246549
7912132
158893369
22210608
870989694
1271278064
511181054
17802008
24322159
385950943
22528055
39359799
246536993
169663302
1161822300
170858313
290194149
260965176
1598911502
46748700
1592267953
1098828307
477207326
27914855
24138385
788198
372572492
16259689
26069741
1151709660
788939953
1072222698
81198304
330482405
14595039
974314740
1515074335
205119705
1487066017
329786049
265716266
22571258
39498856
90515250
347388402
1569628921
38105794
287474739
22860531
17813883
155037153
62127738
17979340
40154501
1548898884
518630436
77125903
1592020945
1161873793
487946196
16086074
374546632
94562857
382937546
1491269582
1590091801
15486485
824859920
288080988
316010917
318576454
870721279
428748485
107702315
93933210
14061500
327037591
892
43553858
42314868
373909271
14675942
40062688
101923126
223065878
16153424
11912822
83143589
33347217
343057279
259846474
248624514
16672621
1577812921
86999441
446678919
430269849
559920433
22188921
40013613
1106112152
86728226
15901510
64015078
1503713864
19069108
1453638864
431771635
816464316
874713026
263082123
265640686
19040764
32730444
34037773
18083420
91453718
198945680
1140240390
16517056
1115239676
343410709
945400922
916035913
40481342
884565589
16990244
489775151
110822132
53287627
172457076
48604436
50064327
271241129
18810217
399001319
581490925
580920142
519115796
16560900
555433583
538406876
17009762
19387254
15735034
21885562
179972833
20020846
380228147
219417239
285819599
360125151
240760644
16196491
314730231
96118867
50504854
30077811
16350215
100018632
279427886
14466010
150492880
150493013
195098421
24904988
281720912
241640831
85421414
19261174
69176755
13929332
212369712
40026905
222567996
116959899
52541961
196485169
241458598
14180912
56541818
232332180
15704538
155612688
23905180
19411965
29121289
19296440
22657288
47398414
18569124
18673080
133077157
17260676
135536107
23027134
14894643
34537273
8250692
115450078
126111497
53258013
36786607
96308621
101974966
101643576
99129347
94390417
83547927
27382386
65579728
56323528
58592577
43969485
58280193
58160989
25769523
57889002
54482061
56038418
30236990
26963016
24375185
7878152
47980135
22450076
54594276
52664395
37035907
55235798
48987922
45883130
35667527
15131310
26436771
