724997478316015617
724715078335881216
2726664938
28759303
4404665713
4374255614
3894794140
1594134421
2393946488
3838827863
3731958853
3445385352
3356045019
1628861815
3013607889
3394870109
542206859
3236174747
3228602724
3254103575
3196918452
2934468476
112744382
3038354094
2898429872
2944402359
2657974763
2879254950
1615311176
753394435
2817293899
2775401474
1655967732
2508830052
531888768
424576354
493211839
19972191
2332118262
2276088775
494589045
165204148
313581819
426814116
551588795
1473311587
376971326
1654612976
898062428
399127999
476927542
469902217
1409348833
1458368863
1446586578
1302011594
386245200
27333754
1345803128
1335597066
945729522
29352578
96133244
37745283
435523471
729376003
164180300
620470420
748489416
479026116
539568940
40543163
389735426
453437135
384447495
590348993
311176819
468103255
124493062
558647303
184780744
239250370
27158172
85370672
149732829
50676018
36709225
33072235
14610605
