66240539
2490232848
4465386257
721006746664312832
1927707120
2774803101
2492122184
714552326430793728
721016149048107011
3362340298
16916866
18701043
32279861
3093168687
4655008703
110608919
2412179612
928735272
90978424
87976468
16275044
2909617435
2854923549
3116443579
717080219543322624
2236551002
2209493703
586019703
2430989977
3130073651
705678590713667584
139271755
3648665124
705154199625998336
1692384408
560667341
34047021
525771057
3082939012
209447281
440302596
2342483270
2727014132
717353256205168640
29046629
718339493959438336
3097059848
720544675954888704
711180599734747136
2237598752
59830445
140936642
4827108231
153016320
3343230809
2246381850
193050518
2682120156
3854038335
3023037872
717325747749314560
3071920904
553317466
722201589784698880
901931790
722200305178394624
198040617
702215547874885633
559375276
4882967584
712972092703174656
86145402
4594181799
127415560
3207901977
617763192
1016696390
2415860681
147759481
4765249888
4878418540
489530239
29585812
909078528
42617766
3305525807
46302096
489520901
3238405356
3438131158
283543540
1904964295
144501678
111222977
958245822
1604712349
362707700
436391256
2908559936
707745015632629760
158476551
2164888750
489516603
3369203356
324676101
25783736
346763751
2562327457
81619592
368072221
77186485
244321682
3381471873
715631460942630912
2447499966
118153612
541915025
217171339
35328425
4327742893
2748897390
43171999
21376297
718973457132818432
2582074110
4904836078
600348265
113803403
20181873
225087338
717916852505194497
255649882
1705197758
2161356392
710036950
172021726
4240055837
4224372802
2914345569
3224161386
896146656
4169805922
2256488185
124206188
4040199141
2974887917
2921234862
3893978775
3871297648
3806443108
3830989576
3754207333
3298703118
107167223
125221874
295377973
1083718237
1247681641
33923443
3647922203
1965228548
1965232034
2310402327
3661369403
33918928
37619658
105510040
2395996238
3552765072
22209201
1889081659
3287295307
1217389394
3478660874
2969169155
39814176
3392834114
3437492386
23978832
296865456
3427243215
60444041
2739851106
46968202
3391530076
2972694221
3384173446
367416521
3094837224
3277914307
3065841788
80413939
357017158
3257457584
337718667
270453961
2849411495
3245300829
3047299550
247085748
3238178072
50912735
126409120
18528843
2400289286
3018887408
78428507
1561440793
3063631055
2428911530
3228041091
3006793457
303585351
15140295
953210450
2877659379
2444397793
1205742728
3232939231
3216230916
324590353
323986629
79294815
2373311017
1852094642
3144786308
3199779586
179145133
285258447
3285140931
988896834
365312136
416822909
282123511
20741213
2299353426
1599684787
727147680
2713949966
2802219948
75334417
2294398683
3210304001
2982686835
312111463
472296061
3188073121
3179625316
2867350161
77606448
1228053114
2492559097
468972716
3170487538
2956063958
3164612342
38567803
30154004
448389672
3005059882
2723473783
159707311
1023703579
25629822
352343916
2170882969
3049096098
212343286
831953023
2492051631
3096227157
3100365350
2572504922
940329450
2536275435
1705765238
717331082
866081948
3094215610
1083652033
33132963
2893194022
1445277181
2975654878
2872445645
295328938
3000194654
1226193775
2961279552
2951451469
2995691699
708065556
975256579
2909923217
2475978517
1007210324
505478068
2674397881
2970564515
2983546530
2665818929
188659817
2971192199
2984740062
721802257
175127242
2822682090
54594427
2923212724
288930023
1728973015
2984771569
2908189572
394995080
2970687671
2323118181
2833395451
143985562
2293024609
304099569
2984777358
2868396467
2226305846
2974355943
2693166333
2427864697
2965383952
2891249415
2177112588
2979755375
2320389418
2980645861
2149382424
2977702238
2980701218
426456224
2965401233
2573442516
2980507645
2880126278
2458291376
363740103
1581968485
2973956632
33144830
861752604
480294789
324460802
2940463188
2963553337
2977097818
2766351531
2544466561
2151850551
286906526
1546917210
2872433039
2850087037
2149300102
2319633469
2932012733
1514429209
301257591
60170344
1128565860
414500903
159608214
2412895494
2918917559
2975494361
139604119
257623387
2981118822
407649518
2977314341
2980250977
2980261844
2726319218
1064115944
2962417203
2932950857
44502376
2975352308
2947608934
459834428
1205970739
2976771957
928864944
2981037043
2970613227
2432170030
727285682
265815941
2976851297
2981086070
371409001
96490414
57574769
162959319
408812125
1202264550
2910424334
2975465393
2511277541
453339756
2870763196
2975563312
243842659
2881282870
2973809067
2977962038
2975581419
623421207
2978346433
2975548539
2502572682
2945040365
398398220
2978085709
2975413173
2972825445
2388293793
365842204
276740908
1117342369
2975659901
49737292
153802291
2932819824
285392472
2975545492
2978003389
2977027297
2492063141
1714543154
2975554619
376176794
233730777
2704473556
267491222
2970597671
2949815776
2967768956
1489280281
2705194327
35637273
2975630237
2891401503
2938538574
2788320768
2944423507
239558832
2974170741
2975610335
2681695013
2457476700
423099047
2931399015
175269294
2920111082
2603386868
2744250317
2977275056
2780561205
2236700212
2975776141
18257589
801616280
2752318174
2943311421
2965484446
33948749
2961582352
1598884772
1274182249
2905145734
2871735219
344463473
1379409475
2923422293
498027047
342361723
301775253
175677993
1862690238
2886296373
27930926
365186273
2744927084
2609489729
179718251
2734156695
576611653
163242091
468708970
1633839500
128383359
1691614117
191283410
753939218
1093468681
408946135
1093813626
251502918
264464195
538595373
1615419948
560950734
1509736442
1613830243
91274231
65511349
701326327
34257981
234086826
421175581
348632480
394413374
309218236
2263174615
334331683
2305705555
57261971
258843668
2304709512
481329624
255581254
239996540
1213831548
1028810210
700260624
884971488
1564145948
134522662
29553279
846701336
2195332722
724722782
355285760
2216128297
452444567
40119646
71890606
370720894
561690801
2169781081
177506241
1148351983
534833414
1933246075
1877535991
1706595704
1392644077
313895610
54233766
483943810
248749888
1607399136
415659501
190523382
119124331
525712793
122789095
152793102
1589030244
1337298073
319000895
249769240
318240022
1555567782
194978238
548240592
386652959
1392492175
528753718
57848849
803418716
386877886
266126527
405767607
23712369
1350870234
43336032
1097540149
1050860630
317442536
1447771866
1242812113
372922600
1337506244
309297481
1315698313
406372951
608868754
1415420010
1415039185
413219175
1382356284
222710474
1408692732
860321539
1210711831
319751346
950932586
318788357
1389581341
335798823
1392361382
905333839
1184100602
498364347
1324305187
470791486
352583768
246172229
26627125
1391985421
62414320
1296156000
984532284
566760106
590445451
919496424
1382392314
980945708
1259946625
1119840890
412771998
294018500
491339344
254691986
1092788426
926803861
19195866
53610010
43236028
1382561059
525065590
342354509
67398845
1382204671
1380320784
72455228
87514433
43976471
835417861
1392665635
169650280
218189458
1354754526
429020087
564052890
1388634511
1372734950
1389492440
305952272
1391328145
367335255
39838528
325822593
483575258
1250024732
718941967
23289378
1392711655
1392381421
58366188
29527243
203147851
1059938982
893316180
1021373768
387411773
401751898
1392317185
107772290
1387453566
1274665915
718413907
993703921
30946001
878180004
345647742
1087784227
561878176
1355247266
21711374
279655883
20488909
1099326931
376078771
626217569
1262470165
1242235958
40074292
1108484773
460312882
17680840
799691006
433313153
38248164
543019906
1135975310
178122029
295009971
103141066
123691420
494931793
1099902841
70110045
1135977384
1090872042
1135159920
1131553914
110642260
1126923559
1075341546
34703865
478021678
804077450
426074753
773081150
633501123
863738478
20212140
304987413
183925185
131711060
436389496
622982222
1077168008
1064750630
750974455
54967990
233517069
566766665
80545397
93360104
17756696
316671521
1107520687
136716941
380163147
357123035
315476202
239845882
288874203
204530757
371696874
29640498
99952322
474467032
974939208
66783984
38358865
29617948
612875045
768720270
1074744583
27976361
26632448
128649549
702442026
1041131042
41582548
1100260056
943409516
714375146
457662138
131041049
240885819
1105343246
558257649
1105411574
344810828
911822144
357335965
378781200
197912806
429429014
350056013
391560514
1082368818
286014482
1027680907
1074306720
74250254
1025809728
1099844610
417479544
46769317
372706968
372844689
1099920186
1099796287
276254110
832637330
1099532082
616551377
1011897212
1099908732
18689999
393756489
1094876120
355529998
917492976
727547922
366120612
1099959942
212020394
544448001
1099614732
1075218302
91672452
1099937772
1099422860
431984733
95770787
1099903134
397703292
618871791
1099818673
409798166
1099933285
1099914494
117300134
1061567563
20556610
1070878410
428249029
374910987
463407439
213993402
97590685
48736998
537781840
1013851988
345273797
824472162
266977760
104372759
946300591
508956064
240791612
322372994
345380522
867543962
191585874
132626788
94407429
41812557
809683752
781822190
103873772
837920558
32575683
229658344
330761796
208612055
735215791
528283473
281264563
386606564
482613795
457932779
26081613
234279492
70413374
318994357
608276229
425476292
525694226
21174973
179007108
75910493
246595104
744769916
30968039
88117015
453437583
569407975
274379279
255643023
631214019
284561351
557300100
35239111
439637490
426208306
591468009
29143606
574477195
170864606
559747005
481405700
574200228
284614654
158275713
107949774
256625069
175312246
42392665
488865132
319180593
167251409
470919134
284183776
213893246
234189094
414404765
35593576
68088973
58685074
106135347
426781144
26931110
420001264
278379270
415281761
387098399
313670478
401837105
64971140
371094685
26637642
338199212
50108097
72389381
39092786
136123907
150876657
65569900
399223704
396776214
397475574
393554451
285199448
54885524
384900532
390462739
79655100
116332340
57816183
384898180
19734025
365623783
380495110
207407769
145025504
26449201
624763
210628372
31550613
142705823
320287719
161328462
359532418
353840785
66055144
201136770
16504096
197306657
187669099
172904741
103924732
90203739
242777020
132105433
259142137
79826390
248765435
58624971
56554578
329510565
271841876
41299870
324951548
304045645
282791724
160072168
182202039
264373499
315286460
219203927
254631880
312173252
315824189
315398405
183781321
307807817
34010328
311162342
142223813
148143954
267649181
29233291
197522036
28531337
35520594
308819388
242481198
156216347
301234787
254006420
307206907
299131518
56856225
300541658
292118497
303012969
125960536
278180863
158543770
102903389
45738043
95729139
196858239
297519469
49820893
295826108
296653699
295321106
128004509
268789621
260045392
293815956
225439285
276122306
283732793
34048155
16787126
150045838
102244414
283541423
289077455
110832117
113207063
72353517
42838450
75081960
159917704
38511745
16200143
285321217
168591030
174327055
29217189
125151130
124159838
231948280
112478831
112349592
169343758
197367836
230753110
29680336
113448669
286278691
223943207
21435715
44476705
273398323
289681552
277418157
113554448
234962430
246093272
245405879
219221640
218384243
266006897
18878528
23965643
129831997
16248319
17043481
211175418
258686172
74298288
175635877
266641762
256850312
50028032
105488965
176315712
281655917
179413552
273545685
109267587
102542634
29988617
132829842
261583181
209942131
252465045
83086638
185089294
106689459
201572741
50835066
123166176
280509982
284778631
194787864
263435010
94715381
256038242
284586930
284285959
68729327
283645324
50396621
252226496
239041322
233749682
31520632
282407596
124850248
170068633
236633140
144368178
167989421
166551364
55269365
282176082
253686629
102194292
219597140
98043267
104388745
21072016
166068822
91274145
133666845
266621471
141167217
152143338
204604392
143432875
85302020
179679189
130054954
181539603
166467392
181620689
42830963
172668196
109881181
226798114
39527152
85466408
113422725
283655856
129560866
226246429
129903432
66801769
273217310
217687797
140741364
41133366
108439715
273274858
230480893
147529352
122940351
99928526
121380217
179514953
165294215
90137051
162447768
152980686
200402291
150550977
121013516
263336431
18423639
90078908
229926690
281563540
39683886
107699204
125376335
92612992
220550117
154430043
148595593
274623838
174262638
217000793
22686202
124276480
271402529
53335595
44288886
106324616
177123704
60304834
252572779
49139535
50085226
35750198
96271994
85241618
270735982
206148582
235818948
98421529
131088300
166602097
29288682
88962283
127859342
206427518
222376814
169822690
29782751
181188317
25651982
257509650
49920416
34954905
93115115
19405791
176687793
241290165
165183916
134793773
34075932
235834922
114526237
29779540
199052494
226073380
41656952
71202900
17372877
131520674
25454751
27772037
235659748
90810913
108420166
193444732
255861961
273737648
276449734
255195413
230517156
33448291
15455433
135080774
107171772
162965189
113233407
272230088
256359038
65210331
262482773
114526862
78447199
56915616
165635510
50391502
156443279
35035125
204543223
142882522
74878414
109308392
174194732
271371636
231319093
206568606
18004496
275359033
153691046
278122547
25646752
277327490
273200098
33152390
158813161
179135510
269064082
276657330
44838706
190039725
191960997
183765199
263370548
207392686
201005933
50870062
245158716
263001949
263774977
239797650
165042388
25734201
104088711
231656913
50366263
99997170
186825995
245263014
57659128
103464524
18931300
221481734
186520790
120370775
154683511
274434847
61492912
88856617
36791926
80967373
235430068
227742685
251706989
268484614
191688755
275009747
214082890
247692591
194474222
207830465
47043058
241004115
93329448
65254179
88681609
268527893
255207038
224519058
43628400
61614492
111651839
36348080
200693579
123674947
89768326
39014676
245548766
52420737
249301359
126351209
90465226
63300896
107218354
228811822
99247716
19797083
242440039
212086240
193531142
66913245
270042772
20618543
174323652
257590816
224762549
62893702
128130255
93822029
37360355
107261683
158447737
268028068
119937070
263595210
265906663
236610780
66019827
176381502
44686372
251520301
63192289
264591868
178414010
17784957
116137268
71909760
267986176
148629237
233889233
72355073
141064909
136731708
99218805
273467138
72255356
260100656
18548136
37985832
234171858
234603235
36199420
202652203
35327141
31831131
46664797
139854132
122569461
262984936
130066835
60186573
99424049
273457593
123347815
173330647
271901452
143470688
26936817
274326355
122386085
252151224
75112612
155691043
273844584
190155842
69418661
185037211
272236788
263418128
26029346
49556389
272631523
271778509
266354336
274337451
29540415
56435808
270333644
180132043
254780172
226439441
162931304
263404380
123079159
96014586
221221561
270141101
261324267
61593267
138517799
265488162
211326105
226771978
47728065
63510907
26826171
192021897
265850556
137048209
229057754
108774068
63027616
30900015
201630139
271166656
54315223
179233784
31295576
172965330
94655315
229406998
236644571
18523757
27977995
228204229
28228674
231288980
86491680
151100153
243780626
235683227
15879867
40377636
209677148
194823320
120853184
191283975
213385099
24924661
36219732
184155517
109726787
269098924
268558751
64900918
35928986
128099457
23514622
248825347
259046706
185447796
193530124
214598920
230314348
105898234
224493633
18613686
19337149
57651709
219385135
227046151
212789829
188052217
44002889
269378896
258952470
121844197
72412612
153319145
118863867
236882308
178870851
114881292
50181393
40171744
38233389
212096098
218596304
136795602
65953888
201363482
30766113
269998820
231220485
121475201
120276865
152953719
142821890
223372297
220986127
89135177
98214528
68274692
221229167
270710668
224030460
35527438
219640810
37607722
56391634
261831342
165638415
43627908
232315802
250435575
38064909
18048394
28239059
27801501
216246070
220865673
78752464
264572356
122195236
236042637
96504231
242659404
36831318
113229758
123096691
235249848
231199933
61059047
170554712
159844856
49714001
270533841
222600712
232040070
266753645
141770967
78759686
173741857
221946230
83390043
238041648
263849220
26395387
108747211
22900933
41925713
17357018
135012867
264905976
44054622
114602975
267915530
43852691
184686749
111554733
120257917
189018505
179712499
264427017
102754791
270064404
56706308
51188128
139475606
172934339
116867516
211331140
159262499
139601024
206248795
32969704
74941136
158494741
124660003
167732992
54685754
243940219
163328484
258392873
73032560
247094413
22314140
226075024
96306340
185883084
181096111
226584370
227745747
174524171
46596665
211444940
229515640
96445055
143480465
215673761
201460559
205364175
231692902
234198388
203460556
188391970
220276266
47642691
60177298
125264439
68486024
226439399
226439629
141364432
205146946
93293163
226439606
236449775
254271141
33786587
43953113
197200477
87569907
153669604
30973101
240020782
165930533
123924378
213529064
110613010
225081352
97919808
169327140
254553955
