2372370964
3080748767
722785633463373824
3214521008
722116063891222532
4250228843
4709152941
3663090266
3413265173
3387972753
3020200841
2855282805
2280172203
3709381937
3418914711
3413669824
3393930395
3359717422
3174392824
3157627379
2845859247
716519914
2772738159
2943792231
2953310471
2866296178
2767426134
2764029130
2814862177
2448049735
2752831840
2745731870
2459721955
1281394837
2658469852
2667466290
2186166297
2267720878
2708725791
2466175825
1184575940
1132249416
2680770005
2368097079
2416343249
356577910
2440632939
2240737745
2683822834
2269668387
852071419
2631766966
1719077744
2627835870
2271882649
