2979473311
2751258981
724429675754340353
628888993
722566893182169088
720089972733276160
3247148476
933624542
4794608773
721451282410643457
1046967924
717112703337304066
716687691681832965
2900496079
2689369640
710855822243454976
3121088151
711013841111482368
713392533418565632
3305506911
4411299674
4862303106
4895694838
710205271453343745
228183654
238653458
709627903793717252
393326664
3201229743
703111773512044544
4339785679
2727380553
2698807580
3185163236
4687224260
4867511080
4738580057
4871888393
4572684070
3468741735
3901520373
2774643141
1705148767
2374082678
3233835778
4103836347
4074728907
3981941181
3931298055
1607927108
2942604394
2955542597
2277789422
3344538551
812735562
3129557048
2932522072
1074436326
3429634823
1119041263
3355333006
602667054
361486029
2271976452
1697508012
2898512366
2739361743
877848685
2994570945
2994350115
2980320671
2981885440
2880071909
387907139
2968213169
2907137639
2832740306
1085743722
1050346364
546357345
2765359672
2157327044
2738890427
2727983519
2349458081
2266176771
