3648633252
2201036006
2202745645
46780779
3164774620
126016806
3171389168
155899912
4553853322
3193578178
702618321271844864
2222639922
2415674455
2894956028
2400059377
4562252163
1059733010
126434587
710104245115219968
719808311961460736
4539369682
4539153167
3166842458
409622088
723192839576887297
4844341689
722012679901179905
4850718297
501270202
1009721768
3151968864
3029818785
3184913049
2708065704
2689154460
3032181655
3076998132
2963912852
3152215202
4620042260
2659696782
970942356
2980802372
709508867500150786
716601446607798273
4837315805
513747422
408850311
2890078401
2785368737
142966988
628782975
29327274
35637546
265207954
392967039
4799555356
3431141224
4700646772
2572658500
4839041680
4838878342
1408259316
492389195
329144723
317443303
293231146
253371120
1397346997
1387984578
493690501
1090497235
203082781
3097613877
280302119
147483704
349346319
227384114
1280630630
391586102
76142767
4219083153
148295211
329859502
3341946370
334161109
162418635
371991327
3237724294
3307233921
286194281
4260438328
299978882
2500152662
303561757
464821119
403046687
4286719713
305041979
4189805085
4237494259
280260310
3874644077
3834872615
1369366532
2205648800
3127845057
402836601
626075311
3253013144
3250390615
296504431
341167728
931184886
2651967803
2842855757
64588403
2869791109
433321158
3065978368
431864032
171396056
304414323
311604713
311271294
348282368
382373588
1558956463
563891150
383192047
415512542
706394595
492733139
1579444886
256976833
562407672
403530786
331446294
19566393
380893260
392855620
73247304
520981145
1702429819
350657895
298214485
250894051
2470304611
1058494158
267300846
2649359258
32225603
448381881
414940182
23537750
