41534446
2623858099
715332361328660480
714390992221257729
4417901352
4548113426
704240683670843392
49242841
702518720619393024
3944570420
767002579
4515902594
3805745353
4723552022
347877918
4700649854
4696689254
4645571176
2963723741
170604661
61139125
4426933228
426667035
4308573736
4307741834
4186007632
4004540600
2404963634
3680223973
3571733003
3505100866
3623582714
3301357554
2211288620
110400234
3531486800
377566068
3504824848
1481981701
260610530
2933278957
13663612
853758576
574550207
2590179822
181122515
98576594
539213031
135865172
329610369
