1961021263
489555448
724558006436941824
724557953580322817
723576658494656512
721585173137989632
2902868078
486072725
19170029
4885622614
2209014480
4325683888
719034009448222720
3394792941
715554779133382660
459860880
699474614741651456
711237238881792001
710491421732503552
710741123526840320
708205311795077120
165931040
972826051
703464365421244416
3221298283
353797777
702482895122771968
858646280
702205313135484928
22979848
56648429
261511762
3305362923
4882398442
46557945
36178328
4197236174
597502478
4842749469
3150212348
4180072252
257549999
3254164356
430813628
4554627919
4031336292
4499008521
1524203574
4544687832
925265515
1482786620
14515799
2473938587
3312415836
1715387768
184136149
4273939471
839402586
4034634312
4163953214
1243293318
3992469376
3933334403
3829285034
3182523378
41691674
226893316
2288605921
3550043593
16421019
3504145214
414568484
2896719044
3349279759
3531200836
48076384
3341027353
1916883049
16459325
55088849
3245861837
2521815247
3398938419
3344956811
9343622
45399148
3282403526
292990703
1058520120
424719241
2209528849
1695581490
20268045
3252370422
3247417056
3250003555
185757755
394146582
3225188203
123915259
3247569982
224889373
3242769255
1002162535
3175694610
3168590173
3197152295
3179111985
2900420972
2318426778
3151473918
3148863794
21657051
312607616
3112774961
192118416
236992650
990859285
2885301602
2643807541
1126094768
3014008212
2944705650
2900505403
3007389461
17784665
2998836102
2988206953
2879657161
2954810934
2533038685
197483134
450471641
64496398
18028893
269277592
2194698992
2914833632
2450604626
1931667091
828025928
2479413222
210684204
2875872789
2829291576
1309345314
2888764914
2737596722
2861219440
1851115651
2876046306
2849192482
2441513719
564111558
319062458
2847089850
2838766266
50338601
211065573
2827771412
2826690151
2773192551
1428589422
519656220
20692060
14861072
21885033
540413428
15751676
557402744
158565222
14246001
25953981
58908090
17354416
16746493
12615912
21316253
281663154
2400244548
289462808
2726360911
200231615
578692017
20013664
2374992430
16434868
181030537
18776942
205392468
178082389
18467691
21111896
397031502
15244782
20118993
160674277
