719125463499685888
3480148693
3284112337
706187770130083840
4412147652
2438724661
272918023
4499382678
3285819409
21588316
710930484658872321
1494835716
336846196
552282652
2457899432
347627434
732980827
3319560634
3108230362
346255213
2332137835
70024758
1069726050
2648441622
2827161620
939650874
2484721193
386318925
2276601344
64579465
515228191
171126078
1099388594
38003548
432692074
451873544
343111960
19020491
137610995
525282179
357814350
468766505
279627265
102478437
172385355
278691793
241855175
271943068
