3289896736
4861228097
722186263088902148
122735125
271500640
3375270718
4866365530
714898515512659970
1886523187
31231597
722161002935095297
1015029619
4282665983
4787710163
717132638973259776
2906292112
4902732845
1326473227
1358466217
711203578128506880
2436468036
712705680751329281
53079920
1059951572
708406467561443329
38967859
268470804
4263945075
4866201789
713403983939899392
707213805491789824
2368856498
177319531
706614933996355585
4856401383
702057015175159809
352214889
4157024555
706849695654649857
705814488797290496
2339157802
704010344390262784
251798395
839658086
2342790655
4826188312
2891329744
4860687014
3438014098
980929628
194667536
4894808728
1540887823
2580411942
4273723234
3093410621
4024069139
3117839541
966363386
4657861769
4202294536
496788015
520398033
2845431664
4203182957
101825544
2465129364
3899006247
3165923770
1253894798
3081094652
4516069468
4513639955
2976136750
2974509323
4179444453
1817299992
3865317863
2970429202
183355744
3158216930
2900326903
346222084
4119719992
2184146595
3073252156
3908156015
3872716162
2844363844
3664847417
306878936
1659508620
73986605
115679415
175140185
2684953244
3160691806
143367345
349767450
3394040062
3089023499
3353253634
236534826
165420580
2269068189
3186958615
124829064
2168638690
85391537
3346932653
1909370887
632568434
2392582350
3006554657
153711798
70212812
896902394
3177401423
3154425101
3092970487
2326825313
3308208419
2480119579
1474856946
14879097
2572564640
167833389
3289752969
3121376801
1492449175
2499282225
3118936673
2324234336
2845259997
2800599481
2310295491
2563571328
36841961
1648828261
2832978568
580326373
2647489932
3175561072
2809604748
914750738
586034543
2980055757
433641156
3066170102
3100173290
3128427118
416054122
474475211
3025343697
3095360493
3096605781
3093385182
3111171333
3089883831
1484651521
198683787
2793663044
300546183
20883285
1133370360
3006176047
16669337
1478064776
2975728565
460684421
2979421055
182260112
466731382
3055313811
3006066817
2922389702
1887949525
197814133
1271702706
2215743134
336328354
712779797
2994495261
3027608140
267756782
2980136146
861042800
2967274245
424506174
568603753
467006823
337023595
1003763263
407953298
190979882
1923651445
2981197360
49156332
312061428
179006948
455966364
454699541
198825043
2974702192
2987314889
1902710684
1677383100
260058844
180841032
367742514
2556845994
2183773314
1553167910
2238382594
832822368
312480764
2932805650
316101722
195040963
2923274303
2938119910
632826682
2739837485
386770484
228649754
2184352114
2339105649
242369396
2581038994
111278774
2784175152
2939433069
903556074
2963639823
247297701
578768059
2878228125
