3163202456
19173608
406483952
876972811
718030392264167424
150422835
4230652702
713220523677892608
605963171
23376077
2434306537
568032922
720811727256973313
721188040060764160
56449803
705446574328057856
2993449593
719187199187673088
719535575288647681
2490568460
4851732400
27789999
701869179117375493
708265425998618625
702951403514236929
304061756
17563445
26122639
705103783047598080
714202855666794496
2534195028
26241252
326441040
720480488817836032
23691853
718136291951525888
31231597
710656531906371584
74662993
388441407
713925255828353024
71720602
703481850300231680
344108179
3379125117
2902523838
719201186646212608
74610516
707186917796913152
352963308
701682077314355200
54769979
381108914
239760871
707659302253809667
710990834972233728
4851276082
710646152060919809
4636949955
2278024478
4761064634
3481965513
1460986592
392479429
429703285
4154359155
3757015887
22454663
111225697
3753356896
705902960967094272
1618641848
27671624
3951491722
989446776
185635130
4828469940
2581758266
44135635
710913932102389764
19341224
258025056
2319339266
307699687
4066688473
3427200023
458508167
344462298
2521127287
2344399148
575640880
1727699204
261749735
347627434
491434290
2853670748
4912125625
700779269538983936
3376781080
4706270920
1089059215
2496032305
823113121
1413952286
4547869279
4785202752
842374393
2975586611
2342729340
3273770852
4800728601
103678590
2638042382
4813902277
3079843530
4771822585
70156027
3179872890
1876900698
4675962836
3417755386
3677742792
4102376488
1654158312
227474177
4392109392
3376927462
395693272
4259296153
3257146604
3421590933
3320712379
2227207840
3981225735
66914448
915137490
3548862801
3337133659
3750639374
3452894301
3744891381
218526734
901537399
1627096298
2252839610
3354392603
21631487
3447636315
3289259730
26169060
3159841219
633928540
2491872752
271188653
84465982
3034782866
25770408
3299233505
2209768879
976564489
27895304
172194341
547969112
394180857
2364112074
1031086644
2571872893
3220851492
1045017146
41691959
314010085
55004670
3373320177
16703058
954597540
14828860
3335621122
3032156503
2180075508
2940099646
3111889034
188055481
1115763085
3030558402
1214410454
3014675517
234385692
3080028892
376744269
29471556
27649741
3086724705
15691324
1639114092
1628272620
2991368880
21705181
18082945
43261344
836525664
59849033
3098115975
1735969045
1431031490
116055181
377194403
41859853
760337274
1584645799
350389927
2946172151
2890360841
2759225770
1268011382
1583056988
1637181254
716044325
1187980818
193530077
2803464546
19208782
2720660381
2705784127
2574636210
2576739031
2511776580
601511415
2614070876
2684374476
2681172104
1917729961
2544315822
