718270737589628928
3409529981
2789696909
85658586
2893014738
254226956
3314735323
3710829556
267709335
3376784561
1180727892
1242232488
4311045677
3245464845
3890994621
3539774115
33338494
1909545685
3045480203
1944869707
2527370533
1099532094
3042036140
315002750
3011553689
547289167
2556545739
146114571
2810031162
47223769
2709909571
2554029242
2165206026
1013736235
272252846
309465726
335981134
24330518
973272144
704300605
358511059
2400069266
2252783648
45655266
865946725
2388151650
2350890199
718799630
29285158
334424264
2216393231
74644448
223570339
769879722
494341397
379223383
215709503
155414140
1296889664
144279799
29116086
440380915
234457052
50020469
1370970176
69457523
169062525
24838804
373492972
139228413
72416133
480853709
390876450
140688993
27747107
284715491
182012161
1341425191
1033757820
45651517
1202161460
1197517706
282013946
300869103
50550586
1064115834
274220075
1096719294
869196793
1029418801
232996599
348822219
271272746
39295976
307097686
243476962
569741899
225857823
228241194
157682032
366893910
57761390
31618812
143988624
273480311
987921674
226476760
836081064
139886015
343011052
615607187
328823344
61440464
181428758
18992790
125799631
836338879
832516010
260508636
152792838
719271266
802532682
73918656
223415313
390786010
782554668
252813776
774347930
761738274
246349128
235798614
713378311
303574056
453583708
157502844
376553313
180244329
224479346
378319976
628724006
565040229
261973458
46035857
451687910
291529202
577340506
116933433
353941565
207327540
563343033
560902798
479154607
31945975
249291870
541328124
214363961
538427769
531844016
108805182
358624427
510847200
217187968
114628469
500277876
44381895
41744191
41890201
271743148
28650687
31012636
176230209
21095509
108349915
477861363
115256268
438574515
139971137
63331268
196305016
270470011
298732698
427151034
97836302
281845936
123362871
411019059
414854100
445842085
205474253
443286058
24283392
440218293
198729452
411673568
290800757
418154721
413586690
364402869
261953244
141398308
390540511
385203780
378711908
27082680
125465277
46939777
145527400
261828291
278249922
98943658
347387804
343033662
340426750
203732769
289421403
330775560
85657624
287045634
42673219
52216492
259321594
293544609
160277275
207694338
85668289
40183947
179823416
87560699
125174686
174509749
266268988
238770178
29157193
265745817
262485234
40773381
274770950
37852690
275173246
275136744
275118379
213506142
245503964
245448443
50855009
206359190
257377001
262053594
226008459
231302186
231148206
