3401137553
172635054
44135635
58174783
4898315151
714614269032198144
906406458
3509784732
429703285
366406586
3033669203
4799346261
3492855441
636421278
4503606973
3130363229
2453884124
4864864365
361579806
3293741005
46801068
375864094
2861152027
330623773
3739067240
227879149
275264764
4600451234
3387112013
31231597
1663403533
2302134816
474442002
279116445
720248593525968896
717950516496445440
50462805
697477620179402752
80293555
718292134911176708
29561321
236709107
4183944983
717720080319127552
716475484901650432
72733770
84451338
4571433447
495611588
2970429202
4928066152
63290331
2395784420
700736368016650240
21837967
920045113
711623588592230400
709774697236471808
710649877181628416
704164566867968000
710154405815816193
4899927055
34798476
271588095
1712818651
20419994
232698219
54901477
705902341896204288
4899205601
2806345955
1934893134
701932937026080773
4903368659
706265787414257664
89928391
706143478728646656
359628838
36433983
110018258
131073523
4913180842
259513279
321509749
705199761268338688
383959892
1641271440
1683260238
2466170298
2466137910
2451772356
2451764461
2451496610
176942134
36407789
705203724621385728
20542253
80540372
2931381480
218041164
34140857
3301547229
20583291
134313047
4904713318
17899839
18890115
217991329
56655684
14424667
2740201059
16190105
387521851
295997455
15614998
703665289704185860
301642743
4862699928
4846801589
804810451
2448238647
431215934
4635859226
2175350157
157519035
626824334
4922520314
637279420
426967004
36626167
252694478
46835005
3329031779
109128404
16317130
702796583465832448
3851154916
4180626554
2258218458
2651067600
701537621609209856
1296422880
449444517
575786507
147565928
4924117512
3218991596
4924729605
38034279
193507138
4910891163
4577605231
33772263
2581021770
3030110222
1449831804
4883642155
210666361
281722505
136402916
4874071126
103965737
2271084384
14855279
19155938
4801585637
1933042237
21327265
4840699852
488673657
3400625795
1698087630
1488468120
2499930355
63291287
466598488
3401190539
6108862
184253198
459557733
871905871
47850275
32659832
91766281
19210349
340507394
305818709
1870276111
3141273115
423439631
31554194
18192680
1015416452
260887905
1678313323
169759505
478068590
24384497
4290057021
4368167174
3667196235
4257941025
4237743077
3083016106
4245115883
34023632
4223290223
24104204
1307468874
787225351
260590025
4144880477
4159154169
4117542733
4172103314
4144135215
15896129
4009130933
269582088
2459289399
4123253602
4119978136
4114783720
4109407228
4108062562
4104267232
4115583739
4043440054
41461668
127680444
4018833859
21360280
4033293604
3436618245
78802328
3805797382
462499419
407230590
3938202553
3009477594
3954689297
74452613
2347605340
3861388214
18383161
64496398
22749632
3414055040
3891653104
35882942
29816338
344523000
2447113915
242860052
46395527
917428087
3660990734
20104539
1473104286
3573704605
3542595133
1122993925
36854924
22053815
301463171
355846474
3439382769
249266216
22162666
130748033
19695256
1937454234
29158489
3307446320
3401726998
32953629
2966048505
77241120
76071816
455391106
3285935318
1140388614
170404126
105664863
3128587955
2686647931
2706959376
1967567088
2558947546
3271835563
3254541061
3142408502
54017022
3263143459
3233061134
33040458
3246953926
1700426708
2591405868
3329567638
96088898
20784800
3243643195
973252201
177658536
3223675154
3239384305
1138759182
16092237
2809287526
2906469495
3256465955
953225461
2342491915
354065820
325719949
164359730
489278725
3220919744
18568801
1726060015
3221504632
3240298049
3167834336
329176189
2909849465
33640265
2937865477
2318073548
372966134
1724264070
3161931908
294093713
3174817457
2981904361
3157762103
269063954
882679398
179252253
3138353794
2546995717
2545274728
3099444681
17771767
3121864768
1554032101
3116461085
2482412403
2182904552
110267409
3112931189
280147856
178012478
18077444
87403396
2509080054
2284360292
3072291421
18159612
2421118248
2989121887
1122442842
3081607227
18538268
3043217637
3054417630
3064634007
2470463390
33689109
60170298
21988933
477457154
42738804
2478875492
2855799120
1372698122
42176616
836233010
52221945
143861072
26382692
3030044178
16794601
2747870371
49891159
249951887
34676051
1487502889
21938800
19197778
2955461852
13847232
326587849
3015573466
880818210
113103041
2802717903
22216335
378233832
3014917083
2957879799
16686425
3003984865
52972944
3003968196
2387022300
24001217
2909137452
193357080
93335997
18991321
2867487785
166382029
291940055
107183921
193930027
122231203
2984948357
705068834
1511449172
50142127
2930460095
2984588768
2959029803
2937476543
26328681
2975976598
315797145
987314539
77128292
362925436
28755776
374908692
2964579167
5548212
34332677
2959712643
21830946
69790989
1510429153
1325218238
16122988
2391466832
560716242
1173106255
2957449437
2951090459
2691279459
262396353
2937667566
2942292106
2895224334
2940935695
279769441
21658696
379179880
138883601
981136148
2807171932
1206581041
166597800
14388806
2424784172
27658319
913325906
2426246430
2546613594
177465992
136161976
872423437
2404887891
879243973
2795191209
1488152017
2512732765
14622649
424385869
2669919198
1115230004
2852847107
117493026
2915194190
107956500
18111912
1031084270
2902559830
2200170100
2657152641
486603651
308193249
2408884711
496587680
977179363
600598626
1949096971
24014317
2877772635
1284091740
129432160
14192558
428291193
2616909096
2449427197
2890076051
75000384
39437681
157066277
1110406968
2725545504
72960990
2869757789
409403535
2879999049
28165432
182507211
270547706
262135522
2402278250
790022070
184465310
276664857
339077618
111408998
2301610309
2729840789
526023857
2422862948
2840521981
2863707654
1936985186
2829742821
391410493
2854642776
21484891
115702666
28223881
2844093216
2818950742
1471434830
1634252474
263755307
62798360
274022194
2480288516
239685544
263925748
2443797160
101852567
2328755824
783695900
2739863685
2720267570
267147337
38227971
2765067111
2716807534
19708968
403497669
2835950845
26692547
1241887428
2712112321
16248791
948019566
250235419
1612401588
1173300721
1445314645
2763603442
178873536
1666690921
2764623217
465058657
2688547512
15429832
1624830686
161461853
17437061
884621532
21575420
1229159300
21954157
20891256
49313161
300220293
1947818054
19986342
92598949
1067257849
395699290
112590490
1156525369
487308755
2544128634
2690384706
292143880
2309159857
562271281
2670628632
296507677
105600261
24858960
59661272
1247298085
365930339
2619144199
1703091768
1323256406
18916955
29405130
21881296
501382568
2585922378
838947432
2578860410
93791734
2474814307
2559432654
68349474
416635598
1528949592
2327705582
16841494
2407905204
2535948890
1541570162
2422896248
33686259
28655911
11897212
14134823
364593838
58194953
2512688431
2484720271
2501821718
230789981
23016436
28149842
633938795
725243521
2336662254
2534736783
2290603310
232939756
164071783
2468254081
2389838012
168943790
2471812904
268629149
130967186
54736177
33356974
31619391
95824700
729078128
18759389
83043118
30239802
2446148185
207288030
2439727736
1646419760
288368813
748161954
215838261
789741895
2438618601
222259133
2370206954
58948322
102026971
37248555
2375093366
143241564
134934361
185820899
2370114248
2303353976
229535036
24845635
234594578
34422094
26137127
43651307
145017950
85630303
186700089
46776387
436471969
386224901
798537210
224519671
17811853
14218186
22182206
359630710
1022528378
2161098072
372130559
28387848
2336546023
24753590
516787741
2319405151
506673962
35702257
1617037561
2155962751
2299282657
50916667
906906572
1279200992
163796501
246338305
1417049515
24125930
247605683
37795706
569413508
2244278832
2255487036
321160730
1491558961
33978449
809839152
22086737
593237327
584650228
17580428
2204145722
2202552091
366255358
1925630532
369453312
528499817
49722533
27644378
25897179
21344665
633217430
52785658
451773575
1665034002
101659386
117547382
37912602
1846397395
405004899
1925669725
89373039
812181216
712891896
34590781
201876566
20101986
21581276
27187372
1337507977
1701800436
1681761234
1134565112
47885633
102782641
25888200
348734888
38000743
383304233
1613098350
46333203
1602522037
463389009
36875298
724803464
1541472967
210580181
163270867
76430210
224774358
28630937
91692890
295203519
244176251
743513940
1099031484
25470126
157177120
1468491932
279791191
1465070131
38771010
582565227
7476832
27402981
21959774
33743510
954154550
1419482094
31352310
338591064
357980271
31483470
40992783
613009357
22202068
1348297194
1250866771
1337871510
420763057
1323878317
303990446
32799788
221899057
35141221
1308317605
1271716326
1209558535
359989174
34721755
72892267
105853286
18285733
23630672
79393079
216077183
1002402625
976696028
34883967
265797020
440425522
376787654
123763603
1195451916
516846911
99363125
24335084
74372758
36984088
1069123650
285750007
177207956
45033456
1158390452
16279923
24375953
92342716
102671023
80341149
15200917
21823478
104255163
99861918
145962901
15215465
386606564
460413525
135712107
163554670
613068687
1007838019
402990108
15006960
295838580
942769022
940744166
248253906
430495550
580479234
200051311
494367594
45729854
27501186
614396037
597818907
819748375
232142150
783331214
15014883
356000505
632015629
108648507
551473686
104288005
579944078
359031050
43934088
25915690
144681685
23711313
583749175
43038649
503366657
569384629
568856980
29303902
26740488
413530100
491960507
380531695
502994590
63607186
17979938
538160185
21316992
525353527
23596236
344242038
146522679
509372743
18478037
18400416
24661393
22652194
173532648
486037211
469800136
32658388
95077078
26356762
500575799
131600589
66189775
59182450
475280498
471530486
470772043
334810125
299592887
358263205
430567836
51853944
195470311
282616586
24312067
24621953
16638697
397672042
26036162
27687074
376987246
149021392
18883609
349314766
340592011
191560456
361015954
357328674
357561429
51200694
26704678
354433905
332395453
305951232
17504533
205428728
333580192
328295143
31069346
79861559
21736838
302093804
213907434
289058765
79824184
244884960
16027386
127007486
18285764
16164736
56650645
178150422
266588559
24793884
31140005
74656053
239978284
259962052
257486515
26505681
24754222
189790897
99229981
222029235
37026051
250007702
16333000
244898971
18464443
78511229
16430613
67448665
66905342
204447803
209631402
203279041
14854319
48559905
170508825
105394595
168339277
167935185
160209718
102501797
158980206
153922477
151998518
113806099
19193652
113773800
22824669
91561747
27962414
120872300
121565518
123077582
38992089
17049057
22961294
24061453
46107857
83782540
25838559
109336466
52985861
29223068
29807228
58116179
58289655
55626578
23774237
19215659
18475215
18945060
48960314
48793895
14627306
47889260
33978024
42262592
46235815
20592737
45775968
20172287
36804623
27760633
15497698
44409043
42113866
37415982
29882480
18628349
43878181
41670896
41743074
41631138
41537356
40977870
40912016
40893323
25789507
39586598
39370759
39354970
39065687
38953532
38310056
20930543
21006013
36514490
33545962
30477240
17290207
23471707
19793101
35677063
35648102
35325546
35244507
35160754
23529771
18073295
35063168
17169533
3532201
16258913
27939060
24928809
28660443
20828409
34973941
20893344
34962567
15839291
34947741
34945794
28089021
19839988
34934403
34933562
33157443
19235723
28014946
24290468
30811282
15738830
27787068
27509753
