4894749263
2651667864
50462805
3367987133
3259126782
712963873255591936
3280547521
533831979
2745027563
4825680569
4688661199
4638156682
33923443
2939475586
2938912169
3029179446
3372573039
1567028768
3508049175
610027227
18548136
23451183
3279329870
2413360240
3322340212
3244576214
733849921
2189304457
748975560
2977004555
426217046
3189259795
450047916
358509202
2812210658
156377066
3070239074
2763531160
3069647817
3024737431
3002454010
2961000282
394328859
921822253
2227437299
593197070
2885035983
2885263627
2608593714
2606276912
2809360048
1360724114
2543258353
1868875405
2391370182
77394232
2810579622
503953679
731065916
174671795
23140973
2646198644
879395748
18438022
37836873
720942246
35831704
539368121
2395693213
1171593487
2409071475
385761177
479745344
2748474454
154756178
208732788
2590801446
2430708750
1102442184
948887036
794688061
2747062403
2649638149
559817139
2620786831
824756521
33277574
1893662882
298670693
2622348266
