22692793
20267433
42412901
2709748092
721813093731295232
1225551512
719105541369368577
60784269
422711841
4855688469
3092682639
2380298902
1222131092
205399718
2646695016
4582214475
3332046742
432832791
4417222000
3107887824
1890930950
530973150
2447256618
1546252381
1900720160
2281388432
3400680627
3289982082
617580358
2951586739
2951551765
2950701827
2950624311
2873408253
2806609652
2537703247
2429517876
2180970196
1943966934
1942965366
1877357688
1875540162
1659867007
1347416785
1342351280
1021542313
59500679
365406941
2760334397
536923310
2736838337
2694286118
387898573
2716073481
1541506802
1376734086
1376736355
1541500321
2612780005
1189135014
2650269038
1189225776
1375098926
1541416386
931247726
919099220
125810115
253757793
1541504054
2441151958
1362753055
2479062356
2434588196
293191981
2361831386
237766144
600824714
2411800560
1370794735
2332157113
549421072
729731486
2354949288
2240700092
31634382
154133833
1064849558
2301124241
2169575610
567386557
2256713462
247631694
598142015
2209818385
602106204
2316011096
1633252706
279051359
2248060825
2214976949
1959373284
2226624794
2160285258
1581872312
2184764654
1876849346
479297478
2170016730
1973712864
183142860
39156212
1683260238
14579415
101871795
61981797
1954089133
307424496
161909864
1535410951
1598091055
1416974024
1491132636
233614681
215426968
1373122093
538256195
198569872
902004757
1727331997
326423480
1708901449
1886934697
293732413
1661504786
877895822
636556947
416715642
1406259253
1858075110
1686370340
1678378813
362927344
1697553320
1631636060
1677460382
842237869
1697648748
41304851
118249738
1027624932
1657845980
20461298
487300956
1259478644
154313897
1579751024
1579224398
173744009
1569641064
1126577826
556512083
1080468668
1447831837
1340247558
1405720538
309409950
1370146604
549364162
325266190
484507513
40572580
304684762
1007754396
309370044
1170336032
563439254
1188315494
938657858
954533101
1216847094
991517612
15473819
58165286
246662128
880806134
408893462
1067523858
125230723
987861494
486621061
861532561
302142694
375453327
1053043573
787827769
1029423289
501994473
383013550
1040323615
879020161
1030684544
1033888609
750658752
734914472
553170070
1019026782
609506979
1040342832
881352541
969268849
950019204
431846518
896563470
183952465
930367080
919703474
1022124756
311724182
322967970
221881393
949435278
1008204632
400230276
170018500
282017112
879477475
562167151
870056466
865232113
462886178
442873416
282612011
834513751
814204032
392087746
777259590
708465386
762252727
732090564
728913475
604241982
717336632
381236347
163347041
372345843
301182041
425344630
495361312
495365151
75280905
201457492
613694923
515079973
612312228
585846066
360232244
573253038
589739339
365157411
328070271
439492406
34350752
73217930
396015240
593445074
230778892
451303602
454283084
499456135
262982629
583854356
597072197
543624477
562511285
531614356
594130292
546928086
512733282
573690697
542810656
588453954
360281007
587079522
233725354
580733451
175068681
443377495
200617227
480773199
59036194
51231447
23450304
314258650
157075734
87289183
337324011
238831882
552437202
29900092
517914724
397390437
384436899
239065336
423101383
417488678
348244229
397732945
260627204
216894465
87009443
358476899
273792939
155312149
374412577
318905850
248993912
166960339
364985529
53839744
350049197
71886167
32407014
304480050
195202331
166038683
299999803
15220806
140739945
237244422
262991344
282364570
248734245
238994631
29079313
210909393
22289569
21406315
176166259
48423194
215590091
200665847
209217281
190698167
194810831
204527964
160303154
199721419
200561400
201992927
196817868
178154237
26056676
23624581
76109208
107950289
91674131
15010370
97120475
25885564
80298313
53580113
40777172
50322271
37350780
55971022
20395137
18454118
35996578
51502995
31639977
48993122
37654149
24777651
44772633
39571455
35580399
