1262819953
4158636868
819743767
4917092018
724373646546866176
3158234814
483195215
3320509150
4480949173
7274082
3119708554
706529067487633409
105056014
722217950380474368
510473071
374138602
417113486
3889469537
3182070679
752052102
2808778740
1414292568
2316246829
74883352
26288325
4874675475
3395995005
48481821
21092967
25539759
2822970266
170710076
1556853488
1908260815
2926994627
2312494016
707836655894450176
336293275
14289197
4093513697
2785095528
21771686
4340273833
4914673584
228639252
190589983
246103
1098348188
708865926498623490
461558727
4715309786
416765077
1897969111
1493267851
2949819154
4739620757
2647845984
4410438739
2393063119
2481937027
594052448
4912844246
711951150245945344
208083510
4457580614
4616327299
33186808
2240202193
2869907782
21097079
709630596591587328
709002427278737408
704079379467476993
552154783
893903736
3791311880
2778091990
558360059
3310800620
705136668899217410
20830344
3948670637
604261155
860666286
2499414830
371661868
50168095
4924186455
20654278
494420922
700389919387054082
701037297270026240
4800470721
778976910
4551720146
