893856362
4437444442
2431253425
714807004355690497
275276082
35216399
347627434
1963995792
2911039074
4761064634
4698427297
2321078092
4102376488
3477368600
2388263750
3184471478
191311509
235337115
719313943273934848
720276864015667200
709658177739087872
2505888503
180986738
2800810057
3023037872
3279753470
1699588867
19341224
591505507
3416488763
218379790
2465049607
714061312339218432
719090605343674368
712424581894508544
719112124966961152
719104319765786624
719093512088764416
4897945468
4898051505
719087558945181698
714023266583621632
715060826554699777
4872796808
715053058342973440
719087533284401152
714294450378317824
715078346368016384
4900246841
713662352596582400
717944447481188352
714039926027862017
715070294617169920
715753784937308160
712064816865607681
713591394267447298
712496968078135298
713653360033927168
715361822388461568
712508729586028545
4746697235
710863560369246208
707498624255569920
4873994928
719112375626956801
714288022041178112
712081636318314496
714305489878646784
1620539378
709497411144523776
720363759521259520
531965200
714735454013296640
830855598
45838436
3227381714
3227274842
1423521270
