16257222
719263726629597185
725776069442195457
605874935
41035985
3146048013
725362180288319488
33398080
2957427298
2560164125
2301955664
1427664402
4861158533
724920233761329152
725326579522519040
721762157927342082
721810462996738048
60442879
4678490953
706846593744506880
1596959646
718606353988775936
726425899
987617364
4916151249
560392375
3438374192
2725103978
4129886668
715078553470042112
720849115165274112
723201908647694336
717081899684995072
717759586363699200
2732462617
2768031848
723185200511868929
936560438
85694388
1048658174
24415700
2486045708
3042648633
3289836334
2520748074
4776611894
1171268888
2831430643
928924128
1131608748
2778561307
716898596264755200
4786772434
3012735378
284953370
928916084
716948217292689408
2397003835
3400662544
2969791466
4734878113
2817700675
403568301
707328010014298112
198328580
3644050453
2490361986
717096750964686848
388504835
717329715246317569
3450892342
917549833
72234653
702502809602650114
37083430
707008243839598592
2226226448
7343782
90570778
3369201501
2899158912
3910587252
1190773735
92410505
3017413136
2879118658
1649402220
3721593411
2929600757
60784269
351657777
715346596850962432
722055426125217792
4746473109
17024832
3092694229
17010198
1690259526
4859539443
717211742191927297
4723666106
2999615690
40074445
3506165899
1649415504
565167033
4602976217
317020155
4122161452
3084960565
3366317015
47487735
3600550461
4786271613
2841000856
882868866
4573284374
715982328569413634
714395530558894081
2891321533
701672295702491136
711813642161950720
3297649391
155706740
718138737281081344
714533158377619458
248580885
2434306537
66254710
709571133490630656
707591787301326849
3651814935
716421466544283648
4500317773
2579648546
2440702021
4858898985
2815808271
330250137
238361560
721791858175639552
707014838644441089
722406634505510916
3213652821
187614339
14986598
4431147739
720819416351551489
25576035
531403246
2230204178
710039528547819522
3429423627
703920808188444672
2357142594
722863815222661120
15853191
2400265759
273272639
2528045497
703324126744711168
3229057668
472920267
710396816454328320
3219127934
167781199
713378960642433024
126513591
115489598
3412762073
411863302
50462805
3367987133
580259049
4681074883
2371846124
605139542
183443986
155202983
213405505
4908752788
3052896044
2860845668
19793501
236580290
211899041
1036673108
4519178139
2827273173
788333744
711790240382513152
711778277321408512
1685873604
429151843
708265425998618625
4321552702
1018163916
1033543417
708168949578399744
711807873173594112
711809412973858816
715317432621998080
4678257476
4330712196
30756275
714457421704404992
711809141191385088
4918064799
17094761
3853344492
4893125805
3006098647
711798537831489536
305151548
260499946
859869360
711807502325850112
711789306642370560
457851160
928934761
711769344661954561
720346367923609600
3165860244
720087557988462592
1032467916
711837343976722432
2630211615
1039105069
235102332
1034108977
1038481423
711799540496637952
711784874001223680
20104539
710652652061741056
2343380198
703508474999738368
711771215757709312
4678698030
711793349452308480
711783376076705792
292562880
1013391902
69491812
709033342
1033120866
707779937751732224
1032700280
1038615308
1037985690
717115024880377856
1011914856
1038200922
1036675202
1033314162
2519082636
710399055721930752
709089870313082880
708858888322359296
709967115546189824
176797637
2941075884
287768679
704287025868857344
46166033
2435555557
164322849
715348976741052416
715353000341012480
715350684196081664
715347378560233472
715346992394797056
1869433098
714900811697020929
715290314626478080
714589895583465473
4615430054
710863564500770816
2412406063
3091848604
2522603539
3501445463
713605093514420224
3151731551
1240472030
2218656948
1403931361
1001797688
884378396
352483280
