625016581
4350698726
713381998497128448
1206868326
710520424589697024
704104455348703232
2921454142
1035847897
3250963519
699459158173560832
4249629073
2477694128
4896577966
2956864820
4826514806
1398189572
4741782342
2772719139
1556096190
4119430334
1019909078
3060807354
2691689113
2730236465
4360623811
900696535
2770768458
4186533740
298078596
542224068
3239792624
313354921
1408968949
3942801733
1411733180
911643060
1537128361
3808545252
3225838586
3742530372
3041847785
2569417398
328551631
2157633638
3322764158
620794920
2738390241
2200432590
3294793098
3254231522
2837174928
1355693287
2582329603
2151778464
3184533704
593116570
3301404237
2270647028
3237563480
3304415523
547370189
3194915383
553179744
424761391
3177180744
3154649137
2873105607
600215871
2696548249
3078593880
983836291
1562534942
3063350961
2805154611
2972558269
475290738
1589739139
2740386053
2975459044
1959412778
2952878395
2935822998
2901969986
2927181710
2923063904
1093673731
2581424605
1358009990
1302100442
2910288878
2852172144
2570901544
353149159
1640977256
265453843
2816000348
938494592
