722367936686592000
81947660
3634502112
4832784719
86584390
108698830
14645160
1919067534
2290976380
708399374024495105
3197846393
712902119548780544
710687037968375808
703045003673624578
4731866185
83993189
2231908087
4269764841
2941752709
846416490
2227569349
4542429856
152817518
3887075968
2835885090
28006779
255523852
3421307217
272254348
2951561174
1877539627
2950700987
3192187665
3166707945
3067223777
2944881598
3022709566
2964718335
2202520958
1058840160
2760032591
2739546987
2654951142
2613791119
2558123467
902278309
273686714
2472913824
33925663
356159827
19960313
2448030750
2179930680
2386132880
261870897
867978583
1606685316
708621275
2257525474
72064503
455195764
263028742
386403842
600364327
566925852
467401922
789891216
992206303
2174901539
572064770
2172139431
1129614402
1834121875
1951803624
256614762
1656241082
346315693
1468528812
1107795540
1849034797
1833541460
1684656470
1702663868
876043267
1158731677
187775309
628941481
1559393250
248432138
419288155
1212757472
972583746
330686262
462613776
195373881
402413822
1334966054
1327476289
256134135
297755717
1260309415
319496268
269945159
820042099
1151396958
1229959746
473952705
31040480
434659026
1163061782
602778709
1100240424
262479258
1087320678
1035777674
338179368
568759839
333165621
1023430969
566881175
912580915
989652846
748814366
876542040
249814573
635910712
408645009
903110174
954789576
625203653
458992444
626851169
803561941
926656874
581407915
505089121
418876487
386300897
884781954
575856815
567811272
165981228
513287360
228616785
505212279
844416896
842486400
251327931
839039059
836129629
834845779
797277619
308567883
322038356
785980957
785130104
350024120
727356486
288259102
45967697
19053788
740948930
735622081
25688813
436034398
306300965
277855874
303471386
363316327
629512294
412769491
617713500
506776513
291458338
301184795
359519260
403802334
414939791
621133562
603917162
309970554
605559421
528049410
568365672
564209956
589466220
228385716
584421096
279557125
582142337
580426827
580695061
579066782
577594563
318650795
307084566
299712982
199028046
300531931
78116994
562023469
554073534
303944599
436180209
551167729
380539256
342154674
39407933
250758148
537723755
394160482
133908324
529590690
96479842
523875116
328505184
523687933
353360210
403157527
517145693
469824087
454194257
383565045
353840472
498554392
433464651
458999724
357683002
358943631
498490221
87355131
297635736
400580381
305400438
448666568
334611419
448573371
142407946
422209909
474663574
462653776
424762725
63627052
468902960
462554289
449960309
148477665
425345748
456280947
402442205
291328263
373650028
441215867
448345367
376917912
371049825
213073815
263884894
177418475
308859312
364974435
346888116
296967293
200105826
412794603
411076363
408996094
361684749
406868100
216959011
373003279
39511901
148179767
393179960
143207441
301824794
396300238
394488274
374839091
369567570
336285929
273147692
372913268
49433217
376578729
368717858
352865383
343090691
366109320
366647180
139312759
18698076
344508158
120849977
255648908
28273014
358440727
329412342
356963664
356948593
354715017
331103975
350398784
330472561
296800808
315974541
303421733
303261250
295646470
326531505
236927846
345640891
67795085
18337853
335649184
337803410
337415814
335705539
174594414
151905951
315488621
311800400
326979348
32619130
74626846
326303130
287370417
328665915
243485136
93133293
315899939
305234579
324674154
316617817
321092384
321121562
311841784
318180747
315021545
56169867
62832198
63330985
252437982
129923048
181965013
304196192
310032394
223395003
309277156
111133560
308528637
289561653
39149348
220465291
307086084
305834833
252439998
155580485
304192546
304611612
292022403
61109445
35522604
303974797
293182490
303569547
258033462
34290857
302590699
302155729
276293321
302102599
287493417
90098414
301567735
23020390
300630179
291749790
265757589
291465821
124717057
299752745
21824384
255362135
22704089
279683802
294752636
230262398
295480522
196868247
20091880
291423585
278177471
247086497
