4372801157
2224527094
3061942536
1056321104
1706446440
119138332
3247101387
349777257
217259832
254272237
2948531775
424978327
1258280856
383947431
3087742634
365029905
421913686
2872455172
1255405022
3018904144
1375623036
2306517595
2587553488
373952862
1873308516
837581600
2682750846
569445392
322743871
139431277
902442344
183238437
1578660733
1057097665
330757946
883068800
160671647
235334758
1625573461
490552547
435267424
2361516811
456900660
354239717
2497329086
515181643
439630939
2663828071
183274698
438621161
580568247
748390640
