4860491887
4516642252
702079014442110976
4869344393
17801505
3022632370
4833371884
4736794412
4561434194
61804428
2462344249
4270109363
974899824
395988628
3192426900
33923443
243601097
486913239
3270385051
3362778988
3326788718
3325509072
3164166911
3027399951
3160486188
3428797463
2548990838
636698120
3256836626
27981823
1733225917
20552026
18300767
70936639
59167092
3148466916
103952733
28206508
389640445
3158136624
254072958
863572644
3099335194
3070891358
344030753
3074743197
249480206
38537553
198565675
990184819
612802660
498021508
16120950
2964236845
251282374
2954101993
35760967
39172617
2950721922
1482363973
51334885
420253656
2934650349
2919096829
15725686
130703239
16196492
101896464
364643881
289367514
1117853418
17787993
930585355
2363129454
482400649
394040972
2563827024
2646013850
2614807814
39542773
2677496271
15798813
455278761
2347552891
417607477
16581105
106520701
1937964840
2519394711
42295635
1969009946
1739448000
76454460
101882667
49060739
1621383055
243263882
19772936
64869457
2211914983
20252947
468834993
15676106
262824330
43979220
462415310
16313592
371418272
19593572
19273727
1838871498
19722881
1498760971
1442537034
15937532
1433474491
21999704
377161693
16323164
18307448
931275878
357710174
1346759030
237886914
311605059
108234997
23779091
20394822
495236576
19396272
18098232
240274386
1084552496
216214819
21282305
82969754
262751114
818721019
71399267
119162919
243043627
18731092
553110219
38598088
460836741
44266660
294721183
