719936219396894721
4559037475
1675055239
2847843462
711749204272672768
698852853385969665
3377927063
3271003590
714631422783463424
1877156094
4812171133
724717478056759296
723966486956630017
2780148254
724452882204913664
2719680245
723950766331977730
16513416
713356789266456576
702983454552682496
723311957382561793
1933406221
2940406933
3736888998
723756802567856129
1948348231
721864159571361792
717110050016223232
721105867400212481
1120903556
3344193316
715134406239715329
703935070395092992
723315079438065664
3127623839
4344525675
2733707117
4748686573
709433372762836992
4872893787
205145507
2257961110
722489958838231040
715765775777316864
713501759247925249
704538490227269632
722579699143217152
705873624570458112
3060237295
705895282467336197
722496657112207361
4893092739
722360964063109120
4116828078
2451012948
2959979196
3317954336
4463163513
707427276443357185
1689681818
716548772843532289
715598608624582657
2525979487
714370448868270080
722233674100379648
716860476307726336
719723365272010752
288028186
2944950070
722197893461872641
3284747624
721888343156338692
4712382137
4870775949
719716838045839360
3033327539
3413585271
2533858286
2820684542
2323336904
2251191285
296911363
3429536020
722061567240613888
1699588867
19341224
702666248056737793
4762959135
3277011847
737779410
712103744754884608
2465228118
3414608173
712119338111729664
4837405739
3079314465
3786696437
2453263939
3485448797
721217785066610688
4152961095
3303242305
4204392819
4207284134
3302578272
716986782483681280
716966809493225472
701099712376537089
721303407949135877
710086997151498240
718135891340959744
2343637687
2476509679
4687583551
1668646434
2363826061
720780045443313664
719198877526683652
2830434669
720730743559688192
719960267094818817
2456952290
4099919249
720317274771460096
3734126175
717506648546418688
2779112234
720573226783518720
4632598876
2949826912
3094255640
257301429
2983329365
3090221701
720003335730946052
4776921290
708125037476257792
707858878843609088
720285495197097985
719738609331486721
2263181128
720278249037672448
3073955100
719208991113351168
702943686620008448
3176990929
717137367728046081
720143666560557056
720101689546711040
2301006799
718355235627003907
3396533973
715369710716633088
4851539691
715260984382918656
714873421239304193
718922706142556160
719803787968385025
3713997974
714450951910920194
718578884325830656
712245152073572352
2381106968
4839131571
709256721852715008
719218007336202240
4542753315
707292424834519041
718465332264873988
1914493826
719447852863393793
4898156877
718324096275247104
714237603562831872
717508888237617152
718648508887146497
713036543472959488
4556703852
3085465926
4243752346
707099719915282433
4725968762
719220683415400448
712834587026567172
3132714374
714870027216887808
148366108
717336340279394306
2901888967
426909936
3376321847
889141086
2236444339
3036059283
3105022769
718836073045041152
4698409562
709119786672730113
3433264612
717009465241776129
2886777576
719036777407782916
1005449886
716762181673422848
3291319484
2588030898
716426518361088000
4920208786
604261155
4657552827
2397834095
718599849562804224
3248185530
4911709438
179537177
1959620005
3029406649
709110737952763904
718617309590343680
2267850161
4914290545
2780810017
699331017543299073
707360131059687428
718584217785872384
696328823709642753
3133753556
712964616117092352
717446607860547588
4764764947
4798700015
708032815665913856
716115558312194049
3150693160
3375256024
4628549489
2894120903
4252391908
701200745601716224
718225960655536129
713746833059684353
3018756516
3067468810
264418864
2914849131
2317798118
4890016703
4391609654
956720198
3067181732
2406001417
4687626438
4836448950
2508426030
3387050435
2321931976
1126205282
715615500735123457
706196826513399808
1721010162
712881896485576704
3193571173
3297391143
2988762275
3911910261
1464892860
4009701254
718933337239351297
555635862
704044753046798336
3078624238
3219813456
4492846454
4310031133
3334988273
4429607777
2397446755
1925104536
4639349592
3361077623
3436497153
710301355374608385
2482455901
4717575682
3060429245
4551977472
713920278355521536
3311343711
2429711120
613607210
3342952160
707368425601892352
713831219230695424
4847510409
4543116312
4874765441
3395162847
3207517335
4180878553
3374822537
717438061026676737
718319297219661825
718597152700768260
715144335394750464
2249600265
3087381336
718059953706176512
4725683442
2207590299
4853955477
704454502204637184
2247202506
718858417604059136
3290781998
718543351910436865
4805901192
717437973390827520
702949048592928768
2757141749
818113339
3351132088
718211809501646848
3474658632
4361963473
1906632619
4682441276
2860985898
713927160516349952
717308577568923648
714241360744677376
707705898127339520
715756337834147840
2700576706
4884242358
717858714150051840
706164938511937536
716392507039461378
2951035183
235365358
2893865285
3031509803
716043052960366592
707062495429529601
2540857164
710636891725438976
4875407098
4826224206
713597144129646592
706916083861725185
718657751283548160
712665296478330880
714266157071491072
2498935027
1658355510
4093833323
3076526260
3164257688
3297716328
717727573388697600
714973876296556544
2795268792
4158580804
3374910321
3221946743
2828543264
2987651855
211707233
4878529696
42957501
718061223670116354
4807015832
2238827566
716932856698781696
718221861549641729
1544146898
3287571265
717690233710583808
718196254099009536
708586287012454400
2594455773
713164459313917953
4188986116
3301301993
4620514755
4828448260
4549139482
3312071416
3355295098
4385886983
2784392306
605664681
718790796959424512
708414374331883521
713996526414999552
703952112288296964
3754951393
3776924833
2431059188
4809407441
718702674015870976
2895340715
3920520492
4628064559
4628229794
4628177479
4662750150
713184769136279556
3084949907
2806387010
3663183866
2474658944
2961523257
577636181
714591606632873985
700877310493224960
3299903352
711381841723449344
4639982354
711605638015655937
2879351049
173123538
2517386405
495410217
718393732861718528
702979356411490305
4822944232
711019682996867072
710188432912420866
4377090860
718112714992787456
4486230672
709890377457610752
710980529399660544
3838500863
717116857568735232
3246578366
4890033148
706934665710583811
2799241873
4540580848
4837019261
795312110
702247041183789057
704530103271874560
3152917336
189187982
435292458
707383761177059328
2156222899
4648999708
3409946231
4733370257
2356978370
715244693639061504
106271457
704747043936346112
331793784
1264634928
714674548801667072
718234679829204992
713868601397108736
4195633763
4687686997
715130038782455809
3624680416
2344292724
2612292484
2351020381
3005191026
2282714556
712751955584675842
718253702008684546
717491388917628928
717693940913344512
718195845577879552
717872316626022401
709056588485627904
3226806517
717729816707866624
718140459034480640
3262317652
4564176703
3272674495
628073
3415025662
710091260749594624
3308162864
2779469863
2735259126
2577521989
2534644700
703665347182747648
217122890
4857832469
718375101687861248
2628616006
1447821932
4135757223
4779595988
3092586064
2944831563
715828405099429888
1578549847
3333145726
2759592960
1945432447
1634693868
704366910780141568
4823318795
335428049
699995720103886849
456246070
1345927165
718322295626928128
4658996341
717219547984576512
4913704687
711992576388149248
716911827469406208
3250065978
4200196757
4121352975
2796933971
2680688844
4618765633
2886632094
902682872
2323385539
3923229258
4245109180
717884537192054784
2917085131
3269298636
714541232106504192
542828548
699977354655838208
710274460859826176
716002514869612544
715359155528159232
707450241453301761
704812339179048960
2858025910
4483851020
2619669978
4852128799
3052768539
343157640
4041033552
718220001384263680
341114552
714936753501679616
3355105274
4756284323
716381752189718529
714537555606298624
713923693680852992
3452391438
2351626279
717882731263295488
714599072594722818
714420779421712384
4410114737
713420927476871168
4831483073
4590606399
4739810107
4657061595
4790497704
715455155269931008
704613094677467137
4091511262
718139399138054144
4836457887
710870427481063424
4691024245
2948102487
709820067500990464
3308596791
1590272766
455918982
715620485900296192
704364826462724096
701060811981266944
2527345614
713649424585588736
700426099298279424
714866630153535488
4275476175
4757444963
2917579597
107442409
2896215979
4706150603
2740965576
3150603080
717557216224489472
3418702684
4856139477
4708916181
4460690956
710603799614742529
3092216890
2952390406
4851175101
710533813189742592
4847640422
3777693255
3522480985
4656287440
3429221332
4833354310
2806315637
4076213233
715498186090131456
705013080242180096
2375779024
2556056715
742965960
3310477846
2763607780
716041248654692356
1867912040
715198996394876928
3835897096
3234697367
717478508243640320
1734575300
539460239
715253987776270336
715725349909233665
3987559619
700881856317825028
356896087
2866585833
712865127519887360
716346875520090112
706987707508064256
569512692
470333130
4902508799
3307127567
3115515105
4375328600
2590170090
3980936560
2242925445
717254809632514050
348864606
714731262611746816
3438079125
1362480030
4818812691
709122942664187904
3997425550
706436868292763648
4407944775
717981241639845888
4872293741
3344513403
516813510
3041925482
3901939833
3570687379
3244089260
735319519
716919978037895168
717050376650944512
715301315409104896
2751783088
715283593795227650
717826284114558976
3695130015
1628948959
710630997977600000
4733981782
701233472707371008
773277918
709537177592471552
3833456717
4916277179
712652701478293505
609559483
2999093593
4686672674
711689623840362496
2943398906
2823628579
4550543297
2412877136
3145787528
4874184332
717924491976900608
4916152329
711792757493383168
708326738003099649
3401527504
711717876730736640
713284793094578176
708702597566214145
707034273627435009
715551046261673984
4350587352
714530721990217728
4921662959
2635919640
3236475095
4851389091
706500028014186497
4848230343
1441927333
131305156
4771766968
717128124727578624
700458817834749953
3530135777
4925651282
2824936998
710853812156702722
3168182886
2288950058
3411373906
3300836108
3088059744
3104335874
716878916183392256
3913384659
713937657831641089
2347790083
1916144448
4061078961
717197902943092736
2709915493
715338579678011392
138831948
3051317208
3011816491
3450797959
2731581783
706904987402702850
4571855302
716954324056801280
712686704595959809
717467347813015552
2421055405
2822963881
717553577229553664
3104403065
4908722189
4867006193
2435799752
2963067208
2773222858
4618989561
4042819744
717158710322339840
711822163917942784
2623889357
713028003698253824
701919518080290816
4890056302
4364521017
704082047468490752
717518093061197824
717325097485271040
4640813893
701634823237070848
706434004468133888
717534586767556608
717536477261930496
4867818993
712829239888728064
717020612678410240
1519450386
3282074839
4686193098
717127325951746048
4041331397
706991669388906496
3207622671
1110662156
1666587931
714809362766663680
4919289641
1478263172
710990182179315713
714240643036360704
715651338428755968
713452601820327936
3054799571
716458077839564801
2910996514
717423747737714688
715733596934443014
2954005035
2888041213
3363370683
3049697188
716784713046818816
707888487966580736
2180723897
715292375661289474
2634953605
717350987686612992
2929373329
4541450832
4821518109
2462479085
716103181751726080
1214024786
4846750484
717339849221472257
1447714782
711300342806237184
2752239995
711758077737967617
715361897587957760
707760500046692352
3158305944
3340394669
715969293846876160
713554370126680064
4917762690
716715113227620352
3240334558
1187710807
2700234677
708437997767806976
705517974006996996
2309961200
4866692111
711078664075608068
714825177939460096
4046653757
2371921537
706098613018083328
714334540462862336
3411815661
4578285201
2734621727
3176643387
4148492357
715341100165238784
426366179
2533732812
2975411882
706950087772135426
4433487733
711547401912197122
2858673547
709244575366258688
716535789245440000
4886890137
4082147292
696538414657568769
715749398588891136
2824784383
710933858322157568
716916739204734976
713335444008775681
2948809337
3346476592
713952856039104512
3180063977
4635805340
4711363280
716892862311337984
715372148160798721
712428754237153280
717111202564993025
2840785728
2207755372
711075274842988544
3122303694
711962222394777600
696887919403884544
707336329156235265
3108455625
716007043778347008
589029003
713552024986587136
4827413492
2866998159
2555187908
2745949505
4775291714
4822405493
716405624381112320
2241544968
2438327870
4545065832
715950636483915776
706326061160796160
4278761122
3004874969
4697638968
707286000884686850
714286244201701376
2747266538
3797486128
715589681589649408
714811637522374656
3116071175
716654494113730560
716280167770013696
4252279725
705331940686057472
4890705107
3095581968
715200167968948224
3289314504
2978398281
3010786050
347702050
714216399359582208
709935009784664064
3314220643
709165452686135297
4317626056
3436614808
4872480798
86371238
3137582499
3230175380
3412574116
1194955891
716220869689925632
4728574762
4910697870
2744383635
4892483565
714728776467349505
1738408536
716395919214661632
1071835788
1281493776
712472521111691265
3588242352
716005462689361920
3180031614
713792524016418816
714158355393196036
418201869
716739195130224640
714665778453286913
1347767815
769383691
715605007941369858
2300874225
709616920668954624
714586378638495745
714807487740973057
706416983948918785
4130749813
716821452767551488
350721443
710247695252721664
138509705
1541037174
301103272
715719924132524035
2786966292
715008425596354565
229015854
409642311
708147833346469888
716436452335194113
1120579824
3152165195
716553537937801216
714843107993456640
711669215770447872
716766977998479360
63031050
549080706
714610754809253888
2544054756
3578454252
706634310225235968
604776675
705852963311513600
716681356328116224
716498067894067200
3733545733
3776807180
4843985539
4827898258
3141813481
2521796575
853878793
711184136313184256
2955049796
716064196757168128
716540137585319936
4818234374
4244963373
4639573244
716043368262815744
712989512700444674
4665397213
716771605792337920
462619241
712239249228222465
710203613751201793
3341586433
2308705576
2874390546
714095072371933185
715807740975837184
4561226554
712000145265532928
3421554826
714547091842973697
711874905491378177
716757330805792768
713819960649388032
3810771673
716739106664026112
2539634817
711669918694031362
3229253916
713992532699381760
4766825901
4017576552
709914459276447744
3421369666
701567024678330369
709375825456582658
710160534033866752
4692940736
3344955327
716426830429995008
707069238339440640
20817660
4134892707
713111852289552385
713435291491639296
4655248642
81189900
703598290265362433
716639298683080706
4703779526
703071534991196164
711005231283310592
2525850270
710912756682076160
716705536738074624
3052979188
3782872334
2937779741
4841704092
1034832060
1584822954
2855040961
3857093788
715646935315525633
4108301836
778081285
3362646077
706809962362703873
714466428913590272
3320971205
821785831
715565130319339520
714687027179089921
4904924038
708045166947356672
711447969917087744
709092866140848128
2837148600
4882936157
2515278951
4791985063
714336721383587840
3248865275
705671685823803393
4916508177
711218370914488321
4883254241
709880693942259712
713359062184894464
4908745265
2857199688
711622294813200384
714494781926285314
716578629719834624
715853842974248960
713518554449055744
3227799576
715289087025029121
2335907612
715710339501793280
2372418774
715635396651130881
718268749
712051759221514245
2994536439
2706925567
1027160688
694631344152956928
2479727100
2478383108
2596765750
2476968415
706896494150942720
2727047570
2941532272
3242665609
245344059
715477493986107394
711699448628273152
710933709470502912
3403144557
3038456726
3389515900
702364326531874817
710933713689792513
4305103277
715639560181587968
790914384
714577124565389312
2850539648
2190593537
2863180256
344618518
714618637420613635
4891148091
710464403783593984
716039115020500992
714813651534880768
3193627904
4140114124
998833561
716131101547212800
266177771
703747186580803584
4834282047
4916802903
3195111740
715926800514355200
708162024098779136
709280079025573889
713324377815822336
713524209574502400
3245681605
3347516475
716431540259938304
3304921795
2642690064
4250595083
4497491429
260878095
3305709576
3102707594
158717464
709837327166803969
529427727
2978826859
4776270350
3052119845
715928182222897152
4698097111
710253862767054848
2348076222
4688329771
1709006911
429057703
4711739832
2736332668
3063727357
715257178672795649
2203558911
710314667717963776
4912822825
4131891502
4100138543
2481234074
791401602
2822784679
3000517390
4573365813
700520307606425600
3069224584
3453422783
3795909742
3389762271
710597426969620480
2796208990
2462619144
4851472273
710979149595353088
4116938356
709391765342564352
2999566277
716349304022122500
703687700830953472
902492185
715593278414934016
710214770402656256
716086852315443201
2410979580
2351970129
2658886789
3213125428
4886980348
710289641769803776
3496625240
704429695522226178
710638583045083136
3044860746
710904712590065665
715268803521855488
4152151282
3033609038
2943406498
1643404154
1869284432
3377051638
4616014333
2899788154
4819997007
1101516025
2156548582
3344596252
3045125268
3137758909
2318044496
715726259876196356
4192369392
3325042434
716429203109863430
715389477825306624
2956953050
714480518574817280
4707497123
706248983291813888
2577971556
2903023346
2559952592
3128297252
713002804877479936
4827483871
3118845852
2368536324
704141084511719425
703994600411820032
707030934101463041
712744956947992576
716396677121191936
3166159873
3390905463
4896063417
2575453414
4836862727
4354551256
714454533942816769
713887856679370752
2492761013
2941144221
3396094514
4727455228
703065209112387587
714428580390957060
716298323808784385
3050052787
2942938691
714763378372263936
4696668494
711820233976078336
714204930400198657
712386116481998848
437635780
3895782374
715661845001011200
523550917
3018415409
3343345455
713801922780782592
2561947208
4859852721
711300306026565632
713835356198600704
3061467864
4840693402
713764267049095168
715265730913169409
703237860938412032
713031345983852544
715502247560482817
1362298064
4608202598
4700405354
714133622710804480
715984789740847105
518597125
713359812264902657
2463823284
2277034130
716271683221454848
703016557480267776
4922154135
4675410457
4828297113
1611171176
701497096684363778
711600582180663296
597477212
714409946465583104
2634792204
4027699330
714464098847690752
713880219522707456
3027947814
3410667575
716046821949382656
3438246772
3441313156
702318461389807617
3025581466
4363928309
3271230110
3434865857
4795237974
706153030710767617
714713195475300352
1426395632
4881416218
701183877847515136
3254810206
710352447613440000
2185301065
2892587718
716178663847305216
715919202142593029
3155746923
706853173143724032
3229227723
713919377305944065
711826090625400832
702651990816530433
2170625509
715244667323990016
714261498735030272
4308063813
4613338959
714577248435703808
3052342337
4472304989
4772202261
3772856417
714126733700689922
3096880286
986877710
715545547696967681
715175419679518720
2214158108
2208973877
3215489153
715069094765039616
382616232
1206642955
3312505322
2934428756
3389629738
2371939164
4124201053
1726860764
2716452562
715951134481915904
2740965173
1258081129
1619299975
2281538577
4021088655
715124044476071936
714983983344386048
707249407905951745
715251673204035584
2521991204
4676711899
2558056554
3298109645
3064036681
714126768467222528
3632291721
4833802199
4086903612
1686050131
4858914593
4884762127
2178522994
2797127485
4835899788
2918664357
3398982495
715217666118647808
4311249034
2301286653
3103558765
4831042307
2739509871
714483831986917376
714148999402377218
4550295202
154739587
715600531406782464
714376530982359040
3986716288
4469099414
715180189454438400
4634575573
4154155631
4524586036
715609310349303808
4856186284
715210750785167361
3287177929
3251123946
4855065153
178952639
713009600270708736
3002148279
2300365220
2952393182
326236387
715688195069837312
713501599419600897
715715391209783300
713910158426902528
2906736133
3480164896
2920967672
713858402850570240
1452307682
1512023665
3257960870
3717043102
3264588550
2521751043
715190043502120962
708491723383549960
3256187142
711648017409937408
1639023584
2575909801
702295481318187008
715729436105129984
715185898808324096
628654487
4885852549
716080581457551360
4837659836
714368142965800960
4465396102
1702475467
2703159861
701536084602318849
705797469754560513
703006147100307456
714592300341526528
2904698482
715000564673675265
3044736406
4761439068
3304557018
2346994720
1576625438
4916868394
2917006788
4685118594
4872884067
3289144561
1005367440
3202461449
2897092360
710755466020855808
2878596392
1623907326
2968756482
714790340952199169
98516530
703578944151404544
3016033580
715688826748985344
26952673
710991901810421760
4090226277
696423250956517382
4863340667
707767178666201088
3177968565
2549206248
2312852635
2160867406
1859533784
2936455947
129187346
2946144737
4855932749
706037986471895041
4603685177
3306342363
4640188341
715595474799960064
700872482702675968
714805297441800192
715571620883116032
710412379776000000
714021290416422912
2184840360
3082406580
3955366090
2937705068
3921282253
4767641957
713397427466690560
4727977458
3134023481
1557980575
715496424063049728
712696916346155009
4130304454
2201364618
708820974175690753
3448203317
714251407935705088
715825796926062594
715215279043686400
707655273754861568
711892087927672832
4891663596
1409455165
712855582173229057
711540805559713793
712456990006444032
712913204347670528
4486504475
712866760706420737
3380910299
4322375236
705546093258481664
714323640184020992
4053005362
714279751322611712
3321664011
714947582116634629
715714633219223556
705238571830132736
2989316175
715003460752711682
2959815628
4913221393
2446080792
2811839817
714333967105667074
4692827725
715644829309472769
714572479893807104
2614084687
714873256986148867
2606879846
4265570883
714112142346203137
4890006106
702283753989791747
712987323781267458
714944966599041024
713087469227532289
714118177110634496
713781745041145856
704533738651136001
4819951973
713846468604403714
714875195090210817
2787117384
714457129126481924
2710924278
714227049188212738
282063937
4795342052
3079076003
714754940502196224
714093371866877953
2858201787
2910661171
4827260052
3905478084
4577628803
3054442472
714827301771415553
714913008489799680
713795888645279749
714265105404329985
3119250521
2909818817
4821907630
2567668790
908909023
4333440928
3013896994
4892507289
3315764325
714250062038171648
88641385
898654112
714199031665168385
712131686037852160
4046743756
2299326091
712753982716903424
3082342320
3195668567
2889234572
3360538565
714059285299339264
596018318
2745463984
708851449615114240
774641042
2920190241
4279512143
3283056768
714635684825415680
715368157595222016
3247264688
706509202198564864
4914885677
3128478421
714590201411198976
4306455682
714819602216169472
3267638797
707804536208015360
714217534229078016
711511485613273088
714990896622776320
713384552815837184
714407245912510464
3559622902
3466694774
3392210979
4711947098
714039691671117824
713823190502481920
2243902547
714981623066861568
721125636
3198854563
2855714519
3295412503
4695115585
393130690
715408867601948672
1325366612
4770679079
1676308892
705877644844392449
4236428279
2567569851
2247016518
2171319974
4836330897
237564034
714885457096609793
3355543005
713049159226363904
714677460198100992
712143360153157634
4197973209
714796411448111104
3038786395
4872478402
4655955380
702601469720190976
4018888107
4460150840
3008568293
714583803377938432
3376247638
715483893881638913
3311217448
4352288781
3082455592
3347047827
712759712375304194
2953486486
3791045597
3224457627
3247347685
3029962928
4475650160
2846184887
2996540493
3157815929
714673878086389760
713814734504525824
715392984938721282
711611854527696896
3011767456
2766221682
1695254966
712755438874394624
3439147210
2531118368
4706596833
3918345266
2781483048
4414687462
4746217756
2485850870
478976184
4663728737
2962732857
706362336802508803
3306197754
4820266175
4801374697
2531925537
4828493197
712081236836003841
2193238398
1382310199
2608709546
714477607207579653
707290183335600128
3613193414
4880679703
2321597736
2850754192
4926384448
547153197
3053399441
4660935496
4318469954
3232940366
715358952695791616
714355892037283840
4431226822
3980941174
714323129410039808
715227734771965952
4917010831
4870843407
714447807034228736
4921252611
714951203889631232
713430439948582912
703793069041303553
3307276016
4426095852
714157281898704896
714893022996127745
3243599611
3289319841
713862692650483712
712461234579369984
714198036654776322
4838884196
4260465417
3105579950
714462322727587840
1621046587
1062292184
712018252365438976
709916026524147712
713407952422641664
4040427203
3304530331
713572105351204866
712332293096910848
714538141848309760
714521409649651712
713002439750713344
714889953709277185
713990902910332929
714674412558163968
706694328689815552
714251094164185088
706974576857600000
706965788780044288
241871600
4779581435
4352169732
713803654227107840
2881526282
713741721088212992
713053999956537344
3432443206
4625274132
2954152920
4372324573
714983767266500608
4614869113
4623626021
350602380
3244434953
2652066904
713133519073976320
714485250122854400
714500753839099905
713763636175630342
2875927967
714691969788854272
2941059467
705508628128780288
4855550709
2561655752
706976885700308993
714457841571004416
713702129966272517
714472444828909568
714669164925943811
713146024911437824
4884967394
2329684909
4857495550
706047802732896256
4639263385
702968367058128896
2811779135
714570738951294976
3232947516
713423304787275776
4838104214
714078079015059456
713854134101938176
713806873166647297
714461566888837120
702115569630375936
714407872239640576
3292817814
1969127310
1054117542
714220973197803520
712971373098967040
2252085601
714500131756838917
4189523692
3047875917
714228081041481732
706913436366716928
713153566588805120
1304709373
2536311479
713138865758932992
2211264067
713441228809904133
713779522466918400
703633830494732289
714646136699559936
714945958908395524
4834967758
4643968456
632378959
4740181454
713179725649149952
714900116629561344
3311490972
2935480043
713130090800885760
4043181149
712722559716958210
2830241381
714652061783056384
707643163276611584
713738899344990209
707381182762262528
2734866606
3035045645
712090091829727234
713493185171947520
713491850393493504
1553122878
3722453003
3436546876
712073242450595841
4919850173
714522995365134336
713888868278345728
4829587103
714228338378858496
706477428407926785
3359316082
714765526204067840
713800946510336003
2912769746
4892013370
713659071421788160
714331311708614656
464610440
4104134055
711979850056093696
713786423720153088
3114028692
714217918909792256
2995810614
714124573684408320
4840201516
2232247296
4502538815
714277151239868416
4708399396
705748406443053056
715108757999628288
4626706349
1323289778
2998801944
706023681995112449
3429086111
712526745321259010
3434203179
705466148511420416
715026519362547713
4687567848
4314328702
4333854677
3287232204
2869177268
4717951605
2747725819
4729895380
4426456753
713431091554729985
2985087235
713016863244943360
4674061363
712325146049060864
2173226371
1383337938
261785913
709553489710481410
2919790827
1423283334
4496522777
710689488196935680
712387064831074304
706138781980729345
707696671832944640
2336913420
3421037956
3282835981
1495850702
711177643102760961
708837131041579008
4705269984
704117441882943490
714930450221940736
4847539588
4482232333
3100574711
4873572958
4870921168
701096747368579072
282097041
2528483026
1304448890
714224201574563840
3602782397
2279840486
3828330315
2809845654
3347027745
3300930097
1632979069
4343153787
2444123586
1082629910
4838102524
708663747993165824
4403785038
2992772400
3886973985
3437128468
241777743
713403066809245696
713855277506781184
4082394801
2808106212
4409115335
3169330592
713038204639686656
704719090712231937
317378810
4767904557
705988910074101760
714264548010754048
2980703261
4852015553
4711143822
4800907434
4855930691
4708154451
261749627
890107148
2861136783
2941662016
4397504661
2301970080
713520413737947137
1663876976
2757324667
2906662867
700901112874999809
713933935093239810
371640208
2800090736
4896981682
3338076879
713898214118789121
712607085385613312
3000816519
3731162129
215624039
3095491193
713877779209654272
1367788524
712789181051891712
714306647024381952
714309854576312322
4720305944
2776280242
712020148895531008
714298299361075200
1641373891
1268578315
3196196349
2443268784
4267774275
714277796151865344
3139325366
2889269106
710708364284600320
4189354336
711410484080062464
3424268307
452493269
2169065986
714620833545719808
711922032078942208
714609390586880004
4805302934
714279481515618304
4160458624
714237567324004352
3086702468
3033851317
4137888502
2800979615
709589099087319040
4833594312
4097098813
1311107744
3302992194
714612617013125121
3284085668
714807225601146882
4475908336
4861834247
3087073977
213912915
3273533978
495679604
534624165
705079063560527872
2938951313
3158193631
3311032445
4788135808
713072455724765185
714602949700415488
713000413054668800
712335800210464768
712752041978945536
4470442995
2321926410
410314232
2284867965
2382631724
4760741822
713808166878842881
4706967797
2866014990
4912645525
4871955621
3627591859
3085059362
711409575619141632
396082868
4922731151
713669754217582592
4615175521
2297596987
714057075869921280
4665143127
4238338119
4818225808
3555955882
703209148402393089
2180959401
4850780829
3797378355
4735843397
3912728673
3981884537
3407633067
2231967773
713235254916489216
4728216615
4704256891
3876150040
4795009384
4743999142
4869410865
3794530936
3302728116
2766760104
1304279227
3664861936
1566389953
4581002126
4867701875
1601675454
714552803587448832
714312807806668802
713805493731475458
714513907327639554
3917417000
4759352630
2536388622
4224730033
3585298936
710098475929698305
714098748947701761
2535349377
1319454222
713388834583678983
712513944737419264
714278877506330624
714277516844802050
1715373858
713382599696068609
58930418
2232017766
3093552442
708926219484585984
4107044236
3348877143
712296867141447681
712770782884184064
712263071977201664
4060110531
714239576236118016
2441534873
714139301152497665
1726863421
2696608011
2658932263
712593728892964864
706863037832007681
711999763839893504
1246520088
2555861135
707889563067408385
714176693636841472
713921871943602176
2798141308
4889696859
714493887482494976
710584596492976128
714125860819836928
714566635386970112
4807477874
4838864392
708772835196604418
713851715020152832
4841016531
714315052220702723
713465645942353920
4826733700
4431296027
2995019836
712060061489635328
713882015037276161
711804112371785728
704266789241356288
711614789114589184
2163688015
699347369779974144
714449132023386116
713009218333224965
2927240051
713847930214604800
4581356833
714324601493323776
713797065629892608
711004807507681288
2656155034
2726543199
702168049890304000
710358022883663873
4899763619
2998375623
714265259326967809
712296914889351169
1905489313
3129112310
882589830
387224348
712816830730080256
707460702181695488
710188875398905858
2888800407
712006657820246016
298067639
4615918038
714684237530730496
2297469183
711256928131764225
713900337191497728
711574789647769601
4925977635
4300692976
4915790344
3736778713
714281947237842945
711361242993201153
708093715361898496
706867261991100416
4150693458
4873331056
2696004573
2473077926
711711754124787712
711771574890844165
869524555
709917277861371904
713436680900837376
2369221994
709186797511770114
713959394938134528
713593867438653440
714623730941566976
714238915046088704
710442623811461120
3224048258
714651196510703616
4008985765
713895185327923200
714649817033486339
708119429649965057
714461317751504897
708696345817681920
712857232833167360
2421241841
4808937135
3044202208
708375307162673152
1123506397
714231236437360640
713810528909414400
2506078687
3947723662
714280496138571776
2940850484
4809642698
3475757835
1546376960
713193530764632064
4789910441
4494300072
3131148899
712710237283815425
709907838361935872
2791749097
713154294300680192
3392137619
4864371687
2918086752
706705334920851456
4847734579
709889568107945984
460467160
2201987312
584588316
702968036165296128
4872315431
714586729064243200
4083841521
694592384189923328
712254128211234816
714332562001276929
623008062
4174464915
701535253161185280
4771651064
712635647782232065
3242107495
713543912002965504
2280001748
714325353217531904
713180066096787457
4834589710
4685927906
711925594942869504
4494231388
711255756457246721
3153987689
4613600481
713567948531630080
2311036092
3044160993
713795354471370754
1543879574
2512234596
1284086772
4170267913
1542568838
711956964897468416
707562204220907521
713934360328667136
712090817075093505
2768844525
707321354526269444
1102174136
3198512654
2695872374
4825882450
714184031995191296
2386247996
4737128617
1889583715
705557567800389632
701973967620460544
712381696054861826
714101873985228800
713214685194137600
4636833556
713914136938172416
2545153997
3085820874
711103426529075201
2889401674
4458901158
713464258743373826
710172764511010816
3712940363
4239494663
4907533203
714102323660853248
709199107550621696
714524379955208192
4273050256
4700338878
4867425922
3454200920
2944295683
4091673614
708871513554944000
3702947537
711646003078631424
713257463257165824
4868490484
4716219204
1250052763
712842891538751489
28581694
3680991797
705523750410686464
710974132087685120
4634933773
710039805523042304
704466916438634496
4625417355
3370889657
4736075493
3088623860
4572927796
710121315781324800
3267949945
3227071780
713168418455822336
3404211544
2427128736
2891219097
2944884977
709982555962007552
4801717159
706244025628536832
4879988697
714114957231726592
4903309607
714141404625117184
702948773597728768
3242951112
707653301848907776
714257852064538625
4805497652
713448492249845760
1117566138
2304113888
3116706699
2484590055
3089935681
708501663275876352
3317107946
705055979071791104
4660067496
702031255857070081
706105551445430273
712464700206936064
4053757099
714174659210690560
4046618339
713476283598909441
4871005189
713095517106937857
4840256309
338524637
708510202882973696
710315818077130753
4741208594
2879670004
713795978667679745
701976781654372352
710507027814940672
702952509929885696
3389623372
714542822439956480
706918905810436096
3817579215
4502666483
2370953192
705895015017541633
4849481892
4861634674
707827777630670850
710178269446979584
713033427008638977
4878784629
4754682796
2721363575
4579904654
3306792178
709788344306241536
175225651
4836123982
3308567930
2995184790
4579858394
3269390317
4824602951
2389899049
2219301362
349140686
703793535573745664
2991690765
2758465348
2213354398
3194309895
712381361642938368
714037759615320064
1265756970
543519058
17131144
713851422324948997
709538104038838272
3136677140
3146015284
4839825298
600618959
710611011724664833
712301729744875520
534835150
4892696074
809180964
706183301703278592
714475073659412480
2462303003
709889031551590400
708164750429978624
4650860532
712390389789958144
2777796988
3882904701
4834042680
711258943570358272
1309239487
3512911337
696176052138283010
4725597749
753553002
2161717534
2959218469
713085387082752000
713005305940971522
3145488122
713008598591401984
4131724693
2904074407
4283253672
3994046057
3142567637
711625979521867777
712454080216612865
712018318799060992
4901939113
713058997092421634
3351614391
710936935036899329
3271100402
4469340013
713046165344813056
4923667274
2954190398
703561095424954369
2387868997
122999134
519586980
1480953960
3400369875
3305146190
711903694611193857
713839946147225600
1011696896
4196881157
2559543062
4254369748
710657023558291456
4927191232
708669430620950529
4214090541
710789617247756289
3096902718
712786373313474561
4846745529
3231133771
1170280135
4573552175
3409283840
1129922869
701390151088525312
709566148665335809
2487133115
1853228562
2481475956
1341073424
3843370522
4709625827
1023022826
1252822554
712392901771313152
4823442676
4855816485
4442455397
712969858040872960
3435915899
2571448504
712367278298415104
4795419432
240523059
4436540122
4534656801
4557726208
3450688816
713012683407134720
705299785
2772616464
4043535253
4720009282
2335546458
709839164380979200
4824860386
710525609106149376
702599867781279744
2227779030
3646961895
1088736314
2874864044
2215803619
405580284
3281343985
937267596
2742067442
546882078
1527091897
3207404171
1276393106
4644403335
4738069696
714077107777875968
712553441252532225
4139033717
2732392433
2997797181
1395837230
714362423965327360
2324154844
3131433560
713209618185342976
4467284953
3063339455
753650520
2958015026
4194620267
4318872567
714328647935463424
710757718265454592
4882000114
568943404
711241837105836032
712802390458675200
980182765
3119928215
700719664532471808
3164439668
186549455
713064163443085312
3630815785
350444621
4443921195
714320972648747012
4676764033
4762658474
4372303535
4308871220
3311838379
3273759313
875950406
4301654495
832242252
710578498419744770
703347323733209088
713805141774872582
3218737453
3281347051
826087129
3076836811
702286610474409984
2907646706
2985376999
2893416665
706719011833303040
3400053448
712429249118863360
578965989
713929218
712902747251605506
700078799
711199008606318592
706702668635353088
712041457650110464
893963293
4847608036
4660225574
708778380611751938
2475851718
377551307
4281658692
701899958463520768
2954276700
711678318630711297
1181681600
511323245
3049895469
4507396787
712905740873129984
277927661
4868420811
2390108676
4313808913
712468352246136832
714275776879722497
711401475256111104
711636903070670849
635580909
714273924767432704
713523719050670080
3588655212
4896652971
709617708543807488
2999642034
3256940539
4859118761
3265623888
4715800417
4855907492
710175121697189888
3902635815
712801808851185665
3027566387
3351602446
712591656843743232
2472340649
713411176302907392
3814217059
714197138201264128
4240490959
1736626098
710977692171157504
712717132723695616
711873920031334400
709158404468572160
4885369927
709307323362095104
2500123267
3093429448
3352446131
712316115167416321
1199370284
710864499499073538
704219360
2413371864
2736324469
713109744429494273
712784934180487169
4848124427
4634559797
4836118322
4884738587
711246724518551552
3483407428
712748746031890436
3230531320
4158709883
3227514680
377392143
2866116594
3316605572
712279951194587136
712443128393965568
711243641814196230
2342028906
713179351987130368
713762726653235201
4590692212
4785807566
4866810538
3191725722
708337712
713762310192570369
4794936377
3350719504
2967757535
711680968172507136
711603138843779076
2799822482
1596165162
3343277205
713854114455764992
3061273012
3916736294
4759713857
700286701596450816
104965692
714055814915313664
713159737324544000
2400095397
439961712
1595812548
3027663132
3000619885
2332233816
4861381888
3151174005
713636173793505280
2289690671
711899155560538112
2754307165
4910120691
711559657261764609
708935680492249092
1942114524
4872717975
3225920605
3165309759
4467853947
704060029058445313
377791048
3374424081
1062268873
703835973541466112
4219629705
713542028190035968
4802253631
3875017162
4692623888
4681739593
713640584381014016
2880211878
713503187727089664
710114601182965760
4452875352
3298133283
4760557934
1939333633
697310468956794881
711842051642380288
710698600653676544
2738927000
711216485629202434
2607990798
712517796408782848
4597346855
3146841870
3187332930
710955404184793088
3095047814
709462115766042624
713557183007367168
2551582495
3091474966
4848302213
2854281611
707044385578459136
712097889497931776
710637900174639104
3496965429
3302550950
699460958981373952
2955225606
4715552292
2226679464
3003685325
3015460870
1533979670
2790734650
2602604361
2699358848
3091685606
3933821727
4880432125
4346387534
3497282773
2792826350
4619047754
708102812660400128
2154318337
4899609960
2627773774
713151210547613696
711755446978158592
4196984474
4207806797
713353946958528512
713200930322186240
2807683981
1696509739
3298414646
2983269032
4497863069
2489847139
4474419875
2853642788
4309402092
3073658395
712480653246382080
3356021997
1862388912
4509068361
2725880688
3103550250
3518847862
3376424118
4568569704
4461275297
712740678720094208
3533182333
16060050
2509665051
707745934751326208
3291809970
4673669474
701949681610395649
711385191147700225
2973034845
3030147583
2326280629
3387453195
2752821410
2902568588
4740784581
512081341
713542247153864704
4848340168
2789890552
705210543460655104
3311124990
4771233588
4088877676
707371443068268545
3761087007
713622979570188288
4415374032
2442715856
2901527229
699341848263987200
712221634619449344
3133589922
713524802477301760
713578124324245504
2206108238
713861356001341440
1663356362
4810303964
4744064476
2209696977
2421979015
705705935050637312
3955529652
713837291706458112
712796819521204224
3349052902
4919977389
709878789996732416
3122997408
3269427668
1051250942
705197271684669441
3340583464
712330724662124548
4648948162
4645635818
709584585344954370
713879444138668032
709550442984939521
713716258806566913
706670290223370240
3130846763
705470853291622400
3452733554
2739314291
2951456343
4758350307
4131785721
711647436553367552
704028220723744768
3862975654
710100188241784833
4691270232
2184635199
4607053812
711224251420905472
4909171399
3366246245
1885181150
4846790602
713091572318007296
712026503563890688
624155716
711637434359009280
3169006512
712632445623873536
4780195503
4679564888
3416967069
4858601021
4915628883
710829052869918722
2751030844
3073119359
710703972206690304
4653807252
711629248163815424
3169515806
3316174352
3088381989
705458680565633024
706330238704328704
708664628771819520
712132644704681984
94164134
3401783344
4779536597
701625775695360000
702584319160819712
4760023033
710304962329202690
712668701099696130
718430023
712154697646235648
712329813160304641
713705501830299649
713210560540618752
703439304249311232
711576754985558016
3150008431
2402357431
711262492127723520
2837992827
712132169209147392
2997109757
52108462
706885785753133056
704456802763550721
91828665
713111727471243264
508429563
3145797113
4778642135
712454031449333764
711938945832128513
706234266582122496
2892017513
4887561424
712462973848186880
3015771040
2437608751
2370750816
4853032513
705550224761221120
712355915329052672
711311639178579968
711367602464026624
4702287314
4634180776
711136372501946368
712592533407162368
4886025934
713217415161782272
4765271680
7288532
2858700158
4205978871
704112435955900419
4904526116
710408801200054272
4864905241
3383633415
711291307499593729
4776734061
713675293509070848
4756416498
702929912907358210
2401962534
2765308552
706301484342837250
2865919447
4917490643
706494783297097728
703809544770744321
3136996972
2942840698
1883734748
3430391675
712613979135279105
711484794408816641
2762199890
4194398412
261680103
4813559722
4090122839
4604155817
2714219377
3848637203
705794665845403648
4776507326
4726713563
712868041651044352
704437673256198144
4599518417
4859595105
2208559512
2634043096
713629427498745856
712476833875402752
757380626
701131148458594304
4664576275
356196261
707613319734108161
2344281030
4894547144
4715346716
4645222767
432029072
2408618240
4622389276
4892382821
713119124952625152
713455975240495104
4188343275
4822645984
3304580780
4617958994
3430914852
4690554252
711924365512855552
320366784
707761978387861504
708862502113660928
2939941672
712120743895543813
3630950534
51186660
706292963328983040
712831260633092096
711731496470450176
712755605782417408
2878300479
4834160733
1248058548
608664371
2838982966
711788745456922624
4632258078
3268144536
4686361448
4882603093
2882581374
713142202294112256
701891024163983360
2335542516
3219553433
3861320233
3054528729
619707057
710460073055748096
3303016608
711730009656926208
710647787046699008
713244182693994496
2489909740
4435795753
510685872
2990387941
4365642496
4667029273
711361539631022080
4799077641
4046961083
712059436290940928
3998409074
705963739019784192
3991030159
176424510
4411314261
4300717287
696380419000791040
711047662678593536
4723227276
711281574361309184
712296417075859456
712368985430433792
4239824173
4640013132
2818822892
4721482941
2460772074
4813375140
712457641755222017
2274082187
2376090249
3386661845
712400929258086401
2751109956
711034957188169728
3546270681
709899966177652737
3281469732
1546371918
3556286419
769538922
2658130772
4895937637
3195639230
4569047062
713020095744905216
3070482855
4679191620
710223399189147648
4003229233
701438384095436801
2814081577
708666298641879040
2582933833
700635403032743941
2877514639
2199415353
3572946072
711388293561131008
2893276020
3327687287
2476914168
4267240392
4765869835
933510552
3672471500
712378830627864576
3821160560
712371482152796160
4832516657
4916084228
711729710015844352
2405985787
2996659020
4846635132
3305003745
711972157295702016
4750079243
2748034247
4386524656
708656742369009664
4730230315
2196376312
4851649690
705026163060551680
2975807735
711307575950581761
4922518125
4878867017
711948667855478784
3241951267
3273781004
710791602919370752
3285903932
713222512708956160
4657995101
2366493216
710305539775799296
1483702140
1917711234
2456421355
712393242059214853
713109695607803904
2763788266
709746751725563904
2875916129
698183017215340545
712116624720076802
713218976919236608
710977299961810944
4027298801
711420024926240768
4890734139
3191487733
4709088320
712884593766965248
703720181558693888
4398511643
702586502220537856
713073729530499074
704268522533351424
4923832039
711979041243467776
4766341818
2975571731
3268372272
3728710096
713546338412040192
706594870115373056
700645755975958529
4841738345
711267221385809920
4874907987
2900968718
4888351391
712668574532386816
1384992836
4303300457
4897072512
3160128968
3114781772
2556303866
4862304859
711316776479559680
2947592806
4619210294
3959554697
709789090762383360
3288377187
2505446264
3307275208
4414948512
4889508047
712305690497290241
713028586479951873
712043151461060608
4917030845
3388459333
3349817532
713078721641627648
701059485054337024
712064474245570560
385039748
702253653910908928
702791840609771520
712644484769714176
2957849818
2948473547
4785930733
3882630029
710298009272250368
712051829740277766
4867826085
3312915074
4756576674
4664551873
3299907557
3731392637
1907761147
4320659903
711031848244121602
4334965707
2709200666
705213641981702144
3246716055
701036583408033792
4628349382
4602791241
3225691209
4032212301
4370470693
2832809231
2179201934
4866316229
704683804145950720
710438761084026880
1287251575
2363829678
710126175121580032
3024878301
2634921518
3299188448
3181459787
2209284411
2723649241
4672169832
4825762121
3463178656
711493621787168768
3293317511
398536883
3540530232
4828711769
417345114
898244720
4645077682
711583847272550400
4819419651
712412505210015744
4136209059
471398571
712062457607557121
1682081917
2607548971
704659753495097344
406497969
4707085671
703661206578581508
635204665
702809389854539777
4837707046
4707138995
3293615101
4821650013
1595363659
3296292501
873839952
2310472787
38790294
1939667065
3199600294
4853281859
4853864050
710862004148252672
90301810
4175859141
711764803036037120
707492484302053376
711585789629505536
2835653223
3158416146
3295951802
491090439
713002358607912961
2826707933
4845965149
3875162054
709763675381501954
696015483947114497
2871290870
2222498555
4871338764
706707398795223042
2455468758
4725248177
711482342611800064
4828039417
4612866979
710652489406816258
701478317363478528
4119915749
3246438986
2323595952
702235010133315584
709449659698118656
1601664404
2896712951
3550566321
214262454
916522196
711373014126841856
4068925942
707373560403197953
597958157
712339692255989760
4516763547
700898405602557953
712457516311949312
711715227788705792
1604763871
2270147155
704666848445345792
711209333703311361
2787866163
712822280125079553
709579768786591745
713058152904794116
3119933338
810630492
3042000708
709808438621044736
4829910375
712142917243043840
3127347507
711304655377207296
343297782
4351646114
3422225600
482701186
712534741807992835
4076266215
4186797087
710634249775398912
2771967068
709066967114645505
4387262183
3242502142
704833767345561601
711019168380751872
379858045
1535925270
710601676361637888
1355696292
31095408
4825573960
3082676236
4890750481
712381222245289984
3095901052
713051105681248256
4886737674
711623515045122049
3007846437
3366575772
709038408560025600
3235040232
4833852743
4717419073
4766915382
712439502858559488
3324550592
711407214393761792
707688524288565248
711706810739236864
704879331919601664
3127132047
4626983778
1546836996
2975777739
702606392566255616
4859259785
710911016226394112
1196070607
712096856734433281
3391550218
3425035485
712124748969304064
712382605077966848
711464164665888768
4037304203
712750681065594881
712401354426191872
711260396347260928
4886528598
713069429769248768
3290866201
491553559
2993058329
1626575371
712851482320592897
710853594644254721
990962564
1869841837
4913427132
4085698900
703386179652030464
711668283330658304
970392576
234093893
709679407229579264
4838556367
391826877
2585952012
705342243880595456
4746405861
802283515
533500822
3342127150
1544110212
82369455
3556657152
3082474449
4188463445
594826153
710910701993398272
2380043333
1480151552
887801772
3234654294
712100445666222080
2200638077
2290925837
705446446183682048
712701402729021440
3305706270
703600336062156800
712444424035373056
711768078124720128
1628835708
2801975109
2922505876
1245722466
710293283910459392
710317876800917504
3538880597
267607330
3189436916
3881593877
712432418272182272
1322999004
228631147
831696992
2282446620
3192958887
1849036338
3111655019
712292985199730688
2358542254
2577166824
3694607059
2798601654
4252029620
712030848791552005
3265592388
4114713435
1705422536
524064535
3304532432
3312117012
1332771248
712058692313739265
1131564300
704513863589302272
711381931124989952
2542266745
712324310162014208
3739962012
3285869078
548835637
200209602
712852233013104642
2936098746
3580090760
3429724700
4897969047
4188825345
2795116404
706779543273472000
2223845346
709451392549785601
713009601986306049
890615874
711473096675467264
4860459636
3568974621
2610287832
491788839
707323803873902593
701180544093134853
712360094202269696
3163817782
710888308033916929
3304883240
4747291513
711957265335455744
3232211533
707288449448075264
1472712210
712293119958650880
248469828
4771130849
2940272390
4889541887
711984995691180032
711780104326610944
476401037
858820794
4799395752
3307142880
706654355693420544
701635395835056129
707261399437877248
2221815558
4877104965
711640498931249152
709172367692533760
701146206735638528
706964693101883392
711803563765145600
3560265449
3269432340
3718168515
708422266955108354
712774781066682368
712104042336542722
711034727252172800
713138478918270976
709871296671141889
2242155847
3635596096
2263638217
4830033601
1400876556
711997247009988610
711690313383817216
4840646146
709061780983644161
710081748470779904
712389318443196416
4659421332
2951072424
1533598555
4823399661
3387503122
705466382046142465
709910485655683073
4856752760
3325515082
711461871291899904
4863323602
4840039587
4547392043
4361281154
3580880173
702912309421850624
3063676010
708416821813252096
152926713
707476876436967424
2857925614
843633961
2581041098
447983159
628062038
3028392772
2288650682
3230419927
3399546262
712397739196293121
4572721780
3717536715
359540281
3198413887
4775607192
1386114962
3309210014
711550141203931136
4881640389
3238955522
4309272634
702330563110121472
4837470165
711555828877271040
3360605523
3154228901
3380737833
707528454925918208
4543061059
4886031204
704835516605173760
282613283
4700451156
3680073196
711223916438675456
1916031966
2401084028
711295451211943936
3309462296
3861861561
712712386373947393
3054889956
709882162137276416
2851010038
710439874097192960
4850509827
4926862690
4006471519
3504070518
2521881534
711213273148997633
3308250919
711367216222969856
2760867288
711313029804089345
3244734914
549936628
712393771527180288
4639739173
4478481742
3249554773
3452853566
149719730
2722571119
3320661349
2968830803
4246636996
3430614706
3285166146
710923797373829120
4899781190
707048839388241925
86671511
57352490
4593264677
3777031342
708320194184159232
711925856378073088
4293032603
712419992621465600
712352429635833856
3431972608
3281400324
71077681
707372113007669248
4218507688
2606350515
712790749352300544
4833725194
4639513821
4591674134
712477307009630209
748750794
3301823202
149252376
709511978494992384
3028726271
586001649
707245435484680193
4268381727
3355676254
4764676824
3291690145
705702593998225408
2896442091
2833715066
3106674346
3007445725
4035173369
2840556151
711417130265223168
709960430312095745
711689440259866624
4898652345
711686545929949184
3258379285
4563395235
2810683676
712390273104539648
712136155932659712
4871277372
4867105678
3385732108
711919452179308545
2211930386
277203997
710243912015699973
4705768703
809883709
2966890948
711979963751211008
4755814920
711582139972775938
2918525058
711466840225001472
2629739936
710960395352207364
711625252846043136
301288637
838700208
537578337
518441796
711362013793017856
712453108668997632
4821960189
711053241182605313
711594875796332544
711521693290909696
4283036114
4651471992
711492331183218688
3063592858
712670546467618817
701013655429718016
701693606843838464
706031347916251136
3303057969
709731972176855040
709428088480927744
712011478761652229
893747846
705138660711202816
712480818065747968
703433851473784832
709061589589168129
711658001581539328
3103757372
4860993795
1454047484
2941457080
2924057369
3198738431
3048999798
235720668
712678944600772612
4870401621
2620688844
4810728049
4909440263
64740079
4628514796
707107623221501953
451404336
126171759
1316004128
981570901
711214640395464705
711481161776693248
4818476713
2832733438
2581059770
3105271084
703702228750594048
711303015639224321
711245397667270656
3566643132
710238687934554112
710189117301063681
710674605132754944
4874926454
710491605564719104
2913280591
710464446028750848
1249515260
1147684694
2744026308
2707330844
3056268057
3271436426
3941988552
710152430575443969
2935066744
4478870899
2335175903
702501044442550273
3637901476
4706592868
4555905736
707452623742484480
706242293167067136
4833996152
4308105613
700984019555590144
708360560589578240
701902288391114752
709061999045570561
705495099959066624
702989811292844032
2465043845
708622965051674624
708826974576226304
706688049329995776
708810632259358720
707699440983871488
2733940492
3238290961
708689415095320578
706638347674910720
4551095902
708530865232601088
699791060663459841
1370475620
2945352445
696178887210967041
706191754538651648
4003688057
2193553556
707743082045792257
707242263877980160
708528821746532353
708275028509458432
706950948401385472
4738026159
703995048413761536
707893917010632704
4851700947
3356221943
704122938111324160
3263314843
3074875828
701596016307523584
704728669919510528
706473112716615680
4845449464
706535455915970560
4867290179
3313896088
704058815122169856
4909945885
705639571011162112
700665919635222529
4456446613
707685051010576384
4384984332
705169592008609792
4018562056
4893761890
3473095572
705416366157926401
706997487907672064
2298426772
707430105329627136
706328389309714433
4799732234
4030699939
4831689821
2266290207
2904215906
706664959493738496
706518317444431873
704885401966780416
36606448
4837316521
706198940887048192
4891739186
707378711729934337
705286831273672704
3427659747
3244069232
35211304
706966258563063808
3585920232
422061523
704022492067831808
707369281252675584
707464647750848512
700523354604892160
2282440121
707012269255700480
697891266248347648
706941656419840000
702373183375147009
706958961669382144
707374856766038017
706941832588976128
707514608613924864
4909716644
706738241748262913
704142751441547264
3237666465
707714374430027776
3302826506
706076543995371520
707616032475615233
707438089719967744
3285480301
706823500414197760
707389781743767553
4749509081
706999136944390144
707028063285022721
707412225607262209
3960928529
3888801252
706724268399157248
3184509534
707400390770364416
706901573075505152
707000445227520001
706665540253851648
706698268105805825
707756825748221953
3386086780
706981641172983808
707702770346778624
3246608741
4704583343
4280868852
3981906984
707304838397358082
4921486272
707406516396105728
2433944466
706240207172009985
1716898927
706629213218930688
707679211083980800
707060316526350336
706136158741389313
704545321511055360
3236656142
704106776174727170
706811514586578944
706278093456019456
706176207730003969
3675550094
4851462758
706933645802508288
4861106470
2913978596
705741056629805057
701746288170135552
3051174084
707396458622758912
3248948631
707034300802318337
706866960055701504
706213030409990146
2932810905
3240007908
706872496889454593
3752307617
3294403247
3544357333
707416340638863360
3118472372
705818232310075392
2818553401
705045476849160192
3377623906
707021738253664258
706413784122986496
695868363877253120
706473116101419009
66968793
39829322
1372830572
4204672153
707226790197067776
706309044626182144
707695813581901824
3305569654
3624356057
3828393022
4714393629
707267176210812928
4258359192
705909557034225665
705611257131347968
706471327218147328
4658486498
707010981856043009
3219998985
4492891935
707291295069413376
706705710432849920
703669230156304384
2436283476
4861199297
701072611569115136
705522741622001664
4659724873
2214674875
706410952925843456
4825676992
4893471909
4874825405
701536204060229632
4393263672
3025040667
2560734518
706577005521797120
705416117788020736
504611977
3097785976
706738343523033089
3112152048
3998413750
706892808993566720
2523193397
2226848600
707038384926138368
706644619388456960
707699561591078912
707730645854904324
706869943845912576
707711436697554944
722010883
1661223919
2559174011
705053323595005952
707741299865161728
3207522641
707381876361572352
1313720864
2329409580
1929140185
2169270739
3797190977
3528738383
705538021274185729
2450446878
707606730763608064
707382777797353472
4798848376
2920459265
4579639762
4645544195
3483884175
2367041815
4647869681
701902069955850241
2544007987
4827955887
4368682092
3248028142
695429057471598594
600269597
4756582457
3949476142
2872935934
4574887641
705873737615192065
2882906696
3367164617
3095507079
4472493683
382893155
1181171929
2761702148
4836492686
3094172508
1401463891
3512339663
4625829211
3809839694
3321462904
3038805896
4731291921
3362775833
2799275362
4825005124
4830946643
3746459655
3513065657
701403300177035264
4864328578
3143245471
4914559821
704398705210888192
706449486479007744
3223888040
2853793035
707388468226351104
707053027312672769
704936411150094336
1349461182
2830973297
3698953332
707225220143308800
706916428583194625
4883235813
705825220284846080
706844364643807232
704414023157026816
1209754838
3165598064
702536650040201220
2280730982
3968611637
705574637640552450
4701233240
4892122023
705456435983855616
2422414656
3725085434
4163915232
422889644
705804191005085696
705102115606286336
705805307323228160
3338196028
3050025987
3865728741
4826323173
2927822115
704307045508509702
706412635374297088
701614005551370240
19390016
4904793254
2583055026
3243210973
4759421957
706207440740737024
703768471872651266
4815552593
4635275592
4017581127
704105967508660224
4540603820
705044660054597632
703309380343754753
705071600715046913
4842589200
701786257907589120
2304246395
4609643061
3100644208
702340919610093568
3069774801
4876777750
706251661933547520
4825519077
705897707051810817
2539130752
706331050209718272
3153617497
4593810433
2893800074
700097956284751873
4865673417
703412707584675841
703448024551395329
704100811748454400
4570241062
701642769186557952
2981082054
3942020900
702699909506588672
4858583577
704030004527681536
4828033804
4840057414
705481729545359360
4885994501
705887527543119873
705214678759124993
703024285258878976
2913229146
4832011873
1468032950
704751680160567296
1552570027
4914154304
2961690249
702535617998036992
701863701595291649
1380303078
705226295492407296
2877855871
700419951975403520
704258386486022144
704035375249887232
276397930
3035879801
4353869536
2749190186
4875708744
701992018164076544
704465761733971968
702329095007252480
2901633233
2335912123
705102002204835840
705076539981848577
3122422855
4786340983
700741244310396935
704495692782252032
4882581460
4922523552
2885430234
3980548990
704796735936270337
2641734586
3674788513
4728682336
2767027596
3347792319
4883531333
704042501150285826
701142345677414400
704800036505391104
705102384859639809
2213282388
2959108852
3390534375
704829003249483776
4406074154
3336720129
4519252241
705586798232096768
462320571
2791050313
4517508635
4597692133
2746026718
4351695561
705202688343056386
4885267811
3390117359
4172951812
2258679314
701162015650406400
705095560248893441
4876001208
705199757971435522
701517537171918848
3494621955
705030760059670529
704696912092332032
703329554740412416
4807067952
3064394145
4645627295
704850308036341760
705424978141913089
4727396315
2743045743
4609604657
4854512345
4725530667
4907365335
705004827810648064
4859916746
2654910462
703643840314363904
4889468026
3049818270
705453366801997824
3162182287
704308372741472256
3699824896
704794571750948864
3005170391
705097664036212736
4444553003
703054381198020608
704453526844522497
1085207755
2357212304
1888826430
705062708928839680
3042527968
3021885398
1321629877
4922689876
2437488553
705610361324503040
2281284810
705040152280715264
1543716590
704335270938812418
704855069745934337
703412978138263553
2778749609
705438264564572163
3078502299
705385577533804544
225497770
703258752183455744
4867551621
4882354720
3962363173
2800557440
2545761665
2690648482
2486733407
4790766733
703282950088089600
704436821237878785
4174229243
4266033556
3438184336
4860213975
4274044945
4898562977
705147695703433218
704041103767560194
704116598060290048
4261930216
4899185003
705424899704287232
4927713178
705051362543824897
4883574680
705191229860917248
4855307367
4825238819
4260842172
704941063316901890
4850155847
2576120759
3292100473
2956612771
4895170475
1263244039
2306796226
702300404340674560
704782942405578756
4808010528
4825675331
704269211766562816
705412475114627073
704755769275752448
703149843934384129
4689923328
705224081281409024
4871151413
4301742629
4874994881
2259559219
703113420019601408
3663478347
4921685821
703836080114544641
702748059097235456
4569002896
75123284
3031735629
705586558104170496
2405889126
1911985358
2379040255
4852300239
2913238202
705164631149424640
704792808301977600
4846326168
1407747588
4856851762
4638129377
4880331827
704723839591313408
704091309292834817
703724650661019648
3274021777
4625990356
4833706551
704102965414645760
4341573676
4671500600
4780148414
704892680518631424
4692479894
702332033977208832
3031014288
703310498775887873
4711521771
4218793032
702644546769960960
704888297751859200
4898780237
698489463471734784
4825449262
698508923834392576
3069246664
4825378733
3000905494
4692860473
705201707593113600
705029313200959488
703001868130086912
704860441504124928
704358254877356032
700777363659821056
704483149259120640
703003013904871424
4519900039
2806444383
2896848860
4532333897
704837259766296576
704494944552132608
700633714787627009
2891123394
705191228716007424
4831443933
3770520200
2581122155
4652540593
3295707687
4816277368
3654963267
3946711042
3303945387
4843697234
4034019375
4850758547
3082061064
3965713940
3541434386
559831835
4481123713
2488510562
4824125936
3270679124
4847534841
702931857550270464
4021797256
1064467818
4697734753
704539519467425796
4877302558
703175831640608768
4222309277
4808982193
2870470069
703838892810612736
2886933778
4890037240
705171525641629697
2495373560
705057159038394368
4922754783
3074142889
2820013016
700499500079652865
4889236753
4905073257
4902822881
2901539273
547707571
45927433
704556252932616193
4539596476
704009224372752385
4607741600
704538710994395136
4842760923
702966675990183937
4210398214
704596190222921728
704203341857828865
4726829637
4113327853
4461362174
704099697821159425
4221254483
3546763393
4889568619
4805557041
704533280792690689
702613875615641600
3931025595
2648939802
3095025273
3147870023
2673166951
702784282289381376
2553107732
4626154941
701579975011348481
2671622557
3277921838
4897334571
4754386093
703372905179172864
704133857856122881
704473456667013120
703724167602917376
700781779687321600
4021400079
4836387755
2956489947
1170762278
2645570973
71632670
2940927791
2919070304
4799057250
703756852409016322
703251429868363776
3310775524
704910329298423812
3847423935
3220069086
702341973688995840
4316860759
3365333854
2557598389
2880223112
704322903928537089
4710526626
704663349028458498
2763453213
704516364921380866
3926436691
3433376873
2302230738
703825529393119235
4696487863
704456401708568576
4709239332
4113555915
2270958356
325170249
702349588267536384
4345499919
704979938131124224
4499166015
3489465313
4843813509
704397196112736256
4819249677
704393401714778112
3676693453
4014223525
704701252156796928
704100454888828929
699691079621287937
3977499498
3808473736
4871698636
4048726703
4689788846
704743319822344192
3000370803
4640462956
3289962681
704071072249942016
4757397471
700936908050931712
703990174171185152
702827978502356993
4884620519
3081206151
4844482487
704640323499237376
3302731775
4916263707
3063475551
3408969574
704964978709630976
1269997128
2560181821
704592745583632384
3237959179
787390033
54031281
2722167124
4840043805
704443641402671105
4754896846
701752369244016640
2972526490
3628431143
4729044268
704547267773112321
704682670752661504
4851317836
4844405585
2386663018
3231219836
291564259
4825817145
267625136
3080155469
704432462491996160
704771643386826752
704746244107866112
704056059359395840
2646224371
3080889561
704573826609389569
700375766526066688
704374090958827520
700707785198198784
701976631053647874
4633252188
4852384198
3288526987
4242346335
4634275234
4793766704
3384112167
3223851674
703475260243386368
1525890678
3044115034
2817593440
704456339582365697
701235264790929408
3403567541
4041254414
2400954995
702128669725237250
4864226487
968919302
701945060007538689
701168172636971010
4926497709
701884170688188416
3310081270
3367831043
703350055382749184
702333966884454400
4881774795
4819386609
3310595018
4828313394
703693866248044544
704725812893851648
3241036804
3266550259
703261730382749696
3148549369
704703567274319872
701536334012411904
2869728286
3008569639
736075812
2388971934
4922112706
2822936603
702928016872226818
4892467821
3714220341
702821726082584577
2211841392
703137157859311616
702394183311560704
4641783193
704523548660895744
701666386657935360
4250851634
3008677098
704480397216784384
701272617840316417
4725561062
3331732337
704165506408968193
702454525756452864
703694497733980160
2854951657
2729637759
3292080896
4798638692
704168006801346561
701546719767560193
3387621434
4585623315
4924716130
704475671603445760
702227029912109057
703011108374708225
4323363923
4604615659
4899651492
3642288554
2923707879
2980289379
4576643957
4659977756
2995898531
4796764713
718180876
4840231119
702680037980508161
4687229172
4789364418
2948128301
4624351452
3000165500
4884486153
703323020606226432
700751126216450048
701460626607095808
3221804322
4302815536
703511286622003200
4229458360
4846931680
4567162815
2927345457
703439117732827136
702878202687979521
702690731689943040
704035838116700160
215449209
4707909029
2908206612
701453400127512576
4188056182
704147453805727744
1713748770
283118872
704036003628118016
4820621711
4165804859
1609207152
4748885908
703200404754997248
2920924995
3153690052
4870804878
703814520016281600
4589082435
703729453503877120
703903915071266818
2961357417
704095715027509248
4209038781
4734484874
399567870
4833310453
2159370014
4370047995
704138850340368389
4286703380
3387303613
704041578332078082
4799907792
703724049940221953
3187025972
702864494104604674
4695158852
695891177082634240
3199502176
4607937922
4443639137
700934126287904768
3635450416
4867301579
703795241757749248
3321716100
702698713496592385
702280867205541889
703959632524525568
704028688254251009
3311723834
703050203041927168
3145952368
703641094714691584
704071928701702144
3092125385
2966949376
703021495463837696
2301973370
704071442883719168
3653284032
3014055851
704148046213472256
2895655870
1874267394
2207910461
2929387886
4856358735
3843331454
702356833130778624
4181242803
700867655108947968
711224942
3852230234
702278239239032832
2923107727
3104000154
852089072
4896236867
4818186374
701639299242942466
3975581713
3044358645
3358208825
1591121420
2185364671
4846747222
4874766384
2883295947
3049483344
4711104007
2283082902
4661307628
702987974342868992
702664430845202432
703625260273238017
4883864171
700702541424668672
3411367791
701545757870989312
4637617341
702313294187536384
700822360803426304
700864743628734465
123927452
703041786625835009
4370383874
702265885310918657
272199802
701897760165990402
4889623355
2336709120
703964305830584321
702498950520053760
4903838281
4361988552
4739066495
702002070300319745
2381421498
694742777888796674
4898113559
177988859
4736472995
702734749408727040
702291260686471169
4758998234
174222005
3546707956
701948217466834944
704012334642176000
702242200105709568
4865307916
3181958850
702616126975389696
2374751864
701116907315929089
4659202889
3506869994
329230038
703997040913752064
701940284972609536
703995148007579648
4874866934
701533951731625984
3403522719
703623869085552640
4903307345
4437243553
534292331
4265019263
4772498841
4858134076
702477434034249729
4913316086
3392659911
4550009613
703975162341941249
4748158548
700865764253798400
1136847968
2296927615
4500769152
702663894960107520
4639355721
1567644805
703314102500720640
4743570516
3806042422
3085083710
703818355816288256
2945545342
4581745761
701397326586220544
3179413453
3324201873
2941639699
702655739446190080
939823236
701529774657662976
1941756530
4639864347
2321331577
2608310572
3042160232
4819269429
710276373
2523187860
3718376008
703399024381059073
701821197042864128
701989893057150976
4586238497
4869738081
702443203841155073
2930982363
3374098319
701928220959051776
4884988510
4517534373
4764808680
