205957912
718361456429895680
723269425818902529
712527210268246020
3854038335
722196658545692672
2689489508
42526071
4878828875
720359421604286464
2329336645
201885911
3332191708
2205867026
590511097
2888646916
1046571720
826608434
710251449599565824
717375145409712128
716473218559713281
717822951337230336
1036241269
1612720250
4804065606
2588155602
3154981047
714489776561328128
710196805619879937
712228578419728384
712227311823818752
712227613343932416
712227335240552448
601578892
2992926343
392359136
3038541493
3300124616
4808733802
230646793
205399718
973194481
4614039082
3124468030
4805237001
3573527062
4894630396
4900064621
2230732471
2419427125
3357640635
1295287980
611959284
553317466
4865152639
3024202186
4830666652
3039286246
2820486630
15753498
4464712933
3625251388
4290282629
3347547438
623584562
2986651913
1701920772
2789963495
257485530
4078626501
1977380742
3805470867
2737223223
3885448103
3368082251
2946228070
2988357987
3803819008
1612068650
84708371
3003473632
1948547582
2326245618
2402453792
2713812430
2469906187
1081050720
418595716
