3305295103
725638247167090688
715995679110332416
712827256847007745
2594061698
4878130211
715576705507692544
531371549
716702187234021376
3304254566
710522264173854720
724083107075375104
2717297352
2576840498
710861813022380032
717883680534958081
2713504687
717111398321401856
3140126244
726296254553141248
426521569
717403371817205760
2917925023
4877619142
719171025041289216
4886373869
717096899149336576
715594779938041856
2454433387
4913478318
715579485479809025
710929241010003968
4252783586
4350969375
715664198169014272
2374505688
4053514126
719480753147506689
4320813629
710053171406569472
717764691053817856
724879595128893440
718083638638809088
722790545026736128
718438412345339905
715661820791394304
719628422385950730
4113153914
722113856554856448
717399324351549440
3096695054
719601579763097600
3221953238
715781081719521280
4910396058
4742711297
2454421584
3219836286
3170965196
214825006
722145961573814272
2363587981
723361540066299905
1377583728
4329386782
721784854153728000
2602328521
4419379277
228070105
2706189229
722015611929378816
709280792191639552
725196643671392256
4809687136
724381169689743360
254072789
710508285233917952
2841878101
722460623100121088
4167299659
714312314552496129
3392044949
3304546683
4136221512
718242277848653825
719560954082684928
3808050201
3319841783
4898788197
722114225737482240
2358412800
723917114139140097
711524289032409089
719159186379128832
2584685300
3319787901
570300345
724276227033423873
707687309240623106
3521582543
2890572878
702120942793838592
2848123128
4901743613
3066968335
2720467039
719261282369536000
711621340755841024
1057655809
3431411014
4573207152
4249895799
721786156166340608
717431365931651072
708921719839395840
4337365272
3049581552
4482740488
2504711403
3240947319
711617195281883136
4899232546
714903164378554368
2701769303
708038529993998336
715502294570295297
700784917169336321
719902157147934720
3293782469
717471131687632896
4821946154
4748234357
717715591298203648
716036270837858304
3005849308
2838347369
3341493347
4898841497
4824666965
3332414539
2504431075
722015419448631296
141562074
1033182408
301664137
3287006730
4863408010
3220545656
4613258954
4620076099
4136412733
2676350671
4922204315
4898908396
716058282469629952
3954636675
3227697495
3054754757
3301395879
846403375
715803360721571840
721633199487651840
1686636530
702038788277669888
4758912281
29999613
715214854953381888
708144619645747200
1034074526
468485794
702026944284524544
717085888547827712
4901132475
715934334247682048
4900916518
4796320955
3119158496
567603347
721024513073422338
711617278547247110
701297946881470464
720320193998643201
710502797402349568
720716878352642048
707568946740862976
720655545095610368
4898841509
3876338247
720292646254563331
4026822379
4926005716
3003807303
714178547867369473
713890387618717696
3168022500
703615554301534208
458229991
2937182787
394776933
2741926525
4841215475
713066644814372865
716581551673360384
700579961741168640
3298690109
704859157728460800
708998193015562240
2702122048
3960043575
709607976584110081
714024509943230464
716700924861816832
713989066845454336
709699666879909889
1033657856
307001803
446652194
4896834470
444025715
719667610107908096
570540649
711530481712410625
713373955994705924
4900563016
711913468337778689
712990892181872640
3337095065
4655666348
4805478436
713601141120978944
2992976240
702234240428154880
3310423726
704257284570910720
1037953195
718825518309711872
3236258081
4900546646
2571266023
17371730
717000493625683968
718404069770063872
4109676753
4710455957
710802830664331264
714574557995147264
3145048070
717268056783904769
705737452850434048
702940336130228224
3092027921
700723582364733440
354092535
705012525000056832
4898841911
717836529956102144
3250203210
701405584688549888
697503401681276928
1941086508
707477592949981184
4838792985
710888412186877952
2876065305
714154765530361856
4494431932
2217013674
3070228757
4836151490
709332248063909889
4860092747
3732117252
4558011887
3890633122
21745539
713780923746107392
714744723894833152
716886634604732416
716194479955386368
2579843163
714903069830602752
710900143495770113
2753930818
708373636395225088
699182344440258560
312716504
715215632762056704
712393743618412545
714879579492630528
1548808477
174662013
715671184801710081
714939214048149505
710911728742170628
714024001589395456
712705144056578048
4325000783
705397534940930048
704365819300585473
710523801000419328
707519061425590272
771211513
710502728355717120
4870372383
4834157589
4834257251
709389418671579136
714086478368882688
4318090699
2356878907
4846962541
712573589644525568
3431351026
1608296947
713551822338854912
710926329810653184
4874602449
2906981299
161051056
710504271805091841
780182197
2889471863
704636412562436096
4853501698
710062656858808320
2750235597
710790291914137600
4340666417
4918810666
3322595880
4872423999
4758161537
703631681304055808
2614078975
2414555184
710837695757602816
4837855726
302923817
3419213139
711321882545496064
3432579382
707363727641812993
538585665
4662497235
710619830626467841
710327973237362688
736028281
4429136839
1675356739
1562864756
709538690461274113
4914374561
709055101827059714
2532966446
705129900496154624
524187839
709050231300575232
701827334861692928
1675486814
3021730166
706166503528382468
3269198642
4850968572
2830143604
3409898957
702175334154772480
4905073697
4905063953
4905064361
4905146812
4905089897
4905022401
4905011367
705259710316990465
4905069983
4905094751
704786946111963137
3284958151
705446080218079232
2509049073
706310812927791106
706175285826338816
3364071513
4438130187
706347528803864576
3127026497
706073023426732032
565387033
705689683762794496
4907148551
704978364482904064
2817855588
4799014632
2194176673
701847508524249088
4726723641
4797242717
4554139228
4554017907
553470729
2414997021
4858229200
696580407945510912
3322151724
4642184120
4920407397
1518527292
702605581312466946
4848017620
4902057976
4915181481
4861390727
4894023329
3124262787
1130670126
3337317689
3305600714
702602661502308352
4113777333
3401820339
2844112561
702788375103799296
3193789076
4012273763
4126936047
701857609729576960
4277678177
4892558493
4831763697
4898492493
4918847656
3109618323
4397904683
700420385456705536
278980620
701362659258736640
701284930924519425
701117281246519296
4907112450
4441620798
700767295002423296
4724323052
700729270692347904
700824315231604737
2876369192
4798245436
4703939539
3334300433
624726755
2723135656
4922238178
3838183859
3278654515
3969833777
3307225363
3995416527
26435737
3318563994
4865513375
4836522526
2580847896
697374522555629569
2893220417
4031791753
2560006801
4886587467
3418737388
4901228769
4679044220
4580167829
4581168868
3437443061
4017579022
4839571267
3490047740
457410466
3166892036
1925475662
4795108932
4877773619
3712173560
4821638439
4748188350
4884536732
3258408243
2391999176
4777273693
854940740
4367080333
3461282952
4828161802
4867596743
2454460884
1317271158
440499544
4877519309
2183320903
2327024364
2346093938
842810773
4869790060
4218363287
3245461544
2424797248
2755911568
2906505962
1454594426
695572583874498560
315784651
4803876715
4311769047
2152364703
3000114787
398391420
2800802108
4817166500
4852059391
2867117156
2929786573
2908544827
4554503961
636615679
2206594610
4843771789
2416270447
4843527645
4577150542
376924593
4534920976
3847370775
3981094923
2488896488
4602787403
4237306337
4604844492
4244427658
529249428
4818061831
4756102772
70110045
4614315983
4794616465
2769240953
4264284539
2450692708
3982636389
4719850464
2889771397
3314580936
4584689902
759902323
4828844817
4267612757
4089242547
4814792477
4848746836
3358840367
1460320795
3807846388
4845706883
2745213467
4428770417
3567771436
4830326963
3515688443
4726576781
4831504211
29610442
4740537204
4060886660
3420019678
4418144607
4824003009
3403693355
3130971845
3251841030
2932637699
4509923112
3351177494
4424536282
2980982609
4690305018
3426313810
2204864854
2182882789
4568737647
3600983908
3282200016
4535513122
4749632143
4702279455
1532297162
4499446215
861995857
2335644942
2168271051
4334472503
2363174862
4785159741
1046806766
4454420603
245039243
3219586950
4396019385
4481295315
4186583974
4818933467
3035113859
4621697963
56202265
3028181857
4322611098
3400787151
4676599873
2269997821
4519288692
2971444075
1916513768
787973605
3193639281
2814817753
4738917737
2497341925
4313090112
4784033265
4777136675
4633412836
1104253250
4698777319
2673074923
139299246
2923007901
4520053401
3143873819
2809330486
4727765475
256628776
4322857756
4369927216
4426428743
4634479455
4691376594
1178731664
3728401094
3873011175
2867205732
2344675886
4682428178
4063987336
1054246610
418617673
1546777597
4543422268
3066658387
3384329135
2192568334
437159338
436010535
3727017262
4739789249
4544097165
4314228015
3091512533
376423839
297258606
130031064
2445194930
2390057391
4520532322
3744173007
4613046436
4331991087
4645403057
4600804696
4579791612
1286044628
3254655558
4401343993
2539932444
4514477476
3260919244
3324488567
4677934045
1711762530
3432895529
4689081714
4653305625
4686101540
4482419909
45289506
4092593480
1618094941
4559524034
2635372961
2157166307
3888989680
4208027412
2458008015
2715030648
4169591783
3883831636
3015031480
3327250452
4568607693
2920704166
1089201265
4661919020
3337749591
2822644618
2221194037
2379805482
249326493
4657612249
3785209109
2408966077
2798804297
2418354018
77684991
4342106782
2925538163
3270636264
15964377
3350909651
2967790528
3749370132
4090516275
3152513194
122094535
514366498
2861316812
4521946173
4192125913
2699105069
1488558672
4266602115
2428863222
3021485600
3083411128
4662229651
3315369226
4258379177
31422436
3039322799
2888555321
18171406
4261266859
2965417828
2877769691
4289270856
3617403796
3295759193
2234590058
488545212
3739409600
2246946587
836099808
1012940395
4227272386
3299236433
4478419949
3334478686
1076394487
3959170019
4561071802
4387575555
4131437201
4428093628
4580259436
4632465373
3351583635
2883784717
1275446844
4522749803
2834465904
2784206647
1154647986
2919472200
884174730
4557328580
3006602517
4033591520
434756695
2418053706
3598015157
3248791709
510423132
4377909320
4462532299
2899939058
3119207431
2372002350
3701561538
4614264199
2994040217
4081892413
2481899255
4069974561
3019567237
4499177596
2426812423
1311555715
3958589194
632271598
3241852412
4632707713
3425829875
4569423562
3309681606
3198142961
4047479704
4546257202
4168942337
4548745335
3226452636
804097207
4575897194
4575399926
4514999907
3959211021
3760681883
2993767711
3959117842
4548179253
2600628678
3328417826
2170232347
4114857199
2229694417
2996077816
3960984988
3076948801
3958860389
4036338874
1412571896
3160366900
3584176037
4600050026
3304884280
3346425221
3308401979
3190940427
4593633132
1568214769
3958846485
2718913010
3177975051
3107263259
4558258512
3959082514
401293795
4331362395
1624090057
3990152789
281457453
2811376321
2412281025
3191428050
4097666955
3665595496
3954129972
4405630646
3609909856
3958982177
3375707962
3583864277
1723347246
4015281743
1977965418
4461884123
2769156715
3253103379
4277800580
4096402701
591970742
4295067495
3279819918
4425720973
1549204238
1029482995
4417116627
3338727616
4077749709
3300091166
4290079540
2463152817
4480766913
358655463
3176770727
3648309497
4474105033
3930844077
2682141920
3032035306
4267916069
449189352
4464961284
2422925107
2600383579
1022058307
4257983867
2507847663
2475197252
2236619938
3377704365
14520268
1127669617
507524916
3589227616
3939411675
147447554
1267427179
2293590074
738544844
3385600109
4348072096
2804928776
3040957724
3969660274
4322715087
248965741
3713515035
4100941581
277659258
4267395334
4149016936
1850775522
3020048863
4351727713
3943303340
4132749803
3222412176
4368302674
2710385027
3556286413
976479355
3463575440
3801041307
3139041765
3712934056
1850995333
4059128133
4339085117
4174681582
4327280657
4339423942
2521756442
4329901713
4382907739
4309305023
797800934
2969849093
4257125663
2175258031
3008059230
4263245866
700080436
3171360187
4061550022
4021737418
2811703724
2728234800
3901566014
3431926468
428491963
4096769657
1167620545
3553843643
1571292218
1339621674
743797136
2474938506
3256627520
4163114549
3192302844
4155610834
3268449452
2918719129
3341926097
3309883792
2407264596
3212777919
3501878292
1432692163
2829507051
2913637538
4096490001
470148631
3319817989
4059748938
3178318561
3259231686
3673980917
2676454145
2501910242
3234104933
3483144732
3746763555
3349128898
3788751797
2958717549
3580814480
3237033822
2469701930
3912660617
3594042499
3954906435
3918328527
261407765
3960436186
3170446806
2600252280
3356503857
1875044496
3916386076
858310045
3171103454
296434496
3242244073
3174472875
3661088774
3388055668
3324870035
3780050895
3866928614
3702763514
3918667223
3363087733
3077083821
3435115239
3423001119
72091817
3155747995
3274662577
3681603434
3670989685
2900486784
2969174540
3431790891
1850914147
2182105292
3413072146
3295210291
3314052176
3650417235
1143142962
3549407833
3861736109
93832024
3302172342
3306501545
3262965794
2729473956
387721417
2453188779
700652822
2474672844
3636341302
2948943554
1089476491
2424669342
2382493598
3741622815
3236731168
3312645505
3624420440
3338168112
3323750767
3118317991
2757976966
3269780142
2824559505
3308388247
3469299612
3585514332
2795838841
609976547
3227916438
1457250499
2438951288
2968889560
3394921278
3590254877
3306445188
2454419628
3053514288
82014214
3057848231
2992469223
3057452008
1048435044
3323788939
3353693770
216831076
3038865314
3433842179
2437681580
2322878353
2498389848
2994412789
2954584315
3318857916
2742097303
3371212606
2331171668
2445290160
3304790893
2454433789
2962807683
3038780162
1706988264
3033344773
3285584970
2858600870
506651013
2899858808
3238075088
3275032770
3248178072
3368518930
2636050798
40530952
2933775530
2382357360
3268336255
2655578191
314649566
3366086386
2966118971
825875996
3252117744
2775906295
3238154689
3357799937
3084492457
2856907090
2528530410
3352147876
3126218742
3006384930
3253815252
3254703361
3342704417
3101444586
3249032275
3331868031
3324300880
268934466
3247266441
3306453989
3144677761
3012705698
3057441742
2922593393
1336579788
3004240897
3092684494
3107781364
3226155325
3222474673
3213381176
3187663927
2333849113
3071630514
804179726
3245725384
3243548590
2348522484
3240741118
3180540242
3205263094
2648091392
2938633521
2351450461
3216623421
2262062976
2988377234
3160042782
3198489591
319148114
3120240711
3167491296
2442054854
223546752
3186659597
1662464448
1366384206
3073396844
3160538844
1108318286
2905264999
3019958731
2236284588
3159154574
2883365167
2829468580
1299303043
70067643
2885730737
1455455017
2615429850
705094425
2932193983
3069063074
942831684
3108994652
2851604761
3102295652
3103052380
3101820429
3101239114
1881150919
3089101725
2991376325
3085400575
3069427750
3079692842
2935499021
2943847344
2943599948
3067000266
2914991841
3043726710
3044317073
3034673227
3008623404
2882929986
3057091706
3003992210
3014523698
3065034005
2529888170
3064241541
3059830215
3026319794
3037893950
3044945087
3029759438
3020487780
3019279634
2994160895
3018517506
2990435931
1661089980
732300883
1227627246
2863327749
2882978634
604176068
2256030358
1561142335
1179758034
2444479294
2784858654
3009039002
2978037001
2857195084
2737568638
2909387479
2960689036
2804417671
2286300206
1066428320
2945373348
768557864
998113346
2287954589
2884964494
357929906
2545595912
2861747085
2934743436
2454586464
2422394947
2980866982
2977830275
1907428495
2705973487
2863362539
2372217901
2961848835
2838814945
2935200935
2466050564
2157628438
2888530606
2958778606
2484094550
1729204826
2932758002
2933725633
2812599522
2942810108
2464460178
2568471336
1295909870
2516841681
2822894174
2679271590
2889273781
2157939874
2938152313
2771177428
2896390452
2933111676
2926571856
2906060089
2862215005
2928625020
2866134986
2798887792
2327479910
1326898225
2898201276
2274129859
1048074294
2811752346
2726521634
2876892416
2877763990
2173667616
2895960079
2601662498
2871350371
2868651360
2894433776
2657752453
2914683366
2918252348
2923605294
2880451938
2298037626
2333163985
2764351329
2913166639
2928193458
2916463439
1174242139
2926937497
2923289766
2888069662
250669749
1552260990
2887225616
2616010662
2922872761
2886930148
2892554362
2906254360
2171041193
522627834
2905207925
2794342822
2607567829
2786576406
2644792045
2783514122
2898022073
2911965104
2749760465
2435961831
2316587609
2763528720
2149189627
2168428928
2895447432
2879588470
237828721
2557560792
145030011
2856603176
1382713530
2885075220
2863376836
2360150223
2227899981
1068172572
2462216167
2861805907
2845387910
2865484884
1629759770
2883761274
2852196853
2889509851
2889487453
2750512053
2871543031
2386916040
2691051805
2605831865
2863575356
2870535726
2338094282
2484989138
2857902407
2473187556
2163478602
2864840684
2785826692
2789897994
2874133292
981053095
1034914970
1403625151
1001305488
2713295325
2873969658
2797099362
2865575750
2650486584
2874427873
2646012890
1570535856
432081342
2810299978
2292897451
2826947760
2856846900
2777755027
2573021041
2834181640
2832368515
2791404194
2766440656
2871167305
2164479915
2847160919
2843422719
2481555958
404940616
2812016557
2855682295
2859818540
1928355841
1180731194
1162670275
2573494494
2770634583
2822696718
2842129451
374581610
2834526056
1957370797
2288431112
2552672782
2839334421
2785297762
2877824257
303550261
2578173784
2869058804
2867698027
1670653771
2876332044
2848593348
594092197
2843491875
2789054167
2858876054
2218809193
2522478746
1258791973
2414744527
2794832840
2838355744
705182443
2810635768
546894109
2873868894
1516932296
2841906407
2841651655
2159039006
2870184716
2869179434
2838570148
