2712899456
22417535
715691199160451072
1334521549
136130696
2787256092
4727391650
4580788707
1858463886
223521601
172863320
145273701
1933042237
1702731
570266167
3025985590
3568884553
3514826593
2724288967
3759491175
3384454997
2502970082
3248378876
4032676683
2992198099
3767899398
3557152221
2483093335
2327314973
3186161958
3170894937
3443849774
3291895274
3291389366
3420543623
3051378500
210684204
752383092
1298020795
1735172144
3323299869
25169797
1733340175
213408609
37599351
1215715776
2888040037
1090998480
21924974
2542861122
2926774575
3187194080
3214149971
2310145046
1673701254
121158213
124258186
1228116126
3023190303
43111757
543685732
2840128442
2836225703
2168995328
2580120274
759101011
616649886
179702204
366806668
1098420360
1106581765
117299850
28838321
