3990742692
2538316141
3934401755
3023037872
3854038335
2158019220
3054986751
911033772
2980673631
1186431258
1335741030
1081621046
2252409182
713204357483900928
2360891936
710023529207615488
709583729736466432
1414112568
74622741
298027175
1074634040
2861822699
3873218482
1707857599
4915805459
1281284136
844477579
1512269582
2806161265
2931560341
407261533
472435770
78178903
3152654915
2649494173
2732200132
4638430697
4329917718
2979538748
394328859
253843817
4348920135
14579415
4245113715
438799825
2927292614
1143831188
3952728797
415814395
372499488
577732746
448735653
4014072333
2886288105
3733029496
377748828
3580447156
2329451881
260908692
3571414157
1228782607
1253353542
2250992016
432121646
2955926753
1358452543
3223119593
1235121810
2181214285
323425932
2246155639
219894550
1529118006
3152044075
3082301598
2903971015
3142359087
2740538470
1439376276
54422929
487256562
2186863136
867130891
432001579
252826247
1678941206
2493694519
3021757043
616491175
313591738
967038558
2443010925
314929523
754074120
702034117
1265749770
2292180146
394612661
1064849558
3164451552
3124309977
1881450464
2586167756
2538320492
3119818919
2789889671
1321182901
798754428
2841543051
2263786556
2235142760
594293811
61820013
333031543
3033902459
3057250072
2969825691
2981748351
720792745
3031085867
1393650326
610134538
3008061786
3007720136
1686562860
2997207899
2225529607
1446744547
1301951246
352548282
2974167135
390815404
597432482
2927075429
1583197964
2947322369
417468452
248887508
259476684
1631661487
2919178972
455308465
2922134189
513834418
2282890855
1043299993
1256047687
2161958744
628782820
380064023
2892121343
1945524973
2749663491
254352692
1002060464
2490264114
611127324
98217000
43469116
942717438
2881927053
2199891503
1426833798
930683946
437775026
249766234
2632953365
309416922
613887296
2320127095
2855059025
2771466323
2852692365
1016266160
770831642
2244390579
2870018298
470821235
334311648
424698330
549784327
434587218
1528930033
1567236920
619679880
1671442194
207117533
468995255
1861728642
828002514
48812807
1152428214
1014330480
1667873252
1959685020
718889509
928618309
1081404204
789810469
1862115787
1670802828
539950325
1170746966
2480174196
392388208
2623786067
2270627940
396944353
459835207
289692289
617568040
621506368
622328372
975135230
478270892
1935662934
1329656430
936040436
599564141
574137321
115778428
2276521346
477061575
574981506
2837170278
625091755
890207864
584876712
519995355
428625417
1107943316
298514610
574850905
330494808
406408590
417237703
2802784180
1544056200
763940202
1312325479
330987699
413556643
1195314360
360070931
1868482753
1212054872
2230792093
392397958
1543372040
1409067150
