521664778
706256023250735105
706849258239041536
4411485374
4794718422
709320163972096001
2420871267
718514425641230336
718175076366086144
78789616
3600484649
1350473376
3011487897
349151456
1571279480
4834109891
4718652867
3306105928
4388775808
3064878934
4246367373
20018326
3154308258
3541461253
3233840956
3148558542
2908719507
2806245637
3277181360
2674363650
3662223256
3302931937
46638853
336258532
3269016932
923623158
2321009598
3237529397
483134489
2272765093
3064433378
3130777114
3051199381
1253134280
3044722119
351703834
2926812801
2908733885
902696323
2898396536
1069720218
45938123
2802257830
2181326863
621386355
2746988245
2740365453
319491716
2601705811
2414572537
410422892
253882558
2452164684
2423113158
557711948
2237396710
1713073422
57122828
2246284896
1092988051
1611330510
2210717801
460650214
2205258877
115816481
1466211679
1012265012
825679429
1335727386
1279278078
45045707
1137676286
41449898
85102104
496557084
983444736
538030323
289286932
560630150
13756612
412007593
112876597
117078824
260525259
502311094
385003087
10910852
410496285
325317637
284365675
