2376010556
38976390
890226416
703762638493372417
2724563700
1526553212
4437444442
714614269032198144
719974159183286272
278834719
1611000890
4717892303
724065036176490496
567781080
2941051091
860691823
4876162073
3139131148
2478015324
709429829855092736
3197846393
3314758074
3288598806
2534195028
3590632753
2843768360
33186808
2574956743
4729317440
4220373573
3367987133
121656624
4118701814
42953271
4479562812
622661135
714262935665786880
718214294517727232
2431253425
1345704325
2613685983
715173760785993728
1649967228
2533241094
320524842
65455370
3246106559
3196189341
4802634235
3719751939
3661168817
4102376488
499748062
913844090
3193836186
1674283712
4584443975
3285975517
2616166573
17010913
17327882
4761064634
4886040703
3309041036
3017677312
41651551
458508167
4306791797
4543927513
704587151418245120
4061238689
4873800587
953630900
4482707536
4355797094
3473817435
3850004293
307699687
716612550
112519014
71807953
3633611729
1626294277
2512732765
108709348
31479090
4107195712
3590449521
3022045469
3310659202
4636949955
900431706
4063285643
4136117243
4157448316
3687632843
3214214153
3181032174
172852209
2688569880
2200401781
3023037872
24762292
3850333213
4320889273
2924876946
2477933330
3320668554
384944737
703561088
4765294219
3016501992
4729366201
206774019
787974044
3399186493
3885780078
1338765866
173851898
4375073413
3314535722
4617528973
273478722
3417755386
3437556273
4262408954
4433841208
538547125
1335741030
3452894301
268613555
70501107
2434306537
2773132337
4074886332
111225697
3897984792
30160168
