718429861317120000
825217296
701366181236760576
4694049840
280342262
4650315984
4842913515
3230335363
4430614154
17908098
3825682754
3429473902
3406984377
3404363991
3404378128
2762239325
3404978356
3584944152
2718529409
1042029619
2875544212
2904367046
3282524894
3276400472
3242167129
1944088381
3196338091
3192708582
17881816
3182752911
3158443711
3145095643
3141357720
3119132568
2534955130
3096641125
2897593697
2990551484
3050445662
70352000
3045231614
3033121930
3043659012
2892489794
2538774924
2789729646
3018781228
2996412800
2875052947
2946210458
2994840974
2904132872
2977417671
2958149892
2973737222
2953595725
1537478390
2902575697
2974127018
3002967294
2930116622
3002294075
2794024020
2925387048
2881857067
2847646308
2926732106
3006535271
2953310103
2888955153
2739068814
2984340738
2927773393
2940452666
2891852152
1280739612
2940523591
1119547279
2868402552
2867472835
2193718015
23536653
2876714528
2884329337
2772614161
2803539003
2949660816
1404733171
2855340474
2789356068
2226648996
2927745493
2897087448
2917343910
2908344684
887281116
2848206734
2811099230
814968864
2811230148
631669280
2935509226
1381052468
2939251381
2992436524
1525689241
2990746418
2980692444
31231597
1507563510
2975023643
19539314
114925260
2668756400
2808994064
2830051135
2931764790
2955275102
2956478033
1361543490
60021946
23181999
2675970384
2942485208
2650458288
2797072021
2825545250
2847254996
69852272
2903557891
2515679052
1617816648
2608602900
2400964824
2252901314
2491487839
2401549496
2410874328
2928726056
2823383906
2898256267
757696927
2601785378
2687840425
2543214148
2856565496
447735692
1951655628
2155977678
1686348054
2416981483
2642438760
473898041
2791242312
621881006
2851644547
2862651740
2536394023
1952799176
2867097482
108512746
2885676454
2803125438
2588754918
1328750544
2314968708
2296023176
29309901
386106936
2875197923
2898598860
2741089991
2780248292
2862413726
2778537414
2634638964
2832449082
2720780149
2503070899
1139409679
2253379884
2689144026
2471781446
2814843775
2716721012
2181493465
2466467903
2843450492
2227100462
1538190451
2850259869
18278636
284942731
2786942316
2148974662
2340590192
1730658882
186784533
2780381787
2868069386
2687862337
2766906630
1366705117
958682208
2227394784
2828732231
2835511602
26956555
2446787863
2466339073
2805036960
2822377709
2809520530
935259577
1118527543
1978198885
1384721096
2471613154
