418363442
4693214203
2466137910
15621172
720165727995564032
2960292925
486476991
1700426708
2235082016
2451772356
2451764461
293338829
4178047272
2335858410
2445890839
2466170298
486064418
18185124
213239757
1683260238
4600451234
54938044
2866547026
717073109543727104
28022257
34217851
16307887
721774644122886144
67217002
3299895732
3250344632
8523822
17556539
204059561
702371785807892481
949545120
42398803
593507389
2411379336
4178108954
720687916817645568
717921250652229632
136393773
3827158396
4168443493
58531971
707102710693273600
3165900877
3023037872
3854038335
722204978589384704
1056036800
43611789
2377540555
3509521816
125203097
2175120865
3220338233
3300737872
1942164205
767162984
101324544
2972547768
53732114
2446592504
2849258767
88905167
2160292088
801491060
163842316
2984851032
36845747
2219078202
133029776
16987628
2209419307
83235893
521071391
405303299
272933351
387978466
29801356
1081331156
16150075
1867808629
60884378
343130507
194783108
1171433784
596264432
1418766751
14569253
1603525153
228183548
1453013598
47817707
15014107
1134425935
100812784
1039614956
1057121312
17750492
817845882
16457843
297428148
64108086
1219823251
805628485
15283659
542088397
111315828
215440345
785183647
1057914674
100870191
24085562
881490926
279166207
36703210
126117848
145447268
547401447
69177403
797819850
19253876
855800130
166460053
825581934
707285586
724076334
61493926
383448876
54735722
68411180
481386268
632627400
454630177
575511344
573775562
568232804
596595211
586927092
557653208
347965348
16248319
355879250
500698079
424225703
506637199
169719466
42517041
469743731
247590586
144578274
40807299
192236461
470818416
291981095
464719814
355531752
449861356
432926324
37599457
426087304
374841445
135484197
161596504
140994106
155057730
154494836
151338676
401493492
177708354
318055869
16395628
397244539
63822934
20688227
14936746
374373761
136214870
15381892
23355345
368557951
337731040
48534094
307437828
339178833
24196707
284231433
21757846
65015160
96967460
340406105
126798731
308077771
321099114
94039834
20695551
18896808
152611931
172986427
35006709
257387409
218603016
54584008
270414336
298828487
259632324
285528892
19814685
110683271
282849241
258950201
109332883
255250800
280777380
57406777
37599005
279609045
28827234
148595531
230834371
178953324
217624735
84691166
183285837
129220901
46350549
16712575
123007265
257975004
230849591
109934027
252729502
227250054
125570171
26206663
247920864
149989350
69380259
247109832
1355741
39310170
238697996
176323782
31763676
108390399
243674808
22818729
244934700
235375381
115104090
171341614
45640569
19478383
65589378
162796173
214271102
87397508
241084337
66056730
239923471
176357044
61941415
123340898
92919326
25734517
15726736
233991112
18214826
180073693
170778596
38703745
222945170
22211874
101007944
220839635
210692507
90477652
145134854
26018856
22981879
113132164
102569215
154019795
131518624
221488093
70452033
209914906
126870955
59311694
16145309
16176195
200606728
27315085
18572791
180030069
161195144
172081315
16805165
216878204
114056144
64916826
214191530
200050303
140024390
211454554
195250339
104002088
192722437
21767534
168084108
112558864
102953481
74717073
133124267
78111201
164813803
159012330
173368675
187820117
17774643
194495407
199662929
113548891
171330867
55997990
127133729
187215434
189118470
188622378
176132362
95213421
87386632
95240450
106736452
38433327
20976535
191202373
82475422
66584270
129302983
191555294
165452274
18452497
186494258
40908397
154207833
18378722
180067940
165000920
60713223
183941924
185875989
69141809
130968183
181431359
62779458
51923666
155909128
125913287
86944174
165438356
22284012
183380525
137021226
38006846
174760185
20832463
112758175
34714954
35554123
149625841
74901792
22585743
21076886
67738679
151353364
160880795
177253765
107420449
46975710
140313301
132691620
52509435
16711226
24202473
157578303
18996757
15920605
117082020
83240827
75727122
150740516
89283642
60403706
54067243
54126071
17812157
18619428
16703753
61859045
112412284
47104981
171813129
107437942
164364369
25152693
124244045
151462791
94075024
156364979
151087094
155986722
30255259
150869447
82089224
166217265
165345758
68508305
67516990
15818510
92794505
60105674
104209531
120875221
8366732
69544167
154334276
85766096
50381065
4864171
125100463
73688612
41974543
93267539
25396236
95754443
50626909
37547701
39845542
18292828
119639391
84973604
48666417
96794178
15775301
23790032
53983744
148558448
117447566
30570862
100961150
64495260
56475996
89727578
29777851
17401292
143881815
60987705
79220129
112542147
142329666
146071675
110733124
34921053
87486856
70221832
77504210
105832432
16812487
64010892
143158721
141096420
46227806
64094280
140599315
7634522
16743951
64233080
127248725
97340412
122016065
65794433
41309731
32249916
34815603
17035936
14193603
15374847
35376938
138729442
14782525
56831137
84396477
44906723
116595474
95332025
95181262
95413702
96976147
56082277
128518967
30324966
29006258
22238542
120636585
17148281
117771576
18219999
128702293
126786079
126684299
123560158
116536398
30701850
17553141
96623695
14466972
18701094
53936696
42410211
81082932
29008407
31193141
77534983
21933632
73748290
73144146
73093933
46211938
55554012
14510050
48811047
63159633
48338997
68685218
19056688
55519774
26340731
51562109
64021643
54412506
19269471
61469221
44880866
44877299
52261894
28052375
61398831
16286921
9990012
58742507
17527350
35478660
17828110
20029439
16872081
15254783
22139213
16043270
53810420
22704405
25612745
47733673
39948071
16518232
16271055
18767801
40234573
41717417
17966449
24405124
29291824
20286549
36350146
16517473
18522404
18296022
15344099
33248657
19273405
18074132
16527520
70043120
