3648633252
706144236895391744
185653841
3404414950
105161933
724298001209020416
1130798108
71803082
3043410490
720950462300712960
4163533041
717379081449422848
27410885
535315102
718858620851601408
1324427640
1035631176
2557183339
721796969757351936
2578378219
241249547
264395521
2210515276
545234236
583115355
291151021
14481746
178387501
3604474453
1653241057
709903228008337408
1316917842
28084275
2564026700
2978076975
721819583582244864
719338935420235776
1963081753
721387282834538497
721807463612313600
721818223394562049
275109756
451088564
364543335
4192963992
1355432282
3021482703
717892853288992768
3364868037
4735272573
721108132450213888
3398906133
4485651461
3948291741
701085618684764165
717275103143133184
3308615640
3429225766
3262737270
720861460486688768
3003471921
2238652782
717204207447748609
1572382556
709814681632792576
2614619071
721496149182541824
36091914
705475783050002433
2752114830
3401867621
719614087639003137
3246339301
721727862705774592
712008176200237057
3022461738
198455790
554527409
4191717373
721746984953102337
338533123
717312652083601409
3305428916
3927667640
312072555
3280816760
1712954298
4208527877
384829567
718843770926718977
1035473119
218259191
1036332624
2387961272
2560656475
712362906374041601
176895054
2295062148
2511335611
4889623221
421905006
593994340
743830692
400765762
3228318200
2355257527
1428866197
707922631161307136
623898981
1329846115
522597312
82474684
22046002
103031360
2528432275
1583980064
4796661562
385145573
924132882
210646332
282987045
83077273
571105423
198499250
3288486713
408834182
1580187241
480742711
186141167
710417758371110912
181953390
1137315336
258995045
365117482
1281357896
255630662
81486234
1497727748
478871412
2847947496
1040057462
715730212416274432
2588754918
715723743876759553
715617326838726661
715560279589789696
4218471372
3146879339
714967151589896194
1904969683
1632979069
3302133465
3141232584
714190976252641280
712755605782417408
2992772400
2516834235
709248251124391936
704549391311491072
702468936
3308057257
713171966862163968
564590559
2569444044
3409777035
705272176929169409
586001649
2171186413
3110124866
3314420060
972805640
4872517043
4834291629
710901502202609664
981410624
707566237526659073
4897927809
4808714461
1017917060
4403785038
2578245664
4391609654
2737041848
709687690321592320
3403161645
709445274645585921
694895646667575296
707420935775784960
2573119178
3513065657
2909441568
2994863886
2531733663
706019643471736832
4707800840
4888629513
3189291486
3863560287
706371521481203713
706796166516760576
4745725962
3430462901
2157750013
4877340574
4864226024
700771661222514688
2852364386
4411943474
3592625836
3958461501
570082916
4838028910
4626068299
704433713137000448
3243965129
2208727184
3865728741
704748542867410946
701797065488257025
3195111740
4621708336
3322094498
1096279872
700422180220366848
705582167649288196
4846859300
706546377208233984
4323955900
4865818773
253742150
1914876570
705906210697060352
703881436160466944
3266951953
4899415825
3561755895
3032123922
3339685733
704694964299681792
4540894695
4853276044
3249128629
4884543676
703310498775887873
705015565505716225
704149961856970752
2514876451
3010153435
3232250348
3298930303
2968580861
4846750484
700875181930098688
705904595592159232
4153084877
4664092458
4339785679
703086213763198976
631845499
4546633697
4840043805
4622030717
702640969963991040
4826323173
4925289432
701868859888783360
704342878252867585
4890452264
703534782387462144
4914161051
703641094714691584
2722315388
3980548990
2913229146
705541050321002497
2355287360
3287887195
705030760059670529
1122642859
3336720129
3254275738
704771643386826752
867093091
703724167602917376
2422414656
4707909029
704218495853076480
1265993239
705298390150590464
2722167124
4148978662
704456401708568576
3294403578
704596190222921728
2157895248
703054381198020608
2641734586
3310107711
4835890197
4113555915
4919070583
2843461318
4764691047
702919474400370689
703095583934840833
4321651696
4301742629
703149843934384129
3031014288
703615378145091588
3381081857
4883618398
3039115542
2595562032
3198789523
2229232817
4285682412
2437889947
2814041484
3116930503
4151278576
4319544799
702510928516898816
3044372861
701642769186557952
4641602378
2249622686
703747530501316608
3645312262
703175831640608768
704547267773112321
4540603820
698694005962309633
1528587494
3479913374
4260207554
4626337633
3242040640
2612003572
704483149259120640
702250426394132480
2884088849
703939601422028800
504747985
3610410614
2908206612
4898144351
4349436262
2645349685
3603565395
2419869698
3335663092
702739027384897540
4579716029
4883323028
4830457264
3397877908
2832908603
2949412895
4553408113
3064992004
4598571314
4842973065
3207437553
3383728044
701627447003865088
4419116721
4784536521
4710288312
704253976288456704
4062051619
4908896676
4789364418
702244386432794624
701521543277387776
2654910462
704148046213472256
4462063295
1560278550
703743786766180353
704263702086701056
3093673729
703303700396294149
4878367973
704091309292834817
2728317542
2908325349
2916324586
2927944629
4203382512
329230038
3313444699
2486582832
2990671502
3184149765
4903309607
2800557440
3015460870
594604664
2927279185
1713748770
4870804878
703021495463837696
703837301076406272
2345909200
1174028095
2908422944
4641482220
405237676
3873590894
3101286650
2879004019
2604623551
3145787528
4819151319
3368383157
4443639137
703987726815772672
3228377762
703924314639360000
3067607346
4721652102
703982552151883781
3424884340
1010212603
4077363226
702597725372727296
703665179431669760
4223755035
3060812298
3222844801
3301235168
4224315598
2455604239
4653337659
4694807652
2368591208
1461029292
3331540540
4754576380
4224237083
2738417656
695586003298492418
854551772
2762125333
4832662358
396344859
4708099129
4855564198
1188640028
701275492465377284
4654821506
702357503305191425
4844279788
702680429862608896
4365385763
3025770639
417491069
2957980012
2584585388
3030836359
4766728279
4901939113
4748258613
4059398893
523657687
2852389054
701900099555880960
2806471742
3418875013
3242115769
2707777149
4046785527
701222169615929345
4361988552
69374072
1500238742
3374515873
3458935695
3082674005
4758998234
3999901034
4697638968
4601690413
2977683550
4680355532
2889663393
2809583495
3314291323
2944912864
2883281177
4209858793
4867086537
2909798920
3010675306
3303882603
701148310191603713
136402916
4903814112
25713849
4312474216
4884486153
2838505319
3338673971
2886422486
3293059502
4646908534
3274853730
700417063714689024
4832522773
769335296
3494837115
3543585497
4756765512
2240349482
1901416074
699898266641690624
3907392325
3587428272
4925240774
3303067185
2531368206
3193526753
4870525241
3313881846
4886364850
2425228955
4903077231
4901675279
2684037824
4928238538
4900121817
2850322999
2322453086
3364707922
4583205921
3110732188
4882200922
4842570327
3167140799
4222175867
3439205493
4871469529
2319292470
2618566313
2287115831
4874559617
2279646049
4917764513
4345246761
3930107812
2697810728
2984513400
2928563292
4485460932
2423097876
3196006333
4922362467
4922143093
4709088320
4918612694
2303968058
1297339782
397298388
3639152417
4770979767
3308874119
2371857323
4914934785
2597789300
2312571002
4177082235
4907724793
4707654466
4900316011
4905773123
4854034789
4904662819
4877827565
4905651625
4431607589
4905777363
4878766762
4071234161
3246744130
2993058329
3230999202
3236191442
2961564548
4649909570
4070735722
3345710266
2787117384
4876046373
4880302277
3290866201
4895775385
694709264741322752
3399093946
4851622665
1037569705
3291380742
2271302594
4870587392
3189264486
4897611865
4874777039
320306843
4882392101
893683315
3980748732
4865931298
4831616416
3108192699
149289239
335682119
2862517465
4888053404
605201118
4560132822
3131682039
4891998454
4899041506
4899206097
3386127652
4842720275
3481450094
4898448280
3481438273
3999205245
432029072
31327090
1953154160
2321096183
2579036269
2151447492
4896365501
3974173154
4483148713
4705794206
4873845093
2957858580
4799068002
4281248355
3240232026
4020121529
4801248259
4885238901
2479399308
3786696437
4874322373
4838725637
4850875432
4873119541
2753952217
3035022837
3298919315
3358919297
2968555431
4851958565
3347728203
1647824436
4130115545
4813018590
3024341428
4861400694
4879866371
3154709058
2863723400
4659407957
121598328
1475452730
4267240392
3882798977
4850483836
4852091299
2959896431
451789150
4850470985
4861968480
3632023153
1405047030
4810506745
4877328142
4862001404
4862823253
4870871489
4839547732
1304849046
3396386583
3279335959
4861311052
4843932917
4874508201
4833672045
4878280031
4834146743
4863690206
2960597265
3038415451
1915564932
2730247864
1048820755
2342616901
4857189036
4518558263
4772438488
99134369
2748541087
2391500322
386645207
1019233411
4872796282
4872850389
4745254341
4150683375
4847649491
4875615202
4780277057
590802372
2279574442
695212711903367168
4840151205
2944328601
2903072195
3187547572
3382394350
4860727878
4866032277
4862198234
4862449827
3096576644
4005438972
3424106518
3241878557
1909212073
3308130757
1478784073
4346987833
4860710623
4873784021
3307595392
4674323012
4876007027
2258816585
2497238864
4475703073
2786920129
1127049992
814714584
4870610631
324524740
2338509362
96307231
3187412407
2956923282
4860422072
2436832569
2390709866
4875246658
1212894655
4530166458
3723045676
2894311468
1177030034
4856734404
4870905765
432063042
4873007673
4875287549
3134955837
4196381899
96308224
2313962650
4809551721
4870398910
4384970178
4875270837
4625829211
4024797437
4747936456
3270384020
3099809733
1255482090
3287770172
4872435303
4846327784
4679614238
29277240
4857394939
18616085
2759055301
2774165789
69508037
3298513973
4593810433
4875622480
3248351854
189187834
2683483572
4759126434
3762205037
2374449684
4737279310
3484275437
4869674608
4840183733
4037595560
4828114151
4830804107
4391717174
4694044152
4831960328
4838477982
1072085778
3322346814
4872283996
964552915
3185695074
3078352165
4833257228
4764622397
4851740367
2779978924
3462690373
4868077576
3891125293
4593875897
4382562809
3935463792
4843237408
553014153
4857562653
4198192872
4049930278
3311835431
249326493
4834317742
3970337920
4844482487
3438461753
4546950946
3151561574
2943711593
475486858
2986385831
3408780569
4806197183
3017783983
3314053327
3140982847
2583254777
4847718213
3225681596
24733117
2854998720
3656984781
856450920
4851754483
4578201840
4849909538
287995136
4615487593
2539299306
3256356480
4851339700
3280147027
4680046680
4447658534
4765865896
4851418096
4870961350
4845301017
4838078941
1046778104
2998840005
4827891019
4845324308
3287937666
4846086278
4851574250
4845409606
695023352327598080
2842838316
4832678355
4188825345
4866210053
4324095802
4854451346
1475741916
4872794279
4434409161
694734602330574848
4866999190
4692818690
4793766704
4624423095
3245614807
4872849039
4231257741
3049895469
4844935205
2932176884
2995128765
4872771677
4870659035
2762281024
2941782502
2246450554
4851277599
4874938671
624745144
4837857796
3405022245
3382814457
3321600380
2565537762
4480379360
3376764653
3391421890
2424185738
4871316167
694672963346522112
4870822798
3365945593
4700233817
4582235968
4858113465
4806880851
3249178608
3368978289
3599561957
253749466
4840039587
3806042422
4836156911
4868756217
4766079222
4872425009
4850582473
4830465207
4827128486
3365333854
4739918483
4849573100
4695762506
4824027078
4695764815
4695632311
4695545324
3230645802
4676345761
4767554209
4637100234
4844089066
4635477738
4635531228
4635577232
4613520493
4613420539
4613184674
4613244512
4856098409
4854118965
4801439245
4789907162
4737272334
4140982280
4775562145
4830393077
3912297831
4826297925
4859305329
4859715495
4830605213
4767066042
4857604061
4843193883
4844249189
2810815759
3246836289
4130797873
2348977052
4223190881
4848640287
3765699449
2655852320
4862426578
4857634167
4861497850
4842654532
4850853520
4827550392
4814014753
147534775
4827481789
3008186308
2799339556
4721521635
4785930254
4840810720
4631810062
4130960652
4197963553
3245876309
4611246916
4864226487
3197976706
4806082664
3727288404
3759321203
4817696579
4850766533
4833407409
4854174167
4801497871
4827876697
4486303692
4832980624
4575324555
3224163938
4842978710
3311294897
2501455626
3271396118
4827894634
3164748768
2290357363
3293492608
62718081
2459567750
4796953588
4870203616
4181242803
4764410522
4863896427
3272381544
3718030822
3220321644
4869134969
1488883812
3648358576
3412971077
3799033815
1463824196
3285202242
3572584995
4222578335
4824532072
4193581347
4509645503
4509760937
619689145
2961794257
3367164617
3905733866
3483028642
3061273012
2952513849
4194893355
3770520200
3045343969
4229140394
4532333897
3050953797
2968057341
3417647219
3313852028
4706028999
2940174029
4815213383
4836996803
4114658656
4285633761
4583013192
4842137321
2465765569
2957088750
2599665764
1976935914
2729928980
2190610838
4851978699
2955394368
4287057449
4340197453
2757510057
2525979487
4827680358
4844283465
1395916165
4362714867
4769052440
3719248636
4799799014
3232472028
1061375294
3392469190
3828287115
2376139342
2431934737
2334610956
3140769119
3284855388
2764419604
2984343171
4663012108
3344330535
4789498229
3344441890
4698660150
2877719396
3765818481
446740881
3913384659
2465104884
4834541621
3149400534
2858162981
2883638465
4843694969
3031477802
4350487635
4011169036
4726092074
4194812980
4094758452
2963955177
3988383316
4647127097
2820252181
4541858573
4406087251
3590786237
2858607600
2249451792
3403506149
2770157517
3032233457
3320660292
4679628122
2224207818
2264870078
3407571543
3141916747
4311830295
4822350363
3309210014
3302283589
2710665720
4403093772
4441408528
3084280431
2340221605
3892715247
4207776259
3011462295
2849078595
4787998169
2841997248
4765404960
4514252773
4698094934
4795401708
4795272984
2992565856
4794982568
1592087814
3036389452
4827585179
4607865136
4083322403
4427216353
4396412957
4157496796
2510836768
748488956
2244931906
141527848
47905424
222122319
284058169
1481679558
434318894
61649217
1159303687
89847449
104042408
145632177
336697345
88112574
29431550
1541946800
67498189
1380232376
2881536628
101605988
849498732
623207459
1496256752
2324536869
1654789981
262610851
158319689
391922765
2193474208
183509841
1239737774
264299657
188770752
1282670348
1268130956
485060348
961693316
596575954
1145379782
308415560
1595188387
822626300
1344211602
1250047878
713399028
628547587
612679504
2363768800
594831377
908556434
544918696
314280240
2369265944
1035502080
98174384
941198359
442138745
2469599690
157832207
279913485
366242299
633019351
307300337
200902035
216681955
500119628
902320369
1197558578
1491323347
1375331299
1281033644
1093901803
948681710
1422194004
1485518773
1410843810
1497140108
339288558
1521171445
1580431104
982323631
1442397288
3434076143
1353500580
129495277
1457379547
57694401
2492567904
1282159981
703751374
1973338507
880007629
1522452488
481741710
623674216
1103237155
1608521774
55027973
362632960
3051611490
890723263
1445903684
3044110480
144409512
1455993540
1049898452
1483914006
326180876
1462810218
1650281022
557180352
1176885469
1364353016
1928915820
432670811
2186099283
1200733027
194307221
175852103
60311679
551163120
1206355184
615302746
309114484
100997424
393030048
1406700978
310722044
1348724412
127186986
1571903582
1368809294
931326829
1892748278
229518577
270491613
623319746
240992105
2336894361
43711747
166201736
371086842
3243178772
950551411
2233666112
1148467615
2770282872
1965922765
571883200
387832515
2578304558
1112223746
1488006055
402202813
2228228216
2163316705
338068502
2148226465
2844918370
1360065366
1330185134
3329088434
2602704135
1352494524
416758814
1433095477
499359972
2735253557
297689979
1273385971
2241731263
3233864180
550021032
2205458389
2749973554
180931642
3078472743
499920515
1849707524
1724037384
1197494418
1165049652
3311628342
734009672
2788795924
466466158
344503989
1263454543
246318393
2304654643
967886756
872979600
402714401
261511736
1076899087
2221186382
267365010
572662030
1122221755
589331107
862680416
290575560
22437871
156674876
2567673616
503261550
15402507
2823123021
2150463386
32733422
87882563
263488792
315409882
3355410184
128338838
182295750
43475510
36881562
1703489298
1703441286
2829306202
707954048
2995194927
104962413
171150016
1055349272
1330030274
571493662
111890575
3222539203
296956255
614705490
1666499624
2916207715
2203183159
1565756390
1700601943
59446278
1523400990
1595296009
320682787
99425185
2209610953
547764000
199490770
464619882
888261140
861932593
2237111869
212588162
56644550
817661497
2585368494
628862574
2706634939
14103453
185399925
455074028
451676646
1284851185
2751492433
1395475298
805995085
201394531
335539011
105058524
2181932593
2435249700
163190947
2827134554
189557565
485039301
598931497
3300816740
34890578
367922752
2574790735
1540811420
2385789753
30799165
2458049927
62222726
1697088014
1026059995
1115349152
390726273
1066642518
331920845
779888676
824317166
2547373615
1107616394
156659423
2738324129
88654678
1521470953
2300921923
468677860
2934374340
423684282
1147300063
1029541628
2719662226
282179270
356911032
2257379780
1661933785
394053440
142475991
516977072
325587797
78179913
1413277927
1140397212
182716506
597995109
104508439
622557582
359431200
758745271
502263374
23903410
170747385
1394837298
726521317
625465142
264213394
395431262
3069151571
1544337085
1643663839
1316280222
1365773364
630317628
1092887574
709196136
290044399
307284101
1325601216
2453272067
295307574
230437479
1037617022
3402945369
1889806640
2639885394
2198215740
542313425
137856510
2657494716
1480097582
2203170230
991811310
2340052092
2457258461
1112770789
305253987
2266963718
2196928194
41045599
36097701
2676066463
365378978
417534752
234232884
2213870599
389136589
1383011178
44230439
3193698368
2750973364
1137601735
425761051
325759270
1094302662
222131592
883615496
3296362361
1027076804
1470797293
75667278
460399550
1708021225
1665133388
2190608936
2972559045
630944515
943181708
2338137008
3042959775
476655293
3389509818
885517842
1663666591
34133019
789641690
376474882
2219253180
445785599
2924935242
2597383612
119829529
125246845
412911203
2535252980
3285504446
75481035
2895836913
1872599252
257163996
223668370
202968524
2907638574
2167440038
562390386
571114085
3314934709
544481950
797981724
1570659781
490356291
500442098
1089915865
303622273
415312196
509750433
1241376553
467870302
2879754786
1963038026
325228517
2436842317
69770899
3603780015
434051569
2177965802
2529474074
473505065
1928272616
504870746
566131971
627540947
370229340
1544639504
244199266
586955219
2350136034
1977198895
190234846
476172705
586318419
175596914
87554257
542064240
428958002
1082573101
1278663804
601234249
122688049
1309621172
2362545630
1291696110
1127763865
459763511
489663142
68105820
784526748
2800667825
715519186
371666224
799155192
3263574421
2389813398
297530997
434081853
23893367
2861405230
913851708
231492351
866902855
533314722
572137865
2480705344
1601843804
1598967001
2172063774
511212479
2844950475
1619894472
429755607
1077470424
94379100
2694982932
450826696
216120087
1017721261
886610352
76958020
46155702
1851894955
1957213164
2724193385
2246216502
624227329
891591127
165744477
1570518990
1147696100
2194495595
276594464
141745146
471636380
2932976011
409326574
312816325
2175208458
81059988
311862456
94651464
779276743
39435666
539820814
2149911121
389495551
702332732
1049154600
43187610
1460594220
106837945
1689139459
485558783
121335985
860805132
1602326540
739648164
170826586
32240575
556688387
163643650
1873286671
781555562
1937296500
477957620
352622592
1078925994
794769372
326844750
2485885921
230081556
353703954
1931666018
389755957
3072735694
2263053284
47102306
271182058
68610402
301748835
441392229
611062136
717652724
703519901
125586700
2347638043
1050600751
454780885
629642345
267216217
15776030
368710469
2262880016
628578343
245007191
1482535776
2438768793
1918166988
129123868
2937158484
413504383
1063995205
889561045
424369510
876463314
395817804
1644679632
2245389713
2275396471
1916248070
1335914084
3280942226
593417321
1081189598
378352419
293440692
959250548
1292253798
976390136
2589638930
3355024665
2216676768
257890800
91771039
525503215
2309603611
850607923
1057445052
1882334666
371731802
1192172671
456814663
2418987871
445609514
2554166220
1952756030
563170411
1325162958
364050003
384907874
513261672
370291784
616943622
3296554604
844209319
1391807024
961510939
2166282825
1963114544
35909522
555412055
588493824
477267895
2223963157
353671501
283987929
38605040
361599353
887356700
620759534
959447138
257495681
133694219
1135799292
2287757468
606734373
291526938
1678926469
205641772
263317829
1278724009
734702300
869186184
504702429
581297303
294621787
322643883
80982892
2192176346
150876496
548036929
2243627459
521399650
117462430
366233255
2544317873
814040611
24881226
627864142
2291343030
2769976873
312927968
221879677
36158904
396614243
961870423
2377148225
85546828
573260747
2253206405
2219144400
771345258
157734103
2364456445
3634271415
2159958144
319837315
1413391970
61520860
346139546
2243437504
2607976143
863377448
69299894
633201201
930243666
1282708518
1188509844
722953268
2217559912
958611068
81342610
197361593
400292680
457013807
2261829973
243280457
2163669461
3289936884
731837504
1308943758
1591971536
1115884328
140334743
362400166
318112370
703802358
3109018038
237894552
2321084283
402138190
2172549487
456148987
2259186488
370406124
247048555
2161250910
3299233356
389513792
710300430
2353731688
199896132
405048686
1847269332
2200232384
939364260
233770999
308603704
637144942
443637231
1104590527
702195967
872833668
1679962189
523807351
2887311309
126999511
69356487
784274432
2329391966
2381060623
253226436
2258624546
414987598
1902687715
214599122
1167437220
1099719343
156160958
603245986
1436601289
2488853448
278320591
58059781
430794256
433812901
400742223
928025658
104075377
1691833808
1109906394
768015697
59612221
2241761184
2551779397
1964971442
53713107
2806428688
2554135308
3386305151
17714179
1543586448
819509184
248627816
260740239
174515239
789742812
3345623691
557744174
1510535528
3051335612
590756750
205594060
614494660
2433142381
130593711
2239760728
2533721953
429762382
1133498731
3322538480
717464430
377077003
1107533328
2362704942
250892534
312256956
157470302
257876881
185954764
359202609
21723760
180643694
123945003
1212678566
1100378779
1108711981
132981371
1311785358
102573460
69121581
388586954
239641699
2168308119
296928213
230008783
593076944
1346437759
2733921757
2514626508
43143503
778990722
367187232
398499896
1912728210
2468229711
3280314661
728702204
36861110
2156620535
156510537
158167102
39760667
490019685
759773035
272752670
2296718754
1398930235
130612314
308449031
166997728
570223757
536763870
556732145
2147668779
3061555953
911572184
223465873
287389934
2546182097
876897997
2159385750
357908909
619131556
2726990291
41740162
1516869408
127210403
310945308
386378483
296807944
39178184
1684342436
2212913384
291526995
261688298
619176108
2903093993
484576082
825243421
1311207313
249330539
3325411285
727288536
213044364
127753633
2300570690
1913330882
41116893
409399219
1191082416
1343353872
733358623
723666014
14611985
2317544856
328554857
1279099123
822342253
3373341133
600514467
290501874
2279479146
3302783664
2328279349
475178236
2999810362
3372600647
1679879892
107715868
3435722050
871169748
2786917695
975585210
2845985343
305184836
2918125944
314926145
2295553262
1343060425
1885375045
2401795624
2326338133
499795151
37459430
1671918847
291660094
490325327
25409168
1465134205
180720507
718151507
351415460
1907009857
1636343582
325311646
2567463230
410091444
543060226
194587823
2445621500
2346603745
50441397
631402212
1164339493
899850728
377831101
2271266238
385240631
2424446982
1028283332
412873997
362095708
1957481971
100566973
1125675949
269999516
853792926
872577116
838471704
253148592
636926046
373712072
2265332762
1853553451
2280649986
41809571
1661023609
853514660
1003519062
366266491
2850836073
15221163
330778475
3249141283
437568759
490181612
587928453
484513471
224314401
3007081259
85548686
2210430900
1380320420
1365723120
549779758
372044517
1679720304
470992668
61521048
300906389
520897354
2310769266
1691739493
269781931
536872811
1598822833
2388699066
86593418
544856782
492586994
152804846
116607550
1574643594
1401902935
269424133
1342960927
342276698
545169197
423292002
2248277430
27663912
3369466798
2437683227
939834127
221216118
142261673
1087891340
1933617530
2608204572
451916304
459614952
2678722927
362504460
243136069
170060135
733700358
1377641395
1736683423
1187783281
291924686
2596588556
772790796
283235152
2258300317
457185483
1058023530
960717624
478849988
1011257130
2889359839
1854747049
14684925
69795983
68558110
2391545548
2208824956
392672057
405117253
1518464646
175874001
1603381602
2152663652
1513185913
2158719280
437012459
1463720827
3196032383
3577723936
711298763
305478466
417146729
3300750054
2296778570
452283383
175423787
400154232
376519068
112161456
1240696650
462353629
1668920545
303905423
837568808
733972848
336508623
1920073512
28741997
451078337
319967868
1541742391
575277631
32826340
1468789327
445426120
2476408164
949143409
57818768
625407928
2275984058
192050611
2808079693
3409669032
256052025
898727558
554668336
3436802253
890268870
2276309749
3282239168
2919172087
414832171
36426153
802002889
24992047
1392118760
2796336366
487492650
189420708
306183630
583977530
2562484421
305651343
902761879
1894819981
972737586
194582621
1664876412
2450922137
901880838
442288683
480619431
1390166232
326611397
231827037
1944196825
2530246176
239543187
1055035230
945766692
51797148
121864740
2931243188
1291230510
631037306
186838358
1487712872
2352464870
1668742855
614064193
433643908
2459916746
66073703
1917519368
54085495
247686224
252781902
1072054351
253022056
969407041
800845441
316001136
2542535977
32545926
815414353
3510788054
622482827
942818042
518188655
2494593294
605773589
765112279
1700606976
791987432
1366229238
254352562
207868802
167793252
1533798962
518998313
366434662
3279161395
23085608
772490629
411353343
199088925
190042158
51980991
412825716
242562676
1478972582
143827912
710799936
2289373440
61970237
820378603
2202611427
756697544
256246425
1551924739
471016056
262525136
2312994115
453341326
722101124
1013011723
849337730
232910715
1715162677
117355170
475071128
167490011
421105094
309150172
972576782
477982676
3173711626
2725502870
777141517
2587131614
477515851
1109964132
1241989698
1888590632
2573673908
3312945362
2528386645
406026275
325652307
3116553413
16264218
618576416
1587215282
1127011112
439128677
2212923192
510594097
413972247
719627056
315466549
1729015998
486253310
908425956
1035292705
499524041
253929605
2404697375
753890378
2235756637
2368674516
2362211738
94861807
431060215
1342912669
1190436818
308629068
1283524950
2805893070
235366869
3447848355
3244939387
792836096
508896451
2474916409
2333906126
160045709
714750527
240738804
2170036026
3140854328
788495324
362837536
2834260426
1135178450
1934098236
1324102075
473669446
2740343254
1874669636
2168255641
3189825542
109025572
1309075104
604702819
25506811
2275913255
1002269222
3015050188
568003612
32910080
628973792
3302484761
932662652
322695878
2234921806
1261400082
1482778447
500217492
186258556
833489274
2156083566
285300414
2228375719
983701903
1496097697
734451522
51432335
2467580899
709799122
1908802699
787943748
508966915
505049310
2471741182
427802549
2419491888
2383775493
1596716364
1450748881
79813848
852721976
826746613
2516251150
893815681
286352389
2434252480
845707273
3139184318
259463703
1379550366
983817972
440280861
278888484
2690940068
790385318
527461988
1842480176
1247467338
2846321233
1613436170
2158818379
1928323993
274187735
2259701186
1697551994
22807671
3415514854
556444759
180702908
2888880758
2408956536
31125836
704682896
585311279
1423441932
1050921949
1550496884
291593729
189538573
2485407671
106914533
35971792
1263531199
1043018718
3267757914
1393795496
87764548
1909368744
64917648
2448626134
810339001
1588738849
899155153
382876941
357338626
112400722
805646168
1460060215
623725736
289170803
1520331247
975405252
1089433242
197661885
1889636257
2554534338
1674970428
1570839692
571773467
2173258635
2864632659
266341340
2499151681
378039534
2538240304
992274080
2492008232
800733912
565575452
156398513
3234737491
1629322050
459309590
1038497197
243909755
1539825084
3142846708
635529152
1576082718
101853335
205064006
706163761
758471426
2484049734
325054661
370155375
289382243
3297038767
2313563760
292491446
2736693267
2883508103
1148657910
2180478978
143630375
2345035270
1359487020
2326055293
1602189320
2253730674
1691787847
2371941596
1101573067
3130677142
1879791144
596613420
1158641713
515843453
714795130
605852792
634280752
1639225069
835549412
229071531
575715117
221284858
627786901
627612228
1892869988
111478374
1293901620
502077873
410319945
1304968068
304533711
74314291
525920225
1214998117
838080691
53159484
179681340
1376338730
3184619312
1008484592
711566791
38691799
921779022
615004710
307261621
1862964536
210497116
832381831
2576334264
998552167
2357147858
2296653565
806654792
3505030307
512520136
829929134
468945374
515835782
573938732
69556395
384890038
2868641551
69644661
2254033333
710668232
88151031
1351022582
318612498
468347232
626857425
2517121624
1340910302
1239617155
1164300740
1014559190
2620788916
930758258
300499762
1135444658
425794943
1514104321
301774267
1638998250
2357680406
185763108
2926205088
407576184
775946820
322380586
383767204
2194017978
802911284
1443300954
515151482
599256557
2310721400
451716527
361799278
1419674204
365177479
412884990
332151210
605822496
2515487436
224045342
2509401383
1615527968
312952833
940133760
73980982
1624271058
2343752954
3107370237
3409234332
123456623
349239780
1723174765
2191403028
14126535
558450206
2251919737
2411365639
731539128
840902185
2568276254
2210428406
2258157984
2164927692
148468153
3428967309
249565579
1842659730
559818564
2537890236
358304828
2914368904
329442285
358914881
2571007046
470354084
750060548
268542514
561259417
2867882969
593384143
752624072
268270692
298039750
2253143952
578586729
583739023
151327650
607234965
82950386
821220818
2322686687
317363129
354593197
260020354
328643891
249290850
1484400774
2830870489
197139735
1608748238
142922295
342546892
1263579578
1281870590
24610094
143316534
2692741571
3404786968
397842867
2699899973
1137022910
1330602577
449820215
106525950
2645196871
2610887132
889172964
208529155
1584749946
550320016
353772631
219142209
325179016
1671093696
379400987
235879240
2281439179
1090436401
1552541846
33625096
98446543
726428803
2578479776
862999512
499325569
1672377421
260065019
3376343178
122145790
301254593
1499816136
1876127540
1275955026
2208077229
39006395
1898654178
437671771
362311890
150737696
431683515
462573127
594593207
75482401
328479163
442039541
33921361
3229815153
992587028
380982687
412973041
1160188620
1056624241
3316210250
1663070630
766068871
438677651
256259027
1720729508
189005121
636509892
52483106
239352736
878831083
93693702
906015632
606700435
170452621
361548803
3126275416
246901527
2180855660
2413183359
154230644
297094089
322739207
1273107068
1181290033
180068113
1156352462
64520644
2155074709
331480407
830090276
344922154
1927617859
1081892749
1658959795
125186829
2598904374
383460474
534672190
389103655
1337351700
1391825058
491610791
236381083
1549197091
924876752
498392546
74500363
2543658115
1134896690
1147945345
1414256209
1287022560
772312423
1032554234
1189461264
1515352436
2243539401
480755567
233491124
346098455
571394728
1206050526
717213512
2484358266
378166958
343547231
532121507
105332580
1611412758
1146853358
196031538
2356861279
399512784
134669780
1895799470
1275457656
264011478
1440839922
1419914564
151178903
197115071
804762086
2995797586
75988820
30775442
613274482
1654429548
2172867576
597559433
1863867757
423716449
391474931
415859818
415978244
3176775090
2423956801
424917218
436296472
879730045
1219952886
1442199552
235743539
623861315
2334438564
533818580
1671647857
1021257829
3307881140
3030874523
519163468
1654018537
1044148524
402164471
3285282525
632796230
481018450
860800302
108683967
428857770
715504321
1666108302
715011171
1373709074
550366013
54776846
394668424
933704664
581067858
1751931637
375096813
790789656
2165145483
2543606624
1594187372
1365494203
831032628
66797167
284458226
2599690944
144056537
2377714557
759082615
1151394990
635915793
2511660350
732231308
1386426648
1058636557
1263454602
42584824
857770722
2744514171
1311302846
965947914
3384161111
133728950
888929156
176884432
857175001
1472336868
103659036
1317401780
460366973
2289542018
1689776605
2205289171
145398045
607217696
499210200
954538188
414848029
1544610589
2754292981
391205915
476615684
809512118
551075737
2741645070
2396428022
130648692
255708321
531778494
3406218785
1895219436
785967049
2496270073
2199881305
264178932
275245672
105837492
2437271334
374550939
960949560
394626770
538479626
2295349526
3092390429
906144816
1494184968
2855044366
2932869401
45322199
614096171
419901049
559520175
1955213665
49686541
45175261
1604926015
398499837
2854923587
858564152
632117940
2266401669
2189509806
39931299
594571948
2442832933
914625751
391223012
847494781
552447254
530923617
1967155926
108703686
2341113613
1408193394
451760399
54002000
866054010
9167082
422365769
399363026
1056543140
1162786543
2480149421
3390302705
265084024
804360847
403473437
311789673
2209941224
759057750
2980424298
194691311
526190147
761749968
1271055944
1421733541
823725560
2516793728
1027558650
780468697
1898998118
1455193758
568909425
1676931368
561552310
795328722
356749572
542802866
609633272
1685885486
2850757453
1232555959
2741706358
2358802415
2217474438
306560026
591812680
337361121
605686905
490649709
993464791
59259588
320489154
389584521
3035203861
1166534964
1230038528
164531482
1046362957
802762422
292517927
2342665376
347574196
148955925
534974039
396471297
1051150447
459598436
1451043948
77426396
372131634
3352418194
410679978
333862747
1277634456
1578429828
305668246
1165394305
2188722299
3301934839
427685107
231269236
1437191106
1096562556
2264451692
1360397958
1604093696
1305763296
1027576910
1376187841
399181803
2595159070
2244122550
3195342047
2160269428
2361685350
763441734
2751761947
475808909
727121725
936656006
1684713102
717547753
178334392
587145225
552802416
387164415
263091120
1228418276
602812083
211133105
1541210934
303203129
401786394
1449214735
1112065688
2365027530
1127039610
366418327
1487858694
333389756
890003971
304400056
844594802
509385560
364342765
811253924
406727534
810728875
349225798
34316253
269732126
497706679
333688301
2199989473
622909629
1711450141
315697439
316695708
1437126056
862614469
407132942
568276142
1172645570
51405415
54089862
211369969
465914129
22682293
56310927
1561213628
2435587363
598263112
313717814
1297146096
471003323
971513857
1340228432
1451033341
1287068658
1255308031
1445767686
1238047260
297149228
714053535
2393077020
2260197260
2383304431
1221753710
555274503
1630595378
468935814
981222876
1872575174
64355534
1218944251
829493106
839332699
1603264548
1249984267
320635219
316182897
1706680314
139012423
468860470
543485509
555801403
1276565683
1273008925
1186182404
749628750
1023972012
3424984708
577250329
350368248
1159757641
3179548983
3323821347
1199673817
903802921
325319228
1968113768
1685049032
1333912585
1121442223
306995158
406542347
1081560284
631422582
1156552778
2257457449
1327736486
3312629760
1315959824
117726818
636430698
3270408564
1275115076
942901309
400529794
705052309
515767360
248719196
1054779307
194518612
1200775082
139884293
1522436900
196951131
1495813796
280330889
545103029
2678946068
1011363042
1460098512
101007063
1485769675
1389296256
995975833
244363672
239747030
331428889
476438908
1147552524
161295000
1306000670
2425452721
450140695
336024359
461042531
886200307
715369506
84815105
386940245
1062665851
367706404
1018239758
1201207164
405129229
1297284036
868350710
1432906832
2939090332
715129731
1409774826
221090481
365925889
2242873759
1456492716
1261308926
374257977
289961493
1420151269
485806581
3327829128
888026287
350207895
612344213
1471915754
1492698260
1148751548
886801003
167725523
509959570
2533419162
300106503
1462985502
952093398
1680993902
2242002996
106424902
743056315
405860491
15189282
849897704
765658190
1383568994
579294139
846278880
194120943
290971836
926424008
408738202
959170801
1273204010
385662332
2226480906
937534573
1176908126
1158556964
238652986
1419208555
1445252880
158407544
1173043514
1143389737
190454046
233996468
705592608
57270388
434513197
417201751
406488623
282531361
846239815
1196865372
71787304
315169577
410870654
951526910
449324913
832908824
491237338
1187118193
152271709
1497538549
69310342
1053330800
68701920
323479223
809167938
975690967
1430419274
222540135
564778737
1370762288
1543582682
360199529
1412224387
586856274
1461968954
229250922
1249774159
1551163382
89162713
528579758
159743434
494678935
2964012177
388904923
982072795
212017756
1547190367
955038528
979039526
399503591
1369286005
752520606
701062081
1626658327
940923763
884654882
1162483268
277869947
740293375
965451168
975643520
1339672968
1497638617
787335031
502131575
288727648
440844550
1299424560
621992806
1530088586
224961903
709253994
338218784
370377855
492188539
324500292
472002371
105652841
1459552104
172517742
878174400
95616376
1285719074
469548045
746943973
557014006
143320271
1121652008
412076016
1012115520
958509230
304947008
298336502
1452290012
55619747
983530794
2476497470
480197696
91757929
1234484264
484526890
223417313
1199953801
127478800
292910778
3490151355
1336134589
708759732
561985808
286479764
480588560
584207305
470980366
594167252
245228836
1553258316
541021692
109235296
1687259737
1017908634
1117784576
148726818
939070927
589159723
541092133
1512836084
703866425
332575712
405198403
561998485
246629873
987206119
785188063
496879885
631506546
256675405
1270670466
229086395
327276242
616939470
413431597
631450385
195003983
1095780456
1384076695
1262962652
2436270857
573872036
969725959
126250613
1026480390
1160504522
712307952
734841902
396705169
342596881
104555507
1281544027
326310426
572420178
388391588
491600974
1029757207
480384994
369726645
116796214
924673350
3310606382
414352284
844393075
3256492172
880314938
552969238
542810487
257656083
368180311
275099409
1694564077
1315594278
961497511
86455597
132961369
3382764424
201205095
1481551663
1133061673
459590321
337232916
305116207
1857383420
1217038099
633725535
377705172
414857139
500934694
352986312
471167167
917249810
192198275
1323457129
1243311596
1458422917
1278028262
887372742
193744993
979551008
3665848094
117137448
1061848027
431173531
167072279
1138348878
863294426
216134583
499185568
1438062476
400341774
1288479956
475041661
1598561479
358251924
1054364468
2241716082
936889722
358621246
1107365624
723245132
446021498
253806571
329207849
479184639
152261615
1243141356
37062010
387805373
2658944125
1323767196
2820104727
763422109
19169637
764092086
1008581959
784859730
1350831696
1216339100
1027128180
767238121
1413120625
1520344770
1835395716
1391495875
415697648
173147544
967590757
1135654249
1221982255
367072696
630581282
571464677
1592577344
1331311964
721850462
298780922
1233484962
324317899
785139470
1051108658
449769020
852944078
1604719435
62650457
516306439
425858749
306313391
87843094
1049815608
1055459552
1217997752
133739887
489725323
403901795
748465422
732163075
402454766
877843356
1267931798
240895825
480931939
1173333854
1588852454
490863134
1468087297
452046864
125130778
2308576496
900221791
564165841
2176522454
238472654
1395093476
163745378
565646507
2806770619
918632984
2891844736
321621790
303393758
1219703467
488629594
745558380
271590790
349194446
856086192
559253753
1714309201
1444396962
341480817
241529618
521144672
599352998
198752038
108251618
300432543
1043710976
444424105
1216768399
400434524
102315409
2342197486
1510517064
867931291
1599574616
345498611
1329942140
236114793
311357608
3014123507
215538060
1290326018
288134957
759609169
787682221
1543906548
1312944378
875520067
576997148
846592470
784878468
1049203232
1348637456
441626486
172720941
1355958140
3138347995
246074588
731265348
271813242
449414540
1290991189
3002831243
341624387
404959564
370173748
253680678
479988460
21915356
1013232792
409989754
1060108110
89198265
852051421
712725909
1377454446
322692781
464944298
466327720
1692021727
882280220
157759229
1408351490
1525991898
1910723827
510368258
217614654
217016243
1309886100
1099663838
1554911240
1266238712
1401015439
1522001940
359300155
911359507
1489532472
1171590523
490039994
272995225
980973558
539032880
947348995
397524826
1684551721
1350288986
148106403
1353201229
631097814
1433876792
221477718
1667110400
1640685667
1072066820
1118329302
1649637768
1578433458
216426258
236786265
541146534
901750038
741106591
409456819
1223705750
988843086
284407016
487387010
345046044
428935916
1024509450
354219399
954309085
740043660
1473121200
598087646
245056399
541055500
209243588
1423480021
242807160
563305750
1357143217
369758379
511886250
192546491
525854696
397540003
1096210490
415491438
1331721481
1431617708
462783205
1577023447
263391161
1003852130
1019779220
991522118
1230672319
24525501
2268489409
630607163
505698972
925379028
400646832
1389415387
476569705
1898090970
428898097
604659412
510397446
779918299
763057062
483281722
346586882
1159683908
587031911
343098565
358257215
48834146
390952766
1461319764
3343405504
434434413
719998759
950495706
232223686
243260436
547991750
1365077714
72326234
558007418
2293823533
984300398
387235649
311337283
373786688
635929407
1188131736
243627869
806331799
468345527
307090822
424179875
1466950489
1260876282
129102796
443963373
596719024
463013395
355408217
122131041
476712529
375010838
2710955294
204729553
125157000
521475347
4272233960
2916755322
742460508
778281234
962889949
3259902688
1352817212
1370625476
1259692382
1230140707
177820357
3238098187
163494857
708833533
218271429
1229778764
197809573
324812092
882620112
718268818
1603123076
167470086
334075854
912909379
1955412848
2258903019
1234914896
917223427
1523228677
114374702
764345341
1613346098
1479971960
1587010838
84245516
451796041
341808862
52244152
298085551
852475688
378478492
476659470
847692578
822350257
324465155
1598402257
409367621
3407647949
120840889
1316300180
2500219524
2484872498
444611577
1332044954
1589349680
919302294
738130730
313297143
1312318826
1232471695
572012184
465481531
2393823685
343923896
1279163238
361550447
358686660
1541940620
1852209326
366434600
58365753
1161375445
473529229
292758062
370323014
419971307
41163090
1063909393
3224426318
566765686
874802413
3430059255
322317665
413428690
870867392
257997231
305313192
397076190
353432301
509160586
1180176488
544706340
17720468
416964452
1477215864
3099901760
283390234
1914090090
617345996
251367192
22584256
633050710
85529639
897070987
984205718
1180611660
738441110
742780010
2244829955
487653849
1558446612
942497870
301624289
40998483
614825122
712438394
251864694
496213798
56765332
420235212
32445865
197268610
948323834
364708442
825633152
259438565
520756957
146886962
591865246
498572918
599775733
579922538
721187316
1337905351
1711037395
299045485
67042975
435829051
1241064408
73651705
897303462
1596120588
573544527
87799708
320159522
466862615
910531597
491638758
2517543429
2449308164
1485893768
754550072
443678610
502549504
777206754
257381626
3427874189
1188385688
760071582
1593431995
445371851
547368589
542919418
345815820
578692147
305609316
1689402049
216032606
929984922
1360162638
551250548
517493798
1215720978
492057373
1246064791
444523771
543723086
878424144
1069182260
445162383
291361834
498220156
621378103
110702346
912726116
320491755
1097307464
453786826
1177634148
403486963
583540661
1153126747
939984247
613953462
2792238751
1380668154
273531461
916546050
222384586
721377636
1448824645
322374548
289562112
1333930892
343109770
1192959090
300434283
965888598
744483702
1043010079
810975452
1693645915
549908355
524018975
802420350
1006990723
502082146
123470400
313263264
184875118
534560347
2698344475
1223933226
783564476
2810351235
843069438
197949528
461384985
561388116
883785770
537189415
374466775
1582170840
615926649
883140986
436260979
402697758
931767571
955605542
1129845728
1330985774
253651689
1931546035
1312004502
1139454452
1073615576
190300962
541835644
275151885
1680776281
56356691
818012881
523390991
413038305
378912571
929097950
399049493
1654370137
1514858328
173648200
592512375
125923992
236749529
794316313
495213832
65617295
562426106
252697212
297358986
531715758
835603597
1298304560
913138262
1171861956
2789502826
1156098242
439457000
1829272490
1142694942
432379457
210833128
555574626
1290926678
821323753
624304668
1470604963
217032330
345861577
575602071
1466844936
615727897
1110349368
3077486708
508658488
1410928003
3045392326
3061544447
881339652
1292252492
2828578223
1052052692
311602986
804446275
1399831255
589195512
1235374842
806661450
1187445902
254753612
939381056
1239582368
1355740663
1276928202
822408168
627908712
737491970
996244682
364960023
17210439
1189141448
354054101
361549933
384903888
3409445765
1508103494
955237322
892565540
904172094
339426274
1285996933
1058796410
968226331
619731823
435381314
253108534
844941276
1162807622
161815663
791620778
801075090
1253180328
1619089081
2371235202
68938273
962274942
225779540
1178818658
1542519696
1592373283
292191785
972356028
1688733530
2744487233
1110651703
584090413
1710461264
849689424
1712395082
25858427
2334001757
945934381
2670027919
929089302
613280265
980640518
2823205995
946994184
574559895
1337108912
1157520594
408473204
374007268
2711304095
1445917489
336461727
1447711152
803734104
702284824
353691719
246490069
1150629793
1145902890
1474400479
428781532
1362476251
118788029
921504001
1229691356
889411057
256954326
20840797
487495892
1188350378
1067562284
1688454247
951288104
1678297117
1339151156
375594041
384003613
491583649
994816483
1289618479
484494499
2502703105
427626313
898286851
1321111518
1215992474
767037277
894261422
1640668130
622816482
464597686
121394479
1440777944
476652430
363008977
2439646662
1447253593
465739518
841739179
236324067
718460250
979071632
2421439062
207304606
788598703
1556610738
1341370520
349820110
408687380
717873115
634132839
918400146
380178359
200912607
2350002722
416707249
255264051
98216479
1463237478
1066235600
273940162
96674380
411477215
1048769102
733195436
1128513752
628773737
479884890
746931103
308974867
290646536
1510360596
820315928
705943213
490291654
121761312
511332180
403113056
542575724
1304166157
1577615136
847132267
98207888
426616032
161196839
290726806
1297608482
1437754194
188717662
851651478
1354930765
1644761546
1357807032
55634588
84307700
127407810
549654219
237873374
1523178001
343434982
302958354
400124372
292487695
333932935
906265219
1068826404
1247934374
1279358886
2156841162
335878985
819791748
131051068
533280366
553538177
331728397
138743704
1514824478
415356459
334527336
1108719378
1247479981
472351362
560668084
460314937
2993770820
498121294
437676555
22271973
1254643807
3438350385
923037122
414083135
260134455
625681417
614458609
387944391
1231180201
2378148975
376997361
186260488
286859276
1243190790
1105809506
1321860990
495258140
493921168
1121770466
459978096
940269091
727795015
2802963659
280248446
611296513
463855651
486689787
1331467915
58716410
1874072382
89570617
1315895311
946895431
1065726824
732225380
384909773
1283354202
1471857396
605463197
18915069
413764433
398847610
1402493760
594206634
1508364470
120722423
409954850
191429694
769896038
1007214110
266460293
478292616
1169317975
628958874
1582073982
908395513
488220436
353150882
700006146
1139488376
2418077531
1266233610
1107008197
350311199
1412574019
407930274
1270009982
1660568395
295166875
1491276571
81464508
214253367
1459391316
245863928
2858321478
717934384
868770631
1457279131
122256614
298400699
1888074650
915156494
443810945
2314516625
833696954
602569465
319835076
1356419814
1954780855
718059796
2402612586
711063227
229201708
42903437
398438183
409996811
306149304
1276911990
201580326
306835593
198283885
428190022
378119870
1160763408
919935044
498190331
1342793730
1037556535
2440214504
473095739
540644643
1658636492
1674353930
1158172854
235219666
1293645991
1113322806
987563876
868982310
1301264036
826261964
1242774619
327128179
1869881455
422767034
995300737
3134092247
1201281018
746985133
314616960
1656345920
219509008
575418506
1317956473
176395480
848259728
2860752711
270826078
1008646224
1287778399
1596047653
1540985258
3330508930
776184558
771338599
1171389242
1283313578
714256161
442841517
487649958
1636164870
1302370837
1275149683
2346215912
14041682
371247888
839657054
940138033
2351456150
901784490
1532018328
1687922599
771486001
183996280
9169802
1382931630
44268951
409402796
960544122
1276231194
1333470254
1206898357
563857093
329925665
959670456
635613316
107935654
1325356224
90403735
204137901
925730730
617399811
412339580
427298873
409216477
747846462
189788024
431573920
1496994176
1077210211
400432005
873974287
262856956
103558116
1268856799
1221361446
120094812
462021886
561475046
328256521
1221300738
954620581
1021336308
872670212
1489160354
308751246
419588019
1136985445
894532364
1118296260
513264249
2257827460
1304006006
295226855
3406174415
453301714
901703023
870090818
1170392378
50957592
1411625024
630495802
2336710508
361951544
963766280
347801181
197002164
1197038240
218396588
1406683820
541468982
44456550
585550433
1381350313
1239577591
1678718322
21146912
1112232470
129666711
1915654645
782501761
1214213684
1855022953
347455852
414217017
254463330
1152852830
1162261734
1588524769
910121616
1274408720
337639252
281762964
445647667
367178354
1720326078
218729307
1958172954
1475892068
426107245
631868205
152193684
2467106035
626146033
435117062
2363290639
716558672
3402562481
273205531
21329562
1352403697
914719332
552975714
493329488
819333770
955144603
1093741248
2225290993
520069493
723304392
564369875
1169913835
295074036
1242749912
1229208128
1727538752
2148511776
1376977027
84775589
734350939
559647208
1421144202
934266890
398896845
915817010
963900126
398372543
1051598640
373643391
1290892567
1212031164
1015498405
384998258
1332715177
831232434
1397262216
1342049544
812241602
1008462690
988595168
599158523
560956704
969158148
2540872699
1384343166
1315838742
274842974
1251923508
1504212204
558112916
1358373882
1311850722
225100547
1282617678
2358329815
277725169
422842410
1548331483
1041265014
895468471
1102451324
859202414
879937536
619355579
385006668
1019216143
1466516736
458346608
204504341
1239442669
1189530067
830123282
371002373
1019775541
1172689014
2164082984
312833235
1161433087
1053626118
435959801
1312549303
84666256
1402454353
866062472
635198956
942267655
348411424
1401832760
392748888
239072275
342556387
199188763
78022834
72532327
467727661
1319612851
1267133264
94379341
265409731
411692743
712812879
123657351
2798827512
1069030956
178485852
339811566
831185162
3111355223
270080265
383471938
1183445641
342119499
938343475
1487700984
1465625760
1185706634
1109047062
817814120
984176779
303751407
276088135
889611246
1299220057
731898434
1038909260
852166590
415489273
1264788122
524166008
449054090
1657599326
901063170
1003179492
1471166594
546854106
277952134
239370677
478365517
619240849
722291582
439092035
937612550
65421551
921832579
220776128
1231914752
1017807829
819756229
105336034
297872868
376014469
1102848006
373404907
497058322
329573384
2397108098
389741209
959316948
499619799
263726810
1504499928
708028506
329447015
2321035222
462518963
83809546
954095922
428236408
434221635
603271792
782518344
160340594
218353356
3098071884
422374329
948677850
1123565552
2644794067
968698128
1429290493
402274134
493782457
919561668
1145850306
60382858
1685415764
3130269417
1637805848
1216310718
1481177396
1144220450
326705252
2259878496
603471443
1322198088
495394123
264346869
586000834
296174730
1109424300
733920132
238905126
471250734
1111775808
43693233
987662647
58017147
1409721206
1401714049
313575434
1189956158
721633440
1422735463
1378407950
1123410650
87072702
207083301
1949085840
1222717344
406397937
2248806571
107336828
246589632
608704898
617460165
981802009
239765972
850440756
417082424
104840499
221339352
1180536505
330674809
894892429
341261895
2366011566
253422425
709869816
577087583
629829431
1309264722
955917872
1154380027
1297679562
1192949100
900154566
732746869
2775077745
3321279346
467841849
251512929
347714807
1191319357
1268296196
578384376
33750331
1272621446
423749475
313272010
475112912
334480190
624568147
717398859
1101337320
1361761916
1487608716
517448886
1230130806
2542540355
1075518258
449560323
265316230
2579507186
455785829
1100487079
53877163
1399094688
1667057436
1241730320
1517616234
416503159
228460412
578326509
236000035
621736479
952899524
1009589216
321284489
897620628
149653593
3180169776
721486481
1335643112
501456833
878332183
1525572330
913529712
321340377
576467549
706890819
135975857
572684737
289861447
919933303
1077548540
456030455
2766946678
514676764
321036503
573194122
952088438
1219925732
232965299
489032096
592585435
399516539
425712313
627450824
100820422
564059666
361314107
1420682299
417155020
1966501868
343120397
767782621
498217072
929719836
561436362
284500584
293832169
842474292
375396205
93377170
1284894860
1253199769
1476873690
2255740021
1082338914
326071300
469996425
110629552
264937885
1324736107
753657014
836174497
1212701862
2409454525
2219431489
