378019694
710080749265952768
594513525
705684834899922944
3864155956
1579497756
156897088
3339644092
1351916930
3390688343
299657953
2460064989
913552015
381553818
501506669
414972631
1849452739
1021830992
3201824842
1352342029
4049874075
283094238
154864397
723960719713165314
2975944756
725149925328166912
3003103749
612717487
175408459
704440824508096512
172275248
2155283824
473285651
716764573156712448
4700354069
2168962764
4016256256
712208492409569280
4370286262
392006247
717473614979809286
2663795156
3925068675
723625155541524481
1587760855
184872574
720843591363342336
1697528377
254925946
713607189659713536
4686051612
4849381153
720134903111761921
4082615079
722569328382603264
723553045028700160
78926478
4582980388
4411325892
1617932070
1140919964
478846650
2422145600
414456258
22206388
1077149857
719548867654656000
713263820320452608
194514076
2723122955
167781199
839525840
720638921726697472
279210494
2194662172
1016696390
719515690
3388824537
711183572032471042
722363576032342016
3102999911
4888537973
720488685540614144
4619735297
3328665652
56892798
1944062671
2245041021
1315481137
4818349845
372378615
721625567376896000
720278581637591040
4437422535
2918029352
434807061
720270353872752640
718733744455204864
3233782218
718614921508839424
3253244019
1323568754
85124669
4902732845
2741125805
4360546156
1651810134
134975127
706601296690868228
717108856300515328
2949267191
705703628250583040
15234461
719289188508688384
714020080644976640
3393911291
521790053
701440104963903488
324537339
25806399
705341377421418497
4824739582
111633074
4315001481
576375783
710870312519397380
4845291533
4102873216
717371605077377024
713654816090759168
53331036
2559077581
2496118334
3238845969
172164774
4844494841
704423385980391424
14192589
19702108
4135446075
1707217070
176928549
715186203235102720
3296587534
1669599686
152850050
1355634392
4910329487
417227541
1702940264
4853483325
270516491
2497602601
714207745982009345
276353457
2991530083
713367940415025152
220461246
1187793236
3369546885
4146593712
124971652
712674008790122496
17536486
4655178213
347539775
701725598163582976
2218362828
548363445
712349932087283712
2941075884
2647489932
1629712070
712010904909418496
966367111
241902079
351810069
230541264
195122199
3008147433
4479743789
3292473698
2281462286
4869638565
1118858810
2989863521
249073658
3686808921
3032885690
706855212804411392
1622423400
456562596
3614343793
2798587105
168485617
4114458863
708010411640152065
3390803842
386085352
3740062396
3544318576
158196266
3302172309
4833619074
355905189
706515258001788928
236307640
368347553
705361628485853185
410314232
705504425817804800
4550713049
3354892985
3331492330
704374756859113472
440573928
202136139
153966123
2806342931
1233910866
271500640
1453702609
503118622
4825492179
3303463654
3899408182
4398720496
378449624
1622469769
3427742327
107087487
347574650
382734518
4872746068
4133540054
817792129
4778457459
1394498052
3122042754
4927598111
2778741559
47326857
4890961307
370927147
525713285
2698457944
177319531
1401494671
1416387337
700842637172015105
4764893236
222748571
365645259
2637724029
3880974376
1513077138
4866658834
4872519784
4917106371
4872938878
3313449731
3165378166
2710076622
4784650814
3073270964
199242585
2705528056
458322044
3397409733
3068184304
2424376371
2670014906
969392833
137329962
1276036668
4490133196
897530874
4853449512
4878108689
2937190750
4784083819
239602477
4284385577
4866851860
3938453783
419890511
218196685
251084749
2657373830
4881927064
254667039
2565698852
325708122
4778413768
212042050
4877507297
268470804
3602587516
917637692
4610967857
4134263532
124827833
485475104
286028709
78704561
4164670816
4831367007
4869067431
2813426252
2881393576
2452705736
725124445
4865065871
4502206934
898111800
1601163398
3046284631
4330345635
4846316062
1004178318
2679154529
88938958
2960561506
165444570
4829080161
556168181
34436190
81093355
975684830
3332197095
2753386655
1418578128
4082463754
3001089315
850394178
4851203092
3815845228
406785808
3804243196
4147300942
1622418408
1625413224
2787717220
4837696120
520398033
4054715669
3077866248
4843182161
286233279
4818480148
2832978568
2591980894
718857996
4133514674
1476752227
383363155
556663818
1064631146
2626780361
3077415834
3300238667
293447498
27178817
16547087
3930880174
141540310
4768726758
45814039
366674250
4814559803
2268755163
3032515089
362485470
4685141942
2938627005
2492026135
2298403772
3183611803
229385617
2767108013
4637791495
4712333974
4717411395
4568926095
877827638
3378878895
553080756
567178746
4695544532
3308670487
121909585
4672748726
724305408
96206569
2827140873
222433252
375392965
4678137570
3309956087
510834570
207556548
4641729375
1938934568
1126408747
4566560535
4431667047
4606836436
4493309685
17878726
306847621
3885937393
253550719
3231639293
3231677212
153723110
237467986
2926878874
1342831946
128749040
798101094
3036559105
374244846
2301227729
3163546234
3078397899
593500319
1379037829
226875538
583043323
182384817
37599351
21360280
2811561204
3146048013
66352513
3580895067
4424429661
3393145809
2282767113
4392640636
1212474374
2451433968
4439679083
3652484726
2849717391
4260046749
1878783415
4394041815
2179443268
24357823
3304734369
1433188795
4264874627
84620643
2188454968
1961218116
4012430535
1194863629
262749118
237066094
2836209688
3270302172
4082882172
3972594142
182996069
1496498790
801892447
3247694992
2228348851
3130049472
17881816
632310003
4349173697
4147658613
3316177038
3174232950
305791165
48390054
465047990
1289106630
1398701342
3556806087
1567887433
1675585807
87403396
45767805
162801728
4295303013
4120707538
4034228127
4277918069
76966092
4228991841
3789985822
4225263142
4239751756
1922485525
3147176577
55676827
2731075990
4258106535
2325276518
3163507815
868563422
1281603805
2720058581
2563378365
4071766281
2758301682
4224694943
2450692708
603585249
487256024
3343851989
3187888176
3131949417
63354862
2830359499
3309465429
4182024852
4107023355
225625338
4144054744
1674815983
2718639853
4113203003
2745044740
4105099612
2869020406
3954884949
565808209
4044536705
421749440
3091136002
33923443
1477041896
3063965460
4063676241
882348324
3767015236
3055867298
2731150020
3652958232
124644569
3257155659
2267368685
1878840427
3101549433
2617742126
625552495
3105603676
22944766
3211209916
1366486658
3971455408
3667480996
2220939218
3992998583
323994102
2872718833
2679137868
1326473227
3535109235
3687027382
17971747
3698220682
1971985916
3888949280
3938705715
2302960266
2946244259
248805664
3928068016
2981846596
374126985
60784269
3403905029
261846107
76583112
747468242
280233893
226968966
195830320
2678468956
3255278891
3525460396
177048535
74955358
3248535678
65806275
3524184437
3386814431
1592681322
2266526263
3815727977
2268825679
3298389030
3068049323
3063830846
3073505115
1405956115
372772151
2982180759
597687232
600862186
234304384
1253894798
384874371
3300251643
3141968553
3458998276
1025644664
2367935244
3716174475
24337912
497743369
3524662049
3524364675
2294376776
133432888
86063082
1923723324
189950861
21488773
2798536076
1141710056
2625903878
802165878
848410454
3067264157
2891329744
2245586404
2616151465
370258371
3631326377
1381998931
3673975635
498029878
1011495492
1667261718
3079876132
3437587814
219074314
1442338651
2215743134
3384242009
95328979
3206069499
3343892765
3575925023
1654080906
2537737451
3310209929
3015630075
3621892216
2798366383
3612814103
3610115002
3538898597
176117804
587487972
165420580
175433496
2352039481
3378203200
3417289577
404430299
3346893105
2573600417
2844874790
3301443615
85089837
3236741932
2978587384
876069396
857419416
2249313047
3312553118
1933760454
1585267806
3565110077
3180541310
2869227617
735986570
1106038460
1608848262
1667844817
294846257
19503822
2801886617
3251354095
1425159362
1897172137
3365585201
3538093036
3535716677
3338750230
1164349903
41103542
2477607102
1867037066
3189840081
3438891495
3511772182
3429811475
3486569175
3421677262
257150369
1112710298
1858330992
162199894
3364242633
3492074909
249062549
3435950543
348417422
1334162490
3381787708
3291337114
3379762343
597109639
80642566
47048114
1409423856
910504338
1651646096
3359102542
1278731946
3318516014
1492449175
2793676529
2792162516
3415934212
1540665278
3478547956
1562783664
3085991174
1101758473
346222084
2917806785
2372300468
3414719494
2190954974
3064309126
1626294277
1013938278
3397530323
925360826
2441131592
141864252
178235854
3408874179
764468952
3306444725
542028805
3226026198
3059819611
2544699156
441862961
2888494182
520676535
2827111654
2836073691
3437661623
383344502
2320031040
3312671016
2845259997
1941623911
534683018
3018758035
3417087183
3385778549
489703234
3381858875
2548253790
2334195634
464130722
3313268721
168517345
3399163181
18572616
371283783
2404148648
2230128662
3424017285
3229671044
3422946507
2985385265
2954294675
2860221729
3079492648
2853565259
3398429889
3406825797
3312729043
2806175098
188662146
3277152602
120891179
3417575747
3279465536
3305350643
191479479
40736486
3240094075
2326825313
2891400481
3027523865
3292115065
3410723662
3351954976
428382592
3215433717
1716898088
202209371
3352348061
3408939285
3408788056
855757758
3063963860
250749442
231416608
2879587673
217000642
30117565
297809411
907758074
2910729473
1306667503
3247160801
3346505561
2371600416
179006948
2876356462
249625232
87894136
460943563
1512991950
2799738706
1351686210
3347649987
534659158
3101989912
1649983477
2652385123
37643019
2980626520
2629190373
172350714
1599826308
1599883291
3288460156
3396080254
3085734387
3368380540
2874290333
3399769979
250038420
488900643
2289377380
1484651521
461180879
2392582350
2742579680
3289574150
2481258635
2843826881
362642884
3332310209
3378510994
394796096
2206968773
3398456313
726067153
296613958
916680240
2936624711
72385532
3291294066
1539928194
3394909733
1438358028
3300752880
3009710006
3293581308
1680160016
3357708467
22972326
217432223
140648039
44955146
2383005914
2983884533
2752581299
3064088253
2907556575
3017536045
1285909068
541502762
2820868767
431349869
3249620399
2936825173
2512059545
795499183
376211514
299207978
17522884
719132933
120207925
30286145
1580736493
316883698
303766706
3137287190
2602006592
3308095924
883574875
501539477
3220735416
3256272223
399710310
2148903526
2651490654
3370933769
2496407912
250738105
3379859806
3233731716
2879396057
1701221564
3366499437
3368283568
599606014
294245418
100206595
184119414
128002776
2193369275
3305465362
103547155
3241304703
487506528
3187603169
3316963684
2253758568
3316708786
223874121
208934381
431281787
474880229
1637459448
376282472
3304714953
2329607988
3091920993
48547572
3182344102
3253621372
3119442107
3303458235
208841123
2803599920
1877555899
3069597399
761512159
3227605957
2869551075
1435464463
3288392621
474882535
804203286
3290283100
2987650617
630711655
587682352
3145207480
340185343
2580411276
250595726
2901994821
2898384366
2814760717
2887964445
2885482466
196614278
