165524605
2928143639
704561714470072324
714073186732605441
1364815464
2445890839
107987513
4717395173
147759481
283301194
721611013834059776
1403884568
845701356
3189161467
154921975
4815611668
2332070871
4158397829
2435789185
721619630016634880
4483435395
19627116
288256108
625442770
304119417
4443159320
605139542
725484689646096384
2565248246
3837513082
721846510577717248
404641900
4747645443
580246011
720313253805424641
712596618541817856
2953396947
3032104750
721880568661733376
634785226
850621112
2238470465
3887152634
4167404235
326131103
2760336657
109707224
548654321
2540061168
704017372965904386
2422012555
4861264625
724883493520609280
701874741217517568
725641467016794112
301210123
3244544185
3302430297
19840078
715963898055286786
21064165
46111819
4687747646
2341059356
4878234953
3621755719
411387120
350176562
350373549
720329396322570240
138141195
718606353988775936
3131625249
280699048
934982222
133135627
723949376893149185
2280749298
715964233452793856
4371470354
167502835
853010233
2564059472
715964512910843904
4667305880
4881961749
4515051617
337803210
425095443
3987699754
328229652
1242525277
2470026042
1056551498
362130029
2959861008
434333557
90570778
860533052
860753334
2803085715
704816946898825216
712247328
544683697
163219325
708130419493896193
717152901437652992
347813210
298362393
3362940279
388454092
715609479811833856
541915025
723048804610527233
311973040
195647943
4043281573
128827968
2339184583
580597583
4257184573
4699543033
4325051915
569413508
30862237
4749308541
2921268661
2769359860
718381756441878528
190808191
1437105752
428527417
725137096046829568
2416860835
721821074514649090
120207925
724554128974831616
4820294800
718827760186105859
715228466690404352
135246634
159141239
386757760
723556923207913472
330569689
1642033358
4805109696
4482493032
707776297179738112
2416547862
718798146093101056
2613877056
720158727391862784
370034671
4867745776
2530135165
2586842689
3239210067
4746363248
136874249
719197392713752576
721887380865753088
721780476302766083
722984537198718976
112013984
33398080
20068738
3035144267
1213169030
606412878
702397280192753665
3315304614
928735272
144517130
701261150164545537
259121584
4882034459
547977614
42497434
544459972
582678395
613497601
582677288
21577728
2914194020
18811261
4512282920
249862942
2814906473
709415668710400000
702831626192080896
3378554655
571450940
2395996238
1226784751
3327992523
4263388274
20234661
1483840392
2695472090
3601852453
42617766
4027747756
3192794166
3327181646
2988949076
724880638810177536
703851996873228288
95251935
3308434720
2412179612
4843529114
713631962959753216
34449711
2788658816
2748897390
713665138608455680
713671121531498496
4746206717
2893953672
713667452555685893
775822573
713665916500885504
2494029660
713667291821568001
306930864
713445633466695681
1131608748
35599836
3788669536
41761286
710312111390527489
713483082960093184
713467749553598464
498334790
713486819795603457
270035345
468863638
4240392616
35818179
81717403
18138886
348414608
97351221
167781199
17368513
4778070012
712486875232079872
290162408
1649476309
724208432
3112721542
132411311
23777671
198581601
238299148
59425587
2271071012
3114133972
182032383
1046679457
253590834
2741213951
3283365637
725017406393991170
17094761
716635460085366785
4226557876
3302724891
3656431703
706317149506289664
472105143
722114122037489664
1107651043
31516519
2172793459
2893999507
4885968845
724880359893131264
539285710
4419703593
707129008849231875
725080806121693185
409413505
1353696488
2495087503
4258160099
705799167038230528
718799620860678144
195605391
1485798007
44794171
717150534281601024
387831555
2929616362
2886164325
3084524439
3071920904
723217657953181696
2536453699
708248832925106176
182493733
708422843189452800
708708323453865984
223051936
2395626129
2395505388
571269621
510473071
2458007178
3548395787
2252168085
2386703706
338652504
4925933860
163519334
14861810
337509689
3433028235
3312116300
3016227087
724902310707617792
4884260891
3189086780
708673519555633152
412173910
3252931215
3939074308
60784269
2476874516
27823555
91433689
18408384
3247651946
114639100
1966926378
280929042
2159324557
4495566035
2245899935
370189997
2258085890
334331683
719174923239862272
3038738830
718799087433166848
190605676
4854710231
2910020616
3733471697
719790333652033536
3089798332
2505889519
3087553774
514774372
2446930716
3554559432
4053025634
43171999
2418979002
4323651022
3025941941
4349971513
331322195
1649428682
2893175013
286233279
273045690
369147700
184906403
582748413
3241943533
1349798672
2905279307
1710536215
2246978292
723657035213099008
2823162592
106397338
4715995929
4456640423
2176441213
4898299266
701283347461513216
719862196692500482
211491449
1897825435
104235481
724285899639525376
582762777
4030825692
3741164719
3139288009
3145373241
4033380075
474463923
712554288321536000
3077411841
3308456234
4700354069
14590082
705740490348634112
3160609106
705469724918980608
706991215
3842725878
3242474921
707891155334135809
718392417746100224
700743878815588353
3077784184
30296229
4799286716
702200918012522496
4063839134
3187555971
4787603382
1649411598
191938697
3300825771
2934167097
75867240
4779720633
419470357
4834091764
3421441149
337454127
136102085
2650270941
221408929
357895797
2350110991
3115635264
347740075
2353210639
331054813
35724090
723624695921258496
3713950696
2540033364
2225479015
723885025574420480
260968620
218550779
4912961793
380824789
712968353929949184
710676346242883584
3188580664
460050777
2242845181
722940710328991745
790286910
714518218761613312
3300518020
326380075
3088084474
3922477333
3305598488
724384402017542144
3797946329
2969889962
3150119690
2566466744
2296786080
2533631120
2584659632
3351364065
18870758
4176293123
2833026068
3010328874
1643544512
3134219981
723719078817341441
3290107665
720072942608994304
378270022
1489703012
24523347
724123235743326208
2982461789
52236744
857350849
15363108
708671115145576448
2786238307
577115860
712681195851554816
2808778740
264461851
527768845
2228839956
3085808419
378205013
2400277404
65196292
720301882736947206
470011224
264496992
2619162262
2958978797
222452046
717669266410119169
2493503479
714628635320270848
17010913
34784693
2897067697
1493298541
521385156
3432435988
417637713
46698398
3381242710
3130567797
102475469
714522665466392579
2926128044
3332038318
4202904564
3112172914
1520591101
599110041
61744243
2415765410
853585735
2415674455
68567871
707254977690001408
715260042337992704
724343050760261632
155998830
91741446
900428774
335320739
2986525396
3005713017
3239767856
4793691805
3126269277
757680115
262834755
43112176
3350087452
717670517268955137
3293488421
254934622
3185309839
3024192622
295961431
963034226
155991103
718394177197907968
3759274037
2935136146
4839944799
2555185236
2813284376
717721788017315841
3367577529
2514756440
3123192356
574208689
4924340038
3116875373
1631323362
187923237
2446676017
2641993872
31300767
4129629580
955632042
4129886668
4673312834
2581105920
4836803929
37083430
719148351808253952
290560905
3063202531
3889237097
86695935
722162995237814273
4135435274
1626294277
2341140626
4775005406
3152577651
3438374192
706356426587955200
365101425
4129847680
877379335
391334698
711108872639938560
719610425810280448
80454159
3493552227
424897684
723840747921874944
338515598
711089142709391360
723926047738236930
309705905
602185815
928916084
3179625316
3948670637
167440702
2395675128
2276321233
2937534616
1732750082
707490113475969024
2590422858
711110529293520896
1022146562
27845072
713645128297029633
2824945036
2313952862
711090694593490944
4782405732
4782436934
4782595993
4782387774
714352204879110144
4782402614
3010358837
720711182659792897
181783898
2485723687
1724254867
630437817
116016186
2817825546
724118445634293761
155994439
3881227294
2408540402
4371355753
137657904
1288442766
1494791550
724115327282491392
724113134542327808
724111908387872769
724112243961552896
2396445133
1039568845
3179480763
4345766057
23813710
713819641320054784
1569971988
956116579
2367458515
4862844252
262956006
318724106
244343587
2856274556
3078942992
4391582975
1481032064
349532821
713082026308423682
2780900593
3014436959
4674388332
3389414267
267528500
109173526
512696125
51735659
87710468
4269536532
350131155
309064164
2507490721
4862333911
23398730
483195215
81305054
3511569252
257165153
92562280
559523443
2319502418
612721794
707586004853628928
2218362960
4414661175
3056667193
621436958
703628555272462336
4620845233
349589284
716570223772626944
721466295598903296
2910241293
3160323386
721056613449265154
2812971281
3371798969
151198065
2467608127
305055402
4869806055
4261418953
17881816
712699640362106880
1491128310
705412054857998336
2898084971
3148416339
2683018538
4300505477
4420521496
4466082494
4385052975
1248562584
246355982
3922065093
4346808972
1429584414
2334346969
2466339073
373440253
2477311418
4071721039
22083548
130096805
278098811
2857979206
3412893659
3407694610
2975063780
1304696558
3366866674
929960155
39713219
2793676529
226662318
3306434174
3301854978
2786544850
3325324856
3151107587
3347611131
256254327
322345151
3341855583
3234224129
3164871577
3044906997
279183522
2724081323
2453836436
2857097537
2969968480
1314357404
1551887870
50047750
