1151563201
1909200031
2968495359
3023037872
722146585451204612
60317232
722254654483087361
2452152836
4151515708
2154847054
4188887621
3879989289
2755951662
571339450
1110264024
532661873
1005028020
2182816467
2413390113
127563528
476828591
224491441
354644187
3366775306
634657310
707711465814360064
4035500235
2429110547
636440370
1421649313
703820991206694912
703613072544501760
2613221776
473504454
3480839836
703034439643885569
426123529
1912366369
4915172584
1325658390
4767824227
2777298557
24067286
936697308
4724351519
2342409223
4760827616
2498367937
2474862652
3347001657
4729663960
838804459
1972688028
1184332189
1572689816
2178354934
4236700234
2557137546
4267831553
711046061
1623066073
522608299
2729892689
4198418259
2764671269
4187075397
2243574357
2497498520
315333686
3379138708
996373712
924887612
549015137
334478602
1914248574
1733055644
1177385904
2750510789
4003778903
417410730
3433081197
634935822
3876221001
424669630
2733847493
1225814922
3900863607
474511198
2275890190
1167073976
3303074141
3702236481
450104668
476383774
548876097
198288001
3305195860
525727002
623304845
3503448921
779353681
887621336
2574704485
1167028008
3024422109
991020570
2768505724
2387293155
546358737
1242207716
1605566401
3077148053
357599011
2759284151
616671607
3319485357
559933433
2731216863
1009835298
1314713856
3305339991
2922335183
350058785
2614845322
1559529696
331078626
3233610549
3229157555
283163640
471595772
134787794
894090410
788005272
2859864448
2647912927
2244044703
967069872
2178758709
460645702
405081634
881284543
236221944
469344602
739677962
534995232
921367016
456935642
2598338334
794010235
1634407460
352772487
1975861458
1265766547
636417488
448031717
2769591189
2162757904
3152528168
591058856
565106656
950709120
2760637442
2777092040
2689890581
