2749734890
1703385624
2257578847
936691748
3364967073
4277971426
1327947679
721310973819297792
2502462350
1339698558
2213902249
358266555
721171789477335041
4129886668
1307208450
2243426026
2946814435
44076261
2348878562
444868327
719251040080654336
720932728934412288
720932044562436096
2686562168
4872443440
2840082566
718538166362324992
401074637
572545557
560328014
444888751
1662144889
3134017400
2936058008
4124461941
994038751
2243097818
716935560028401665
385094989
716958890932453376
715197886833815552
2379601539
2708960333
709011674137755648
715537282317418496
4002210478
712167145862537217
1461514256
709642236330381312
468725222
4861710681
1252857842
4865613695
3668798902
4775210895
4188054093
3324583428
3481959022
3400458833
3300071738
3299591372
588777035
2181620206
3311800529
2904228137
2865689768
843082674
572231701
409101807
1042812338
3182083566
3147436256
2235359704
2842239442
2898323195
156005263
2805063378
2898826353
1619770602
863726292
780641772
2917029863
794194213
2775874530
1426079358
2828684505
904118202
131879295
2215569175
922972418
1103249791
2841977976
532424101
366990328
230054606
1729053793
2166818027
2710753465
719288568
791956016
958547767
1163326448
410278364
1907161562
818881309
776608988
2202758102
250351626
2776676761
2169098474
1633581926
997814130
2439872537
2169111807
2357929956
1180250540
719946230
1272856117
454863952
930611610
2737446650
541880069
2488362602
906316400
2328685216
2902885230
431623689
2903536917
1338646874
2903798757
2914122150
1002390302
2914400166
847243741
437370637
815002578
2709313279
1661635651
2508953423
602967876
1723540896
1658364450
1452828841
2238606087
2786755034
2891924815
880870274
2343320417
1275781801
2903741965
1247362951
313431323
2717641448
484865777
589798141
2792281029
