4834196577
4893635823
2231874871
723110267555483648
717782068953014276
2765440746
2470550720
3369331600
3356682922
722745572894105600
3646530034
718714292288118784
370846808
3179820231
2206387440
103094352
717782556570161158
1903208575
717781608414187520
2650515085
2231295378
4814741117
3235218471
717900404034547712
717000395827060740
4827748199
2382401958
708545531048386560
3782444176
4827071123
822071580
3237287312
721989699997462528
4554232932
717780616499040256
717781110416125952
706577661510995968
696574668061478912
4915211939
4915151973
713155608145432576
3075919117
626681544
2933797888
1895922452
719536886629416960
4887353853
138574660
4898450789
4811623837
219868736
153966123
4325202615
270577980
628520399
4378337176
808712882
35862557
2904632356
709320163972096001
705070363
2361754251
716113960018124800
4679296698
4696256113
3827683332
456178697
3205643643
4519027760
2195302699
2485811094
1921845313
3146715326
717093729711091712
704289978633707521
328796286
4518996084
4830023055
701178883702398976
1497879181
701924400849776641
4886957538
2983450625
3554738357
57007661
712269036021633024
822985309
4140480017
4917352452
712115314536914944
4811854277
4509634100
702958811636756480
3606999325
709565370479214592
3227144559
2485240724
709600569778954240
709506949616951296
4488975317
215372826
1081210489
2450514636
481376138
3607061893
2775953740
175500549
2409660288
17850785
4927284004
1142025800
4217084824
2305427570
1040868524
3253722313
4726667774
3594608053
3594672732
381718796
928924128
703011713013170176
3606764905
2980365963
3366853031
3020651382
4877571279
4137148763
4805847743
4877932936
4877557919
4842297969
3300180140
1146175190
3594546342
4745297560
3606426612
3948250995
2770713623
4140388811
3071684154
737931434
4889004549
3704214554
4722420256
4801096332
3760549217
591733911
3580376112
19054245
4891406673
3578622493
582681311
4133490973
4872756569
2918478426
3594158533
4859275272
4837791591
127509164
934647924
3439225185
4859702339
22311903
3379160639
52376516
3407711207
18758318
6108862
4845438830
3433159715
516964946
503221131
1083934874
3594672854
3594749952
2698912710
3253742353
976461858
2615568428
588492837
3427875593
4834099093
3606793272
3354458213
464027170
2771137157
3594123433
63354862
4349874733
3594763280
22209201
17412375
2530820438
3281328975
3256218594
4703821658
3368860222
25539759
2853395051
76966092
21360280
4475235795
1933042237
3305363223
3160609106
23001804
1903157054
3289079166
17881816
1695996781
37599351
203848293
2776456116
87403396
29789545
831584192
27312017
77128292
1421144298
3861497776
93986815
980659489
1169574008
90661198
182384817
3559517417
65045383
3940787681
433888526
3006313132
3298612061
1891862839
2997954107
378564575
1706620339
3948357442
356921388
1695952632
3304113549
3487548141
3046170935
750342270
177241286
1390094640
2241295794
3734806397
3144820721
3308370996
18548136
3604947977
3592941256
3377469159
3248312551
101040130
3127848541
2960091736
16282832
176314157
360889029
2936383786
2506511533
356605879
3292602686
2984074740
3087831791
103142017
3379084690
3362681979
2973344797
243188631
3320365247
3071556943
2365667480
2238191504
1949913636
2989126143
3308339872
3316580447
3325294102
2414718368
3165871887
3312876784
1946957587
3237307668
2155990105
20526927
3187123097
2289792698
1702577064
3294358407
2711332302
3220038905
151448846
3164849391
2963902414
3190188733
296086421
18041057
3232980387
1027582938
3050142915
3184794805
593460958
3185652109
27711187
596986038
633288097
3168393325
2395166148
324716029
532339753
3161991658
22457909
3206069499
267449695
3155181743
3190924403
2942692062
704934474
325050734
1188401809
3184731585
195980314
222264488
261503168
17709126
2960298788
18015386
919947757
1036732152
131389510
2157417348
21842061
2221540592
2472889687
2906878922
3144423322
2759778094
3069206881
1601008692
729325668
3149501847
66699179
305295460
2837490196
2189452732
1386255356
3092528974
3118016093
2937448802
3120997344
2340919448
2845975529
2324369119
3139541313
3139701857
