710489819424681985
3467161217
3064982027
3321822330
718598207605981184
3379130337
706795626101645312
722186418349608961
2962871661
1037872854
720330664051109888
3549674296
3325122004
935778458
2308296264
412349399
714154898699497473
705104300968689669
714422922836836352
3301486139
3035818547
4166848875
2569783361
4839262774
3207625384
708682607114866689
2397456928
4368186797
2929639943
85414847
4880661818
2788340779
853755828
337129447
3197487905
4396334003
2316336252
704016932266242048
3829158893
703731238331351044
2549570533
702708203436449793
702298611841900545
2578436257
4765193521
2393181714
3217215884
3883554795
4893487822
696801808782589952
3412355213
4099581093
2906608864
4495517601
4822480116
3248970358
112302540
3020885658
3076603138
4637212053
3230916711
4748321304
3395124579
703909436
3406564353
2418410167
4525048456
4673564766
1027226742
4582249054
4463479535
958275870
3890405135
3735977537
4236361033
4144182999
4186101433
3108798542
3122457822
3343363744
3249135393
3846403283
4028501981
3929393174
3642051375
3892269432
2881383245
3295969500
2440617746
3851379255
3212466693
3357727293
3039244175
3050807016
2744838703
3249077137
3299069987
3553018936
2302209308
137584200
3290814333
3437731245
3431902373
1249503144
3400493050
206500219
204191161
2580682016
3394436122
2760901514
1428664567
3252845342
2949472200
2769117637
3343159798
3313382920
490954207
2869296916
3192929799
3005426346
3003383841
2984874034
3068799613
2941520368
2654255389
252118452
2790120479
2987214670
3042344251
2998223756
2734350334
3031436961
2995240982
2331296372
3001746867
3000407560
1319332753
2960796353
2596486782
2948911149
187641580
2911928200
1439756822
2398118168
2595484892
2856188331
2925034448
1947968852
2916951102
