704877692940742656
713590002018549760
3677742792
3271255423
3068783383
2898906782
1708955341
3258088111
705103783047598080
712032993775390720
35216399
3267750529
4224729994
3314758074
4738497264
719029585652809728
377220892
1285030700
708497320615096320
283103036
4835066679
2212146643
4826423300
4826414366
4352917360
707135685875142657
4833598899
707145584466141184
706073667017576449
3018429200
4035139992
4790637373
4858825791
19341224
3221944477
703561088
3047891306
126113439
105295143
123722570
3979973159
3324233309
522757263
3756112462
2941802980
3071820758
3013835815
2345114107
3888775813
3988000212
447314945
1535546262
4051008374
3185441425
3613516934
3979463541
3979133753
3929993292
561309163
3918998112
3983211725
2228603394
3283312874
1134262110
2740950854
3983218168
3982942797
2918241289
1659149653
631429817
3600788836
3349811483
2422732572
1112641514
3886804461
3317342684
3809867594
3359759230
3854474297
2574490897
2912096005
3143989005
3845980641
3434564224
3766132094
3246737070
3749319552
3699438986
3847099589
1166351322
504472768
1026773958
3754427472
134344050
1367974088
2983198997
3043881993
144973232
3027845659
2729592927
2963348879
2286039032
318788682
2574686619
2908133854
2868912674
2737991455
1732494060
66951419
2542172078
2917921566
1970393899
1730700734
2904582651
1350704684
272388054
2557993582
1955132936
22966253
1556635416
