75931031
2181453624
430090370
20264590
18435438
144247477
41109216
714073365573738497
51002583
712415382745817088
2303522197
111426091
720832666178695168
586038433
1954293848
3018520529
396577487
2659696782
721587014982836224
13524182
2925525358
3127900839
2695310765
3026479113
81467347
471517986
4782690498
341742525
153037146
1720816128
3394969097
2234133529
3381228309
21115632
1935609325
2416432944
37679353
4228512794
16664309
710849574567596032
38757501
2478015324
19873356
2914840078
717075816493006848
386354190
10430722
2889224661
718579033907294208
394347865
1893407425
364621861
48747397
1573873243
1345656816
1115729598
231337970
3087177257
1604358115
1180539139
305702387
404230563
48560899
390103902
3073940101
2936616267
714684515755696128
469799575
394428756
3290566897
39755059
851718902
3874140860
419784857
35201390
2777508348
388956366
702295841495785472
3738037332
704159528657539072
3335075619
727968961
389194064
1683663600
2646904383
707360276706889728
95694456
2294912106
28149367
303327334
145890214
2332626853
19804800
627721553
170799757
366614172
522701883
2549375143
136402916
65689946
2582467622
611532667
43820561
2323427984
4835090823
24578794
58813667
74490017
4735741521
4926130444
166875312
702633239056359424
4872385107
3361310211
26548315
3814596214
56858248
14312853
135607702
26770785
420260330
39465181
1716410120
4481701761
18038429
123368004
171179223
25199800
2307621829
16362779
54324862
415581517
2343836815
40327760
2855698668
417564706
35607231
311010319
822177991
4788192699
299925182
4839621431
3905908525
2752677905
4875684207
146287284
3191810865
2648686032
313629355
100349032
3314057578
2203702441
205382783
1064986256
2372137848
2861889433
4866096502
93808459
2611921165
4655039195
562521404
4504140262
17073911
4152834315
362074693
82721258
4834695382
714761584
31334989
4805517828
390110047
45014285
91878174
4838824941
48225522
234446098
183414561
2707362120
133420297
4734964814
2425991026
4710366672
549521962
840209844
46476526
4747587267
753354128
3272609798
3244675797
3867622576
1668023587
52086246
783553058
18358219
19051296
415283819
2914783331
26500763
2880441052
17436303
49015820
2256341824
775024590
2893184453
2398284349
595023378
409075313
39347051
2828068783
3390340613
748369058
49756651
175711277
31779095
46790969
4522400423
16072676
213245511
50920537
1149080197
83505025
18307548
3046633207
286809007
4085135908
327460496
48061551
3589152016
2422035242
2220811817
17853597
636660058
42641622
1451936388
21826739
3008087152
626106958
4234523434
2936129644
3918919634
270495679
4170372138
627790918
1495896139
23562333
14351561
31234983
2180284007
3331179491
39555004
29694941
126427361
22094553
18811659
50944040
2382630967
4040465849
3458568857
28240293
1559185058
3965255535
2518266643
1365596972
50382296
16461000
233567294
2969944455
4041633441
1120156550
16155483
2669454431
198567904
2285241888
1123401283
2374244881
557241891
1410100886
583953494
22000141
2650737031
2495008712
1549149769
3449669621
960703016
45511675
39000115
844335031
190662041
3078628110
183592090
19046991
255638792
3921143837
40060898
227648230
2266063683
2450319362
289458334
18816349
3188865038
1470858842
3820999513
294304883
2957909621
2905945858
1463713554
420001125
70559497
2815012067
1264936502
2221804001
202715780
3479616743
205511358
3421470928
3265391802
19057138
166688276
3396001114
86838333
1352885202
57089225
397530768
330516971
339288711
29893765
2962558726
557203804
574104652
709824180
477838305
2805698822
54921438
109880244
222535211
3400162097
2962648600
110801434
24995679
1898264184
3488478798
928593720
3423106521
286138824
245815863
83422942
18491212
499203637
25629028
449046939
2274414152
636791961
1083275191
3522962344
3464166435
2548992300
37669450
3435919089
1381839092
453379045
2885568350
160836114
2259967115
2370788376
799386715
106584559
452004259
1636114843
524662686
502599035
346212248
16638618
3341686114
3241053027
1078959866
260266028
3413335780
51175031
3340082843
1423624898
286852257
247921392
1173940586
104589290
3314570935
1121950339
605296982
17713306
358457157
1046285646
2899452497
71407710
1704950851
1643303280
88922956
153392925
2298474669
24700996
31325104
335577994
3268773859
15923634
352075684
2431966649
1055588546
3332815175
19820743
43121222
292395815
26250653
19192178
3370248297
3272678540
3198905547
3370580957
160183078
1361254452
514014331
76654898
20196265
2312494016
18161620
316115389
3298326291
296910207
423847251
1012513705
32417627
19336048
288971017
22946943
326399268
106105369
23631859
3249966852
2745115270
22583085
1797854556
2467062114
2691203154
2218709232
112505481
3240811334
996423722
3341976406
3223818780
3239547378
245131504
328500061
1973257386
347964864
153858231
2489140440
2218674312
54074466
2191575278
119196226
50922392
20824731
260349740
2754851415
2426898619
2370436730
249918420
2172050230
15996338
17425181
3223675154
2581620662
3314248797
34319558
1244360298
1367159718
3101892721
912528864
553611308
2918867163
239563902
46560856
415590622
36618451
44133439
2996726258
2762107804
260717326
1935716222
155235623
2894857024
2258460385
2240780896
509353870
3196415093
594043110
211724076
489278725
3156544181
3079770211
377169293
2907229175
2880077268
2803358536
33923443
32589829
15976697
16014522
59977457
314756515
528942131
20909488
3041772514
231470629
1888861568
221502712
27840350
91916908
3201869021
3021285527
2850686759
32455757
67311731
50412682
395376001
92081462
19186401
2735347057
605143257
133929829
19751542
33991263
3154176669
1067119992
856820198
2239351126
1656453354
38769433
42091678
2962245395
3017234988
68360592
76078952
3140276157
900917046
16085409
1776848089
183520431
2352281545
104358108
158811744
2354279598
409532208
375274351
247503175
3115788284
404374785
63796828
1708172226
3063975706
25389171
1686125096
2471679537
2260150651
49836277
151624003
239716326
2407844209
1173642900
39600772
73145176
417433312
3052476606
3071504417
1076720294
25299480
805952227
3008618936
1884585186
261763138
3013837243
277782168
404412102
78017970
2197159284
23880180
220061345
279820468
402817521
49313324
304121802
16452218
172863397
357774389
27355823
106239126
175201688
2517265679
72880197
2604886798
156139954
454702756
2738397743
283533068
3009683281
183430084
251888027
108447983
33297920
1029757316
2997150264
18670869
1576177844
225652311
1257311911
2757456160
404532969
2364148176
2971977435
273496653
23286218
23797714
133322876
38011622
1248097969
2895911037
2960582409
54156121
2471668930
21542518
126075549
18966253
2932985967
286986910
2728248749
2946158321
199317006
16879042
2942245302
2448706052
2774270750
158498801
249926328
2493355765
44735096
394101339
362302852
2917320157
589142057
2913245014
2912710275
1237023734
46541643
54092452
532472689
2843896088
95995411
2900053857
2901899404
2905116219
2904647920
260932805
335634676
2320030690
559709206
2902485976
564170791
945838758
154532998
332229995
275351165
1921793532
25305245
2888694724
2896406481
69171604
44568329
2870579430
2786318607
2881819713
568264065
2893252108
119054820
860650716
87195344
20576268
869264136
120093907
929751728
188814667
33834061
347606946
44844493
14920027
1142791382
15671604
15004661
307141635
216009343
1602707072
588668634
818128632
94226922
99579091
7615122
862726788
303486827
37307384
47165038
2905183621
620338871
34098216
181015698
311477102
559042457
19201818
16867651
424026459
14653089
2884754679
769138068
938483168
919298082
2904724974
700858419
90263643
37247261
2874541313
23543158
2737932602
826762058
454897967
40270860
915675469
2784775048
251291980
2848158763
38890563
556315346
620305601
2690143878
2876046306
30393805
199338108
2721462892
1420470938
33535088
17520267
33091340
2788014298
339214276
249862904
47866178
74556973
170128697
338661490
2834038508
37297557
2788989358
17857052
100632137
27372554
778042027
46804138
506777749
2285964434
16247090
1128967129
2536073629
389244758
2763071897
30727894
935481992
255290410
43147160
130507772
177223265
68912643
885630206
31260993
2749729834
19540732
15816711
40498853
275290370
342306893
2756583269
2542145730
131838686
297180938
1364473825
18133108
2733409514
2248936459
622147835
105318293
29927722
728862769
410460700
1536373116
2696382708
2423572067
574067464
54249904
1393800552
2686141556
821377100
185480715
2729514982
101348982
162487293
43171368
28005085
188767669
541660310
44036787
403580377
973545535
2411620218
51921726
381524363
164299225
264267706
2665324752
27577048
320000200
20219585
37104167
2561140706
19774309
2584782643
624292194
1195990152
67753753
2424683088
136143003
101043994
136138737
28106988
242637589
2564559557
21096570
246632572
2674271140
246895883
64096188
2372501918
161099600
221048451
67997505
2585518105
227032376
72169296
24428744
39482514
2352832791
2507313158
546952378
233028873
2566098198
232513071
2483136734
18294521
82464489
63247244
40746418
626243254
2431961553
28173785
30642768
71077648
96811542
2540803440
381005482
51004366
407319539
92980189
2233375238
224388366
45914930
19847839
163966649
220487926
304627263
1618907592
21005236
2547829054
711282552
2273909467
108779676
923675156
2317433403
45169570
54360609
19894091
28347960
134296355
24044590
2514255954
197779593
23220889
2334784227
116584858
426962930
115393933
814102148
2398682514
325578796
268548080
1579367544
2490585792
2542006125
29997861
118919473
389582305
22634347
335946517
2425034053
902344195
2365874927
2471672864
2469258799
154646248
18268138
1066801208
516698754
308218890
760451875
396870684
261739096
2459271878
23884752
2351878189
2310714666
163264722
20151916
50286477
1180537634
78168550
2295041130
318667833
106396953
18754660
265629488
366348387
321024712
581878514
247413856
1064653376
433229237
242546198
2432613157
2216410855
347982473
1474528736
1537985174
29819682
159971236
295928375
32431685
2418664755
2409437460
239250655
28365823
330101332
36573744
252914582
14833402
1388157828
536829966
16429257
36596184
1307423264
587070184
28467060
2345466187
22959179
503631716
57863917
220768522
313305210
17882737
20668627
20293350
87619339
64182852
358276033
52274986
1415245284
73370834
2383547387
1135606292
419387406
111441551
35219029
14457838
1339938846
42478020
19165579
531100578
19619325
19501546
26055204
2318272031
14246001
2213484571
355093542
313604762
123568057
1871816851
558956250
41747410
2342483667
316048286
232450395
86174088
7188492
1107462630
1409813408
445095201
716575975
27870381
16196915
41549187
2205936590
2315298705
98049736
629733600
912945554
501083427
1020058453
452959792
132489525
133838082
73146272
40887575
18555883
16789369
774393817
563032685
57139473
1325000900
606652705
25959332
594604581
279692255
1332198127
137873140
424274065
480116984
57037063
2153305655
19939645
2293625411
200307178
561669209
2293477712
25003232
1263195960
709045724
721181443
22930614
16256478
1623472878
167147255
364360529
16633149
111133119
89103809
55013139
184274240
42425014
739086024
48321995
235059362
170699708
86383503
26415660
794682674
1107300788
1007401080
231632920
723092341
279771372
9316192
65518273
23234466
165581124
173260818
229285422
501942350
20266368
435354129
516452497
488626886
89505933
29300991
19246241
635565338
144251608
793268287
2231534945
293159149
42437923
148594374
66709407
90645477
147071542
182243555
64557153
1364294347
19087740
90926420
2209020294
2152087459
145494565
9959002
46160147
289013955
23368259
249734786
286819564
16717107
1548646201
154366001
92958361
254108775
90878730
1615599416
14293654
101825413
198282090
359605007
32782018
15864446
142330163
2242853352
15289200
270841393
306947160
402023353
72871116
44471265
32495731
1200140240
14764988
417635779
845743825
1673262259
101631306
1938710444
31400898
101383041
140292995
1285895046
1957964887
372454674
94827526
16675033
60942426
1215672750
1667977166
1892036336
26410252
576565523
1484978306
402821982
1737995191
1601465803
29100243
297241462
122760181
65755170
73560729
15063431
61799349
1671875994
1574016991
1650610687
310444135
189118793
1525988449
1485908180
1623060066
224078788
1601141389
1172258184
146651508
377666632
1534362134
826166430
559952838
151536661
292500276
1541740800
76924147
24710737
1488718202
1515171576
18573533
27394415
582808479
30673007
108326508
14805775
783315325
1357448130
51632114
138795228
275001974
790237416
16833827
1311305089
1364460314
210782105
269795614
14877045
298369719
1093852568
431967138
65984573
19118849
18644100
3316731
261465830
1011177062
64116552
24030137
83703031
36172016
17625554
754271724
459553491
575975880
45970421
887864862
67958182
20813781
19399370
154598843
32211078
282057453
190455758
292051596
762197341
17272801
63057397
401855318
382917258
224677379
17322335
215665550
326757377
777321402
38780649
776715780
764804268
245925807
217090296
15236418
246344793
702782899
167095016
296562792
374257845
455220991
588718686
15498945
397193401
386008386
556980248
544700357
19612279
121310755
109977083
5813742
15346091
463214584
20852025
338723810
486045793
110924703
62604744
248748695
20625261
40980839
178935187
243059515
251094814
130385315
422132216
247060506
23254554
403668070
395340697
395379097
33569693
169268730
32022943
92281824
40910631
106807743
125980087
45664510
17380451
366849767
24810925
65714689
358148491
117531455
35271418
128398802
347910999
347934671
322758220
335371780
27298394
136538953
102902625
16527219
86925279
318100395
27700533
292880536
269833953
17474327
308726272
19833678
85124248
16821412
291519406
203753481
28914858
14643009
9488262
90420685
27601711
212231141
316054327
58657520
66587732
