14855279
2325903618
83758686
64187717
4417982474
3345802763
34436190
40741781
879161563
721600396586692608
229385617
720064555280429057
17881816
3266208086
712831423657472000
1169574008
520995345
38481431
3755176576
4236377309
809906426
2200121798
4099875041
1936194174
4006031360
307791887
1276519675
3289075418
59536684
3302086431
3331560489
3537382828
3383439153
3435048304
3402608643
3248398704
1561479325
2331166734
3319093239
1621151270
2889594456
3303638141
3196784960
3171516944
3066734134
1952919151
3081945459
3038216109
426997383
2943241359
86116171
2208881204
133282509
793273988
2891543307
2873777759
2871814528
2890941086
2853222604
2840176145
1160855144
2649402600
484309395
2604224068
25707034
2783700128
1059902899
2670358651
1376733636
27725555
2459584835
159621809
2570512287
1375066668
1541542224
2431851553
2430721855
396344859
2349964856
150415082
289317670
125571533
844037190
262986403
18821765
1711428240
525476166
213305697
35726888
18569327
189178774
862290416
28668921
35001544
1667738142
525491946
1608494959
31394806
36178284
463536994
53112612
127108489
65589378
65577676
28855979
1007226966
876272952
741417698
29061199
1482428862
932748168
1470429638
734205138
192946050
1406253620
970094882
221799011
34422599
21087550
1188558727
969270996
1266096420
762742525
576098662
14496886
7259422
811249741
1174138338
80374332
46476526
197362742
1123297452
1173160022
589108624
1164269491
500101798
579467148
403711874
706318638
950545009
434568798
16632772
84151374
17456140
473543648
84708371
143181425
1090371031
1009346930
110782268
1099990958
52186434
23841368
944904860
1064364163
340583301
1084477189
1023638304
347401314
1068387476
361088543
1070936089
1091575302
883513885
897151705
1090705891
1004512172
381690262
879340908
886211736
804706676
41660934
219189115
336638065
580876121
399601382
20214495
833913109
460437040
790315033
304575164
574536864
80095867
125825837
43351805
22190469
536675608
267878248
184634379
507833950
594738680
597573436
558329359
259908610
260850237
98307121
509792764
22987679
485079395
441318868
89587877
360052245
56650993
90776261
296834281
82781833
247027404
9581902
10119442
298942587
41192521
256841746
34027049
55118967
50474121
98786321
267915953
266419053
256134451
256232969
64774445
174080964
176901506
20584961
57384386
23938583
191312618
161527299
125785668
74449522
29378668
