3854038335
4692627883
3353538612
4384128192
3019776104
44403627
1325562337
570479051
3298741168
1593922460
57719296
4053544938
2830827905
37349110
3877771812
2888841036
1575842161
36944176
1428537943
3425919798
2994714594
2542865461
3280191564
3286663279
3383981291
3375004133
3269208188
2179361772
351688827
98773207
1228882170
2912194344
429641146
352787140
84717267
3300785037
569506259
318222184
282271032
346701995
2668783982
2405105594
2588596404
2876483806
2640597973
2561470615
2593460936
2374650672
3031805576
2596673160
360794635
2553349836
1619489563
3196588999
15328444
2561484025
2692708173
3195526008
76809678
542854170
2562567546
312745095
247354615
2730790961
2379228488
364008643
1697046870
325041889
1215624848
77315704
2453532284
3030268368
2966782419
375990622
2467742674
1469548310
1729279676
33088862
2286043309
37647802
2740699026
2705782194
55402220
2533193748
1960911283
2438963774
911667536
2251350566
76099028
2286146996
19148647
2282195058
2278398476
21391474
424683824
38411789
34599272
384283241
345541132
348729166
427059165
2248410828
32947687
