719488224587091968
2841543051
2416894736
4837315805
3854038335
2612462615
298053817
721149402010816512
4899445605
2280507940
2385440851
715695610800840704
716386037631737856
3188317635
3054601432
4567279774
3107511191
46164938
1191944780
636583985
1608470197
707546400708399104
707385035595374592
548006311
787288147
3202472853
4659047535
1651665182
2754030359
2249643596
2991296999
4925031215
699712905713995778
4916043412
4883258711
4693453692
2350923162
3320791745
206065990
3341989677
4842243954
4866962231
512696125
2304537950
4864290107
4016817552
97126129
422278626
741213762
2779810577
2365575327
2251405678
3025854099
4099405779
4639820374
4054511663
3293588627
1561961299
2896554285
4277610735
4275631157
2243584402
4193972369
2986546601
457054039
1168935799
4101075315
4077825417
3962524512
2866566017
1580753130
2494145388
3422600153
3617004138
3508704854
2423422648
3600674415
3560589256
2426463911
1367811882
3413753613
2245036685
3302902111
2826104567
3234095994
3331329178
3383576207
1072051140
3382078979
3122400233
1466095135
2951294374
3000246596
3370943297
3263043583
915646483
3319509988
3359273806
3352826368
3178631130
3351003431
3247098288
3218359451
2724982415
2361810059
3177080024
3328526811
3007619363
2867844353
2529703462
3234247572
3258677363
2282298131
3014570895
3308558199
2788858664
1967731878
2230708610
2536151064
3145946854
2762469826
