2406249446
2228826200
522698226
4898224504
2738762832
714208930063323136
713150666592497665
4806929495
1403299910
4899464333
3970049893
4881184099
701759796605751296
3855482065
708843500771663876
1447586515
2730874388
4855983280
3312656019
709415745013227521
3318268207
1551314150
2813653351
708409644587163648
1380519487
706930446127505408
4112522476
3183031172
1120568744
3198363565
3100244978
4846835407
4715992464
4914414667
844349934
2892211806
4085312627
3268697419
3025656735
4850159304
1114263954
2444716341
2609829054
2211288620
4112716834
4841835635
2653879549
4063747396
1199296644
4786644200
1717360220
2941277929
4822270745
2988155085
4390467502
4715827201
4710678763
2965246359
3253271232
68814817
2839357620
2877042102
3412967260
4023086637
2290682803
1413961596
4488056434
3756924016
372622157
3078659784
4206406219
4548346093
4576537814
3872917094
2748599230
2480888628
1710150090
395905259
2259901524
2296117248
4455387794
4445459784
25558778
599000050
4323215553
2421406663
1411434998
3314585796
2751921916
396797423
3345689019
2997166153
4251807494
2980630984
1164689724
4317163154
1639631749
4211324675
3677768537
3387785833
2361712652
464127662
1711549765
4073136614
2347380770
846275042
2275484893
1261033412
1378282752
3005804532
3364652063
3278052930
2284372046
1065861342
2419685598
494421713
2739504413
3267750318
2458688580
579426002
3069966272
439423089
1319609886
790559402
3638555965
3401622833
2215089230
3607161493
3107593620
3361022579
2895399983
2374627160
265609612
3511577959
3580597096
2895274553
2262079218
3183450674
1013805654
1551502146
3188067180
2303406362
3561929176
1141139838
2888599067
445079235
2551874882
559802506
942374899
3219585440
801257203
1551935592
3138084386
1471102826
3318189930
2771848410
1604754824
898590386
812246420
894039570
1087739934
2889155610
2983272644
630103322
2324533076
622447956
2229041431
552228788
3218786306
756425917
1069976803
2831845453
2326122062
1559372630
1377265086
3260939354
624331666
1532839380
757340738
2828910811
3366435399
2676645193
3240246859
2829017017
3230077718
2324546065
2262051901
2902787964
3151463048
893882563
306384157
2724352926
1013533315
2960111376
1365460614
1036210009
1118167069
3011427863
2967145439
