2287887180
4547869279
19173608
2937118775
723307674331418624
204132287
2478015324
2641993872
4893125805
17327882
421575263
2934221678
2383812842
50072011
3316868654
2239654017
4230652702
56037463
158060289
2845849081
717554036510068736
291709775
395693272
3376781080
3091382410
533712415
317223956
43196336
561654065
121656624
714897144407265282
714867176956641281
714869203665293312
715074063438389248
707539078472998914
3313043539
4450788313
3224850985
4103087435
3271255423
2391736202
715468545518383104
715468042533212160
484999518
46302096
3106080574
3031917432
2431253425
4746074508
3314758074
3219816631
713415305679278081
4914539795
3580248555
890226416
2567619658
2616166573
4410452293
705902960967094272
45364873
92050729
23725561
607584735
278691700
292479078
33195508
