3020396760
2819474253
37599351
553131970
3065998395
707667434556268544
4837315805
3854038335
708328034907070464
719220042420920320
720711502597120010
2281319100
3123030220
520978968
4924579967
3873219493
712076515891146753
715957190121623552
4870030120
713175756801761281
714246259494748162
713840686550892551
713672095872507906
39302767
4878222143
3037207516
2456898907
4100894188
3368084427
2883527813
4420657032
707748846454046721
1974847382
707572184278048768
4871281255
704508241489821698
4324756061
4872557944
961731776
4374949152
4375133474
4810046905
4375117032
4828893130
4902040300
3020409426
541181594
2652268524
575398189
3319949009
2287527962
1964104615
324899202
3276882511
4810859264
1424358835
3949536742
284282237
2530820728
4634037315
4766882732
4230198400
4706406939
4777472027
2209499134
4230103455
2796858566
4626574049
4748104173
4719322485
4531354276
3907320800
4019713055
1591631408
2962950423
3111333808
2735126447
4311447981
4276046055
3511218136
2657679660
3687695897
4222858601
3145814899
2882731115
4230012323
4222896863
3519400995
613640607
3048508736
3178407953
2876866257
615509819
611473469
3415152467
4189778235
2230788138
3990116746
3991630589
4144085146
3646957644
562384635
3639872538
3242661129
3133814108
4050901521
2851734371
2995309870
2524524382
3018927705
3438201237
4056630634
631211088
3982299315
3875368332
3456863234
3269987772
3291830146
3907296211
3047646055
3906197299
629596058
3744957437
3366392993
3546458714
3703749437
3296801635
2734405258
3583225157
3125373641
3361112296
3130170303
2377503186
2375960708
2634085079
2579295655
1943003971
1012353787
3412401269
1383286602
3289105884
3393469895
3402859318
3399276149
3257157577
2612612253
290706113
2715304777
2263666711
3295285501
3134219981
898815373
3121873512
383053693
3388411473
3308975992
3321340091
2332526420
2710356078
2715316441
2344060152
2786678844
3374317606
3023119063
2698686578
2431296979
3351924903
2838405065
3347422348
3345202120
2248545821
1118293388
3292357120
3250325588
3250367383
3335894139
3329640891
2777780881
1646828636
1578830124
1126495524
3186909212
2610305186
3303167788
3302822925
2536846841
2645883849
2649061519
1892510336
3140938291
204537770
1388258588
279031129
2360567024
2266451123
2946172151
3096182155
1442421373
2921077178
1944114289
3133732777
3191942222
3218720737
952212548
2249643596
3289024673
2841543051
409862582
2321785092
2567788502
2239395164
2482246081
1132817654
2950351892
2728264865
2326399670
915931760
1115896964
3249700185
3177041582
3231511414
2586167756
2953820656
560699438
2967109249
2167031562
2946219659
1884338820
3201649715
27843376
3225607942
1497367974
1306432178
1598236068
3207874533
426494716
3210633899
754867356
1707857599
2327710148
2488648561
27012207
3156898226
3140921575
3148742647
3146198307
3134300093
2926441590
2468609990
2789889671
3091182715
3037265360
3033976000
2744802011
2515754033
3117083067
3141406249
2557905024
2330729395
2534913733
545526535
210735868
2783339097
2506229264
3129935464
3097766387
3101588967
1466277330
1661187108
746335638
243932123
3081924618
2980159402
2901729780
3035758497
865233714
2993090906
741941852
1319409572
2301875939
628915843
570391014
2528805090
407837618
2966500474
2868122988
2932976326
3015798011
35230990
2902277497
2974919266
2808362119
2908713639
874139922
1343239506
2999940880
2785219119
1650598376
2806448807
2437385658
2916196636
2370687930
2466169958
2266559826
2766563074
284228816
380063767
2988016380
1535166464
1604099485
2882725773
2882953403
2978460149
2920377129
85003957
2882745185
2247802968
1591409718
522600894
2809258893
