2980031519
1058285587
2607963750
3844641855
2743222037
1960608584
1012847874
3282151848
485338994
3975699738
151707490
3399308960
3994884501
3418948360
1037459408
2281316085
3770500708
276278626
3222685398
707030251520577536
234918189
3245397274
4852252655
1939133288
4513682319
2874721531
2894112264
715755902213701632
4837315805
778739378
719986442563362817
341190477
1963824026
3854038335
701615313213755392
2869084340
717748163545735169
3283882500
4875668907
550674681
3808814833
3911910261
3151236929
2279654473
602461490
2957084955
1032898254
2361908766
1039259510
1678305949
1032993972
157467084
2564819114
2992926343
2301547809
719651790606753792
1873998438
4256056871
717362594
3112263719
3293043876
2598909963
719171584552906752
2278195399
979359450
718935923946364928
1038338654
243100969
4804083454
4804021295
3345823090
2918947201
1861528202
717133587565436928
59844677
1631365394
504175279
2844607500
3001814483
3258150347
539463735
4657687779
2881777358
3755743888
701630862778101760
1641910032
578979606
715675883365908480
702606981912256517
1453292240
952462472
714333967105667074
3294954508
3710096964
708230754438942720
1452132986
319920637
562066818
3608973554
4875348425
4862446533
367459060
3353967436
704520662103117824
610021318
576465654
371979252
2167380106
2290617744
2441347949
3293045771
2391845725
715003128
3248168401
3067593962
2644540294
712596730944946176
2334771083
703515589466193920
3590660116
711201617048162305
706638107999920132
1111429735
2671121900
4886658057
2344816715
2155631643
2766305896
2521850498
3180426507
633965565
2245628238
3231929534
3798543439
3424202127
3303535180
1612994875
54686020
711244348562788352
2883265187
948330476
2975023707
53690751
1090309748
4318793173
3229377110
2949826912
21712038
2980638635
1165435177
4819780024
3018408977
707092519645884416
2451978938
122899073
710637900174639104
1105472372
3228496831
4314513132
1025592416
3147818308
3177224089
711286902595301376
585967474
2624458528
709251061115166720
710601654366679040
4840904713
2263423585
702663961171226624
606051132
3306915443
2437606460
629614876
4081168934
3422917769
4094005938
625791254
64542950
864841777
3232606337
2316331656
553425388
125198464
2941748716
3366103065
2466512624
2521051910
1923986191
362698898
825989060
868193498
2584936538
708394337873350657
3862694173
2729391389
41238653
4785514896
3110373473
41755138
3105098849
2260543949
4773272481
2596755237
702838406578049024
2742292700
609559483
700905004522037248
2794674044
3315943527
4886489201
4901115552
4874737013
4598266572
704065568064806912
2193518972
4850367112
4419290721
327631203
785913312
2396797500
702941135568654336
3186928244
465219967
699286367063425026
2316320059
3341401917
3012295927
1468937466
4798712854
3372825374
3290678049
2468306839
2316327127
4190284840
611959284
1468123686
3382112067
3912388214
2990944106
2991119899
1563005659
2990318950
2991811026
2458188217
2986234064
2984997989
2891555615
2793433202
2971755081
186198522
2986104874
2462223833
