722102507514830848
3041057141
1038190508
723474336527601664
717060502988435456
2310121426
3260791346
4824751155
721908677138116609
721770947775225856
2204920100
2788526431
183849820
1423824241
709920705861832704
709476221785088001
239683060
165936477
703291980676255745
1641716162
4923412239
2393423492
246321901
4278946036
209379291
1456005367
459296504
194748241
4729944075
3229432373
1599183763
250186024
219182661
2518724431
216912666
4229808885
190317163
330639280
2870041131
165453578
252748749
1179702265
1419621722
2910572540
1954947954
3742711349
3929526377
3920591897
226567049
3856712009
3854819901
1578291984
3401940953
3406019199
3400844831
473265939
3004512136
3378805845
3047858997
812114768
3368256694
3098184172
801622256
3351827853
3351581206
3344559605
823464894
3309436227
153975293
632447678
3142211513
3060875254
179283447
216060292
2725273567
339884369
170250607
485675136
1368160099
1566154813
250783375
312460224
2414267330
2353667468
2355776265
987392599
2351244870
2338980692
849508033
78654358
1525256700
1705907708
751861993
538130246
1586266448
424696276
246112803
523619088
216769500
710254613
1918662158
242403808
364645813
1604755496
1703070409
1700760769
844806102
1654759188
373737932
1632885878
428738343
310479335
848814246
1353347508
305094576
1410282206
154409825
250386590
188758615
1135694390
1042513693
971259930
622094905
778500944
145580537
499929659
210185824
187433921
104936385
214248912
141784780
178958084
263608624
305157022
176665520
584131199
466104341
455452721
182415050
223838698
502269755
286290383
254275716
341388043
496474371
451735686
390879406
144296909
118168950
166723673
92320986
186557332
148923814
307646406
231633170
118806438
