3648633252
913138123
716271448357216258
2331911006
3161660191
2891225304
2383328197
3284112337
3679373475
4547869279
3345484813
4857468279
4228642894
713114000880349185
4613309593
212619235
4873283560
3138205550
2334346969
555585097
3682896378
2997198170
914421361
721502471777042433
722108044407148544
4885579600
4884563729
2723253756
4250124687
180337138
746477730
3065170064
2965200969
2965184261
2965212839
2965151883
2965184945
2965152081
2965214075
2965162841
2965270024
2965178661
2965165551
2965167603
2965179009
2965252048
2965237108
2965198577
2965250212
2965151343
2965214321
2957026503
2957092845
2955539626
2955444671
2955465969
2955458955
2955506975
2955413493
2955540508
2954744313
2954822975
2954775995
2954742231
2954770151
2954774045
2954726871
2954751963
2954811148
2954789909
2954774363
2954839948
2954819896
2954810374
2954783699
2954754075
2954809540
2954783393
2954784299
2954783687
2954769689
2954735625
2954819920
2954800577
2954775669
2954784485
2954809997
2954762151
2954801015
2954810009
2954836324
2997890214
2954767413
2954776719
2954767809
2954811161
3001535133
2954805148
2954808839
2954818006
2954781821
2997846613
3001891839
3002470493
2954817520
2954794197
2954745843
2997841116
3001715207
3002065761
2954747847
3000908121
3001583434
2954774553
3001067855
2954842678
2954815222
3001063673
2954806168
2954746113
2954854018
2998100992
2998045295
3001181134
3000496605
2954828585
2954799827
3002089450
3001048528
2954816056
3001671958
3001802752
2954806337
2954827319
3000783753
2954841334
3001783059
3000879879
3001761261
3001121265
3001955103
2954773599
3001560081
3001831001
2954771717
2954743737
3001502565
2954740305
3000783639
3001064242
3000816057
3001497279
3000869218
2999292069
3001097955
3000816063
3002015446
3001543402
3000481853
2954806822
3000078929
3002645248
2988140457
2988223469
2991497191
2988189363
2988291699
2988220527
2988221085
2988492227
2988455739
2988261329
2988326663
2987992575
2988365098
2988101181
2988327106
2987924241
2988226269
2988295185
2988290151
2987991473
2987889741
2988130367
2987984836
2988294455
2988097581
2987988947
2991518408
2988271378
2987984050
2988232924
2988061696
2987959445
2987888997
2988398176
2988226257
2988097276
2988326567
2991479100
2988297400
2988129887
2988221427
2987966956
2988233987
2988261369
2987857103
2988294477
2987794691
2987834452
2987922377
2988095614
2988098182
2987955039
2988350025
2987738044
2991480252
2988200259
2988289125
2987831944
2988059159
2987824714
2988060953
2988027562
2988359903
2988295397
2988163485
2987897379
2988349857
2987780561
2988159129
2988294365
2988424247
2988192857
2988360635
2988198795
2988130007
2988391281
2988197925
2988287321
2987962864
2988326105
2987954188
2988362692
2988254361
2988255923
2988397774
2988350595
2988260589
2988195107
2988165508
2988069273
2987859531
2988232756
2988188519
2987892423
2987891782
2988290355
2987706791
2988061079
2988365183
2988226612
2988095697
2988419524
2988231257
2987924739
2988319097
2988254601
2988157359
2988359741
2988461128
2988293259
2988266554
2988330310
2987897067
2987634117
2988102749
2988270748
2988099503
2988382613
2988295804
2987986055
2987923185
2991500029
2988103115
2988226768
2988293405
2987956475
2988265984
2988068325
2988068361
2988399760
2988137152
2988322157
2988420442
2988460450
2988363100
2987983265
2988287009
2988423431
2988196557
2988318371
2988066765
2988329590
2988423425
2988095805
2988066303
2988389769
2988460150
2987985041
2988066621
2988224452
2988098621
2987994112
2988049126
2988135100
2988224512
2988255095
2987955905
2988268486
2988329805
2988161271
2988076313
2988461362
2987993098
2988223594
2988196349
2987665649
2988053993
2987993914
2988064911
2988224020
2988065925
2988032925
2988223132
2988164980
2987963163
2988064569
2987923515
2988321748
2988098267
2988187565
2965689923
2965633234
2965768204
2965583273
2965602353
2965564569
2965560089
2965516371
2965663737
2965599905
2965553451
2965517133
2965618684
2962408130
2965577259
2965532151
2965634158
2965697350
2965672751
2965579773
2965790051
2965577368
2965615402
2965719856
2965539507
2965622303
2965566579
2965595296
2965590345
2965758820
2965710424
2965590425
2965588702
2965654857
2965625404
2965620867
2965594552
2965597871
2965669521
2965599957
2965561259
2965753690
2965594930
2965597972
2965723823
2965540323
2965580855
2965752670
2965590687
2965572681
2965716329
2965663605
2965574140
2965626988
2965696611
2965797610
2965725761
2965639197
2965535331
2965622063
2965610151
2965683489
2965765816
2965628831
2965555497
2965759690
2962430437
2965564149
2965600474
2965558025
2965657299
2965659869
2965634235
2965561893
2965650922
2965710508
2965731124
2965625314
2965666150
2965668706
2965833076
2965585901
2965708467
2965537659
2965763308
2965707369
2965698341
2965604902
2965666798
2965508859
2965574333
2965585853
2965611814
2965611903
2965547439
2965763242
2965617701
2965610356
2965701903
2965704909
2965635148
2965598529
2965709811
2965680527
2965570571
2965586830
2965641076
2965583224
2965781470
2965643297
2965675133
2965594954
2965637542
2965827994
2965546145
2965555203
2965630217
2965620466
2965640236
2965589933
2965612943
2965762906
2965647695
2965671779
2965601746
2965745733
2965674219
2965656993
2965736357
2965750341
2965594437
2965772590
2965682566
2965690899
2965535091
2965630637
2965625956
2965604469
2965623905
2965638255
2965624935
2965572309
2965737975
2965761377
2965735414
2965683563
2965505169
2965653004
2965684857
2965656016
2965673817
2965535523
2965550655
2965678504
2965785052
2965576941
2965748789
2965690229
2965582293
2965746603
2965641304
2965526739
2965580375
2965538193
2965691674
2965594781
2965757429
2965770604
2965538901
2965539905
2965539339
2965582318
2965606354
2965512273
2965560761
2965750570
2965592487
2965697591
2965555629
2965796416
2965611268
2965643213
2965644219
2965547183
2965738936
2965618875
2965719833
2965616175
2965621163
2965636336
2965831960
2965615047
2965584933
2965573989
2965636090
2965651402
2965604632
2965825912
2965671657
2965588643
2965653652
2965566531
2965636899
2965557909
2965621419
2965535847
2965685229
2965829350
2965506999
2965510965
2965724494
2965554431
2965732390
2965623736
2965552791
2965712422
2965558439
2965625596
2965722532
2965736758
2965632993
2965603930
2965591138
2965616110
2965619734
2965605808
2965728190
2965698339
2965704525
2965566975
2965632862
2965556643
2965580571
2965551411
2965618288
2965514145
2965739789
2965675090
2965714306
2965513737
2965645631
2965584622
2965708961
2965831030
2965565859
2965638490
2965649741
2965587489
2965585881
2965636877
2965618577
2965647070
2965569603
2965633216
2965623082
2965692153
2965650844
2965616105
2965767755
2965692124
2965608376
2965570193
2965541223
2965602495
2965669060
2965568531
2965587641
2965754229
2965651155
2965608904
2965647351
2965618480
2965689945
2965679243
2965690155
2965540377
2965793057
2965718409
2965725503
2965587123
2965573895
2965722136
2965585421
2965530897
2965775104
2965711678
2965832782
2965645173
2965702289
2965679787
2965652344
2965696593
2965674161
2965594246
2965592788
2965679116
2965584028
2965634116
2965617551
2965627583
2965566413
2965515399
2965597588
2965536593
2965633744
2965548801
2965700783
2965542831
2965618173
2965541463
2965602077
2965659868
2965564323
2965569021
2965684695
2965529061
2965605555
2965591673
2965643033
2965575363
2965667555
2965587916
2965760920
2965562291
2965650436
2965754849
2965745009
2965586266
2965570965
2965617316
2965511769
2965537601
2965616992
2965585175
2965544957
2965577421
2965538745
2965805548
2965639983
2962369752
2965698129
2965632839
2965618594
2965708594
2965509885
2965654281
2965531917
2965604212
2965629309
2965602448
2965779946
2965622045
2965565375
2965643885
2965574103
2965552535
2965667212
2965506105
2965583711
2965552431
2965689310
2965727601
2965706517
2965696043
2965657547
2965649637
2965580993
2965625434
2965731850
2965797521
2965513011
2965583746
2965669365
2965707813
2965637680
2965596029
2965566269
2965643512
2965804942
2965716844
2965692447
2965731604
2965538655
2965668208
2965538273
2965537509
2965532877
2965619512
2965660263
2965513089
2965531317
2965635243
2965558961
2965591473
2965608394
2965568837
2965571135
2965711559
2965557785
2965593539
2965600408
2965540185
2965614495
2965755982
2965569533
2965503783
2965568327
2965599227
2965590573
2965673985
2965779340
2965717907
2965607440
2965608323
2965834342
2965773701
2965695803
2965763596
2965627233
2965660444
2965771973
2965645203
2965635916
2965640344
2965779586
2965695543
2965643507
2965605634
2965643986
2965536069
2965599988
2965642906
2965653873
2965802656
2965586139
2965655963
2965652488
2965627913
2965607692
2965639545
2965708593
2965744851
2965592333
2965561773
2965637601
2965603774
2965752328
2965600096
2965773184
2965528989
2965675857
2965616351
2965598825
2965641454
2965650214
2965599789
2965726162
2965699078
2965648341
2965687467
2965624307
2965538703
2965580590
2965713148
2965642690
2965583729
2965723336
2965714725
2965728651
2965584454
2965751404
2965554009
2965581413
2965659245
2965696876
2965760525
2965535049
2965598530
2965602443
2965560717
2965747816
2965711798
2965609977
2965826902
2965580469
2965630277
2965547607
2965765143
2965526571
2965562301
2965628536
2965701207
2965524363
2965718818
2965636649
2965652296
2965578737
2965710736
2965814854
2965568433
2965721975
2965578083
2965597655
2965575220
2965658733
2965576318
2965605987
2965678833
2965741427
2965722971
2965607207
2965714361
2965554567
2965606937
2965705985
2965691331
2965684197
2965785737
2965547967
2965657431
2965727487
2965790567
2965604513
2965794712
2965674281
2965513857
2965575933
2965627283
2965705912
2965623124
2965640571
2965615882
2965572173
2965564389
2965659334
2965748571
2965656514
2965610110
2965721079
2965538697
2965620089
2965712223
2965828942
2965661488
2965669971
2965580321
2965568645
2965660300
2965651287
2965549283
2965537425
2965535163
2965700283
2965658025
2965662256
2965719556
2965606924
2965595867
2965734197
2965595475
2965582515
2965702323
2965560201
2965602437
2965685283
2965762576
2965559979
2965606925
2965546991
2965602143
2965642348
2965524759
2965577050
2965563569
2965569395
2965570611
2965637098
2965734418
2965771948
2965640122
2965559291
2965700067
2965586183
2965648379
2965511079
2965758250
2965532655
2965720990
2965724129
2965684167
2965602172
2965744305
2965687667
2965592381
2965571451
2965656472
2965595092
2965526565
2965526391
2965722725
2965751506
2965716435
2965505607
2965574104
2965757608
2965635196
2965694134
2965581119
2965628086
2965768330
2965656701
2965587863
2965593004
2965555371
2965621000
2965570359
2965559205
2965575382
2965704436
2965629849
2965644695
2965613476
2965541729
2965564743
2965646824
2965639623
2965587653
2965710953
2965636240
2965605597
2965810006
2965745885
2965610975
2965692531
2965504017
2965770425
2965533777
2965626640
2965613512
2965776826
2965541735
2965632189
2965754157
2965590143
2965675281
2965766836
2965560803
2965718537
2965706458
2965746465
2965741523
2965607003
2965638274
2965656730
2965804312
2965628728
2965680005
2965586243
2965645041
2965752574
2965578856
2965713988
2965550679
2965535529
2965564121
2965549145
2965688877
2965613609
2965653322
2965784903
2965571651
2965614473
2965522443
2965581790
2965622139
2965689525
2965626219
2965600637
2965629383
2965619415
2965730915
2965516287
2965588144
2965594659
2965631746
2965599125
2965701531
2965635790
2965802290
2965716587
2965601823
2965503915
2965676457
2965742818
2965544811
2965577038
2965633528
2965559963
2965567947
2965571679
2965619385
2965713885
2965585228
2965687973
2965648240
2965521027
2965619129
2965658717
2965624293
2965540305
2965730447
2965589003
2965562069
2965741533
2965587029
2965620304
2965776136
2965549481
2965722617
2965523571
2965597594
2965608538
2965592999
2965573703
2965696732
2965573383
2965614747
2965603691
2965504047
2965588893
2965763193
2965606258
2965543223
2965528269
2965544205
2965562843
2965745109
2965656573
2965607968
2965785911
2965600720
2965696131
2965637272
2965710815
2965596868
2965562145
2965714005
2965606949
2965563977
2965540119
2965715368
2965747367
2965672876
2965745021
2965637074
2965519413
2965741409
2965566239
2965598500
2965719995
2965580337
2965633863
2965628764
2965547163
2965617838
2965561097
2965637933
2965643991
2965649530
2965571885
2965545765
2965594126
2965585749
2965624563
2965508577
2965576809
2965538459
2965671256
2965568705
2965527075
2965657517
2965570755
2965694535
2965606433
2965660775
2965784837
2965530387
2965768018
2965622512
2965665935
2965619279
2965567481
2965550003
2965739099
2965576054
2965702965
2965651733
2965705223
2965717479
2965531545
2965770521
2965574417
2965575064
2965573319
2965649452
2965653088
2965509861
2965731058
2965587389
2965650087
2965797094
2965688241
2965591834
2965623695
2965520313
2965563539
2965719663
2965622350
2965681001
2965564479
2965765882
2965748057
2965528809
2965611832
2965737191
2965597367
2965539035
2965582727
2965710525
2965544981
2965543791
2965726679
2965554279
2965594991
2965697703
2965517037
2965817818
2965571003
2965610500
2965620603
2965591121
2965615767
2965706015
2965831552
2965539387
2965777180
2965748051
2965624215
2965649373
2965642888
2965596820
2965520649
2965625081
2965562003
2965758851
2965585971
2965734515
2965585643
2965522155
2965749459
2965721135
2965586368
2965612108
2965522521
2965623929
2965581682
2965590915
2965606421
2965536141
2965712315
2965639997
2965531077
2965775338
2965805698
2965779610
2965688530
2965588846
2965676104
2965642876
2965590309
2965617449
2965564593
2965651659
2965608880
2965597919
2965641088
2965527651
2965645197
2965758526
2965515495
2965653347
2965680357
2965717001
2965631596
2965703297
2965737400
2965575315
2965759474
2965659929
2965642678
2965607369
2965750882
2965744103
2965674149
2965525209
2965720835
2965645569
2965638351
2965717409
2965831534
2965581285
2965632184
2965691488
2965660829
2965738541
2965727800
2965701819
2965691836
2965757027
2965760747
2965763506
2965635592
2965563477
2965685771
2965517799
2965571379
2965693113
2965738318
2965653965
2965720569
2965575946
2965544859
2965578994
2965719628
2965606132
2965683875
2965544453
2965538927
2965530501
2965667548
2965610729
2965625212
2965617245
2965750493
2965683959
2965752663
2965533399
2965677352
2965783343
2965594367
2965757440
2965608994
2965724068
2965579061
2965645835
2965573779
2965705805
2965761508
2965720827
2965509909
2965745644
2965576354
2965653021
2965690311
2965562231
2965633774
2965742903
2965616309
2965552023
2965741768
2965688711
2965539867
2965725965
2965525629
2965579247
2965598734
2965576127
2965734976
2965619500
2965605917
2965519887
2965528833
2965570643
2965554995
2965610495
2965801936
2965798877
2965611539
2965706955
2965559087
2965593771
2965559573
2965792912
2965601650
2965572063
2965600378
2965617605
2965756457
2965794532
2965753612
2965713082
2965663335
2965827388
2965563549
2965655961
2965735468
2965732781
2965614676
2965642732
2965654587
2965543007
2965737833
2965714323
2965667853
2965616567
2965601290
2965562237
2965622877
2965693581
2965606414
2965626665
2965575088
2965759299
2965738048
2965765829
2965732912
2965597600
2965637020
2965744366
2965616212
2965697369
2965710706
2965669780
2965538129
2965568145
2965678936
2965570131
2965582943
2965640194
2965596035
2965768912
2965606066
2965594906
2965753061
2965592405
2965717324
2965755959
2965575011
2965639473
2965625758
2965793681
2965548363
2965614881
2965760475
2965591751
2965636570
2965772332
2965709884
2965676433
2965716682
2965630390
2965586765
2965762360
2965602663
2965591613
2965557399
2965698717
2965596393
2965728119
2965787369
2965770880
2965651318
2965536333
2965666785
2965803796
2965581826
2965661656
2965747864
2965564953
2965614412
2965683645
2965724801
2965748853
2965775386
2965525365
2965718446
2965571745
2965703099
2965543239
2965612703
2965727867
2965708426
2965620406
2965566041
2965686321
2965748332
2965543545
2965530219
2965694501
2965649458
2965561431
2965628091
2965571603
2965638029
2965794496
2965575592
2965565703
2965783216
2965581797
2965540359
2965554797
2965711756
2965661818
2965814044
2965731502
2965746345
2965591157
2965804786
2965690295
2965657294
2965635232
2965535499
2965577266
2965587881
2965546239
2965768486
2965754302
2965639259
2965565145
2965746581
2965758285
2965779376
2965621312
2965562177
2965665143
2965533021
2965653167
2965590381
2965771732
2965556247
2965605291
2965645259
2965592819
2965556829
2965642366
2965615600
2965711259
2965698195
2965675667
2965713297
2965513167
2965651961
2965522365
2965605113
2965625866
2965529319
2965591841
2965525311
2965621438
2965545711
2965610194
2965543839
2965639690
2965629771
2965586247
2965820950
2965563771
2965731551
2965657499
2965630511
2965634255
2965697225
2965719574
2965605940
2962407482
2965652140
2965630090
2965621787
2965801570
2965795480
2965588474
2965564131
2965658297
2965723546
2965637819
2965575155
2965575718
2965829716
2965640296
2965672763
2965623681
2965616290
2965703327
2965586867
2965649619
2965549887
2965598997
2965642186
2965570109
2965711103
2965617519
2965703757
2965759576
2965699091
2965731519
2965691823
2965567805
2965532133
2965571601
2965586092
2965715819
2965688637
2965702373
2965668437
2965728767
2965617550
2965757740
2965650219
2965550745
2965526541
2965655733
2965711739
2965552415
2965650142
2965734863
2965827952
2965714191
2965573126
2965579413
2965811176
2965662707
2965802854
2965614231
2965701063
2965536831
2965725605
2965648545
2965583939
2965580974
2965592932
2965581022
2965737904
2965718872
2965604374
2965528737
2965690954
2965827520
2965597685
2965616961
2965749201
2965546677
2965585769
2965746406
2965778350
2965582259
2965690209
2965557161
2965584869
2965729840
2965522533
2965601609
2965565733
2965746915
2965765324
2965756912
2965593736
2965580662
2965641016
2965535853
2965698159
2965777144
2965529835
2965601631
2965606727
2965634723
2965747594
2965504977
2965712679
2965694277
2965556399
2965750851
2965583207
2965765317
2965704957
2965736410
2965684529
2965519833
2965621174
2965583895
2965589285
2965696005
2965516809
2965515807
2965567593
2965751746
2965584011
2965575460
2965700831
2965612673
2965576126
2965634645
2965704837
2965726977
2965746970
2965652854
2965556397
2965783541
2965617112
2965680496
2965605887
2965552817
2965615300
2965598002
2965708769
2965708215
2965587507
2965749297
2965575850
2965605238
2965643753
2965572539
2965630673
2965593975
2965649314
2965721001
2965538897
2965507059
2965582996
2965690821
2965670711
2965589813
2965610542
2965718404
2965695850
2965665730
2965680286
2965518051
2965584197
2965638334
2965654965
2965535289
2965604943
2965807552
2965577260
2965658009
2965646404
2965825642
2965573619
2965538727
2965563791
2965585973
2965678336
2965752507
2965736303
2965603709
2965607283
2965753984
2965547517
2965661038
2965526853
2965751367
2965651161
2962401012
2965600913
2965666936
2965624060
2965551039
2965626064
2965540695
2965825312
2965743070
2965538541
2965606187
2965530873
2965545315
2965661866
2965758767
2965758904
2965562633
2965702031
2965691993
2965669683
2965609323
2965552505
2965649140
2965558661
2965577578
2965540625
2965527417
2965594403
2965613404
2965583986
2965591323
2965574704
2965613075
2965672973
2965586433
2965675773
2965610800
2965537241
2965606228
2965633456
2965717553
2965598482
2965595289
2965685620
2965565909
2965601908
2965788148
2965688085
2965678270
2965638669
2965567155
2965700601
2965630317
2965545201
2965718651
2965575898
2965680837
2965603600
2965744811
2965612414
2965645978
2965708889
2965725959
2965642983
2965559081
2965574925
2965741623
2965574355
2965740507
2965731418
2965532037
2965750564
2965790344
2965597564
2965571543
2965645396
2965604200
2965542447
2965518501
2965682135
2965658981
2965581551
2965623172
2965570839
2965599515
2965575779
2965540809
2965727321
2965702317
2965726882
2965707243
2965627582
2965518087
2965807996
2965610921
2965684503
2965627798
2965607681
2965708533
2965639113
2965722268
2965784015
2965710383
2965660330
2965628789
2965649493
2965548651
2965676950
2965720403
2965795894
2965579953
2965764851
2965682289
2965546505
2965691493
2965780084
2965534869
2965596375
2965579091
2965547301
2965641160
2965743069
2965533477
2965643531
2965577308
2965684611
2965601506
2965578939
2965618359
2965656370
2965565333
2965721326
2965738181
2965708401
2965556753
2965582139
2965634980
2965674245
2965530843
2965525851
2965521627
2965548507
2965780054
2965681697
2965614227
2965703015
2965610530
2965706619
2965600030
2965715217
2965586860
2965562333
2965530513
2965555937
2965541679
2965566081
2965542639
2965695633
2965661087
2965558335
2965638579
2965637740
2965541807
2965532967
2965681726
2965577171
2965717696
2965642121
2965600185
2965618006
2965725670
2965544979
2965692105
2965572515
2965636822
2965567389
2965717163
2965586416
2965667590
2965697975
2965646032
2965658861
2965568523
2965739793
2965554333
2965734988
2965702067
2965556649
2965597299
2965603486
2965540443
2965680646
2965597876
2965596365
2965520205
2965710970
2965642005
2965636859
2965580315
2965801888
2965632653
2965671945
2965656525
2965568153
2965707737
2965558877
2965581057
2965664884
2965619601
2965636006
2965552761
2965570451
2965613224
2965508727
2965614999
2965660239
2965575376
2965723229
2965550705
2965551011
2965686171
2965632027
2965557735
2965789678
2965795330
2965691031
2965734371
2965771246
2965810504
2965832728
2965760380
2965660264
2965660942
2965534227
2965547957
2965536737
2965623604
2965716568
2965670302
2965523517
2965547223
2965598811
2965596047
2965564187
2965569119
2965706787
2965646578
2965619771
2965581393
2965596641
2965612486
2965668293
2965626880
2965561043
2965698298
2965730872
2965515717
2965743963
2965650161
2965586020
2965634441
2965674328
2965549239
2965646169
2965533813
2965726469
2965771978
2965737425
2965645228
2965554971
2965598068
2965609439
2965622884
2965624348
2965567475
2965569761
2965726439
2965791545
2965572315
2965668509
2965529673
2965615049
2965557543
2965650532
2965641622
2965637014
2965815760
2965586068
2965574661
2965711804
2965810648
2965539657
2965575569
2965672643
2965543707
2965757722
2965535349
2965618192
2965669281
2965649541
2965619674
2965652105
2965574854
2965767664
2965606601
2965583765
2965563003
2965535379
2965655297
2965711235
2965748505
2965608766
2965544673
2965734651
2965674352
2965551005
2965581729
2965712333
2965567641
2965720905
2965690785
2965597030
2965605347
2965514913
2965570323
2965601176
2965798696
2965585437
2965572838
2965592789
2965572856
2965765774
2965626563
2965585216
2965686731
2965834906
2965581220
2965587479
2965538067
2965647873
2965703315
2965593724
2965755557
2965571469
2965588624
2965608796
2965512825
2965791826
2965573547
2965760224
2965571321
2965764592
2965678427
2965750439
2965643626
2965715225
2965615384
2965625685
2965790026
2965614455
2965618864
2965611881
2965554681
2965625284
2965652267
2965815226
2965603006
2965530381
2965541675
2965508025
2965648360
2965557653
2965607176
2965545429
2965588666
2965687546
2965704784
2965537089
2965733841
2965668743
2965696048
2965562867
2965577007
2965635016
2965719197
2965697475
2965614052
2965724633
2965608131
2965538495
2965734825
2965680135
2965742662
2965539015
2965653490
2965640307
2965777060
2965685152
2965645419
2965645306
2965542335
2965583403
2965634056
2965764003
2965615841
2965635052
2965578923
2965565831
2965697187
2965562321
2965625931
2965575197
2965755417
2965599173
2965632423
2965577878
2965703273
2965566923
2965727517
2965567793
2965686191
2965565523
2965769981
2965581465
2965658650
2965576001
2965537119
2965524981
2965588444
2965527093
2965667518
2965632154
2965583650
2965508145
2965584375
2965750229
2965634944
2965830724
2965526613
2965608706
2965608371
2965735894
2965674761
2965787458
2965619145
2965683125
2965573841
2965587035
2965652909
2965705821
2965625999
2965624192
2965550165
2965559867
2965729354
2965630847
2965553679
2965601374
2965626579
2965559411
2965574583
2965603481
2965645582
2965546367
2965637055
2965720307
2965597996
2965599395
2965658907
2965627366
2962369464
2965558257
2965741751
2965733345
2965671184
2965558395
2965761225
2965579097
2965747619
2965637991
2965621715
2965695339
2965704791
2965733428
2965597570
2965577769
2965545803
2965605790
2965667469
2965562943
2965609276
2965535715
2965786420
2965649878
2965622375
2965675785
2965658955
2965607998
2965544931
2965561941
2965631867
2965546719
2965727121
2965592327
2965537619
2965636323
2965587850
2965536963
2965512141
2965622902
2965784590
2965623370
2965683257
2965577645
2965776718
2965601896
2965539927
2965678462
2965610345
2965600737
2965553591
2965646129
2965791010
2965534641
2965569089
2965540659
2965588679
2965609817
2965599509
2965762990
2965654953
2965616482
2965735408
2965752832
2965616199
2965589631
2965634236
2965656683
2965664889
2965559385
2965633131
2965596887
2965550883
2965690966
2965657000
2965681378
2965591409
2965718939
2965536425
2965633161
2965612005
2965610902
2965571277
2965603690
2965521087
2965693061
2965550835
2965600769
2965754854
2965727044
2965671526
2965625350
2965742891
2965642317
2965771498
2965609139
2965545435
2965606918
2965643411
2965581592
2965754452
2965523799
2965647730
2965610026
2965571710
2965630426
2965698231
2965753005
2965618570
2965599575
2965522269
2965648737
2965662737
2965747354
2965723883
2965585467
2965683778
2965652193
2965725875
2965742140
2965772651
2965735611
2965559085
2965558209
2965598362
2965698970
2965664829
2965575712
2965580422
2965627108
2965591481
2965585649
2965600625
2965618144
2965655217
2965675137
2965707184
2965566549
2965768187
2965537713
2965777787
2965623484
2965590669
2965711335
2965637482
2965727027
2965656526
2965748529
2965516047
2965825192
2965615414
2965539891
2965562517
2965608316
2965658967
2965761610
2965707231
2965640799
2965715963
2965636725
2965651919
2965564421
2965586421
2965588672
2965610973
2965662129
2965611508
2965611784
2965643812
2965569623
2965730507
2965686533
2965609641
2965639804
2965527771
2965655907
2965563711
2965707682
2965575106
2965540289
2965756798
2965538259
2965712555
2965585648
2965539875
2965532517
2965672509
2965669025
2965603283
2965668005
2965520955
2965736837
2965775260
2965568457
2965710423
2965721524
2965729054
2965596237
2965557081
2965576023
2965778290
2965679128
2965640038
2965697589
2965614611
2965637511
2965658465
2965746232
2965740688
2965598879
2965538841
2965613362
2965730704
2965578839
2965720799
2965626015
2965801762
2965582433
2965709843
2965583163
2965568517
2965791089
2965619249
2965615433
2965531233
2965618811
2965598861
2965633557
2965615102
2965677442
2965685451
2965732643
2965639966
2965802524
2965537047
2965648539
2965602113
2965614964
2965506243
2965812376
2965779149
2965748068
2965699503
2965706699
2965611286
2965719135
2965545087
2965724039
2965570403
2965552281
2965506279
2965687653
2965691901
2965731748
2965597571
2965694085
2965627493
2965824724
2965638821
2965589109
2965680497
2965636636
2965659526
2965627282
2965566245
2965544613
2965819342
2965548195
2965635490
2965628302
2965826164
2965626766
2965701599
2965660900
2965597209
2965578053
2965608015
2965540473
2965762126
2965714661
2965640789
2965703111
2965627276
2965549569
2965598278
2965633510
2965716987
2965573192
2965556823
2965590947
2965704101
2965614095
2965630312
2965547913
2965606533
2965523259
2965581645
2965835134
2965563759
2965652403
2965545123
2965532331
2965595728
2965537097
2965629789
2965599502
2965586157
2965732546
2965676800
2965579421
2965662201
2965624035
2965798342
2965776298
2965624042
2965631590
2965695454
2965689473
2965556483
2965613008
2965627679
2965734971
2965600395
2965568157
2965750601
2965720372
2965634860
2965659280
2965784933
2965644635
2965761899
2965583475
2965610164
2965647549
2965670129
2965534773
2965707993
2965755310
2965599627
2965601819
2965621822
2965629754
2965656490
2965623958
2965537079
2965743587
2965552301
2965591571
2965732175
2965716712
2965537209
2965518561
2965537625
2965559483
2965734335
2965685674
2965547027
2965640536
2965574969
2965613657
2965696036
2965512507
2965610439
2965518099
2965562595
2965745307
2965577295
2965780342
2965755639
2965658211
2965529745
2965630486
2965698491
2965557033
2965599202
2965758797
2965618222
2965815880
2965669239
2965603331
2965549601
2965569317
2965815988
2965756588
2965545297
2965731563
2965689681
2965614329
2965581195
2965661049
2965733805
2965653232
2965729415
2965666853
2965626202
2965558047
2965620760
2965796621
2965779935
2965740629
2965568453
2965593693
2965663480
2965660414
2965632256
2965687449
2965774960
2965594907
2965578335
2965598039
2965642480
2965705648
2965705096
2965710064
2965521639
2965700993
2965733087
2965778140
2965711342
2965745405
2965753335
2965617298
2965704893
2965582865
2965616584
2965776028
2965680485
2965558887
2965614448
2965604681
2965569299
2965548285
2965608107
2965651078
2965569437
2965684864
2965634314
2965604578
2965539159
2965690192
2965538609
2965611251
2965666605
2965728863
2965745434
2965544667
2965528599
2965599658
2965640811
2965536909
2965546143
2965691217
2965602399
2965622027
2965562609
2965647173
2965577103
2965766915
2965679295
2965674485
2965596525
2965635105
2965647983
2965562151
2965573359
2965536773
2965759515
2965650717
2965555887
2965682771
2965711055
2965579282
2965607464
2965614082
2965669204
2965733865
2965625776
2965824394
2965596747
2965585869
2965633643
2965581472
2965612467
2965644729
2965652050
2965621768
2965546899
2965656964
2965593179
2962408658
2965656826
2965722831
2965582193
2965562585
2962407242
2965738985
2965597900
2965597779
2965749195
2965691609
2965535961
2965557929
2965756643
2965546697
2965607524
2965608430
2965516419
2965581813
2965569105
2965557869
2965590670
2965667506
2965537877
2965567499
2965705906
2965652367
2965719767
2965544405
2965590777
2965706559
2965684180
2965543865
2965625103
2965634638
2965573671
2965592721
2965610841
2965698076
2965624396
2965532211
2965593190
2965574127
2965650586
2965544885
2965542681
2965556525
2965731029
2965634087
2965577237
2965581587
2965755005
2965725353
2965728010
2965795775
2965667385
2965697303
2965667693
2965704220
2965645024
2965620461
2965532115
2965758598
2965642840
2965699419
2965511733
2965787423
2965536689
2965562711
2965695329
2965614688
2965618666
2965586692
2965639913
2965646757
2965541027
2965722951
2965654881
2965747863
2965660750
2965585846
2965603683
2965616824
2965581538
2965570773
2965571411
2965632681
2965598302
2965645426
2965584387
2965607957
2965691601
2965765403
2965623106
2965622116
2965538147
2965577235
2965724380
2965693335
2965687156
2965677213
2965709805
2965566947
2965612240
2965691391
2965796338
2965620671
2965717360
2965703133
2965683417
2965775795
2965750595
2965723115
2965588655
2965591768
2965616128
2965613849
2965623454
2965722989
2965615647
2965674623
2965640176
2965611087
2965633132
2965616278
2965718386
2965570619
2965665371
2965514163
2965640362
2965643500
2965590148
2965635291
2965713285
2965559159
2965761784
2965655632
2965528959
2965542015
2965508109
2965565183
2965583235
2965619992
2965627486
2965621733
2965554749
2965696851
2965561085
2965586374
2965546601
2965537521
2962430269
2965629004
2965696295
2965605593
2965685187
2965661812
2965616211
2965539369
2965761569
2965541177
2965639955
2965553969
2965560057
2965562049
2965747630
2965641881
2965526475
2965681013
2965607703
2965652626
2965824292
2965735546
2965549871
2965648443
2965512591
2965686935
2965609984
2965536561
2965751153
2965584844
2965553765
2965646255
2965651719
2965607410
2965776371
2965562181
2965768402
2965674503
2965577033
2965755579
2965506885
2965585671
2965754133
2965756558
2965702263
2965622266
2965504623
2965649765
2965566021
2965751944
2965688177
2965597151
2965509285
2965504617
2965507467
2965607759
2965621972
2965525617
2965586440
2965732529
2965550315
2965639809
2965676487
2965638221
2965583231
2965764009
2965556019
2965586997
2965614215
2965732606
2965754835
2965753065
2965609595
2965504125
2965661002
2965636276
2965613891
2965590795
2965707203
2965733266
2965548891
2965697249
2965621666
2965554965
2965606205
2965608748
2965537953
2965737808
2965654348
2965703199
2965641237
2962409396
2965612246
2965666589
2965672689
2965591479
2965739140
2965621954
2965703254
2965721285
2965541615
2965595717
2965778020
2965736446
2965587095
2965756469
2965709842
2965757451
2965697608
2965830298
2965579409
2965563881
2965576738
2965578929
2965572561
2965547549
2965642630
2965505409
2965640327
2965585858
2965769338
2965750937
2965559301
2965745097
2965588943
2965708649
2965740899
2965642493
2965568891
2965653724
2965548453
2965574734
2965781662
2965740004
2965707353
2965674371
2965681193
2965520799
2965563563
2965601458
2965575191
2965546527
2965750647
2965680539
2965549185
2965518951
2965673585
2965544849
2965685181
2965765624
2965807708
2965712253
2965755664
2965579305
2965646141
2965521585
2965588486
2965701958
2965628824
2965507095
2965527009
2965710233
2965545249
2965641275
2965644183
2965660612
2965755009
2965674299
2965602191
2965588823
2965648613
2965603750
2965663708
2965504911
2965597948
2965741727
2965744743
2965775788
2965659557
2965667271
2965590058
2965526415
2965676722
2965646338
2965743154
2965740058
2965599916
2965690395
2965617496
2965625801
2965762173
2965684714
2965752712
2965610837
2965584298
2965507959
2965598555
2965657947
2965566057
2965618474
2965605580
2965779670
2965722076
2965594565
2965543187
2965676951
2965663978
2965651720
2965636139
2965647232
2965561691
2965565765
2965553607
2965641712
2965744348
2965663953
2965618330
2965681895
2965733350
2965614862
2965688962
2965583116
2965580679
2965778489
2965585696
2965611231
2965649020
2965522257
2965580385
2965762413
2965525833
2965708149
2965526247
2965793548
2965551533
2965555445
2965794538
2965600649
2965651065
2965797214
2965589579
2965528233
2965685319
2965671664
2965650915
2965780858
2965552547
2965577836
2965798889
2965558769
2965735475
2965597407
2965704400
2965747294
2965663983
2965569777
2965636042
2965565837
2965693941
2965566465
2965750457
2965586525
2965700565
2965615696
2965603469
2965517049
2965558307
2965546197
2965787182
2965632400
2965600306
2965670440
2965737550
2965683171
2965655795
2965691175
2965634182
2965632341
2965754962
2965656653
2965613033
2965736735
2965761437
2965599359
2965755586
2965723787
2965532631
2965515417
2965796074
2965757745
2965622435
2965619349
2965621540
2965745057
2965579144
2965513209
2965649278
2965827334
2965638483
2965735635
2965601092
2965603455
2965625536
2965618882
2965546937
2965689449
2965774240
2965746333
2965557845
2965639168
2965531815
2965557231
2965562745
2965548911
2965593100
2965722665
2965637711
2965557885
2965623022
2965618881
2965635789
2965705643
2965590041
2965791107
2965567493
2965568723
2965709367
2965653262
2965601777
2965800958
2965569465
2965548699
2965567571
2965821148
2965610765
2965540557
2965593934
2965543889
2965597337
2965614671
2965629707
2965808968
2965720719
2965790963
2965532925
2965780600
2965587671
2965692285
2965640986
2965595111
2965647910
2965745643
2965642342
2965668141
2965633960
2965626939
2965542363
2965782773
2965535403
2965585143
2965631139
2965609048
2965624707
2965664423
2965689089
2965669265
2965607794
2965618960
2965545093
2965663235
2965646764
2965701995
2965740473
2965628812
2965569797
2965629219
2965641310
2965572837
2965596129
2965730771
2965656861
2965569627
2965607309
2965589950
2965717774
2965778992
2965643560
2965667181
2965632946
2965594821
2965587699
2965597175
2965527027
2965538565
2965565657
2965779778
2965585797
2965533441
2965620154
2965670962
2965565265
2965720221
2965589788
2965776700
2965512309
2965653611
2965588491
2965513893
2965761766
2965639283
2965661741
2965607361
2965551489
2965621288
2965524753
2965710651
2965651360
2965646200
2965632634
2965520529
2965552973
2965513203
2965608359
2965762282
2965522599
2965528359
2965627990
2965561199
2965766620
2965573851
2965551369
2965590634
2965539797
2965599033
2965637273
2965559069
2965572543
2965657803
2965668340
2965577920
2965758928
2965662971
2965601981
2965795931
2965823206
2965519521
2965570617
2965607236
2965575797
2965515219
2965566435
2965741006
2965604734
2965585246
2965696211
2965537733
2965609036
2965633582
2965662472
2965665429
2965652885
2965553415
2965527669
2965636067
2965764640
2965686831
2965661740
2965719616
2965567427
2965567119
2965542125
2965531983
2965626855
2965698125
2965607962
2965647471
2965615097
2965660433
2965604002
2965614191
2965817728
2965504767
2965549821
2965655182
2965674736
2965613308
2965738246
2965756955
2965669181
2965708151
2965648947
2965739008
2965673751
2965617725
2965650599
2965718632
2965551387
2965634435
2965602796
2965628885
2965623232
2965801702
2965654653
2965754992
2965544561
2965718807
2965628224
2965538643
2965527903
2965678637
2965598691
2965765911
2965711510
2965684923
2965603313
2965684515
2965658188
2965556003
2965617207
2965764076
2965570271
2965663097
2965706235
2965533207
2965712116
2965548191
2965626531
2965725971
2965786127
2965673962
2965596807
2965580403
2965605976
2965560197
2965541751
2965704208
2965745374
2965649537
2965550039
2965573289
2965622464
2965760213
2965602597
2965565979
2965651300
2965783595
2965757259
2965694104
2965529715
2965591763
2965737304
2965590923
2965556523
2965594192
2965597096
2965778495
2965568087
2965637577
2965576499
2965552343
2965649171
2965603841
2965563083
2965559769
2965625926
2965687018
2965705685
2965617808
2965572755
2965739440
2965816426
2965830838
2965589105
2965788095
2965600427
2965577253
2965544601
2965661291
2965811698
2965625032
2965547919
2965716874
2965587851
2965613549
2965702618
2965584994
2965562801
2965732978
2965710130
2965618691
2965602851
2965580739
2965625561
2965626394
2965578269
2965617561
2965618306
2965658075
2965611514
2965782238
2965665778
2965700608
2965726199
2965729600
2965570133
2965738949
2965677526
2965732660
2965586559
2965556807
2965556835
2965651055
2965674563
2965712884
2965570917
2965561919
2965670134
2965669762
2965588763
2965635778
2965626784
2965587923
2965716772
2965783306
2965585181
2965572003
2965662694
2965728328
2965598781
2965662777
2965612559
2965724800
2965576275
2965667337
2965574211
2965555803
2965778633
2965539423
2965550685
2965548107
2965594949
2965582649
2965744901
2965660709
2965719166
2965682127
2965698952
2965762648
2965679345
2965546043
2965708684
2965578844
2965777967
2965784051
2965549469
2965577357
2965608123
2965718081
2965562117
2965699096
2965671850
2965612301
2965506207
2965715950
2965568189
2965529583
2965694644
2965743472
2965570055
2965601050
2965594335
2965559789
2965721824
2965577717
2965767226
2965809034
2965639636
2965629539
2965578099
2965617423
2965590857
2965683479
2965723126
2965689100
2965605197
2965736092
2965706794
2965585193
2965623292
2965541897
2965721735
2965704945
2965642222
2965703613
2965727975
2965580193
2965522899
2965564223
2965605724
2965652877
2965612516
2965582882
2965760273
2965636493
2965537943
2965534143
2965684437
2965557209
2965774216
2965606768
2965607819
2965549299
2965735312
2965754039
2965589423
2965758436
2965615899
2965579054
2965620557
2965756000
2965547013
2965642001
2965607673
2965678726
2965615498
2965601386
2965690211
2965658572
2965765636
2965586541
2965603960
2965766313
2965596958
2965521789
2965658877
2965585715
2965523919
2965597864
2965707712
2965580549
2965672185
2965575130
2965786283
2965618865
2965535535
2965650171
2965593311
2965707863
2965767772
2965591973
2965771637
2965748189
2965617095
2965631313
2965773022
2965589386
2965593808
2965745313
2965595091
2965646651
2965721525
2965657798
2965583902
2965511847
2965681659
2965532697
2965526877
2965545351
2965719304
2965736380
2965605502
2965542587
2965704513
2965607842
2965582619
2965645445
2965585277
2965632532
2965761191
2965749483
2965626250
2965560225
2965634519
2965642065
2965679001
2965752856
2965594348
2965608118
2965588582
2965759421
2965535171
2965563413
2965538285
2965659143
2965713208
2965762240
2965744193
2965611485
2965647322
2965578095
2965608909
2965556843
2965740317
2965585103
2965791725
2965612593
2965553019
2965653555
2965552067
2965679853
2965641910
2965542575
2965830592
2965650873
2965564391
2965607789
2965565421
2965554257
2965579631
2965742656
2965683825
2965655825
2965716263
2965828078
2965599772
2965699066
2965780703
2965746688
2965751897
2965576138
2965584010
2965654331
2965591906
2965556507
2965615149
2965635383
2965627521
2965509489
2965607831
2965672971
2965717631
2965585709
2965602808
2965685835
2965634303
2965592303
2965648505
2965613855
2965609816
2965538333
2965567173
2965529889
2965777985
2965528707
2965570275
2965685957
2965580429
2965540089
2965620215
2965551671
2965737382
2965576187
2965631487
2965609066
2965714744
2965593256
2965600361
2965596891
2965586201
2965547637
2965635053
2965541303
2965612384
2965710359
2965748542
2965664961
2965669449
2965654937
2965524657
2965659861
2965629634
2965555793
2965639025
2965605435
2965630222
2965794353
2965503543
2965541969
2965674059
2965653340
2965775140
2965574986
2965599610
2965694938
2965782982
2965713429
2965595794
2965577639
2965622417
2965645211
2965642468
2965599838
2965607661
2965688200
2965756954
2965655201
2965608401
2965594426
2965763482
2965703193
2965588011
2965584448
2965722695
2965573569
2965591631
2965676189
2965711515
2965536573
2965598687
2965659358
2965675582
2965563917
2965809238
2965667627
2965530153
2965553223
2965520043
2965668875
2965582539
2965696041
2965631536
2965577524
2965548921
2965664392
2965589207
2965617148
2965613506
2965532055
2965619871
2965564001
2965603425
2965592668
2965615036
2965616927
2965681707
2965641982
2965641755
2965522089
2965697273
2965596927
2965650869
2965599323
2965779034
2965641053
2965707545
2965510587
2965579654
2965742399
2965608922
2965605477
2965708029
2965692778
2965663601
2965645589
2965586878
2965641131
2965517817
2965682117
2965515603
2965521429
2965525743
2965516827
2965542459
2965510143
2965642635
2965702942
2965765971
2965571711
2965602820
2965775974
2965524963
2965636467
2965692867
2965615407
2965782658
2965606516
2965628253
2965572263
2965521381
2965727536
2965801732
2965538291
2965542675
2965536315
2965588241
2965526379
2965589417
2965612967
2965691025
2965743827
2965679710
2965605923
2965805512
2965726277
2965668413
2965585569
2965547685
2965611748
2965658002
2965503945
2965585612
2965693613
2965566053
2965638892
2965640224
2965620814
2965603330
2965696365
2965583037
2965676499
2965585564
2965699318
2965580685
2965702090
2965711841
2965833598
2965677040
2965755303
2965688092
2965595309
2965653155
2965723517
2965692508
2965732924
2965542063
2965539285
2965677244
2962431493
2965748649
2965709087
2965569485
2971484864
