19341224
724675693959778304
55836822
3161660191
54302457
2434306537
1286595235
273927704
153116157
963157886
718091657594421248
4848049753
16513416
2302134816
720713019001540608
712269036021633024
185996167
705902960967094272
707838467334643712
17327882
3592503441
4839875277
3910938395
324496098
741884766
1338765866
94712225
38039834
4044813739
3265506044
4509137603
3344562192
3642212834
2399295261
20639369
1887602028
559293203
3411140663
538547125
135767303
3000327094
2960492291
540759005
3804169170
854471557
51792770
3215543771
561654065
3772913417
3805176742
3267612354
3887655736
3328420454
218545780
20314116
3253492520
3250747946
3363970463
3300855372
3306826235
1308194460
3165598137
