135179880
41601864
218193050
485578721
1666560205
716625975597862912
2975468251
3300819343
712706490109440001
715294130859978752
32391290
708265425998618625
519683539
4917777410
3076846435
584748058
4218354039
3197641860
455564630
4141914507
1374594770
4723635395
2727609520
284426825
17801505
495988368
609169955
2526732239
398031004
361468994
32400912
20542307
4861711823
32407912
198941547
2878987551
246053026
840421428
4819404220
2220240726
22506568
32385724
2194354310
2861197978
4706373314
1438118598
4700246119
18266581
533651472
36974492
4174362912
349199467
103881699
119865736
2497451180
4267643721
45841943
224113902
233425639
4001271874
1697836915
3402598577
3123933611
15036474
3269520049
398568158
47985784
2893403119
1514374891
2771836599
1949360154
1087273044
363939579
819859608
278567429
558954077
1111881811
3255072866
102096029
