710031239722311680
4768434393
69755180
4893093084
705682567815495680
1086147589
4837844386
3362468889
713718847996608514
3442082895
718381756441878528
715415935591587840
719939675461263360
190545374
713611003750195200
713582157722099712
715597493564735488
4891210106
123574824
3141232584
713438807140528128
713441008558743553
713443216373186560
559686672
4686022296
2901008178
4882161959
703091699761881089
3377278913
713157315109715969
856218991
3657471915
4859287905
2933579626
3435631355
708787451519737857
716222740701843457
713496238415601666
2999681709
2201812002
767633689
1289211661
701156651538243585
2906950253
2811844098
2449264790
712728374020608000
4633304717
707601971138732034
114624573
715107601374121984
353578496
2622686259
630514202
41919821
882971293
1517813437
3357197865
894140384
709987560014143488
2519838233
717329715246317569
974099886
3503607197
710423876807819264
4881226895
3771084981
2190034260
709109863469559808
716425406308491265
716424924223541249
2387492978
2602222911
123406713
700658115574804480
717298523176312832
313449629
1325413440
2610108115
720936223058063360
2308656667
3340904147
2512443218
2400351223
4897609468
2345432461
3819309748
2816181046
1967466854
720945776
2850496448
2367366110
2365759315
2273304893
329532730
710507073788841984
1481928319
722357940708110336
3469471282
2572551474
721800697751212032
587384800
425256856
1944643297
3826346488
279870172
2466014960
3436729918
4887745486
2479797264
764021378
67946678
3360534107
2537645454
2465146394
2921268661
2537921384
717670517268955137
2489769662
1281313381
704473029359878144
749790175
720532356
80107586
705765156509372416
190961688
2499409101
709943867416702976
3142286632
2356794200
3346637728
735300680
3166250860
2795945967
703256085172502528
2984628785
4620019214
3053496317
489129631
1086813109
4860667120
722269902694936576
2854815620
3257242853
1403457828
101191559
712192456587124736
3130181452
2870322305
3369197290
2973326763
3154449082
706627019048513536
3309872764
722163458792415232
3382706361
2961880467
334921801
2766213260
711513582920462336
4613992715
3363108987
3123676728
235460190
2427812724
3242165638
383814362
3313394443
2987690477
502050928
2165370555
712711830985121792
2601737084
1577484734
2880731734
2375679674
196548802
711684031394549760
2326561576
3034956869
4753943092
709368739947548672
2859481791
3601831157
947582354
2502397397
878236670
707276702897070081
2956283513
4843306467
2340507074
3728819357
3150737649
766058630
4621224921
2210126401
2829915035
4614057753
4515754883
3026581822
714790721878953986
2590094056
1673300822
4546842375
3364185903
701371909687156737
706093631179005952
3030915268
4850843986
714775165981339648
721228103687749632
4062042557
2769803216
722086119161098241
2939830487
1039464751
3133814108
4594856292
3845436772
353087489
718873587000541184
2888152997
2930616935
478470201
3435571330
3439426858
3512320755
4547745192
3437686149
1033638295
2730749266
705103427903197184
710835375565103104
2334356078
718190985524744192
29920150
705277637992845312
715425375216668672
2794881450
715218361974710272
721423539589509120
711887719761227776
714481697862127618
720576498139275269
4593646163
4593574049
721332262621605888
4592572703
1143983958
4726607429
720267036576776193
763510398
1906907436
4208380167
720546277
4808838861
699029504291926016
4593443021
714045496768200705
716704411939180544
4060141875
712270712728391680
711528685954863105
4066647485
2231794116
304109636
94735323
1461712002
2497009158
1930277377
4066514044
3072667510
1509924072
2361608930
2886169535
2527257834
714190787878252544
4066383855
713821719266467840
3066467351
713726487912964096
708321468355112960
4066577596
719057011745292288
4252970069
707641971985260545
4252820583
2200690816
4268166616
4253044017
1456532246
715813331219714050
717810130771902465
2449927478
712667261627199488
703238112911212545
712684003401338884
701724061538189312
4060271063
711518058741960704
3492520403
2607646130
377418168
3501826522
4901892543
3492458956
703236808172298240
703239606167281665
4902038212
3501954736
3854364743
3492733528
3824431745
4909394751
4902053488
700451081864798208
700453505300086784
3808112235
3873384935
3478390155
2197290196
346036203
717419733637849088
3710648235
711377860771123202
4784087373
3814571313
3696172336
3710683516
4219675835
4767649036
4784230223
713413505177751552
230767741
2955813107
2900679279
3331452310
416167931
829354736
4830734957
60182951
712783491788840960
1696773085
700455376727240708
700456874370535425
4928234615
3120979210
1308391142
2991727600
2906727891
2925412966
833467099
218555243
1385680262
221408929
3092360453
3088697079
3435631155
40736486
2900465196
325466211
289603295
3429215903
3346409386
218062002
4895317881
710949479956946944
3034908321
951660925
4864252835
4889069721
1037470579
3499524387
4610681413
1403705282
4758898337
3240627869
400912425
764267143
715461978362220544
4215802822
765567097
330258695
4824920381
2276717322
75140443
473815276
2159841420
2956529921
4837441954
3139497388
360122150
1568945358
2221206031
1092150446
2276531761
4819759660
1966561712
943911420
2448765834
1192768171
2927045542
2581908666
713109813622927360
2966676215
707558462117388288
3055685938
3061338544
367387510
3160609106
3107963751
2956234943
2232334169
2155589196
4822024048
3302868106
719397359738871808
2258523706
715443233791340544
4870814425
3626436675
1036181882
826007430
4899387623
1371947816
1693528562
2553196326
2572001003
715507122792837120
1037307385
861598404
4696435794
2598810254
4107410292
713964589231316992
777773779
2737714539
3347389031
4906602147
2813281705
190239840
3123663532
3320733646
3156205888
1427417785
2960289575
4880765008
2557353991
968379206
2867853837
2819653071
105274463
2820237923
3097278581
1031516875
4889123403
348624062
4873922123
97137188
2658233672
358327429
4054933829
366752209
897131952
2792782699
3235305436
144591324
3852897262
2840531475
3411411617
3095558915
313887128
283916047
956081047
337973523
4295527293
2638260543
82820341
4210236081
610229947
2546350560
1632799074
4012011020
1725823130
715603781271035904
3707228115
3329856040
3315620625
4875079835
4536650800
2276233950
3499835296
2527809044
536086654
2392792742
4301049617
2917780360
1616516280
714716150291177472
2370539419
851605128
716272109970919424
512137961
718070843406991360
2958350559
2377169890
289579514
224983464
4884396473
4625295441
3123212970
4610730683
4625189638
405185950
1596029779
1377676296
4426841663
713096474553397253
718190439757717506
718202579092697091
712765930900598784
861691501
2285704794
86275666
713549863451930624
146517435
4904682670
431560642
2458314685
2887801287
728009420
940832258
968468406
3090823279
3116074155
2787775118
715237325085810688
718113920
345640600
715940158361698308
452260251
716611971542593537
2725928476
3312431380
3001131634
187205549
716973535365840897
4784376460
4371798921
717115316271194113
2823353189
2613949148
2396877602
2580029418
4821416915
4773678260
495667124
740394500
288768467
974789084
177595426
3499950916
712433369234198528
711943380306157568
3357265384
1032516955
630467565
830917752
2583622312
1036695529
1612338596
1033245991
360641521
4594105215
2409793515
4250624069
2253849583
4029653319
716169570059427840
632369991
2326974456
2331764514
374528893
1629459656
3025235585
3646195156
2731771049
3817579215
696748737343913984
4655178213
3364234349
713754009828528128
174123879
231125939
940395906
2315747803
3408500470
888548412
614187480
4718512396
2726056693
2600063902
2619182215
2807486220
215333781
2470992894
1917863382
1183707816
404425312
3305410403
3399062747
338275024
2373186574
517749460
621246763
78199202
3400113243
1851167743
2997479783
3418035467
2812143099
1347796459
714128478271119360
2316321520
540793022
4855484260
2985329405
1201486610
715863953956597763
4885528815
4884600142
716569884310822912
330315042
939500150
365002648
3136832944
3153086371
705771755042959361
2936854263
4407816946
4602202180
4820090477
714074808959557632
2257655425
151198065
3191000746
4915316824
2580784920
4069136901
1015121671
247753561
785300798
367294500
4105424357
3065894769
765541520
2908258269
200996029
3160122096
498194218
1601578752
1255539150
99134369
2308967406
340774582
1640199798
416969788
3782663657
1374935455
1490639509
4318565363
4435544297
3076239196
335965766
362414860
4374230014
3296046455
3641961376
2698009796
217878002
320588531
2466991462
938651857
80817929
4391986103
1954888993
480010805
2291396970
434110434
353546523
1653676969
705861467099295744
4668520392
19410601
484018828
376295941
186358616
354754913
1407941996
3072664455
838019066
795688128
4789006481
4876085787
66563328
2323578186
2907101450
3084829270
139370022
1941364116
715997232105971713
2860363036
458314585
372269848
2995577217
2604193874
4899038134
4857057657
546849098
4708245676
4861504541
383367783
4524239547
2307121615
554671439
972738380
172995099
1632426716
4777756167
294747313
2722092348
2197700736
901643749
2330542284
2772896744
771367189
2891035139
1277145822
714966349714427904
817310198
2857185914
715970954942365698
715963731365261312
3125253046
1278448645
714084767407415297
707419890
4857960316
2233228688
4895653839
1428230324
3367680904
61080087
3748970663
4860242643
4860178648
2803860973
4395719597
286703523
3424932941
2739538347
2764063505
3609732747
1085408640
3198046794
4063251021
3422730015
3792915622
4459322614
3376585577
4194399017
3746440461
2595236689
889790178
3445804515
4060897332
3297598292
3920849320
3735953235
3456615317
2357073165
3358806964
1441960206
3325829252
3135527758
935586968
3404828553
3398877448
2202479941
2993412588
3371654650
3278922696
3316685494
3273339120
363459620
211750499
3350194017
2899356095
2519981234
1352474198
3346625068
3255986977
3031803833
3296417595
3262277536
2278104264
2587517731
2463676777
