3226976445
3273979572
1423061468
719198306887409666
718817725376827392
2833220868
708272106732130304
357105300
338604057
458722125
3228538667
713423765703626752
543505024
2261126826
3328541774
707164722634821633
1947682238
254502081
2428679894
3142390476
4877446743
704971268358070272
4886082435
634400140
1584272268
180954109
1712823152
4349235989
2711969485
2486851790
3362443198
3496491738
2434581787
1337196740
2612812230
3367657029
3355123325
2539739132
575876172
3323320325
3315115659
20295448
3229741358
2823801914
3111677114
2147817055
625989077
2998712754
1275959298
2455051284
1600164636
3156030539
2930176183
2809591351
2225814646
2970245745
2455040114
2455051142
350705105
322118972
615159092
779167418
130193374
1857346820
1427311214
366551514
707819142
2984515157
581625371
3029056497
2893625072
3029939439
482977085
2224722937
3027846262
900987876
