17995774
4409196854
49105595
2850547183
36990636
17631356
726785546
4632864857
4855088412
4416977665
4870308090
4869932342
4669491198
3099002842
17925646
33974442
634182940
86816944
4422902535
29142523
252702878
335437228
3295734354
67661411
15460712
68527439
23779848
1861184156
397153645
1454893225
3064087672
2239132832
37963907
26546985
181984612
3302518572
1921271137
1262191316
3320385992
3511023913
2471373595
3248141375
60784269
539357234
3434421484
2612695460
3524447412
3312110328
1286193872
946601414
381108914
3229230043
63729122
2340605852
3065496601
2557356392
70156027
70218045
818733025
35864207
14760559
3400813693
1977419539
3252017460
64284006
65942655
446070865
121569567
208394370
798897338
19718686
884727763
2453643026
24914494
509303924
2855395776
23195603
212302405
3286885470
51318700
41836838
3308330803
3169931236
373018802
3165557783
128646313
2866371930
3481965513
3003626682
405890226
3426089591
2791107922
1609581152
19850687
245038137
1928409378
3363370280
347566732
56794544
1493267851
2588109960
16135299
333768672
789738380
3374876300
2553788552
33059689
2577562226
104478468
57443812
33611715
26876136
532457531
2449650492
24711523
208083510
2322414614
733530528
462253715
92808495
491283096
5941222
176614899
2507442756
327015920
3327892097
554335063
411029044
1670295002
723584850
279586365
2550575082
330373787
61953507
2907538328
3340267793
3124986791
1902128034
777236419
1903011139
23727359
2774710121
3367075152
915594294
173291226
525785725
577337789
161977776
475156053
3265586575
716612550
474612424
2319224426
616688790
3018777695
175487483
942868836
14795844
111225697
832016983
155942845
565474342
815662602
22811375
121656624
62815642
1541810790
28918971
2650797529
93963674
3331516454
3413972650
3294572733
165439532
703561088
2734687134
529548712
330642458
1947303967
2838296645
17563655
3246860137
48597704
556973121
344462082
584374300
43853972
2186868378
2801276858
179991028
3140758699
3145486434
529562827
93902984
3126250441
2233635803
38965925
1384679341
81473792
2858332182
16438594
17714851
1219430186
184133162
22739070
129531185
899950165
22194895
264828977
