384399871
3152223883
4856346036
2999734511
1462677938
2659696782
721587014982836224
4855552880
2837723745
3346965213
146582042
4322844676
4103982981
4158669795
3208905249
3805063752
2982130462
2941787814
2896459434
3290863081
2987495499
3147663675
410090733
3233089015
2916564023
30160168
3037262734
2614233036
3174106410
29939911
3028259540
2907827661
159685855
3050266809
3027459415
2965861663
3031755500
3045198388
2577461761
2549597946
3032791912
3037269305
710454398
3037025945
2910990192
2678978654
3035842499
3019841718
3036721335
