704140870086479872
718308477295337472
3184987385
4740934698
723312061262925824
717736712856801280
4617051257
721926419408773120
713007822959673345
723048889843089408
2325227278
2432716782
4700879696
2329606592
717732079400660992
714571076576153600
746310168
112230334
1549964286
3130073651
712813276879581184
712881896485576704
721874072116670465
2465552857
710458901922246656
3152112468
1066100965
473619274
2894724898
258473453
711900164546535425
2659696782
3197859157
713773856356478981
4746405861
2937905813
1895707364
2726977446
1670623237
4560521206
718560459100667904
2195898857
322029008
3827636546
2444559824
1125362322
2269149428
3536685197
2631746641
1085175480
3013738142
2978077381
3728021053
1276549285
2331162969
2930453072
2442850633
2871471927
3370524979
887777132
4780290954
1396079870
3255454134
2596834316
3296952314
3019308881
920125117
4880971033
3248172475
705912935659368448
4746293456
1602547400
2991043516
4781880409
3905837958
1538695549
381658610
3302493569
2224390291
3371788390
339776138
3251046799
4909769312
1417277833
3299087856
1421281651
4846384104
3369756442
1163879924
1046705294
4568900001
4383399673
3312454821
697627025398329345
704123921272942592
3136796645
3399001588
2497705272
4786166382
4205634369
1344834913
3221139577
998517361
781270742
703712694701006848
2923878551
4004279013
3984011062
2724713157
3233300029
3371247095
3041873197
3194947433
1885234160
2395196952
3230015875
720437888366813185
705655683
3023775491
705227211431768064
515458471
715743458292412421
709169599028146176
2263251871
2936595720
711350395914887168
719338935420235776
700494845421326336
717388403768107008
2753660218
721273876479541248
721183865281376256
559067715
411970935
478157338
547977614
2295168667
717189242229755909
720809605110960128
720733206660517889
720712683515953153
720624687659638785
720623921423200257
720605101765763073
720555978995798016
720097034750074880
2440891194
4588365029
716491292184821760
720227291188588544
4888522252
336966727
4730258308
277808821
2596673448
2328084632
1278783577
795172291
4562444654
2290140972
717369632529604608
3122998811
718291329504161792
2901616877
719288321181163521
710525609106149376
4877012009
717366479189049344
2206649562
4009876160
3321784622
2931204304
718638600733138944
710030613139468288
709900402536349696
718481349988982785
716405019889770496
2157820790
718145665956782080
879529910
717888428260651013
2447805114
4256754256
2942764353
714030102313435136
1720949472
3406635443
946712868
3207427365
70461418
4031870172
418201869
2337410012
715921331523485696
715885833077833729
29336037
714906779465957377
191135462
303111218
716774814396977152
3334099153
4824655420
3349210137
553849858
716481028739764224
2878193831
395486646
4797030372
716345616620777474
3030181338
708339153092513793
716062172137316352
2416486034
709585541017145344
715206522305839105
166824274
3992131813
1639548835
4659824296
715655968609185792
710480361260601345
3001357314
4665818444
715383748355887108
4558276933
613173410
715163826673455104
713987951361806336
713115582011457536
994005246
256628776
489164962
4091865665
714648858115092484
2914071284
4816174877
700506552864628736
714341872555180033
2595570654
4255465336
714055052671881216
4483227494
4101909143
3912852735
3085135749
2891582902
4508838075
3548312833
4165486334
4795922293
3189256754
907580496
4705522157
2300168491
3306792178
712699957602439168
695641222225010688
548941018
41973331
4085922620
2312891940
63509066
712118250658775041
712380029628362752
3023503373
4873094458
719756741
3883376613
3103574716
4911920838
546179175
516470428
700546665023991808
4900215259
2572397241
448628347
2833166556
4871278694
2282330651
1654844995
2922632107
35993536
2562456842
975261812
4886094539
4325305102
469846035
4855008257
706623476027621376
1244218934
4894082679
4498821269
2411530514
3539963175
4710521957
4874408329
2373978204
3022891180
729131358
708809126244003840
4472359167
4202430554
4164947602
702253653910908928
1126749426
3345112420
1123101638
605794443
4143787635
2726501200
4715346716
2362666842
4925922778
2173015886
4856028951
4626641238
705136301939388417
707967556649402369
4214296829
2943522582
711590749498814465
459087204
4918672136
707707252086411264
1700840281
705963739019784192
702259294503366656
1399737985
4820170828
4884852610
2405358114
3828426554
3716471120
2864928934
702794172676190208
4322441002
706234266582122496
711420683482488832
1661689202
456569593
4774607592
704806433376890880
891081206
2861025596
1963428492
4836373175
3310734689
710920000341745665
4627336152
3389623372
3133734367
1378470967
703675090563702784
2920073574
275253871
2992404778
4874976114
4553459656
2155565214
1671336254
1058421266
700479719305826304
4596061994
2935329543
4922408530
705607055361486850
705272475790086144
3237477578
3328002388
4690418274
4720201103
701669288088727552
4687070612
4831761557
2720661029
2955477189
4893791980
2388451301
704833767345561601
704083003979370496
587353031
2792784289
4012876585
3813227953
2735764760
625164107
1575787699
2648949831
1566932586
720937071
356522969
2987360874
1026709922
3028117278
702666220659720193
1191599948
3833254153
2274043525
1304087712
211734372
2426698730
1287155491
2937098362
276080398
2318071954
322474428
1281110143
2313305652
44272235
1660791973
2352586430
4877342278
1936426232
4720959145
4692910736
4700214560
710267674962628608
4547437642
3115871372
3300530612
4317668234
3010180257
704817488782041088
430473065
1128660338
3280282524
3132129173
702157454617026561
4679471396
3303422566
4873889378
218947182
283460190
704233966480416769
709612687530004481
1532705665
3433560400
2575506045
1924231668
3251029284
1482695557
707218410095124484
2701286309
3463782132
707774783904030720
4770126975
2661030397
3063437977
4261448849
2566102867
704006199348498434
3383993021
699471858790506498
3466594400
809883709
4666325698
2668731495
4107482201
2710387368
4922518125
4868237188
701435843303452672
2949666778
2812970732
2300518389
707029008270102528
405966730
3314842323
3419295629
3806790443
569331592
4854665469
3111807526
3666520585
3122649668
630566079
3975625156
706277296198524928
701567694445776896
4858879492
707004732116611072
3103345880
3427237745
4627744282
518478466
3942238452
709372367185833984
3536124861
708591318163787776
708991977552003072
3302965244
283161604
2902828554
2940758559
708735558416076801
597428548
3716628197
1242016542
3116467835
2576165653
4705328672
588649315
4725552611
2289946687
3964900574
3391292103
38871426
605161747
25712608
167852629
4909402096
706976699196510208
2335781442
4610014288
706927910364585984
706820142676762624
4655259617
4841672319
3023796915
771528132
1468456675
706370695211560960
19015253
4626679190
3342418678
3853665377
3047458472
3636244395
2218573891
4396198454
3291829882
2250205751
706046118745018368
4622358608
2184770654
1027225189
2446612854
403942389
4260674657
4606158601
3011113770
4703311281
2727489617
3099391121
3882032638
3716933837
4107248363
703772068119224320
702873194139688960
4814108612
622926905
3199840269
4853599006
4873025825
701466251726602240
2839372509
703378394981904384
2601830840
4120699827
4916298983
218895548
4889956511
2942228313
702451164860710912
2426073389
4634740099
4173331513
3271383516
702143384308293632
1608004627
4833890824
701613183434362880
3271406570
1311314298
466060293
633085748
3976654936
3885850339
2936638388
3219903596
1652337895
4844696286
2760421139
223419787
3304455924
701964583355940864
2769243693
4312474216
2771502619
3035723041
1723261075
4707835933
701528074102448129
4896157318
700491406784106496
2863297419
1888771316
3007030899
938776856
3219790298
700874457984815104
4757424015
4694209663
3259205796
2742780874
4740492901
3688870217
19713521
700439241386541056
4187700912
856735074
4350925813
4758534377
3485279415
4861148909
543444372
3159201957
4914007448
2737701961
3670223356
3128365084
3302845987
2906942565
2962379673
2981287929
4916152807
3484254694
4396108814
3582932593
3127669680
4256942116
606412878
866401902
704221582
1122902701
209243136
3010728097
4863413057
4910731157
2885645328
4841875804
3417066039
2183006287
2854989993
861912948
2698611295
2205960605
4846457944
744395270
2229432983
1029018498
2430858812
4484278572
4685814498
4615211981
3365426529
4840670249
4851290260
4893860957
4905733847
188780670
1678895676
1011878383
371326366
770867989
4660449921
3740061316
141131607
4897294106
3093965216
4893206833
2562012241
3905689895
4817462428
4896137104
2570575403
3087639271
3306778492
4889857681
3210759016
4821527662
3323245484
2752457073
2465765569
4882277751
630562766
4870841666
1554585108
4744749977
289414300
1054248596
2861787933
3940909814
4893806061
4840597935
2580990742
4872680895
3589488316
1463824196
3374936807
4655690607
3047572920
231939500
3643799954
3275118018
2232322955
4891116515
1726685550
871429616
45873634
2317837240
4705196018
2734524387
2317694022
1853254344
2938921879
4851152713
4835621667
2491549904
1702931504
2259376847
2745873312
731975551
3116115735
2980037038
1499813935
1083287892
3972786669
2168588447
339949631
3089288301
4782024492
2935833568
4848131788
272557710
2806107195
3439475544
2987260262
3293792834
4867774217
2384639736
4828402450
2604612543
2900625177
3195789241
4772420966
4767420333
4705504872
4871270383
168513174
3247162714
4815618100
2654511616
3018703815
4719585861
3787040353
3170450712
4828415512
3171572507
4822444049
4484640315
4048366905
3307119439
3569987309
586074243
895857450
2596672140
2997478351
1605242352
870826706
2157584920
3213523865
1033395517
1851906595
3895265956
384775494
3133574924
2338073087
500921583
4880146066
4838944480
4659187637
4379485337
2784666191
2867806059
1053384151
2970800006
3920877076
2469249656
530961115
4862591927
4567921125
2206659022
2188108719
3895457652
3385866020
2683483572
2756315394
4833393801
3230128592
3379859691
1197781508
4472786113
2881233250
2596696586
4719190756
1710950994
4538367209
2244238916
3298695900
4034541034
2516914580
4646060681
4604965317
2666639087
904253660
229290614
2732000523
4887888292
3625649717
3221851422
1071266678
493491714
516697201
2876619395
2510727403
3358922038
2497391457
2578427286
1730439162
3243778741
2726962064
4133841352
4560735132
3178694570
4662043701
2774543028
2376045187
783851726
3012887690
2497196161
4244015091
2475451183
3154067466
4102202660
981757982
3303155299
2193582160
1687192280
3486214756
19810238
2516553368
263239895
2257477355
2254011290
3141035353
2678410093
4704429950
2427926312
1921839800
2541222859
2287479422
1660695558
2688109926
4107271451
4607274079
3315598813
4798460008
704650453
4328158994
4861483355
1007507078
2512570782
2292990911
2149710373
1279460162
4835594772
4777415172
4680995600
4373680763
2292241177
4722223580
3103104882
3333101114
4609421833
3187544032
330612499
1326915319
1580593658
4116265355
2523659044
2318971502
3197872567
3075498661
4604044827
3115153663
4142252603
4858882565
4450909499
4765382125
1489866055
2908325182
470368490
3097694789
3299258737
3361813551
1677389618
2254310665
4751266755
4789611100
3061273012
3221645531
3230937714
555303568
1416470828
2369221994
2924502518
4869134969
2984725806
4268141253
3280645226
1520543593
3434699427
4431072372
2493050801
3841732469
458665026
3100364234
4872928765
3304912161
3396816736
605572313
4181585836
2859766095
579127303
355796001
2658206658
1641305196
4871966204
3110923930
1360799209
2275364713
3411617692
4838900770
2761853806
361068544
2975571731
4698973880
3221353501
439714501
877008703
2564207223
3338372289
3783210676
3028726271
2218364328
3919696452
4327874654
2975612391
3722159892
717362594
3103702602
4883881402
4635085703
3068601390
4396999901
3836333784
4625898197
2379150534
4180620681
2258239069
4400507475
634321950
3164436426
2517995115
3244549777
4861360392
3343977208
1146637088
864990643
3416848383
2897925870
3336094540
4809882254
1352671608
4800494364
4675573040
4745405241
695363133267808257
4035486263
1311595369
2605436639
4785453465
4674807480
4669503746
2937912267
319735563
1460176544
2799679521
4426755912
2893276020
2887058897
4055457270
3396991497
3016402372
4517306614
4047624856
3438730355
2863192109
4278101301
3438501424
3436840457
1078017841
4839501761
4838964185
893988583
1859056717
3146172627
915904165
4397646202
3090223743
4605714679
3174413313
4680418146
2972320572
4473346001
629060658
4730455748
4771518024
3294639981
744729188
1575278005
1521297404
2257211390
2367699914
3298953919
3342395116
2929505191
4627142241
4691009137
2877698555
4674243673
4584277402
4729854577
3233320260
2314284998
4855838458
3035283761
2841650665
4111570995
1463564017
3396211727
4049096261
3382524999
2616271616
2740809461
4840964781
1667119549
4227916708
3370172369
1706076918
3279858734
4770408194
3201707656
4741362372
2919241883
3254292654
3384607210
4614237863
4856876294
3443582894
566597404
1398787386
3236292324
4576716728
2329176049
1896212665
3965818754
1236094789
3298732968
4867441181
3610849693
3005497346
2400095397
4659856274
2958726699
4503807979
1953455594
2932979474
2951747435
4700002332
2800404977
3719066363
4101642015
3016039615
4426339033
4710829598
1853185441
4664258353
4701517395
4502171652
4710885090
3010322776
4379846236
3133318873
3535734020
4203212147
694995224372867073
4647122071
4882223602
3316882093
2227922755
4084565235
1859306696
3064134455
836427062
4861805828
4749030501
2448885343
2934563387
3109201739
4592111532
4718729545
4836732977
4862143037
3303777341
4854693559
3379189096
4676348774
4672388960
3112217656
2747966614
4819801421
4553072006
2217933345
4779068802
2806819237
4854386927
4171656076
4474766307
3683970194
4870686731
4845311767
4868646111
3306660410
4342826193
3307416817
2988920682
2962266103
4866321359
4548180867
4760531477
4862312973
4460598389
4833904342
3289893008
3051194736
4836696675
3315565483
2546493064
4829078596
3148398564
4228200032
4862632097
1646079306
3722797032
1210633022
4861706495
3782156233
3133809114
35569140
3483757276
1539168008
4393376293
3587691732
1717507099
2683712548
3099670870
3410883319
4858369989
3581565148
2245256123
2578186068
751656294
1214040451
3497727852
4637368402
3349865855
4356932296
3700596917
482680199
755836441
3807070752
3338726549
2606396373
2757674671
4719734778
2149690196
4817015089
2768239761
4828575653
2956735871
4822663282
3903648327
3123565826
4852017455
3299649808
263502452
4852450625
3068693775
1393864081
4345522872
4495360392
3246824202
2286061783
2283182439
2493728474
2163946230
2479011908
2849119316
4175057057
3732380903
2906565396
2901251942
4227065333
36201670
1477752301
4685993953
2267936507
375190999
3045018608
2882669478
3441848774
462563677
14467455
282337825
168314849
2725597068
4766331318
4818384859
4692572672
1144004756
2195026096
4544501364
1129062144
4844850736
4327491313
2312418441
3243696396
4085014576
3648131360
209536399
4802286462
2575953345
3315145547
3598586059
3193927196
3373488014
1117853276
609202360
264607501
2364583628
497558878
3561828863
4801653980
485232938
3038283103
2734554268
52126688
2403484240
3247131779
4843732191
4428713242
4847489475
1445040618
3111655019
4847563834
2868345189
1659063342
4519916818
4847387825
4804261022
4844159404
2276488345
4847258639
4693215510
4205362523
2984717460
2249128703
636707727
4704289580
4605756616
3251925978
4800964998
2353418158
4694727056
2950835900
4843676807
4846720558
4434290361
4054769181
2861888790
4776015674
1628834298
2900707323
3663041389
3185526608
799041434
3376180833
4731157430
1949332940
1343201120
958464457
707051901
32977523
2920763265
2533476572
2922436633
2899302633
4334718087
2873032707
2761315905
2779460407
2988610023
3274183327
1645942974
2267177250
3332026401
4843871589
4615207942
2343025909
4805945880
4840701119
2855085516
612067931
2614670058
195200233
4804445588
3035812259
4748035431
1167375390
4599822383
3131751912
4619774957
2209948434
2148365756
275046741
4772344062
3103808988
2892797782
4525233628
399118590
2593783998
2495575970
3162975012
179187628
1581346862
1145470687
3097670100
4798552048
1959481867
3243937779
3712409053
347511348
3173270662
2982685311
1167170708
3315126797
2944888414
2781731929
1104587234
2718234112
2462706593
4173647853
436539513
571668097
3346239125
2211107144
3198672532
745179571
3264959301
4798450387
2951640065
3471466998
2961620872
766510963
3066607797
1479266029
376405279
1440330110
4795200979
4800485725
2872107102
4836586427
3400786114
2850857152
4604714453
1696504590
1271142024
575756460
4741322061
2841697096
3306501578
3287108047
1109898074
255164585
4576327633
4795490137
4223235119
298960650
2480756365
3239379139
64776344
2939918542
2558323602
4153322007
325715841
1959687122
3096828566
3082321155
3011196869
4547866582
4830823030
415219406
4022276153
189773135
3186846840
4591181076
3154183201
2836564255
4824013595
3005883115
1663602762
3350084109
1035914917
3025442675
1730788584
2524001210
3309269565
606632429
92813943
2786817325
3218509275
3310677235
4520288727
3644824755
2364486392
2407542050
2932769628
2861918242
3347646677
4660884802
3033462904
3145195364
2602130995
3979763321
4799486069
2687464581
4827427347
4669991476
538698528
4824553161
2403280433
2168995566
4826130856
1431760338
1659027674
1712262890
434618171
2780612920
2640766339
1439718067
2319637598
2935582764
2941175003
608400473
4824103731
4778064620
4418715142
1213859364
848623975
4287142516
3316202110
2869108990
3001756410
4149131817
1943127175
259901172
4760292520
3241856084
4736601253
1191232417
4615726453
3097365299
4659376347
1087852795
2900796932
3150725191
4604118035
634780633
1355735426
4750844654
338515249
1220266969
387867334
2670173455
3443430554
4726320169
3342259186
1253258948
2526252940
634612415
2604851735
2827226418
2250911462
1457832991
2840722354
355808416
1031774946
2280955856
3320025035
2924078177
3441084502
68828277
3102235068
2315093774
2750842062
2868465177
2694147367
2748034247
3281823774
2905090930
1938427045
2987674503
430391230
1891614818
3283207033
3304493744
3303789369
2954380014
3270884443
2784140700
3719664381
789032174
4769320526
3120174883
2898926181
4583217153
2500139695
4537906834
3626186113
4486283307
4641125412
1934121187
352899963
3109667662
3596963542
4656241518
4587716779
2628990043
4808967023
3719644653
161098988
4513986148
588854090
3171367679
2857897714
3982978516
4809563357
4809206891
3518237115
2251375335
3113297756
4788011439
3273454476
2245015861
4572000327
240384451
2864664227
980244326
3266975365
2388377030
3961125856
4591114574
2774034659
3484916518
3298154766
3531657314
3051628651
3312556863
4607732178
3024485749
4410520360
2971201993
4720083848
3785588660
1301728284
3082888119
3372134920
2952326710
2376325950
2887023713
2314629276
2353789190
3184727121
4700877687
531638621
3161633488
917732827
4453620801
3406459877
636434519
818268942
447794552
3301210189
4335552314
3318007857
4689588973
4082394801
2719943062
2272113482
2564146814
498355764
1556281364
4754272638
513973053
98802636
1017448122
410822973
4608208823
2939828596
4750880750
2681347466
2356569325
4659945921
2497568329
3292154748
4699012754
4437155356
4747764372
4499670027
3185042799
267423412
4745476272
4061995318
3219827918
4777371555
3592448596
2880671498
3609901700
4704568195
1363403976
337106747
2664909549
2970686578
1491994812
2382932640
396227798
2647406350
2635088846
4336009942
3784637135
3858806061
211225673
915875822
2834186814
3369675131
4740558073
3181758172
454862201
4748247257
796995889
4768107855
2658136770
1663962548
1258376317
2689455885
3971502501
2983246977
3026518969
4734690986
2577917167
4761908427
4149734053
1119499236
2950149749
2482687860
2644283843
553847841
2616007737
67650438
598483240
4513965067
2951074491
4332202941
4158600742
28946503
4737035516
2997566298
98899727
2598455887
2818698362
3570783735
1278757664
2750583732
1166912088
4647869064
1561572564
4145927240
636356327
2432911532
339626413
2268054031
2298244617
2573763788
2194335575
2273750168
529789508
618605212
3059156102
531766028
4573762720
2875140732
595922190
2579239620
3653461694
2601841849
2733817551
2985102664
1886497470
2220685783
3142666226
2939982918
4657984572
2890003621
3026374826
2987589649
713431069
3270490220
565553440
4261846752
2397368248
85630884
2859874750
3335578167
2556095693
4513870578
86563551
1918122788
1672490299
522490128
2775902661
1716666769
1917998592
3148516184
271771583
72616452
2739676017
1317903804
2924030693
2825979214
4578280347
3274728606
3029604465
3183558042
3065271221
2361900008
200325439
2834498156
261477376
2888230845
3685394592
4638656435
2610868538
3031805841
2311220941
2931393670
375093544
3304495360
2950652855
249358424
2865123755
2799187437
3389946153
1423390699
2916122321
3140890766
1579040707
3037331967
2728644281
4657706451
4313378369
2922189518
2657165102
1059247080
4326259765
1124089183
3431980271
2345870659
3931443982
3828556828
935680447
2505594146
172812713
2392852892
4651117356
1491081906
4386570257
3190411650
2670859585
961771735
4686590834
150931668
3316577708
2259340392
3392352603
3226665248
3298741168
3295433957
58803401
2513292981
571802351
388602545
3066709050
2824326231
61079681
3346232398
4650359772
3296684474
3002211054
1110435415
3070467260
1387322016
3307589036
3433443413
1544022464
2514468944
4108823284
4360426874
1009625216
563034449
3499826533
2173603616
1631419446
2269650247
4663489429
4421220376
559023674
334440964
1636556929
764939251
4419914603
2994508672
4512262281
851837936
304963880
620154677
4692187998
618691117
2780556113
2988947230
2346994720
2502966157
3306784328
4091150356
2644754883
3221730476
2914049928
3344424735
581445418
3435426100
4726513392
2733664241
2282470018
2213409768
2223808574
3919638940
4383384315
2488740343
3286114368
2273406751
4561900101
2475717403
3092107315
4625959154
983273773
1400083614
3581967382
420017385
3116262737
1075421948
2510063982
3385085524
3308533523
3311190333
1616851838
2922348764
2600094248
2192950153
2863633646
2646559879
355934680
4711809320
1367143284
2276151484
2916322082
2274877307
3189512021
4728757957
4370011392
2500373044
63522438
3573592455
2903360575
4610521761
4700490442
1437217645
2758236063
3270645595
4711393098
2950492949
3344738780
241763328
997875367
69737486
2953506777
3286769570
2946668296
604967164
4720525468
4423436502
4716476959
4109646927
308637773
2544607656
2468445349
2258916836
4473069134
4729661118
3220523880
1727339076
2809542800
3308874750
3280062744
3687463634
3250330388
4674466393
4471762703
3616820304
4532352383
1305912266
2562827460
2979796769
964282998
2891375314
538203900
282519258
3680935402
4580338758
368390274
208732972
1112935058
41449176
220541358
2400547817
3260990437
2531827561
2900163793
2852667204
367598778
1466271206
2362439790
175321936
3990899533
1953234949
285761917
318678224
910602548
4212486412
2294184146
3083545231
2266316383
4692070004
3622219693
2607987424
4365924377
4561060822
549654363
2951780134
74333833
4639739173
4632295941
3254039982
2892845861
3231063799
449453466
3010925764
270663660
3196496645
3057018445
2513695780
2827596111
861976296
1340443466
1705545169
2759976070
3100733770
3681109943
3310739223
4736436196
4724829656
4736347109
3312702937
4664817441
4581548413
4102304123
2478406398
3162840938
1368854618
266656354
860555947
2255565489
3818345362
4084904801
4367835618
1683709688
3174404573
47259774
4235782061
4627098978
3021026308
874173224
504535779
149833341
3280751190
2428750711
4724579961
3225487009
4055996044
4271818214
2498779428
154994419
3268682533
3817510033
2396937630
737618432
2382708528
4699810699
4708149708
2881147794
3144511635
984162096
2451139785
24259583
3104345564
2176103291
1201357212
1929715334
3304937858
1081740702
1692386533
136915962
2750381665
1697258874
2336766506
2328274346
4312059973
3141435384
4481425640
3282847854
3310440734
4637119042
4608131784
3020700397
2227568228
4670379014
287440984
1146672902
4358158938
4640582532
1862346541
4307898198
2941791937
4532467289
2598929941
1884470328
3194818470
81545830
3306559321
4199482152
4720265662
4715151133
2660674729
4205317106
4035656074
3292882602
857282216
2976944537
2788879213
3008818791
4704457880
2867433515
1733168616
2901848652
2748294465
4580154496
2986457919
1684072028
165487635
3248949900
3089413774
3750085456
965446291
842280306
4701708290
3109428607
4485239115
1760915227
2386266660
2840662698
4267015619
2852731858
2789059992
790606285
3150531739
2992704463
2947378210
1447661168
4711835056
2910020616
2795513317
4541068475
2751783088
2192747554
3942281236
1013354412
4710368595
2742960076
4464351613
2945910708
3252032791
4183274597
4197996561
4701066254
3400428628
2277653789
2866384769
583127239
2212506449
46595639
540755862
2941215582
862324201
2920035580
43458381
456012511
4697965945
1918027333
3385411094
3087554725
1831417106
4043089332
3249983100
2389501377
715544478
2939280653
3075982691
4675388802
2951439152
3432443099
634240516
51746752
285158901
3140635334
4450046115
1326222451
3532156640
3077070462
4640245592
140283897
4237360453
2808702628
283691454
1634621000
2779281670
3114836930
1055960827
2363516257
2655319621
1697263236
2346788342
327568257
3240282519
4487582775
2483534592
2249176813
2934635667
2442542622
4320670757
4082457854
263847130
4609484215
2559443784
1134850026
72629601
2598693606
1551632756
4559456362
489583402
2765815797
3307086739
2841297430
2953643711
3252264708
4357129576
3718478113
2795107759
4347823517
4541534179
3250304421
3213831198
3419170127
2683973901
3763628537
2497443920
4486024581
2989074427
3667674197
280452863
4549501752
2957793644
4600694234
4492962977
1260526615
2789073392
2966055292
3781252455
4520093301
4070036278
2614592540
4319832556
4657506558
3342755255
3001919708
4703250562
4699343522
4651563147
96175993
3892191558
4164527592
426095094
4707325441
3309430482
4647344057
1633640082
134373105
4670104128
2331078872
2954588099
3482321598
1858537819
4660881614
4276990273
4335796099
2688153352
4534601832
3194010114
1343255280
311230979
1061709145
4260191832
4438945651
1102364354
1972515691
2524180382
2940207164
2355713798
3041479012
2648884921
1961487252
342511538
3528965415
3301184699
2661275156
3329747764
1939397653
3507951856
4674782196
3244531808
4648894632
3070314264
3112951571
2847650475
515787292
4474162762
3278122920
3106122329
710652810
3279106634
888645522
3919425383
2424198626
3372791693
3226796834
1877319330
25081677
467727573
3044423353
1335269612
3872860289
3425179805
4321786273
1585717063
2377266002
3519007754
3475518073
1976085259
2896130158
3358665893
3185616187
2427996490
4251346071
501912116
1581668917
2958008779
1667180238
3035877741
2948855838
718106181
3115271109
994206865
387931846
4636079588
4251380727
3848813473
159958257
2934703475
3892658128
1408645700
3478064413
4634304055
1671364231
3161741018
4112993135
3212328729
2522224613
4602831075
4581239542
829971410
209162910
2396286403
4313000899
2704823430
583278560
391727047
4651186767
3357606047
422659937
1048144502
4653629057
2405425841
1591452834
4563040098
385039748
4638888954
4251043634
3190296518
1647111062
3190341564
2249034804
2566633946
3293698104
3230249792
1726137913
1115560441
4590391336
2633351943
3252993829
2532039271
3313039225
4250368523
4496885974
3941237592
2467661982
3007272006
3081214698
3427216901
3174852195
572024684
2972253647
4141800797
4204719261
3118863920
1875891926
1525910052
2606551484
2526175081
2870627591
3407602871
2727688986
2370953192
2264272404
3100947256
4350432433
4698790579
4424207052
2248889951
2413670044
2422797266
554764326
2686320464
3387804969
1573608888
2300790200
746227106
4535654594
3381141292
2998744233
4664930534
3282849626
3408727432
4579085080
4162712714
1351070040
1686935221
2722471547
3380704419
3086763960
3157993486
4697908273
4685832192
2980362077
3680073196
1805093642
4639201397
628641274
4604150533
4645703069
4449133462
2746338219
3010893245
604774940
2688151020
2945435344
3223812278
3295303252
3551076374
4579856141
1873195010
4319995047
1676893008
4612043848
3149835690
3380779582
89218545
4093873695
2467110288
2630321985
82726070
2865970495
1419468884
2671019671
114303583
3323939616
4247147111
4130749813
1393270189
46378478
3311203897
3286922100
1660627070
2616741384
3669296056
1649075204
4245469334
3372758966
4610932213
2284428584
2998856965
2894456502
4465607795
264996318
3666806422
2975435552
4661419589
2781548154
3299649735
3396750358
3087397494
4447009273
2832316652
4640780174
3960608056
2787755103
2981931021
3309377317
3214049521
761223902
3339432800
289000491
3717187213
4607282177
3045708359
2659684045
4677418512
998156083
3264318188
2423398098
4497774083
2987245990
3278593094
1043118584
2835313164
1631824904
4335543797
2908464000
3152463001
4341138553
2825223480
368258498
2777841304
1619385374
3589943593
3294549825
446378971
2897937951
2578119908
3257331937
4605942315
2883240682
4678198333
3896283453
2532286525
499573153
3145380805
2373460646
3951141795
4511762778
2575980066
1367098297
3231150746
3448374558
811934881
349103771
3293969708
3285802398
2777404249
437122520
91050579
418221407
219013242
969845912
983100860
2941238210
718163904
4462333641
2271047641
968696198
1665669242
627266748
2463737241
543502110
2944899843
3128560345
2752962400
1547372646
2674297194
4607181614
1252418486
3321722892
4328449822
3721182320
3262588416
921591102
3422148019
4334847027
4575053958
2833365542
3020774516
3401880669
3021708606
3177154614
2833930271
4652335188
1081936584
3641642654
4529502561
3106297343
2613183532
781534423
2322652866
4328694555
3087726151
1699395860
3347373705
1685873604
1172807070
4262473634
3217033162
3939336551
4689344503
2739909107
4689229112
4689146232
4688908502
2976362641
3297443840
582256977
2995395112
1117987266
2579363216
3091006371
4550492187
1894558801
4661475497
2957115426
1025327144
3007268000
2739254644
3753959603
2460597962
2772747976
1099727041
2888676141
2329470619
4451910673
2907790728
2534296760
724723784
2865139288
3073312465
2601687458
1684571570
3240489560
3094811618
822360942
3022627455
336758953
3034867608
2574052429
1222182480
2895976592
2651535852
3241828993
3178549394
4437972252
2904615639
4633447949
3830697320
3287878550
4687505564
3418950969
3032543858
3079953633
3387888386
1589343390
3272807310
3350274093
2743034573
4213699217
521944546
2484881979
3894000432
415765994
2186575960
3843370522
2479861633
4649576176
3063677685
3300990986
3121830176
2288259723
1275678590
3621624736
2934069268
2769229397
3876634698
2177363498
2872910999
2951770227
4258804767
3496404442
2859536913
2937048183
3632436922
2182856013
3268499461
2855492569
144578218
2654704104
2950193241
3311891918
3281917507
3295262509
3124474448
2400753764
2707834194
3667991953
2907805832
3016328388
3178364772
2944562653
186850542
601773711
3307375133
2714689426
561594579
1978640204
2575658122
3432549253
4315137314
3422151633
180068494
1290280136
4161747316
2418491700
1416779299
152626730
177335799
2720158778
3630316466
4505696493
2610115899
3754068438
2297007500
256979187
131297300
2534549759
727921568
3569209463
1107014984
3580502183
2796366954
2792957596
4244961965
4016608463
4007260454
88258280
4630981752
4517958494
606554843
2250226539
745855194
1891646448
3041827022
3156913999
3731480779
2225573678
376527546
4560482894
2954080978
1459900938
2914307564
4684591338
3365992719
117530631
1687254235
2952845738
4626457421
2670245059
3234969475
4656240514
247905612
880967670
1382587880
1330392408
4657612517
2997897637
1293899863
4581882677
4447237874
878699071
3514483341
3325363346
2355177033
2899101291
4577248054
2349338586
2911273261
3100904765
2320247231
4572394048
3237188497
339094359
3949067368
3687313094
1142762996
3622566373
1652909328
1955951942
1704211074
549670924
3059852877
4603794686
2597972731
2733820810
3565717932
3575055375
3392692055
482003332
3191341185
1915097809
383362325
4640810732
3327721730
3028097282
887801772
3284693840
4460179942
3145579480
3345246370
2923425026
3197445145
1957907252
2412297828
3545033657
849673182
2883346967
2521357599
3867159557
3084954139
578991802
4682837234
263749395
3986276113
2741230172
3700765516
3245988979
2361898645
1141068205
2306517090
252143925
3876657628
3241925255
3066363777
4196492299
2660212822
25410757
590885620
2632207629
220626366
2173013534
1951393878
2478403026
4081066352
4245515567
311833199
2447757572
3165764427
369309481
3886337237
3569529856
2632050820
3047685309
379049119
2875766337
1343374658
4634534070
2730471304
2939059757
2533118066
2964259286
3103796274
770413268
3078384967
2842721174
1607498318
341004250
4675598984
548009144
3225855776
629760780
178743722
2960957414
2170233136
2695057362
3319738987
3089643890
311156173
2949095007
1431557850
2911403154
969651722
2996187186
4483325064
2859151718
2153198214
2224756723
4677149652
797425752
446060102
1089873828
2458217389
2960518563
3011001090
1488589532
179844908
2397223667
2840223550
3226419556
2733989130
187625709
4317430634
1664886248
435486123
1735138176
836875538
3016132052
3280933242
2790791112
3998877077
2626421967
415105466
2371988573
3767183596
59618912
2153192733
3068482944
721406562
64569848
3244190904
3884805274
2949983588
2434442090
1386195588
2338413301
3829483574
2573670300
95285654
3409387720
97507242
1876895768
1635065035
2369219353
1484025997
3371240255
3296704597
2608952520
2971672398
4617769101
2508759096
4536031622
3367157188
1650845516
4540198221
453832022
495475668
4117271237
2917638596
3152222514
2841273228
2452395104
2270265966
4361056400
3312833656
2674804167
20957562
4420298417
2614732160
611267176
3177965961
1452380234
2868463049
2315354721
3299048263
3221523764
2905474081
3976608681
4647492260
570778157
1002887029
2959651474
1578956286
3033845467
846549799
2964587047
3112911589
135655192
3247323426
1944874957
3180221831
2965583069
4354988117
4283659454
2847347091
1041035034
2436665571
2245206141
3242614977
1488637832
2749731471
323342299
2472643366
3115807073
2420124202
1254403789
3089574872
459491787
4114005699
3068884043
3135070016
3241272711
490514974
3270754982
3182109733
735874254
4604884112
3240613188
2583380647
3189298310
3106556603
2647818868
4254907750
3024285734
349713406
3051683966
706437108
3031830158
4048529758
3299670018
2872377465
2896485946
2409038493
2865954619
3323684055
3187642856
4660257853
1601681826
3286908956
3287417701
3315930998
3350995911
2200447992
528773307
3403229349
2737655192
2793270668
3430663911
2873957818
2603131493
4659217578
2470185786
3669276916
2334063085
482524807
3253812104
4646632593
142066213
2416793635
619588921
4617180862
4658742374
4127514341
4681492946
3164546724
3380388328
4675915094
3352485923
4181760735
1289771743
846439608
4664773934
3340583464
3303969883
2732883160
3656950643
2410872758
2860869670
472560570
2909422765
3090452639
3298434916
2707496136
721049892
2477269452
3258871996
4676179225
4212516605
2348445524
2196257182
215975120
1651613161
1120782552
2963220027
772012501
2932943096
4105789214
2764639735
3301657345
4286383037
2740836361
3789159562
3548623943
3408868833
3113558077
2777819781
2902321812
4494874032
2969110996
1672160732
752692231
2334620442
332070080
218381700
605201118
4096548433
2559910437
3239588580
4544659332
4648100174
4179494239
3286171238
1620427680
4477825601
4634132244
3189871880
2739930837
2907330046
1649056176
4404058212
2985322709
2832573082
1684257590
3435024081
3297885171
2508708108
946685935
2960019368
2881007595
830044364
2943131024
4661932692
2503028509
2429217758
3283771056
613001315
3910726539
4436294293
706670642
840371198
3315292098
2596384413
2277258363
1335442140
3193011109
4498322247
4291900283
3226019407
3062069432
3023805538
417603955
2977529980
2533158861
4539424881
2583958207
4435343533
981174847
2842895570
3077683176
3422704665
2944014693
3091277256
3281170298
568829891
4665168739
181088134
43268949
3603198262
2975463413
3299124829
2971521333
775355850
3016149072
3071665267
2970962976
4537593833
354174938
2246251968
3109360667
2963047037
2917002260
2852064148
154364122
573289786
3304145314
3236272524
3713358383
2730770058
2406339192
2593493742
2497901528
395927489
2265151976
2694823742
3852106154
922087753
2465097697
2954246174
2865049666
2421419228
3297054119
4266116723
2405421920
3312720932
2415446212
1648599510
2287009120
1901787260
3410804639
3322038139
3395026157
3239815799
3885566055
4670299518
2462119760
1335707582
2948912310
2495192638
1590337242
625407005
3205486984
3060310078
2640812775
1335268118
2875996380
2378310391
3357192515
3181881018
3421871104
891392598
3972968494
4020390433
216406668
2400594945
3106400309
2954384972
1597544101
578388379
812229168
181571921
107887401
192024550
628485483
4557762088
3127107409
961135158
2425889583
1722365448
2604381676
3158217171
2730509967
3354196515
4027659243
587739837
3279377371
4454597114
1002638365
2794894190
2732392433
2942655274
2173801377
2575497332
3370326987
3118362563
2225363134
2298752204
3294387905
4310914395
849353880
4387683737
2314593009
3004236704
3305660496
4657520020
43422753
2521588881
1066151928
2760311605
3053456401
1054393850
2740039302
3291088579
3253413228
3958324941
1278464082
3404863486
2281025880
2871290958
1422006510
4490175852
395596493
3380813483
4384128192
4259919220
3326863909
739385282
3106344790
4060665718
4624075573
2565685247
3197910841
3234820702
3331869004
3073420761
1330099106
1902100825
2748656395
3988852341
608869495
3796031247
2807718472
2606972319
422280853
2921949775
711512590
2416584164
2733430567
4422329896
2934740561
2886183113
2600800645
4601138357
581998827
4493715794
3108699078
2905046957
3090220542
2373340035
544716456
598951895
3403128267
3054198241
1068461214
242782292
4393051334
1852696188
63580971
3307997161
727289148
3790146015
2590597471
1286663419
2751403253
3227040526
352630498
1468386134
351627954
2910829665
2793134093
1056849271
3241404371
2769273172
1960905942
899595666
2329434085
2591367836
2502964450
2429246592
2200187630
2830289692
3294943472
4614811035
3237155404
3234383174
114819915
2765111847
2926439369
2658108408
2820448089
2845482666
4526827948
3236295112
2984724239
2447908730
4397899881
4638581355
3118488467
4572847753
2811722514
2314246928
2674545728
3437935425
2954925909
2283848114
595010719
791677248
3066817937
3020999513
3406251351
3122472281
4498161796
45248232
2508756820
2709364495
2778347983
954008042
4409182594
2666847002
3388373824
4646529252
715704829
3237440495
4320496006
2240017213
2401566445
2849639194
4160920099
3227832217
3130022721
2230499694
3174800845
2803108447
2652869061
2273658917
3472889963
4348667537
2639387987
2321136706
3087228176
3319389102
4635378148
3069306370
235720668
3100312820
2249198121
3707778552
712886591
3580182437
3392711692
2721203547
3287997987
232083389
546439042
2941572240
605835456
626137085
4357884794
3123743698
3004691075
2664257684
1394470982
1305375283
3717993136
3300441171
3053964602
4618381349
268459500
3381840431
2508269928
2952868573
3240625261
3114344166
4597117453
2764079133
3309257076
900411984
2381808626
2867096274
1382510258
503902059
4410266937
1555546315
604411742
2983229063
3332637327
428682299
4639095088
3309831730
2203669780
3990241581
4520411074
2834503262
465544779
4229810133
4012619679
3060940756
1270185523
561469694
2861652278
3123829742
424413083
4070199868
4669772954
3735693012
2865927690
1713354631
861315355
323358916
2706912696
4408249575
119859351
2818853430
3281041100
914974490
3261051206
275718177
1341774476
2465903714
276552466
716964154
4018348635
2463726839
4669753633
2989001910
587377373
4493263174
4657387530
1568445666
548756926
2935781081
3188918306
3075734226
3671742737
3427566443
3961053495
2730913859
3086581915
4663827410
186538228
3936954679
2982241337
3033710530
2837249657
3496944675
1301328564
3190216159
2653599467
4030601413
3282909858
2903150253
578072386
2973779183
2732815179
3280938152
2205608634
2647001762
2688520632
2975349524
4128666497
4647436152
2856670924
2302084307
2735606217
264268991
3362977690
15289724
3177023299
2337590672
447268081
3310191658
762955058
2973059905
3293497909
2394521782
3313852877
2151924597
2655547982
3060507089
625810651
3228740332
2751164248
4637532353
4599455666
2411276810
3945862035
4237548431
4634316742
2804500268
163687776
3583431016
3298457582
2987706514
910710097
387307023
463406338
3080844784
3251040156
4374804912
3829298314
2156424328
1115056458
2540990923
3205870455
492576233
2796500020
2877453437
3428372009
3372501262
2676976557
3228381339
2198056728
2257834068
821639408
596692576
4089860057
2969510603
966703934
4165680267
3298645588
2155684152
1275106381
4557630794
297428826
3262749938
4558026641
3331931631
3327152812
1472429317
3360221273
1423322641
4651897934
2971962959
953662302
4671694777
2612825654
4650911810
3022820267
4217673322
4242281773
2611756261
372443266
2223566980
3057199648
155697784
1403752010
3224496163
129424104
3319151887
3090137136
2822181000
2980505036
1721097566
4311438027
4042564392
4397545277
2918268168
427896688
1100145434
3771957855
3224831215
2228138540
4613932935
4042412955
171818909
4513583838
4633999196
2201014955
2943215239
1202902040
2180051109
3241016893
2498312058
3332735899
1312879141
2998824457
3019077252
4459452854
3118863108
3297107021
2602301077
2810866753
2372927726
636836664
91635526
4040106313
4438114337
1483882118
3106200777
2880254516
2839704092
3709421062
3610269434
551189647
3229521592
4043196473
3610933212
2995447946
1276348052
3048028268
39404565
1533598555
4627649185
2271743571
2379408648
2187191490
883124630
553422517
3105421007
2878795768
4190834659
4457268140
1497398334
4669413258
3170395431
3430098111
1468910179
425320703
3274760526
622126619
61336973
2727822196
3105999830
363330273
3290086533
2590051277
3383863520
1831005150
4102116315
2373672472
1180824486
2802413434
4212289048
3382262967
2606876558
175896783
4503162627
2893796907
4561137432
3342967269
398122068
283769163
1293633950
2793606350
2912901243
4113080595
1681277035
3415832783
2197496115
282289017
4206418634
3112939325
3277678363
772674931
1928198910
3388075515
3685322600
3158435527
1036151066
2462066474
1557203545
2516729128
3097821668
212005470
4454054603
4190088759
4395384743
3258354406
4499825674
2471713964
3375079392
708587049
42084869
4013860336
4514131872
3235920176
4443235457
3238239259
4549717099
449899916
4500893893
3037158086
3028424796
3041062804
4255731249
2963104731
4585223593
3892757412
4533073100
232997371
4195102334
2916219921
3532458134
3921057615
2512847425
1517237702
4548104423
3893941342
3733035135
4614119954
2730918382
4341460696
4535803047
1707595808
2177270869
2665404227
3984307229
4647769344
3325073941
793710973
3303186614
2384791765
4550831054
2575591153
4105482748
4033292594
4538208449
4657021698
727392756
2744649887
4581946640
4536874635
3304282199
3145979044
3481540163
2977053627
831204146
2973539417
3300882180
917614020
2820103311
1876672554
2245602509
2893196971
2865122265
3403859391
3305270519
2821590472
3070459800
4579867224
2592851889
4653147530
3316892004
1460950916
2280078439
4614332186
4608349132
1692309475
3309279944
1602136495
372906053
2914081584
247349567
3581570472
568619992
2993031972
4493160254
2437840459
4474992515
3398298844
377199941
3332164353
2269722566
3317573771
4624654993
4359329294
259853397
735355052
4547561427
4254321012
2460325891
2159693509
4144827406
323675908
4161787573
3473730930
3276476023
2889557858
2971237333
728081587
1261831591
66831246
1235311988
2753415854
4520939908
329338447
2175026597
3245626152
2196652856
1571034757
4581992954
2263628029
1574029939
2298422190
2230188134
4324814356
4657515385
3052144150
288456330
4637901432
1314803988
3316062897
2315775968
3737920459
3187170372
2427920834
2538058326
764463434
3702819675
1548510727
4607589435
3022542131
469725298
4308620776
3192634619
3274630860
3272187205
1355475607
4344848720
4496074515
4664574074
4639758133
4654105393
3846974234
4528850433
614031055
4483182197
3041888183
4255043577
21276915
4147638556
3181810073
4618856854
173143088
871552226
529288595
2154219998
3258411428
402926349
2889995959
463354879
2985114249
782048856
3151078652
195793536
174661443
1896075390
2189430025
352721211
2873316353
42034114
94695699
4084092491
113124331
44739682
2829428812
125474641
386925411
824389184
4564844653
4021547053
1323740592
127971816
241730605
177880460
2321077483
2616742699
311207664
2272103287
4041610234
506161638
1138002726
2944596126
2467329642
3092392871
748063087
902386992
4284734959
1529731332
2187582463
1511496781
1135575618
2796247106
81716065
3919320380
2342688062
2533532971
1239280489
2925688174
219465906
863840952
3160028642
2951603234
4184332279
2463831673
4482266548
2923180915
747053930
412037629
420604976
249326493
631839459
973141818
1700608800
3167683110
965680195
2626711397
954888079
1005347882
1115573270
2242718029
1307504012
2743660419
592281276
1240253791
3025197194
716720600
3297092513
452748588
3059293462
785818982
23636912
3309005596
522732309
87710468
2720735002
3515906607
622073561
4094428811
2355224029
56440764
28428838
3065481026
577593563
149969630
2234505121
4138188100
613635804
299228176
2568256314
1467508964
2494897515
491064280
2793509597
2734665820
720240134
307541020
223239624
1250663442
2761122390
3259116830
2281758882
341729423
1481385008
1228105273
3246340143
4625846720
549382673
746142835
4541761235
3154012174
1528693250
3029307455
2755744068
401546488
2980808040
2419787196
3288979768
1636114574
2741420425
385652357
3983098180
3372373197
2834006939
1523403114
1455549565
2322020812
324980492
3158299670
994457515
1639992150
2579151373
3322264877
1616314004
2736717534
229154781
2960947565
2724431685
3113931659
2733675875
1554472550
2684014200
241384458
1189744230
3066522723
3309072475
3409146335
2884279484
3324828699
4039477336
3283566864
3633191596
232637320
998845386
1685408858
1688399760
2312389129
25766397
1122629204
2283936432
108803943
3122099332
611429700
1290414152
4405458961
1405438357
4412988012
4377751589
4314065027
3295097320
1184310504
865213716
962665303
587085537
1679172162
2302094052
503965491
3290469818
3800408009
433651424
2710776202
4398620892
381279698
1317101996
529590716
2376066260
1872585228
2355229008
4396910428
272370640
2155755133
2758908375
2952033928
4100953636
1584555554
2317845852
394302732
2845365036
2222186112
852335930
1093910666
3110291648
120336591
627886029
2561865031
416775801
3063519782
4006960934
1007393280
263101381
2919102575
4357061476
4247483362
327659945
2357551807
4330984774
2427446634
3756611777
4308787109
4127301634
4371019932
506446541
3237528109
4257260734
606051132
3969743188
553051298
108651499
273240450
1703513335
1260529326
2257042592
3660637340
429916125
2342491896
229697561
130685201
3519231077
32772956
895491674
2748210780
1884550622
2884959535
1919067534
4142826275
3158216930
4105467971
4070509301
2728837720
3969035795
4149327495
3761070197
611959284
1065825990
4004690363
3397042383
3376557323
2315755034
1590405794
2305230997
3649286117
4069503089
3403323159
3384839357
4143208287
3435589143
4090359579
3794842695
4160648173
3107799048
1691403205
3230798738
3719573549
433728681
1097416158
3918918733
3155857689
3438796871
4121738014
3335677582
454778329
1670688139
3474070101
1149980071
3021047315
3393947051
4111731260
2868149499
308076116
616966255
3635275043
3723485063
4121549603
4137688512
289675165
1376638255
2824057313
3435845458
1029258818
865682904
2974657828
2408893284
1320965209
2967414060
4053906072
3742497854
4114821945
3297978772
411787947
2456921403
3248151080
4084906282
4014848195
2830870984
2799645276
3323235436
2163764284
3700988593
4102668984
4075131147
3243365771
4086160972
4081124953
4080236539
3966347540
4040407534
3904727720
4071839721
4075198523
4071457539
3964107737
3293898337
3278397788
4064871047
4064929222
2866709165
4037452933
4049235670
4053804917
2465302321
93163171
2347813681
3329930602
4022631205
4033329701
4043574795
3886074387
4017865452
1093445972
4040772501
3911598855
4024008191
3946729204
1624094052
3230869842
3466363218
4014633795
4013568197
36782480
4005235528
2949461037
4004119768
2992757393
1259748122
2780631782
426027981
368505046
3981659237
3981188237
3962211135
2951642929
3958969967
3290080786
3526959672
3771331757
3118991600
3968577915
3664923792
3929023431
3929518042
3937605735
3892078042
1060320822
3935495602
3379857737
3934019667
3400739697
3930716775
1385354934
3315337113
3285258134
3712017375
3743988493
3837793271
3434321351
3604494019
3379686322
3769140612
3893281162
346909982
3890089997
2837180764
3416829292
3807460159
3297000225
1892254878
3802848494
3781997059
3780377592
3436008723
553918375
3249881604
3407908384
3844527467
3742435278
101227190
3688229772
3846859816
3500582596
3846355941
3402330946
3841906875
3737425586
3228047652
3245040945
3837866326
120620583
2577109086
2489847885
917341692
3330208121
3817343421
3711786136
2185454678
3344038090
3705634999
601378675
3040568238
2892321201
544702047
1632426716
2963735657
3719447899
3731313682
3377582963
3297791625
233205224
3109333107
3293856556
2246406144
3806252595
745842440
3715434072
3039018537
396749922
2949320336
3699297433
3654652094
353381793
3705068658
2945587783
434512177
3708789914
328820197
1489129669
3705297973
1170826218
1281968671
2170844000
3009007594
3353968325
2944193882
2326281608
2264769127
3298681128
31428361
2337161636
1000513615
1433155368
1535964056
2743797926
1478566963
20571353
3321508040
1674344209
3105240393
2387742613
2530516728
741094808
3439242159
729961632
1546831201
88315553
2333543190
3589694235
1154753101
3788377107
2489169733
306388398
1026518054
2994220487
550934628
3180045686
3602378718
3277730808
2350705945
1239502603
2561296806
3282310362
2790607882
2946957073
1476261764
151577392
32998170
2952320127
41969034
2369414378
2529142500
3142338172
3260795305
3241058979
2186279236
3550393335
3286181966
2544744568
2235195782
3104132976
2909473529
3010449067
3656233276
2839606148
3182673163
3399251745
3287081070
3581769857
3013600834
846604453
3239293332
245206228
3138253330
203823641
3561954554
1632511118
70984238
2837582335
1894365270
3105552467
419138916
3387390579
3690475392
3101175746
329238272
3771714497
3291382674
3534152713
900498565
3565776132
553049419
3118841883
1668551773
2310451759
3682813512
3392484291
2358796856
3533925797
3568821556
2346127545
1232215386
2341625477
2642860725
337706610
2795513499
2162259623
752831040
39409637
2845356911
3120764156
765912823
3383230995
3625057812
3579338292
1908071910
2549074928
49877375
2809001712
2361980586
2901169010
2736541328
2381459294
3123036867
3024594702
1337836729
122724927
3093165039
490565123
3370245285
2316630726
2730292022
3146335788
3542011814
2862019951
2314105579
3487215435
3226510634
1146943494
3413934507
2338627456
606598541
816438498
303470071
3378958333
3399704954
2763459075
2985168105
556223519
1899311467
3091636188
3615495137
509337383
32178314
566796161
1590041606
2681128356
1258069417
1721458615
3324680443
3503243176
3426007152
3577937357
3065631264
749982390
2800688839
2853961220
3665386513
2875468479
3080395552
3452281159
3396450554
3437407966
3179865060
3728427437
1259274781
2606866285
1166915766
3287905351
613955830
544908355
3700789397
30551330
3730510757
3634758072
3744003141
1476146744
3701704756
3625562056
1543760515
1315309866
594800039
3274902241
1685075412
1003298990
1923476124
2940105324
554837784
757670947
2368242608
2288233610
16482279
3430925236
2210851958
3305741092
3180075098
3196565925
2902059837
176759995
3096998119
1253154427
3552573133
2934087015
3642094334
324732197
3631697292
605768785
3298487484
3624091813
3546993495
3340160164
595057623
2867376387
2856818368
3707121077
622323034
3614594174
267797721
3703070302
946586534
3701249656
2397173175
3414566073
3215214227
405767191
78860334
1028822545
2193779518
2782504715
3408509487
2710521941
720796272
3398720021
3577465932
3602768773
3504567915
3669113657
1929363541
963338924
3635519057
3312287637
3310355178
3647827217
3388419807
2823971598
3318714354
3641304557
3639672255
3534483437
3195723229
3573530117
3487289599
3528202453
3334465624
3598136843
3500552060
2511139396
3333457095
3333226967
1676419477
3253037853
3587487735
3490590493
2309852498
3433153487
3429039833
2464596302
3432465134
3138280102
3116827438
3503867488
2463844743
2234969788
498273053
3398593139
2435354785
2779577356
3104065163
2980928212
3179342151
3355705473
3185432522
1966044853
3200115068
1078082288
3547988056
2383212084
1623526346
378369435
3548126056
1055714905
3435607954
3546204621
3545019136
281105354
768252547
3485228249
3352455957
371755195
3544846695
2999597115
3231036336
1555935128
3414419289
2147811381
3308622922
1432829922
2717177668
3374927015
392879498
218627734
2934053257
2905417549
3494029517
3240285150
2869163943
342396983
3535187535
3412523116
3048556963
3532429456
2424291842
3047327964
3526740737
3428731636
2737572620
2282994044
3391900758
3351268099
2907235406
3351844814
3351817340
3351807134
3351816433
3351833353
3351177133
3311061607
1756230284
978154158
3401688323
2181119890
3351219679
3414253230
3279537157
3308289812
3186899865
3089027179
3502583836
2853359594
3387715274
2919179064
3494211441
3363510433
3394848972
114776751
2269528470
3232538779
3472175063
2980092208
3378384972
3377575752
3276372949
2979995015
3299541516
223604189
3433884933
3239308170
3411015969
3411035879
3236381671
3307909317
3344745134
1673035759
3295321306
3303109848
818189486
2474455468
599613068
2152530046
3439427003
3424320142
138360287
3439309833
3439230891
2588169157
3337524133
3439115175
3335761452
3438719272
3438413151
3328965324
2710233014
2692178179
3202406493
3328353434
840093115
2556193729
2845398801
3437729368
527724783
2259907224
3426690016
3283864506
3412324689
3261351525
3323407988
3237969086
637289399
714918241
1238188694
3436114725
704152903
3435576604
3034429268
569869528
2352033570
3434671415
3246684661
1281342145
432094234
3426930928
3435042705
3302507906
3323237886
1535218099
2817010453
3101869209
3298389122
3424885665
3430387258
3013841838
3273594247
1660023535
1002337962
3305829576
2792574492
3252220470
3160190209
3276378650
3265510052
593928289
1939110636
2835151058
3320489160
3283928378
2683162316
3271485860
1607073990
3433299886
3190942488
3031564672
1686715158
3316268419
14608166
1958348737
3315990624
2383510263
3286843278
3420965422
3193068996
3315100326
2267364790
1480884738
3310872997
3259550168
3402057365
2328834479
1412560891
603395355
3432079559
3356067741
3421982159
3177801252
3313907730
3432214330
3428435751
3320671988
1539002436
3430177349
3427965371
3306454404
1476999306
3314656500
3390097115
2559341305
2678751079
435332812
2981130959
504623941
3429321688
3283856912
3266568314
3308738202
3318720812
3265754678
3365299336
3145341976
3290543785
2349051178
3318053437
3417315622
3292468123
1973554664
2431161389
541880069
3347346898
3305090853
3420891232
3314437033
3145942339
3166910401
3309805512
1490309780
2792640597
3232588644
499582975
836140520
2177049810
2336339974
2957648234
3429074325
1007786935
3391204067
2486064307
3365238040
261619831
3241660043
3305253402
2875091972
3279946466
3103004470
3249106309
3138424054
3105579122
1089314689
372353827
3139212990
3352391979
3431944283
3279996006
3060034805
3320565770
3258388987
1672022892
1201236182
2845050942
1134637050
3318247597
3320599315
3429044585
3173782660
3286563278
539410290
1622868673
1941708781
1027045177
3165213632
3305772103
229695316
2925689438
3161034061
3285000362
3425543699
3308499240
3146442198
3098442937
3403077627
3431470750
3429824223
3316775864
313808304
3309959358
1570082275
2923768792
2533241919
2348551904
3134149651
3220919540
3300814800
2800469755
389430246
3317625962
1322131040
3077994541
3260519539
3386310249
3320569969
1903371896
3196570322
2830327314
2399905364
3390100096
3431928538
3315428289
3197883842
