81475201
2755716570
724745886
218555715
560972451
170404126
719186113504657409
1863665520
3227204152
717830401520234496
2996321914
1007460860
710835433471479809
103432674
3252395629
709845725048410112
332478356
70155621
2891222692
33912994
348757618
206411853
3869447062
215816088
2304523672
790175954
17683068
25631102
3682627938
42790254
523015152
487271718
16128734
2158709949
1944618948
1917376441
162563887
2228740526
2639650199
3213655912
241779967
3373438474
47468617
3051429306
1226397330
3340168204
3235577516
3240801937
630682059
1549163797
351356693
2721944074
17303173
