3950586455
722163608541663232
722142412659945473
721821524357996544
4885342089
718166897582190592
4404155417
4790477296
4897534624
707265595113345024
2329742330
705813496794054656
1556463559
4346268868
2357292907
625802895
705539409949663232
2583629064
703801018572783617
702595683031736320
702614118507925504
4789076123
2887869060
3314479822
4911312724
848769188
4893293392
2161870429
2441347949
2972656066
532816940
4848430585
2943079296
2429695189
4822337775
4851030790
4842609339
625016581
4805548407
3083670827
2584101060
4706679331
2422529738
289148331
4617345563
323394467
269484729
3569734827
2382832904
297258606
4166299018
4145931449
3336433618
4114827369
176554663
444163386
3322824021
3197753105
3025145457
2465386394
3357999557
2749948576
3225317811
2743980741
