28225894
2927016225
1581487489
4896887954
4418796852
726052579
41889880
720292546778279937
50434933
15853191
3188218357
2731577940
4706521643
970942356
718908226834718720
582759042
2903271517
312749116
708746968495861760
478189979
3149939219
3284571116
1516793702
4359214092
36435104
131543835
29097048
1338765866
1049048922
1005090620
919138927
4778655459
1025331505
1226302873
2761051358
4069032291
33537967
4473309100
1483979084
4194622934
1641315482
3611828952
22156239
1666614512
3418610958
3434879824
2978511705
439386567
2780679343
2900876004
2511492722
3245498766
3294832163
3167525948
2579316613
1505429964
2884834355
2992483018
2160917304
3122534795
472224547
2279574674
3073296342
144749721
18753812
2245692884
2563270747
2436611628
14550649
2193013376
1576639231
1901523752
2967647850
373947240
1552314002
473501730
26800591
26884501
2906376576
2903973264
1217316428
24614425
2890067114
2888121397
1457986944
1229003287
2764498979
2200531225
2780466959
36544625
435870985
2597674056
1210241935
24367216
2631720711
2484719551
2513056932
2459610476
1080487848
20562118
1059097856
2392101360
702045578
2392254700
2332722817
617395510
18145560
148737511
2310851258
2305408902
18169638
2296284660
2300744184
419311690
1345633195
62525856
216094506
14402504
313119832
37975089
2236929960
2188345705
2209569253
32632790
1950220284
1977147494
304187532
714463080
47225559
1848844152
1603779566
1448711154
1517401508
1319620170
411262519
495060638
75129770
141765996
14696619
444926926
1118166218
340753505
1075421514
226345107
105894041
805991060
40889769
477544598
242578119
1004432863
63174700
782527562
561811917
242996136
948001879
984951314
516839893
453064783
572922133
832131354
90373878
578300333
819757770
842387677
371613828
788449358
152797153
217889217
614649435
175592074
442163864
717363427
532433448
27161695
365667525
622136223
432777944
396235544
13914852
21703127
462980303
130663138
51183047
320794046
105876005
576442350
270491157
99355879
382817284
357892265
200263411
51893671
516981744
146871293
234031282
15726358
17968901
214253906
316602249
441977644
137844573
338266477
221254414
219372930
502020985
15066760
171617461
35237954
246433507
366981391
223659347
76715676
33957579
478290686
114056219
462277919
290736692
465047935
18521684
451468268
448333552
442889900
429189059
450439939
390508091
324474717
69303450
409808557
59970213
128885103
233163268
14914938
110537145
403585672
31557552
414396349
304498596
365490774
263469277
397666305
15597301
28855931
254337504
47638837
20714308
163964664
232121196
377395266
365284921
269813543
382856834
382128350
28409874
364137275
37022841
80441410
243008617
370243793
352076374
240984375
289962466
156426797
25917291
23139698
32143539
303923159
292301373
286015933
100840830
290112477
28367409
69234969
281823986
72051457
277464770
25068089
32613223
45006009
254152186
88784868
97485745
6964562
14793374
14499671
141011399
234465792
12845072
117909534
30766831
15625792
15482328
176200935
224321860
163291156
237396732
228127340
231505913
60626042
49695056
15860227
58109576
226621502
16297799
16606298
15023223
93992617
21144805
214875707
133953725
36992297
74841997
136011837
66116463
151005120
44616049
34905414
55926025
16452055
19157776
16249752
43929449
118803704
210417746
185434303
213468544
40595196
173666941
212134221
207324554
204971604
211857601
189898625
21606238
115490770
202912694
112034688
193959278
50352315
24222153
182371215
19154824
136139046
52772020
19395857
164083208
97750840
15184687
29912694
16302309
23105969
24668855
66787678
120361999
39273293
16929638
115435325
168198270
137127521
136066069
28013375
26379516
123323332
75241683
86603202
100344068
8324112
106499490
127528459
137174096
147810477
54232479
46855867
86089288
70442490
97314402
42157663
70916202
97120982
54580943
135606297
105248219
44174340
104072512
51371309
84088640
138824345
68882530
91711072
19685466
87227342
131597828
44247586
71934383
101365815
42141952
15410351
111126978
43974168
135235540
106464905
72093816
28160366
102179652
15233394
50674272
59063188
17979286
61269455
77063618
17435226
132954588
44367399
131248810
117500616
126807343
130692415
115781105
121084337
122479283
72426776
20742240
126831492
73156554
131678732
19096272
101287379
15756544
105945323
15845247
46921207
103968309
119268092
99124339
117968606
46316451
103883063
116335876
74813941
15632345
81911379
46192285
110649209
100504739
101306191
95276049
103645649
19901303
106612033
17809507
28354755
15027207
100706824
33480171
90677025
14803701
66906405
71726613
101856000
88774063
66907094
31986700
57590371
15785414
67299539
14317963
24937415
18279004
15010370
14278708
33138101
100690133
100151518
18725854
13800812
95331621
25696494
33377409
89236101
15507268
30584571
30589129
30576937
