349408518
332834227
4855164370
4896332813
711662878659637250
4902668446
1397280451
3434643148
1651560704
443919609
3232183155
558947632
2908683483
3310585541
3247206064
2586952146
2560183050
3232557785
2181705806
2929164948
2884621127
3126550715
3111896273
2340953102
456334494
1325067170
1462630290
1326120032
1138144783
1633059114
2770763237
2680909950
1295445637
1834738988
610100199
1278935299
992216642
490960874
2853754392
2187407162
2303317560
1018324003
1275738697
1540204896
2716230224
2792859412
598329265
1332439819
1130037218
1931911632
1051761277
1393655222
