719923633850679296
53162920
64357440
30681986
723307674331418624
999453985
709492573421764608
711236893506150400
17109615
83701522
700474644781002752
349946733
719020858027741184
714174540796985344
2391736202
529555835
234996840
3364754032
944145019
332128836
24431556
708721483519025153
23049758
28146479
723447238685417473
4153263555
2905252384
974361823
718399716162203648
4869776986
1531911318
580857186
4230652702
720158727391862784
2449252878
2927016225
458322044
716163320219348992
3407890707
23199267
143053356
1170835550
480500298
3321777673
3367755359
71796971
4676548814
3110353779
51648491
5548212
343751045
4853820677
713354963926188034
262749118
2831453256
111225697
709497411144523776
4808515275
20138128
1339060338
712933424500248576
717554036510068736
4335525913
965441642
4083903502
15995652
720165177103106048
3477368600
709018942904340480
2926128044
4843620220
260057252
705446574328057856
283193411
3466388606
710683615227736064
3158234814
2905783012
4432617193
722110836857176065
364046332
87374085
719880718332137472
3207795520
712270964164268032
4910320040
4587681248
722697054636621824
4581545172
3066382722
2416547862
4819865003
142015635
3710316615
3584464992
603389803
4499382678
940209204
1954700767
2886363701
719582240196308992
33079769
18027155
27867738
722377761633927170
2379943472
2616496033
235337115
57071809
932642034
3121909091
4344428602
69739698
2884267918
39674993
29530235
3313043539
4828257199
543483455
834138734
1911619351
4890187717
303892169
708790270590980097
3481965513
705441494698762240
3392941000
343228492
706742744035659778
279167748
1548975014
712832811334373376
3290543735
713656089112403968
718139901
722409689762254848
713768020284301312
1023829232
4647144973
1185048103
23433605
14651447
1351385318
721168994305253376
272918023
326441040
705427858080948225
704211325619036160
1952998376
294191031
708380698177085440
2290504362
410170867
812352685
711977155542921216
298317641
703341006419177472
849862741
2849954968
4874948752
3248410062
3296504462
177291959
4829174506
1645883340
375864094
342999231
708227058393030656
217551787
2738201784
713397584786624512
709167296787259392
54460294
2186440171
30509664
532603860
325172592
1435725865
703685327882289152
512709279
82383649
394274636
2365954740
100806575
796192536
25477701
4893751354
902319876
22297480
714522046911229952
81602176
3219094901
39753444
709479371380097024
712884008535719936
714202855666794496
708391853251428352
705229345745276928
4725039378
4478395109
466192453
1343300730
702240933413257217
622661135
718834655441657858
721371169300066304
4278386653
44651939
2386769874
713817777509765120
266297471
4853913459
1655418288
139438330
2484882792
709701668737196032
4729317440
1002252854
32144891
710212758466236416
702195766459310080
3409498392
3634747458
17131970
2753238146
701110529985613824
2944758356
274891222
4784596178
634429167
3121801276
701553061144170496
2931638989
740557982
2678371992
1634401087
4908639453
98253781
3368733712
4608800908
3464860760
20336516
4431286295
182658585
3837213803
3184471478
3253946096
35193681
1580956490
291709775
4479562812
711391554770964480
353550930
2426391452
3884374874
338819390
4808999154
4893125805
14325249
352963308
20831969
2891474527
16542382
2438724661
713129336413495296
710233887339839488
242618658
577512492
52473445
968299640
705908642483077120
105207569
192749697
271173459
712772376870522880
2205261256
4840937793
608792372
3216355100
4479812413
291513513
2986065900
11108762
26849134
3590632753
18732759
3319501608
501196426
718072137060364289
208967993
16440035
4721314272
3753356896
4337261232
893338705
205527132
389078968
90748312
705490933245149186
317561814
109301353
41304930
3282574056
33647341
933653886
102108884
921533490
222659560
698562318351863809
135577188
4417524793
61049859
122376915
702069824705265664
4764133452
472653951
180986738
94215036
1045854992
713311622
186278633
714538193513787392
4011622601
27541864
712134697585922049
714217395347259392
1534852020
322845993
4893650303
1516626181
2849543985
711784627686387712
720335136
3405505149
125471278
4914539795
3105723744
713771111490658304
2594247193
26526677
1611486936
4539383115
3545938995
3245070880
704118743056560128
633875071
65455370
135344025
788458608
4871555331
2371305157
57603422
3785203332
4428480594
925666188
14222871
14297098
401898288
4902507287
1390349509
705602461151571968
2461538374
18958655
4858336276
3232252951
2583039313
2883453823
3115803876
702712957315067904
913138123
701233079592075264
21424262
4556881220
2760050529
2808451328
800922559
3343531092
2866510331
19240599
3587441953
4870894643
3249481215
388441407
398860319
4687587470
4847502181
25539759
714968903105941504
4417558281
2482214808
711772079339646977
37431585
18772468
292778552
714652633256976384
4584443975
751732675
702178604206178304
4865017525
710990834972233728
441063307
3178994080
4851732400
713426882302189569
3271901318
2788278833
2766496962
499230066
1083792181
2660095619
550987205
118269391
1562365087
4708379511
2356754006
81131465
3020719215
322879013
711391331353026561
4114148242
1041079664
2762897193
1345827078
703670485859614720
709443247463120896
3612731472
4507257257
439437130
4605113535
1097173861
4217784198
400161309
4165642155
88195539
18727347
21407691
48100522
1862373380
318182225
1447565911
44135635
4822536123
713233997023674369
14346664
88222637
4364693417
2431253425
411525878
713541501632970752
712011005144883201
4785202752
223719518
713452259150020608
185635130
15693450
2640973681
2860682544
403748836
427924454
264715277
414361963
4372832836
4593518204
83102500
829366202
440465168
710639096431927296
29113206
305547528
4050029892
1725530989
4106597901
4706270920
4895186632
702291903673298944
229099779
713002170757550080
2835550729
3053086056
776180634
460796822
712797643496226816
710920492354416640
2943204281
1484354562
710862927192981504
713227673560952832
993036073
492991594
28154792
709002427278737408
3321869212
2232536197
3346735799
334288260
116151918
27695678
1030077144
713200583113449472
711738297278734336
235233670
4622876853
3104028792
189242371
34755858
356434482
65279376
22719849
704403215127674881
61305465
4897488844
18993272
75736238
24921910
2767912537
4513278821
4208212437
39306004
114937577
1951869001
704523480755249152
2410109210
700698868799770625
890236020
3441941892
705829910779006976
2764242773
4216837066
710998180117159937
3786656837
710317912377008128
859125680
4513070533
3430716167
4821135339
2950059586
263161940
711930386062778370
6108862
38976390
2989323842
2799705294
711787802329874432
3192654130
704006510523904000
4512909496
3136133931
396307968
3018331781
4216692035
3100086245
2203400720
706366165077987330
3431524759
252361606
390877754
3017071050
21436506
23691853
703535588180410368
1567913060
2932190441
3261533147
872125404
1656070434
25974930
2584233877
2841661485
4207412685
2910197944
3759407121
16464953
3180104533
1411020314
107012365
4915927312
27246723
4880804956
514441467
435498663
311309381
4500530539
3376796075
4839567549
3310011989
3320664390
3772895061
3065353188
3159920865
383025624
74236071
4596353294
4501660992
908203088
3410689588
2174509045
17171142
3951491722
3397826081
3192848121
3309841465
4479556872
4895361413
794492185
1359328298
3012706790
2764770081
4338733993
3959149512
571248847
525005120
2911285238
4860010177
4882957714
4261744219
2782591867
4349371995
32503885
704405745316536320
4305818178
709058589478903809
2216736289
3861733523
2288632549
272783925
82149309
695732179582771200
18817087
3286586954
3042173895
183477012
2154475518
3010492622
2831988279
231547812
76966092
371348311
703154628041412608
39584513
2604953538
4699680390
3384930639
334432912
702162686126247936
1291520984
704387154416422916
4711094473
602954914
3031838684
3899481526
3312598023
46315077
56089093
3214736175
701541169084248064
703303258476036096
4839403219
3404611078
4272870988
4851500624
1679118098
4922884573
4498156119
584832007
131262336
705552404348084225
704743791874306049
4869625953
4895457413
2319362190
1191779618
4609452674
3233441451
1912292184
4910801009
3232006107
452624265
600970489
25314325
298581371
106822606
3285819409
2461998402
4661254997
3389313034
4598876352
465290310
63354862
2532253980
2916054140
24081461
3795821783
4647416124
1958369228
165145111
274025383
129801213
2747865677
2411456959
3439636402
2998451675
153966123
27200364
4851595163
122166624
705337532792311809
2217039596
3334209039
50980914
1092466662
1417837621
4515014477
1066207495
701844305560731649
2934850830
419081441
159558751
38976017
29854671
339832905
4761064634
4879338880
702602725536575488
3643283116
4891438977
2937602114
3911057572
4085135908
989446776
3108359848
270679712
485373368
4815443986
68247622
15674884
1497123636
283543540
4232431215
266378369
997656182
3026426517
11892722
457756603
4843763159
591133486
452151127
2771601152
3144695816
4216126756
3290186977
2678090893
4668331400
885794670
2749858280
4415280438
126130140
47548687
19569136
568552898
4323735923
2353742575
703217423596560385
3879759869
4813249943
3016854522
400128084
1579287858
4870175943
1284943735
701233568962494464
234061294
4422984375
44129727
703462576991170561
307904254
310083612
2413480346
39288218
1030037047
3277908812
1034767358
4373699176
4605211463
2895710013
383269821
703146268135043072
1166994914
36241120
2647531357
3641827512
20897273
2500587222
4190684242
2395415778
4420887556
276712789
3421419371
3390129334
329202149
23305759
1911303422
2543354179
12181
29701371
6037362
4005006215
1200004124
3267374664
456174137
3399043193
700413464817311744
15407602
142342983
2500180849
4264575493
4917321249
369352648
2951577298
2803431394
2800810057
3406280445
4105765714
21283508
575451460
443738807
14742479
1004075138
966358014
473285651
484383350
37988178
3136047449
701428058369236992
4842938505
2486252210
34769913
4340689887
1551661933
4739536996
2311466989
4550168915
28830480
885701209
907160767
235228857
2970280557
4174320137
262832306
481466658
4861869505
4049098757
107715631
4378176256
22914767
619418717
2801695127
4816335915
701545797708554240
447939468
4236806414
3018735995
4669097233
2550649962
3224841256
621459119
4312597277
286233279
377032968
8658682
4196386762
383314897
3363370280
156254349
2394624246
4847584199
229338913
4364549596
3309041036
4195626015
4698344575
701169378583121920
3416153772
521017945
4865001923
701106056856928257
700800823
18042278
4386976042
4847310444
2749815772
4828311314
4486713677
474602875
532478924
3002383043
2942103901
2535507276
2786464631
3980190357
31300767
1138759182
3179209105
4918685888
440129269
68145823
86483454
4915843939
3115981435
500328286
3021829272
3332044263
16476840
3367261878
504849826
39296847
2381312521
2429610145
16688896
26492823
222433252
2193286309
1853114688
4855097572
3420435673
2785730660
46609664
4424140333
4913810798
1969493130
1329723031
4884762127
14720411
21632854
4724594251
716393160
3326187034
2804581480
4809201140
4806389325
25888995
1002317977
3372908926
4862031445
42819565
3905715985
3401503871
43157410
72426152
3320441066
2428303988
97728804
2550575082
2214755390
62919471
4873908479
1170740785
4486488315
3624476121
18492940
1064203465
4636491318
4182380774
4845536577
4915775547
18953266
2945359946
164386441
4794935342
2584811341
2828486491
4063268720
2982249556
36395031
368545981
373367371
1359226843
4850725634
14873984
3622904116
4860117192
220754622
2883864873
4771593853
2793009004
3580385187
4806144210
4222460043
3043761461
4906740262
1087021746
3402935435
22209201
4863577977
81998705
4197860298
19210640
36032320
4883806773
73424051
2231645670
3001409695
4846457863
1436253486
2986338775
2201941
277355403
4418675175
388270104
2806471906
100638300
2419861154
51384135
617761919
4890282926
404780488
194321816
135456764
2430889214
4656299774
320828114
3567976575
2533730178
4447740432
1694904619
3337133659
1259906438
1338765866
4759869853
4452743837
4423704915
4168398995
2361944108
2856385387
1622896880
902437928
2869836264
815493158
2770046426
4828469940
1883797237
3063383900
1186418665
377094020
153581216
929963226
4010552615
91673645
193507567
2843872435
812215344
28611453
2391767420
558252030
2291645455
3164117660
90722926
398736678
3373263501
4776566305
4461154818
4777108350
3752079317
3958672933
4163939297
4814233417
4260368123
3646291995
3041623413
3270341821
4717892303
1681990416
30760896
176406752
1932204139
4337651662
4768762815
3329659300
316919641
2228921292
488829795
3016055695
3097169659
3158258348
4075000398
36210793
4794721711
1568900971
2429552491
1703334067
282741821
225222974
4593088936
3950694159
191677608
4710499710
3995804495
2765510013
141397499
25251653
2872200096
823449859
4856770010
2356073252
3424251861
4879263184
491748291
407490941
1222585274
4736054760
1421960875
4636949955
403787129
1638654294
159447476
565214599
338291677
2540882036
1660771422
1710804738
1623180199
2587100717
80579719
33186312
176306447
53544165
624795117
4150140319
23636912
1898403529
2607804924
1460384736
77540948
4530250692
2490270084
4776117763
821785831
1963788462
4825803520
88168692
2973525349
2840798923
4551720146
4780090093
1442579023
1548183698
458214340
1072992504
2841683005
2855136498
4834688961
4844182954
754999742
3248036206
1120163040
2493628800
3214155351
2584659632
65258793
2303477106
293294124
4847548176
4787405551
3619061893
3363055917
175439376
624278554
4023303378
428661895
18315727
895706886
4861913620
3860300246
81438841
3719171472
872649847
1829841180
4108422921
3597510975
1106313222
4121081902
849342841
2906973191
4533292933
28566291
4848868272
4848536017
4714802202
55989285
4053675374
4159158432
3351719474
57049338
60179984
71102590
3310592340
162244544
4808336058
4161570041
19511717
3232126779
18000767
249504637
59785531
4841646236
31585002
2884852551
2931755203
1281671166
296989370
3581404393
4829230743
2227259833
3592503441
2845212608
1503642270
228950067
16557667
174618314
4634265353
4597457008
1161606157
896972016
4821153125
39003445
2465245849
4751570748
44382195
4808610972
22957337
4843914659
937977728
3189224460
34591763
4761512838
2955599813
3005920144
3420823341
3371614768
2717676907
1337020032
142925430
898111800
4788715166
3362914971
898622467
4645487113
4834056454
4501795393
4860721431
4452448037
4723954610
1967028888
4835174954
3252185869
3434787843
1060938223
1216957902
1379501748
501709599
38300539
21798372
4764317595
2410866554
4849424199
195743915
181055308
105662032
22093878
19891390
1384996994
2229190298
4840275107
2675592937
4855037211
2490731438
198683606
2288723564
3161422196
1213383325
2547891
529368842
3043507065
3232700948
2262427622
51788651
54773913
911780719
2867737271
2236913876
1717324226
3376927462
1830452112
251339653
4848196077
1110503940
109960811
171649681
4855993571
3013643077
17593487
3882073709
2670737053
3741495372
493082857
873936690
4849970920
4830014350
22289044
4836715811
2937635744
2986398414
3713350762
2828425213
4795556396
4817759658
1247790990
1958035766
93327784
19939451
431123869
4485449057
381308128
135709610
4055906223
569308148
4809327497
3021405030
3034819504
1158501140
4220376029
1951406928
3665102236
3610934895
2893277578
4295554213
4806202047
4686898129
3911715449
4731237913
2942406265
1887528152
622592340
4831577319
3883154232
2688919838
4656766341
4847621752
43037025
4809178566
4809306722
98621885
2303687707
3733273634
4018499894
856830889
1134647833
1853261750
2851709317
579497137
4756935795
79168261
1619742066
3165121248
60763202
4844781430
268607705
4774174470
4813914716
611165025
2609025211
4109569403
4846889879
4160653634
2279678299
4438738754
15887107
2722914054
3303763184
3101923807
1437681931
83696994
3498146774
16492765
635464700
2368624716
142150016
3101613139
4704932941
1573077146
3045089939
62620046
1225212536
2337124771
16276552
74760597
3997346243
2965243816
1141336530
315207449
16884767
520976471
1606398271
402222595
4764035341
334840399
329141413
4826810038
4728365416
1422234588
4758150883
65788998
4118251993
1597555874
67206836
4567058965
1095558246
304061756
1912392294
4090072793
3017711700
2845602234
823021644
436795156
60006552
279612469
3308822353
465790247
20732140
2387153004
2928701984
45641358
2936739075
4340273833
3072777393
102520254
3387686446
2816007016
1423825207
168485883
2513811746
3002000970
4821457353
3318080102
4641577221
3032037523
3137920044
818411882
96860872
59943537
2732889329
25607152
52659564
252864818
1476461576
19218108
4839709475
860770044
89222644
4764896281
71807953
4660537167
3095443449
559329490
250034113
3408800658
46190093
2771678740
137859132
842374393
15972765
48935222
2241666690
14520944
2513527235
322852288
1008211915
4292036594
3729526813
1553281753
2341449253
49136127
1436790152
507765274
4260246673
38439017
832119061
833446135
3259468670
2328752058
3061683608
937704163
3313329508
140640762
3369019049
263758004
1724092626
4038522193
4786420650
631421847
4441628417
3272235950
4795413888
636279801
384943292
842217937
3428565077
402944504
501010881
3167409593
2320417898
3666738738
1950705871
4378590552
39790265
18907301
3948594622
2245899935
2886469671
1246880172
33035555
4496549793
415378018
3875866822
90888044
3153169857
1383429912
4831396469
3262957597
3204128679
34367582
4750028375
4624858456
232720513
835538858
19341224
1606466120
4458679033
3405371122
3149973806
878885167
233025830
225403925
3855719480
924078326
3455122752
27522315
29244017
4786337393
4214006657
1097105120
119161370
3302852988
21707592
1920623708
357080873
3294258552
20634700
4506050577
1963995792
403903630
2890424216
2528305272
221926929
3296734251
17907878
289836894
138463658
1251598134
2194393136
3279875750
3014979959
953991390
1284877082
29879755
3657829225
4514312787
824360341
1911043860
1188547537
1094362146
4780652433
571212190
3419749948
905019768
956807916
2595263312
2900109670
14134180
21308831
2964369323
912598626
2439532910
2440548048
2441763583
2440196822
761829432
990072140
167049771
282184842
1467681882
4655517436
271146912
4829344809
4144003185
111547732
22752122
538753301
3145989728
26496457
4068318254
2927377023
2162476991
22602943
392537035
2910562495
4594832815
4746074508
49057307
4112223267
24372398
2676550971
16989970
289754247
1253086296
1645835802
3718430115
2495686176
2875780737
2266426682
1599700260
2912690232
843665610
310953974
2973203949
4798030402
28478793
2839335638
575984541
615735027
2701640767
3903411854
142715397
3870717493
39219321
975217231
875097295
37963733
44113170
64432312
23299665
1834670928
2280915056
1883438930
317246039
3325471567
211445666
1387387604
503585510
15138418
25975551
2296911656
2992624003
1350303332
3008511637
30441143
201694533
2790966686
2490623780
3396688756
386721884
37630113
80793585
273208287
325980801
3430176958
3946915763
721241231
4419701716
66054233
271683765
4043751910
2438795529
145007743
75392146
118401061
2270543852
3083244475
2720435311
166938112
262998922
3337744786
451136428
4659654224
4436212516
4640878935
1072022695
19888921
84151171
3421294156
3597425895
4767898850
39107307
1415294322
3020446395
19500176
1137332546
2325067037
368544047
4018187472
4220373573
2178852662
90804267
252708695
1902631015
2845681325
3947278757
4686488156
1555331312
970240309
16981251
4530031518
4047931276
3282821233
4437775848
4765294219
4825477066
2290448346
243799350
400777280
75538041
3427182407
2795191209
100235408
2947164612
711669715
2703114008
4640742852
189306007
2581758266
26493862
1140990056
4279231817
930631981
846152197
3422704573
3229591910
22302400
4685637230
2152073689
898551499
78968880
541107915
3098277122
1180508838
3885469758
1327861206
3086189976
3771567196
3298358180
1486767462
4100137708
3199379567
585573270
3040427929
36048950
298255236
2565607694
628974330
3410475429
46195585
4818115468
4052962572
37383984
3957920723
3081853491
2780046787
2320127936
621620724
1155980622
4775810719
2730969312
3158979158
2810218451
751214924
1726667976
415236776
1077671984
2463929785
532542705
4771899923
1939110636
1027809378
1343305784
2598353443
2821213109
3003863477
264219232
46204483
3649522392
3193189611
542962969
313285713
2835162357
584236481
2451867288
580041801
3630185010
3633634696
700286457
41830277
3504423856
4652081858
2353439836
3329715436
2528833368
3045460991
96308224
4742809819
3252448547
950498635
1612148204
3737096654
1578569942
3166468751
4624500980
1862610973
1395839550
267726491
312433697
779110850
902366940
60784269
892071500
330508065
3688284134
89475542
3331257041
3135041715
373331421
248093850
4639360597
3933996260
2400769123
3033395936
3316081506
3007192720
90687103
1227891254
3288439464
25690056
37261787
1045017146
2259012509
2813596734
301017454
125665040
3677280087
4690614686
2445831720
3796326673
20212900
3267586404
3138338070
732045908
2911804329
3089276790
554006590
435509701
38348850
255645890
2458978868
2663801778
244782701
823569486
329688749
96307231
127030142
4787266529
25770408
825501626
753466388
3360388514
36501344
4433411369
3288731333
4389666737
3034782866
3181032174
4669476614
600580221
600581009
616311396
4152596593
1226500387
3413765235
22936237
3322087815
2559925034
1643303508
3308599089
25541576
61396565
4766124445
18916958
2315583427
3292682064
17798031
403171779
37283140
17799609
7548732
3033154947
4510289232
4764867800
374138602
2461942153
920528174
3541489220
3344562192
3274720530
2356549334
556736472
2686010270
107633302
3381596373
297457814
4122161452
774825306
2494237140
3048767793
864927037
2703695556
2937771363
3540983232
26287372
4761960989
2897936395
25685342
2927486686
2358039120
2892478027
4196436912
4764163116
72169850
2521049040
3233623436
880734110
379767285
89496720
3769802060
66720119
1357530816
3443909834
3442590492
3185488506
2719527086
2985037894
3279753470
435958880
47767554
2173016900
15698032
2459776777
3163292551
88227328
59461030
2480173440
4541243052
558909983
1621868402
4705405314
230435960
2735020951
2267796877
3179662599
285310648
225633973
3192587995
302877784
384330450
243507410
3548005397
3933590412
3418737388
267981911
552644843
2608566734
3200060140
15063486
4741013898
2980186012
33811812
4255054333
545603578
226192847
94620467
266752257
1064786995
339831428
2198298228
2994094598
2591365009
4806620679
4788387112
2560737543
352539661
2564640128
2203437643
3221970655
141189815
360805303
955994203
2729109958
3534236001
3979973159
240957851
2506511533
3082103783
3383239815
4506804387
4774387000
878916812
2836812741
1936536769
3248141375
1299803965
3951013695
38644197
1368500900
75020778
21119632
2907946629
3031942490
3260189928
3928189032
1424501114
858993643
2184195506
3266399016
50094643
3179471650
4255546514
26122639
4262632933
1895679738
1553356248
272114651
263962759
3261438977
4085110516
2269750519
390482534
25492182
230474638
574433033
2287098936
2850191787
2377792170
4595112861
16877999
19236097
197211761
398919818
4016869876
878719854
2203757035
42266389
4102376488
891114542
19365750
4062076522
4802169316
21044127
2611453946
563136381
2493418185
3394847123
60317232
2364616098
3438614458
347411113
3270287954
1167684505
575064907
22030519
16275311
19319446
3686488635
124371986
3228315884
630404974
31741565
4339754593
26271469
592244584
2717064927
2546952403
3711628096
1673139500
1431873422
4633885274
26876136
3264454478
2738482609
109782727
4798484002
2203768105
4788718635
2896790740
109192303
1717464030
545377339
29540199
77012250
3772913417
2422633351
3855063013
2203768531
1396422624
942448939
264204589
26748994
3115816309
4740620292
125813890
361859989
2469920562
84217658
76919759
3095590740
3345915579
3102060887
506287730
606785697
2541090770
3028838013
3703686856
199699465
517039011
17468666
3589992012
121656624
4188822493
557315773
4197546072
1665950912
293081735
2572097736
2885738746
19408986
71926170
3409679008
2842747879
284844762
3440548823
864987638
61008839
3195852355
2344300976
874117075
525748825
3269495126
409062401
3343187757
20118515
76538013
2149747512
2951159073
549181612
3166623503
4598401597
3306837340
1946033382
380725931
3424489361
2296723068
229291732
456743537
2287887180
3744891381
4735949221
2717629539
28006508
3633874334
4725342546
63767882
259059584
4719247140
201151846
129299681
60957490
2632757957
3256998434
3102112960
151757803
2323149134
876040219
290749657
2599057032
3255838552
3234206654
3265899319
2530039118
3198117250
38244366
2203704038
2734687134
2203720009
3416488763
2718609396
3095646589
343163132
1291118269
3032712827
596779638
2409242904
2211027127
613132047
91363073
1713036884
3092778671
3130178253
326639353
2944909977
3436173213
4280352373
3438317523
4783544656
3422158725
3324710323
2237237556
4499092157
1869664320
26652733
4379454734
2419937502
3367075152
102837987
1833228726
3219816631
3310128709
3300720066
326221932
3430781223
4530555202
89581967
2464756524
1146349951
104297073
3601445532
863569338
489020907
3177378966
468916175
2354199187
37945535
510409753
1343409090
27671624
2329283396
2423364223
2876016699
3530279000
3314758074
4181523799
2893095517
21440926
2786996610
120818659
1000682874
864313800
454515349
1241482806
395606769
1075460258
467810972
115681686
73408582
2295343929
104874562
965259182
15665629
3450486982
65366184
3245608933
22173790
4007921186
51738464
89277004
111138017
216172986
1683539184
2745608658
3083490650
33529092
4734134053
352344479
2382503989
526634900
32475192
787714244
236928181
20383530
3872826447
3077866248
25722965
374331041
3245554357
2708101094
2845207617
2577562226
2778138823
4147994305
581310171
4212594132
289066063
634595966
4056983819
3405107909
2271813558
143157367
93902984
2875247644
915137490
2535446095
18572616
913228118
25021862
70587127
2504839405
3309829364
2502542696
500102627
1228373941
285776648
909448512
2727935599
21471958
3278820906
812542670
269487992
1028647111
3327276157
27897429
1367974088
3245381127
112789101
3881227906
21343653
455579164
2894763174
332765830
930566035
148223322
1834201
893856362
1219906344
2394859926
3374494299
4587299655
544686866
15540107
4191583272
387638318
3525770662
3951033555
78194344
3396282117
412780348
457820209
314536920
2443823527
184383206
2484642526
2185040400
115679629
989746021
510120656
3289295713
428619678
67447390
4400997497
27799202
111388892
627341799
18143552
2799588421
4704976887
4229980271
70491757
2302134816
91493488
2927284436
3677742792
49859891
4100953924
3637934367
19479214
3020455940
2614696184
3830912607
126110955
4230384973
1852455829
3271255423
97912404
525670878
2912118236
28985451
4002299113
3330557069
740874799
231295638
4113220715
1871441173
2749368641
2812638431
3885780078
387151655
3075254828
331825712
4482514813
18161620
3306240758
224005957
172852209
2984727962
2695810070
3744122597
20347310
3376781080
3309989336
599181271
461747789
3273770852
422236944
2864750405
1253299322
62143772
3424711689
3403937658
399745111
510245805
1550449868
3027052225
3283723057
50174923
1494835716
3260501809
4011771015
593700012
384944737
49217766
83312898
4259633173
2458713120
2203782530
1488993624
16606038
28885875
845996948
4299954755
992193380
235226095
3075925857
49135957
709426609
1078094414
4679513822
4718982143
978983136
4521230002
50072011
2512639418
525630064
2209721096
2402241228
431071870
412441200
3808196833
4339536552
532779124
37725032
4213183510
3184571905
2534195028
1556853488
49518404
4633814428
529548712
3302760739
21965432
4488611353
2736592965
541904508
28676724
190589983
346246528
527007725
632372819
80137123
802994066
347057474
37153105
4291553293
473541236
4154650824
1013455002
14615353
15722673
2209322498
515597525
2996533537
22099720
2830633113
483771071
1003495159
4601314599
4018072392
279134171
27835263
98967516
2590798238
1317821952
72350324
193526006
2851238004
530921102
26563525
362170172
532021170
588192356
3644296515
122737652
4718983918
634114158
1251812930
26556275
3884205253
838550334
25268310
263471041
809904438
1337093174
1235421986
2714079919
2790424051
378054350
3344290455
318985375
3917712253
74628767
823112684
401748480
4734316675
39242559
2449650492
1959741181
3617403163
1356992605
3791828833
2766518333
40991755
4495715146
2918753498
2386014535
466090255
364844072
67657700
1564676498
16552921
25713562
21651982
28161086
19850687
4558752015
76514412
4758684183
3179872890
4090756337
28918971
4437595465
4586373973
3277814538
3314535722
3909925639
18905238
3250141399
2319339266
3273222469
29531485
2878075066
3495856037
2975468251
1942253473
3293741005
212097279
3950481494
3260503620
3884598859
1689882661
1518784351
162786595
34434801
347976255
2904475109
1173768188
3256851691
777088074
3006597155
2471373595
80601437
18124830
88550047
334389274
1880936238
4665987910
169629177
4510849520
145493182
3766084042
3291585326
4141742472
18746811
322890279
3756112462
3325070438
521099168
2369506560
3709245494
2828705712
3177446736
3539369717
3440895073
1200713864
90408018
3097980227
145732922
34991028
17327882
1696453537
365004530
2502895924
4715438292
294203162
606936168
846447662
4331687848
2895094386
24305174
1317487885
35216399
3239597961
2270616696
2998482143
2572117718
384021224
2567146231
2329396765
2434762675
4710415097
3706069334
61940938
19173608
40999469
1084103533
440287004
2223706189
493307851
1876900698
248015689
2651716056
239760871
546063497
846477216
1099542679
703561088
2827148094
16425672
3051191346
4622374822
291941733
3008850368
2805944361
381928602
2435903672
2470248326
108688171
478383774
2203779343
373018802
18906599
50390101
2279881490
33792917
2203758170
2209486970
2767697713
397153645
2845849081
241273903
1594875145
492076394
2740399876
1145998106
329314356
3691460661
2685199019
2854752538
4083275295
3790035733
4215753372
176336596
993682698
70156027
2929047837
2527828914
570005456
67926789
4687754948
343772856
2668286088
46537726
2414488268
17793105
71853682
270636028
1887672271
2161491157
2327706199
247503994
2828223591
2918928661
2148299336
3190936736
2650147916
2921084698
208568172
4405711588
109262531
1642334412
3492488909
202464896
24823987
1096368456
3006418240
349582502
568521829
2892800704
3013925645
2437693919
626095261
2691246493
2754897023
3022045469
4549415957
2974050191
2290344444
267264119
2185074558
591161523
2376185485
593871970
3428718071
2369189581
382910487
1859519149
18803462
2985438850
3013926826
3540252020
17192613
24935003
3013899711
108418283
273672451
3008665736
4142799820
3012911020
2975906151
2798125167
228134082
2820698089
2973873375
3015769804
2974060396
2974011682
3408166091
2902585625
522132942
3276478106
1075681177
1454229751
143728772
4705807278
533712421
1458971227
254732884
582117613
2256840859
45156531
4440072978
3391039258
3300205033
212302405
4650323899
329463466
932723538
2795281572
127499705
560642410
3161660191
3193497678
2313099380
4452830716
1125937411
1589598432
3741231561
2934389163
3153958867
164322849
4198222373
25169797
3389073989
280740389
49372625
11622712
4505747452
39777052
3300487135
10207502
200254683
187513512
483426850
562372370
1674244704
4441531414
2511584504
3872883089
1664133018
4416452541
3990358228
401537584
3383094719
619345580
291874773
3836008983
17364058
4339479677
174316096
477410739
202729390
3356152332
4690746560
20830344
54153498
593735572
393190233
433412760
3441406334
3308560736
38351186
2798656723
541956698
27789999
4499660375
985392086
2417844248
757172814
4105815614
383418826
3244962238
2900676900
931133336
561310591
4644632429
3062997698
414003816
836305999
2847122793
2964091580
3661168817
28384772
1552100222
24443584
3447710843
26517251
408219053
545556451
3795292154
46302096
5644772
3068102708
3335133237
331467423
2865078826
3682277833
14322840
4364867062
49424542
22523182
121624263
26834837
2826845736
105295143
572753273
167414897
42903387
379962842
56415625
57388012
1688435078
3107509399
235828046
2644425311
1959451087
69685624
3185725238
4479325588
128073024
820684206
14609143
3331438299
2176469491
2735511486
2329210838
3894252623
4656927401
842217397
4374879508
4520826754
789599245
3622251449
87277407
54769979
380437456
47498097
2482628143
407519628
1049681827
23110106
48887254
4600239675
264268489
109297816
2181356725
175344840
387712782
2307021294
611350965
629411365
3313779296
2223064093
2947310417
1416794803
2975602937
707242468
21812268
28578720
725009083
34392888
2541156008
115945502
2434306537
18305815
2748845459
58966831
250922773
26278305
905374200
3083467741
3296436979
36443842
421863694
3047674401
3402833292
3001664273
208822341
239339074
567626521
1061743939
3005713017
2429083328
90445312
2906962900
4005375497
3530476579
2230505592
231023430
4508630900
537904539
4214995037
15650882
346924655
60699354
308997977
2760878430
2501559841
56449803
2255316241
461576749
4520190074
1905010465
25673628
4659051853
1890733550
24796255
3524510721
883336856
417451460
94249055
2816371
2899568855
4289431230
3067258507
4224729994
3530718374
450062327
222691723
288629888
4068142025
515154835
506864606
629482056
3893162519
557444210
561802635
458909659
291506429
785830202
708522042
30719558
620451650
551644827
290097255
3239210067
2505217933
111832673
18316855
284542517
21702932
1104124604
478106866
330624184
1177632823
200163987
2148328322
2157521846
15400055
380109984
1020857448
2574001358
28197573
1265831268
1905292321
604486877
2997910595
460848476
3580248555
2919784131
4345523654
2206912764
175500549
2176367849
559977174
603708824
3248374263
28465478
750703231
407130574
4049454617
632985793
797557909
880237465
2478015324
531351424
449110269
4355797094
903377622
821788418
258004232
2595280141
2732462617
22541245
3498922692
2472722514
68651418
381108914
3300781131
4494002067
2912754262
3365204374
4437444442
3034813220
29789545
2560164125
3023037872
20674137
4547869279
18176907
150518148
4522565452
1253135906
3059114071
539626435
2944447610
2958258414
2790959929
124163000
3313692566
3023136785
194619305
535602854
2931029238
3293539435
972909709
158060289
585300134
585373512
1578095880
4313851815
534903573
3422875404
4471584995
2903166449
1128075277
1372786812
98744163
22966253
292590965
2616520477
23205346
1493267851
3434421484
424927514
76050589
4518086174
18328626
193703862
198615011
833963088
3317212730
24716002
3593568440
2458410882
529562997
283765499
2713094767
2540573335
259466596
972268302
2853734579
4473336141
21588316
237888723
262709185
2564088211
1689378834
21718998
1618641848
3294572733
1641065131
779093905
885721369
2218437631
2207780696
59511805
94607882
115569945
1096901059
4540969212
1029560786
93776473
177564538
1122705594
379498878
30989204
1370971824
16710420
412311237
24486612
196871565
1216651544
1219144500
1415594922
885794358
233933230
857001662
2501522820
3769782916
192538987
19102612
69483012
14828860
588532665
342894187
1065869268
49964679
3688791915
525824812
16703058
3676940660
109441206
4463149992
2793018356
347627434
2695311619
1955132936
942868836
2483010143
3329888266
60984641
261749735
884304968
328878936
2602509818
3309861414
274917501
32113597
303074762
2923061842
1895922452
1035944538
930818888
4394715813
915594294
2312494016
826537184
103737183
88494677
3023863007
30197199
933693476
22577886
373703200
561654065
732980827
446228264
16047998
23195603
2496032305
236682033
298629655
4296369395
861712795
24222640
2481937027
3017752532
2393063119
208083510
885733974
1542335869
3873587412
2308954104
340809431
17648725
18882555
2657482506
25718382
237488620
89116299
2354367164
20118767
3399019600
2305888410
3334087930
3005762823
2896466384
24645354
258025056
29281855
4448538554
2528933742
401675584
501455648
21527658
36844434
3340096995
4013745015
4047439752
1963571004
20709117
2568166888
2372122717
2908646959
2494029660
2915619283
167467927
3253917482
590787034
3831922514
3144725996
4287786019
316423809
402231075
961368960
418423751
7143502
451855076
637274621
3612331637
3145373241
381830736
2796858969
1571128478
2585061890
1732848228
126903716
2267907686
1489703012
4109539528
3142463160
306155915
1110662156
19068720
262988366
390453764
3123413072
2383039039
2740563252
1228545349
262968243
2302599013
3173952322
979696386
4213860310
2614546466
2453562690
23714304
34508635
1402936166
2314968708
1402759699
3373187211
4175528223
2378128764
4150293771
17423332
2715477479
4159132546
93155616
4175682340
4175438127
2225947069
3100034580
2453097036
2227425576
4172058999
3753838696
186558953
3090743054
3959329695
2586842689
3138446165
207613033
3229837970
189965074
3262581302
437695069
29805706
3166031717
3315480372
1873346424
17388629
2317926254
3490485983
4004610382
1879257751
550155118
3388419622
198335467
2606054774
57440214
1582117950
3994505386
14239021
248887508
351998163
298319642
19169508
2288763768
1025473908
493798148
262959910
3185631260
623250794
2610720138
482199831
2444602713
327149049
3035839695
2558789632
250186533
1440404491
3003570179
1679318604
1170869528
26141717
234769937
2149209577
1350176256
17353362
96763960
2523132367
1679251123
64671449
274818135
35871249
34727083
1965244776
2908171522
380608558
62361786
2580340726
11059232
1092202778
284904419
255517349
1373523672
3829907842
273647591
270960794
569173698
1545471224
186966745
3059405970
3179417870
46985199
1535686650
217428733
219105818
2796902510
2327579196
3345734596
3568911014
1691150306
3246964172
2517781572
2886987279
924095564
147769300
44422200
2214131603
81457610
3805431492
2318155426
1491561260
3138355018
2810584880
218686999
2296608972
794198653
262443029
714822626
1352482201
1851574129
2944134402
3905341393
3702576373
3234130411
535932595
1123340690
480994264
3221288672
96912359
47193368
605793860
1338760274
325681845
54866018
444504775
34239257
285847332
3006561891
2437662536
361006386
59881621
3488753964
322848995
89447308
559523443
125771585
3407861572
1155614815
2147783629
2375024005
3810155593
48761924
2379035054
26304307
3785652973
89436518
3431779804
3221521050
318423084
38862682
23024053
19950847
2184037639
2692005319
273659180
2437687381
2478785696
2561145403
3001218342
27002573
2975601159
20944649
127662515
221793702
2851874032
1493986860
900480757
107987513
245632052
3273454476
980880008
3222870335
2148143216
391597344
703071348
3063645840
556232310
3344600931
3746710277
132521439
3516650352
165305039
3709753032
2711119986
261700621
155804989
112116879
3280060388
325843136
290962150
233596672
3317172242
3691940240
756097136
1368478189
473585127
2968970029
3601307954
2955045064
589049010
3755088016
158940540
2550335894
794750557
44185213
3354974953
3243253916
29695221
2468136710
275063638
95806583
2156113852
65097381
3750633328
10540912
383202455
186146733
3002506703
2242062810
732264840
741637770
3309898397
243320013
2271721831
913844090
514628875
343157640
2937327616
378943786
1433427858
1231335853
862496382
821325289
741495810
22353885
1407896455
3729403575
281291997
3017647172
3430551255
1418589001
2562047761
3636321025
60367261
3562383794
613721278
3478561460
2819974785
429159514
167169852
2600772871
2971054667
260574461
299204576
520924684
2726375347
3103441236
39291808
2384653423
1519852572
448685095
2809857812
166682392
2546383794
2580636774
3346724555
2223152119
129381509
435512486
42170658
1927066908
18857913
3611199133
1647170617
37246842
89357783
16832800
31255817
3306701564
108909114
3231384780
2518865671
167227039
1917303128
3038188018
45530858
122793606
3301912445
3301972348
15564663
3301882037
2266603723
471577606
28817733
3061209553
2543902960
3667879594
17544066
766071379
51207002
2594093873
1037414108
147887521
3318728420
3354736336
1601756221
67803532
1398194666
241674327
389322083
1067260903
19783075
2738415668
68534613
3253986318
3220643649
120538744
2653790918
856037461
181532763
3343677622
2943438506
7737022
555069599
1633044060
1625425554
2501963420
23061571
2289938047
3298588694
917922331
2277991140
221919949
3133222592
355248023
186744502
3108928497
30770937
123050876
35581158
3541851493
1215919988
2244268176
1150780525
180921318
2568187206
3036755258
3483862104
2435583908
2820287225
3428317813
3426150793
47863469
481583489
407255751
207267377
834117888
1579624729
3366089871
1543083048
2747828947
58469846
2738107424
250553703
188003653
2926441590
376537733
403195095
3284593124
3185553984
315810845
1421160662
77827483
3266427146
3247780494
3247450344
2538373464
3082404685
3058962174
1288081080
3016026386
2214914124
2344085984
3188205757
245101702
1545905756
3094707685
3086550791
3071020685
3027846692
2958822550
3019189843
1491320893
392733655
362422522
2943459634
1909390350
185887745
791619702
2859103222
164896992
2860703576
260399476
2770618582
2393392148
2767206339
449337065
2590286394
978442993
2704857355
1375099093
43153062
99371786
2713867714
2645785927
52295316
2455794320
22284629
284564416
1697922642
358139145
1879381585
24643507
2361950670
2353567188
2348315906
191454583
459490087
31539932
2264506621
2155250413
406723819
1378608236
896565588
31537242
1375505959
42280533
928459056
413670506
403171530
342884798
329380961
720249272
568382487
874843297
571335588
870491640
166715703
22823850
617525007
627535154
983225960
437042584
346009656
177001451
423583469
333563902
969128450
314904557
730245756
470496069
340110597
440062667
386204324
221848463
329223922
326458653
319901341
284802940
