707142124081258498
711497809434771457
705700932399398913
704019631770615808
707120737211928576
4465257737
711469590866362372
711462051265138688
4351078703
710451330498883584
4867656053
721430278493876224
2934198196
720845118429732864
41889880
54457868
323691357
724071192655761409
3118971311
714223744210702336
725021041068789760
723139399240699906
723526789339996164
3161019538
60784269
3239695884
2435816108
4655178213
4528699642
4688246894
344215473
705480309505191936
2371417817
2335858410
3689273237
1649462647
4725506001
4457298797
2208958148
720471415003181056
2343297244
2204273316
717074003953917954
2201055534
717061579720826880
717056665145749504
2275112714
2301377516
705535323481182208
705678699446865920
715506873617793024
418214001
3237889277
23028288
920485734
716123908504551424
3244839099
238090306
2434775070
2378881075
717072967482654720
717073713427046400
3863352072
717060423925833731
2197603344
716997422455644160
717014356848934912
715499839728050176
717013410765021184
715498261394681856
716996846959329281
2470736629
2869390008
2340388418
1060074944
233070040
720276864015667200
11623342
77575897
4751157255
3229657696
2944665997
708671343265456128
720522978878955520
3650645356
719666539109212161
3246217756
48572412
1585078464
722191358606200832
716183415222046720
135243538
721413337268006914
721417548609282048
133808699
2858858261
3847904115
21588316
4886201875
563109393
705135827123363840
705144720314507264
705141164698177536
4609063458
2555710802
2520748074
436821727
2650270941
2891821056
3595781175
709645952840294400
706053900038574080
3036090008
399599593
2796544337
3001394553
720797128445071360
582675338
190589983
3360646911
2415765410
582748413
582667556
719152152506208256
337803210
571212190
708970035704893440
2578976952
277805390
582678395
2415674455
2418979002
712554407976681472
228121372
18539631
2756115803
4544913734
2986747256
703459988144959488
107567681
1602467455
614627531
2612908405
720579916027314176
2803103316
794778247
4821346465
3323707130
4633311014
3221884908
3131889251
1915960878
3241980733
3184760182
499836920
1033440151
721579928299278336
703783925160620032
1033095103
2228221938
721567456620331008
4839999617
4904410580
3249140718
3141499675
721562138565693440
474270202
721559466622062592
3684149095
3122867178
720761911587962880
721557332824584196
2942401006
721555872938332161
2834683157
721555746220085248
3068495145
3646721895
357621493
713378979273519104
130342208
3870443357
701769979541245952
1526710087
4917866128
1346782146
3214205913
285115499
366244722
4252078995
1652557392
3064047748
3835303527
1147675316
4137977052
316713293
3301258276
3893795357
3048056653
158138322
2306807688
3390058841
421480745
3299841511
2704075970
175239015
2413636139
329505545
29874257
2218702562
2308015853
342690974
2241101106
764810948
3184887446
2762149650
3288544114
3109130618
1109259271
2893911099
3190020978
1615982114
436809623
507984583
480519296
3239639375
294920098
258196219
26041011
3165338156
2989694290
319136083
2798315580
2683930645
2845164271
2968046919
3064127786
3164117156
3119862055
2851534420
36335322
400252757
3072793067
3016736192
77777677
88723602
2427888356
1655386884
451832322
343886385
756217074
605449378
31270949
44520109
1015966146
2278378080
2745355048
378612784
2194786154
982106322
1688430271
288039606
1947800954
3120863540
227674814
2881100602
3118141448
2310172388
3041731225
41605520
52849136
1539314682
2752473429
26250653
1114010954
2440883094
1961255682
624556771
33923443
3116068619
95048954
3126728747
3096068872
1596282583
18639507
3069748204
1259921052
2963198547
2251880524
3124492851
2171283711
51271929
2296098516
2730802513
3048205829
2190111458
3104181951
143035604
2614723015
189136728
34172126
340495167
254175633
14870804
32178314
2379757970
141864252
513932954
3106070622
2267725633
394355975
2755037273
471659205
2465517312
2354045276
3102120956
2918213325
2729223054
2794024020
426222205
2929384682
2905770376
3011936012
183452944
471011088
874463876
2439937172
2300284268
2721288782
434497986
116306759
632706353
2863106919
291554279
2348480919
137144052
3017414119
16060050
3098907958
15658327
2844734524
825434592
2242504970
2995874095
2972102867
3043833151
2951812888
3018242407
15775017
1370961769
147808618
3120504011
3109202083
