708666890445414400
317978047
370034671
259183511
3285126000
4655847218
2343536924
61293362
725502522144788480
102539004
718015329176305664
190906140
2830974222
3362993530
2387470824
3906411499
725228491541741568
893834852
400872693
1379370464
458344755
3120930189
28629804
357895797
1154760254
3395135895
2151977851
252870678
1020130411
3118302822
1262415534
2968208538
315128036
2924912770
4903959972
1739446189
720157580371300352
2236852045
707128401505689601
4025382082
4638271776
701519622919626757
2882210186
985186471
122316782
723478159136579584
1673609563
4417995014
2874015152
4840734193
723130813269700609
3012591348
4678187840
2982516125
2709823502
16601312
714279020733587456
722782096335511552
44150150
930826154
116834404
3624835593
722378190803447808
526387527
3368729234
702449921094508544
720265411615326213
14542087
92415827
208577666
66536060
147491390
1345580348
721380663098642433
65577227
722156047004250113
1375860338
1431253436
3058237574
310145491
3106398614
40630567
361096704
2312478838
1249243448
3494143694
543199531
979402656
2535047917
3186479834
2978710093
486468358
854909827
1043939569
3256233452
15830958
2303053614
2595590840
110913750
2504760200
88240755
273095909
1125699540
869644867
50727241
1612111202
18319193
721573235439996928
4285522223
708305532746993664
720129892680101888
556035604
169449318
2163194754
4126501
1248585379
288036202
144657491
721376814149537792
76689333
57756217
1718528491
1616158050
1588232604
3096631805
2445192978
721126737774559232
26201472
246220733
18583464
1180996057
303957924
62431496
1735387333
171108524
2833235684
37844996
1598997302
46618573
4844727639
20875131
500577913
130721795
211382714
702472280442576896
720222178944397312
3186068119
4657117212
440107060
2563474284
1893861398
713005070313345026
17392100
130866926
25163231
780517974
3140609708
719180419590156288
390564870
1964157847
2454358112
125524036
4844440152
2201637733
204378625
18185124
168708565
193049871
567559739
3074497178
2464740318
82017168
35120520
874721540
976532502
716552913678536704
312688859
2885458916
2804118414
2986338775
715361026795905024
99351779
172370643
717531635093114880
86402018
4052648900
2346687594
19478383
96786671
21753328
3348358213
714073977128259585
711880734072438784
54137375
715301545542164480
2791485631
629207791
129477664
308774818
2317300873
714677202441383937
1316756868
2496873565
773688678
4744182656
712888257206325248
717322976530575361
3733820060
716980576419336192
717051829767417857
1076916151
598242424
239882918
716985319409582080
52956968
388620339
273320566
716827576749019136
4444055301
1659659906
57871450
199112323
2362244808
19011294
222401598
2771055871
18638542
337244639
140934227
43513388
2530373714
277528034
2899798458
329547382
23724726
50860360
2483833692
731622150
235718672
422199916
48115692
279957952
2463296916
88581321
50079408
284908292
4807706354
4852183510
3971911754
473987002
2339928115
3222025479
4833533215
14453711
3399451818
309119400
4911963752
82641551
384341026
138119952
81611404
57656265
3297876608
21420387
630383210
4557984559
586412338
4889208101
298009502
4249200496
4355677332
326710691
66620785
1546172773
2906196349
71635605
144430439
130170570
4853163494
3112169052
2833803090
125700032
4695389786
1026001020
703110087305334784
411548003
280981852
4846043554
2995245126
4779376334
72872781
4763839278
3792289214
4236921974
702058274464485376
84128292
60051733
2936147005
4401730332
2521890068
702875139382226945
1547502030
715460804
2731418005
593260157
188417406
4761322214
53455194
3683288238
300369149
4210182767
54849327
4603502352
4845007396
1480518638
318871471
2298029821
3114720068
4344199813
3955971262
2923411356
702566661702942722
2653129237
1240731564
802064492
131428851
1300521
3859082662
4637522678
3143076100
2452795435
848499961
306796617
119333237
1362640699
374383932
3064837261
311215210
55834100
2433527491
4856866872
228016378
4903146961
716611744693661696
3094794672
356030985
315504730
4468121608
703492396927963136
401898695
2858377478
469933468
4653968195
1366652090
3861206801
4187621474
127138952
3189963746
3791401032
2432333004
1968746610
365381872
53133972
3747210144
700588039261839360
4428130452
394759230
1229405550
463677273
3002961968
4715668102
2297296758
701347218494767104
3285086018
2158138050
4593847279
563716866
2192373880
67835392
215712846
322018975
4787965886
1622723593
3098057641
2909967906
2267487258
3990635533
1381053955
4430391319
775859106
75788512
4683082459
50011768
556142059
3286269715
2910068532
1324759813
716296950706937856
358788584
3312048557
700950103109083136
3933661216
4080619819
319007342
60665772
229929259
2664176217
20220110
2328451582
4882985834
3954412342
4743545233
247659751
88388568
2201364618
3067776014
4517806758
4220489832
1952181794
904244700
4882340935
4149103516
147915964
2408854392
3243130189
4469640142
1211056074
147626230
3923272041
2797474279
43505519
325385239
3223600094
3424479558
3319806655
163902530
1090788655
4469571017
65595877
131123439
2992261812
450417746
135506739
4703310584
3112185637
4463440032
2911495208
3020504214
3404780774
429093386
3242321988
4811820865
3146089686
4200053473
3230447881
2805865417
4211422460
380252203
3161946510
1165099861
3267897518
485367070
290595532
181443080
4906477928
86981016
703892185062608896
4753228579
2862379898
702175395672682496
2837069286
3115414004
331405527
2156956662
1274914212
3254477408
4850965756
3060064051
2828489508
447331342
103937931
3246214826
4498450574
35499094
4907512032
137456196
4199180174
3614084173
1032475975
4097255039
4094869876
4066058303
2915319271
4416311421
76259640
4575342912
548567169
289280483
4267937413
1314709250
4764005424
206118118
77659238
45100332
262797932
4902481760
278320046
325467241
2920530632
962139152
2199843332
2941533395
2243462684
1141970748
117664140
1874351798
561674179
4761648503
72270246
1944010430
1269721405
4408966753
4893931274
305580608
3231400466
704689267151339520
4672508294
3243847543
703878721795522560
4601580398
3387291663
553293608
1193044375
1343338273
482246176
1912992726
4486261813
140393983
3057057704
2200823683
4845758895
3235235712
4847740744
157259164
2919227064
3661136412
271279669
601579720
125021050
4773333288
443551305
58367569
350816170
4855178962
2739941684
115084226
4273857580
92448331
74972310
331076605
4201664725
562735983
1370229648
442401581
4080951554
3192350407
702873366202462209
282963706
2405928859
355125840
2170402321
1964312312
3010329163
95388426
766105718
3300072961
1665598261
518358364
4222583424
400552701
3475580054
1243554236
2793519966
935888306
3802508232
3695155878
892732112
4090726518
3357117434
2999321293
88355773
2243651498
3029616994
812110952
4905297302
71744567
335297812
1860097218
327278364
359278672
44370617
3919016733
355390566
219627730
609818114
101205638
1745403589
4788148608
4808711864
3321066407
4727395279
363730020
1388592937
1734946170
141067499
2823624738
2903099082
4356043454
193293503
318864083
4286540713
1273994160
2270213274
4801624334
1605601549
82790557
702459530853003264
3278333766
803933490
104464407
4641501296
4873987100
361338565
4803259154
3385670019
699977354655838208
112428464
2760251842
701410778188898304
4123098623
4707904034
57331960
4798820712
3120175608
2933170669
418484357
590649958
1361032500
583954590
3737059040
1013505800
593357913
2809694364
3287446663
4678184107
1947480530
3096241123
4821238989
373950181
3240585547
131745867
4757381767
1603658850
2942968368
703583379682254848
301329311
129097353
703212366725394441
2513759065
138672557
77505291
3022491768
697699873802448896
2921929855
4756866339
4610982949
141258456
4881995856
244648990
2905833834
714405971540320256
2398892771
191054336
3590459834
3147434594
2879299513
308950362
4708296242
4689967627
1534467487
525190859
301920764
2925299445
4125696974
264086796
2549740405
4000261835
46047642
249708708
63793433
2859671466
998659218
100743930
2540984232
116693351
4777141826
509684476
220686058
2880817202
133784181
702134758717784065
4256594356
4292831081
1030261388
433237106
4859170683
4859223501
4458897266
292098814
701801800576274433
4833180715
4853893330
44287261
704565286981087232
228010096
2565713064
4916136494
4368450373
1679922529
1598273641
629137935
81823003
325089716
2820770568
3305874949
2595056983
3287461302
1890327536
63795789
2180037499
88582007
995172852
4327767855
3282828480
2758725450
1605719138
2901978253
2353813255
2537858008
4673817601
1070712552
3253048945
2945636456
39816520
4554996553
1260329246
1648016161
1618357573
96102067
107501463
4631866135
960641526
4520125939
701413066345414656
2248183266
2881138424
372956445
4709578856
2835207614
176883693
2410705022
4845432288
1393895196
361689126
4779531877
2893834164
4530856939
440142237
3278879395
703665400895016960
63921811
709024934324887552
702405046600900608
85329570
68144033
22500746
2496814825
2473946185
1954386420
3192791880
1885627244
3196288129
1358580547
840113832
2247593426
4443744039
3151648926
3470647873
2223328172
4274579784
2469606828
2529568821
3166456871
3302747299
449862261
3853919079
4627498634
100472430
3041753516
2861778109
4821393440
3178350818
2937266635
2829433069
143380066
2663705472
3118408286
704130654796017664
3309285534
112627697
633930684
2183868794
91739804
4924322132
3039075805
3848674694
271824212
374501108
2721097346
4847883113
101027886
2436920030
1327228598
335713103
132413384
2690323783
703666746952056833
2441315046
153060439
2298130944
2893872870
4865252389
4849177024
2559176748
2825953063
4721734992
110728072
4659401995
366548647
1661727918
512228628
4196336174
3270155606
4843425380
3110884120
4604462593
4758307927
1874878398
192788949
2783978744
3903290118
3150246799
2734666471
715362579804106752
107694241
578698362
841302972
3197034643
1503602300
146837160
3584373314
3309581490
2793336602
3859551733
4688508854
4307514575
356098146
3906200412
4891178560
2971543033
2363141295
1252696596
2366304440
2854078260
2611100725
101394202
4807749823
3241249441
374450960
4825996796
3232929381
2826675438
47622382
3391510032
151718285
3168489859
3882311485
493911167
3977339054
4026383365
701401148620541952
4865600075
2955692137
604331343
3279183492
3151763461
4834440435
4415809463
140878089
46460279
3199536907
3087424784
171778518
270388821
2467646160
3061063885
370549025
140680084
2435627935
3292675674
140737031
4758746179
4464926892
4763959280
4359275352
60255060
3305124487
4702029013
2252029241
1387003051
2386528987
58390038
4566772273
3038733226
3016435953
3039751045
612489291
3060801337
701715207471501312
2503812584
118367834
566165408
444118691
634319458
41113149
278145263
361279688
856428386
708243632
86986411
2884492296
320841368
3289002914
2183826434
155821624
103844290
711801349722144768
326606445
89203052
3011053346
601756386
3197314897
294631254
2909481216
100998223
696688144758996993
94276421
2573065921
346185724
375573191
150970311
48693523
2887055304
106115845
3022420890
470814144
158335418
14474054
25039713
2392704870
1377242977
75965496
2296540130
88373062
2794082170
3328697700
474682316
551186898
161616626
212685348
18144154
522962461
1102928300
118312986
4539868093
625701316
51427911
210115798
610089562
342070542
573541095
707381045851791364
1022696210
247249007
715668821273608192
707677308715274240
704940459987177472
3016807416
1931615635
141173078
3672932562
3281403078
15230375
75838890
715490052688584704
2979365176
708925394452283392
3240045226
298740311
1240707446
1912153058
2236462489
611817117
714119969483657216
712751203369816064
714010288140521472
713951299360960513
2744902664
3107093695
3090067778
3322659993
3072795624
593771727
2286622357
43154541
1266951830
713330793318367233
2858461736
711607858123509761
538645856
4633063153
44547379
712143917362221057
712594200668282880
712558143239270400
1337585012
4438535425
11943152
1924167116
712281834038693889
3760225694
4768020914
3310522669
869405161
3150177169
404518002
797974208
3393720057
1856980754
2271783848
2420738815
752697338
3247497595
4384015041
482945533
573358724
322488284
168026856
60550011
612634320
805067677
3221884908
2497973322
2247299941
142117879
4885677801
709813338079936512
1403441905
203517431
2150464902
96930604
2461792412
86895160
87690018
698193432972365824
566206206
152869543
89887526
148824275
170715004
1088083639
2541723630
4668507492
49560393
100739352
711216618328756224
4420657032
4676931073
1673786814
2712266695
49315423
90580134
711244967474286592
2361315098
64212398
1330989841
698172167209418753
711206032719089668
70441486
73887457
4706621654
4834767065
250174664
4834604683
59146843
4344280153
629134244
87455105
472192584
711145301675941888
2669060900
561220263
16575346
704598730222215168
711037937065074688
4595742487
405355776
1493983386
1433805894
1414775132
2930076944
143058823
272781594
2917767007
132573509
120960520
58751708
4924149495
2292930236
4707019333
3017042695
310115294
110971512
2572207950
147178134
710745757322584065
555250967
142164853
84039674
4131347654
57868361
573814285
250547449
2485216154
3006988693
52015249
115138887
901221846
746723790
2975087268
384639095
710551532329156608
2888778704
56666864
4817771865
266783453
166137946
708127140924006401
57853189
42034114
2409575058
170616732
75706482
226681138
100858116
268779770
151386994
707801751139782656
2797068031
2394624246
3318352960
44868949
4739871199
4893586702
2311561
18473444
137236199
3066615187
703264512976224256
4682638621
4824127433
2945802290
3389439734
3078875682
709200240331640836
51442988
258847634
1406354240
4916588192
2314433706
4548191940
581504429
118007996
2185932289
3202327617
578780174
207355106
2522735215
17841925
4268991619
36035591
466324475
431956153
708666825345597441
102025939
152153284
4553736012
3109453885
73423767
172836249
557908357
708770078771163136
2305378238
707257775525601280
98425584
4832300493
316437502
108991302
148246510
3225593353
4797784273
3908901612
2304573596
2800242683
407599414
1288090501
4245046753
4519318335
3164117660
2990819983
3061622364
86007042
89407344
1353413347
3289367810
2266348176
381438717
24958488
1688245530
2596241240
3316722504
4873146146
481337307
2435987434
708335428517154816
2898054906
2900202359
107726524
69606594
74995137
411495320
2784254084
2313156344
93413006
2841535503
362043944
705102260347412484
108021761
1071197304
35006618
10548
2297600484
49951447
3326644039
2635819327
4343691500
57380825
1883810984
457579567
4848957784
66163799
471261940
392749743
185743246
3040034774
3317745295
15615698
342585451
2965504116
22949322
36872829
4747080264
2863056837
2970889391
706920319479578625
111872402
278471905
1572156842
3302743394
4343273059
414716925
4748899440
69908060
471414894
165426443
3166707444
83860760
4911086994
172617236
4711624461
116492102
94069759
91770440
136323263
3002583834
2578253264
23648764
2845395089
704114929544990720
2315397390
118507702
114717300
4834051896
705668370176172032
3357437481
3536250014
119048275
350233834
17749241
137258567
448856528
4794439402
4830580051
3403448847
1358414712
2765372299
705441052828803074
4431685934
46470906
135480315
285893742
3321164256
2758818332
2966650547
4714799562
4708906627
704420407462510592
4211608397
703800617756704769
703762473690730497
17105629
7019512
14577701
607465987
698418872991350784
700563233199906817
4729355948
3691793661
702179277677207554
701366563203629056
3273507296
4927575263
27897667
418609418
4916386346
4807138592
2848292539
3237595968
2841291997
107800732
3970902383
4673811132
17850785
330927463
4797317544
34799604
4906269300
698818775290740736
2912817584
13834582
3253099979
77915270
4598078776
14744628
4897077496
4112631747
4496948119
173792764
4250274291
697184055519895553
4892692049
191502777
4890222057
4889488840
3116933736
4883101383
4870428473
22419717
497681791
2471477288
28736292
4715035597
21646192
4048691
275148162
149075840
2967832914
4719683474
4330004921
2331972013
1642858368
419803120
38743751
4443718465
1244917627
261705971
3331217954
4877334267
4860764478
44422489
580534418
4857833836
361628775
85643459
1431064153
254280603
4875814883
4873443515
381049149
4838622571
90032526
3317546022
4848042074
4830967754
4869274713
4816577069
19597628
4860466215
3313325437
2276638962
16375132
3254799312
2861322044
531844003
2273057412
37163173
137434046
4834844123
3077055462
709067265
4827857205
103089758
3412011313
4718615274
4744182511
4756174396
3122268527
4673787434
2287844088
1009371800
119703472
3327210024
3397137275
4677352044
3054410132
48994133
4385439314
2167378998
4767513868
4750749196
4767138035
4734154033
4688216604
3220116774
37185680
803709
429220187
328128635
2185924189
4319790268
4650488836
4711346772
4703471388
4548859959
4685316020
2942322130
126363382
2294050356
706604077
3372158664
1472625620
2802158262
3019129058
4604147061
2530369754
2378044171
4638076867
413304085
3214323264
4556330061
4533568527
4528256416
148712560
4520494038
4289682675
513833306
137699510
4569552793
4488443773
3589668196
4502341278
3305237285
4447312041
27426964
4363939467
3993903380
4469528308
2939748518
2219330809
4517586792
4342246162
94722120
2954987006
52413456
4371246681
4214357213
614439010
4249140076
3243488274
2769032240
4318656436
4306271303
3309841122
2999151524
137018260
4286596157
4286051675
3094642822
1260131004
145729778
2835448542
4176957193
1388759778
2607222828
4242067348
4232666835
1433215069
989807120
4202443515
4216159072
78343358
75597515
3059221790
173953324
100501083
592891523
2879626388
559471131
161312130
84075048
28194078
56096891
434243555
582033237
255362136
177101052
155004791
146468921
765034596
313891118
60078864
1692999978
109618818
387488797
179107461
1376312424
343429049
1546896846
4141592352
318980180
238979226
594210643
1144441112
920783065
3986332212
3920016220
2578011672
3865585454
4165258992
4138822162
4121948339
3178428386
4115992666
3859534580
4111415530
2910974431
4097266169
3980235484
4000949596
4082958389
1245145327
2377551522
89898780
2396934806
1490749675
231479526
3254848489
2262715433
3582175161
4026425961
4025017222
1597495566
4010288139
4014168261
3968017033
3906122605
3996533931
3993472595
3304175402
2902824360
3921515292
3952731322
1320881642
21676980
3893499446
3889991053
3950209756
2795076108
3934824677
3697856892
3930497656
133683552
3907609049
3036194021
3902331393
3888434727
3878676142
3750749012
3852159501
3789708372
3239122739
1299850728
3399279293
3399229077
3399279065
3399278225
3399278249
3399331636
3399231177
3399329380
3399274661
3399227613
3399272111
3399326380
3399325270
3399324922
3399223791
3399321742
3399220731
3399318754
3399319114
3399316114
3399216435
3399214947
3399214071
3399253583
3399213045
3399258929
3399212031
3399206523
3399211077
3399256409
3399310840
3399254813
3399309550
3399306868
3399308080
3399253577
3399247307
3399306028
3399250559
3399205281
3399248849
3399302716
3399247619
3399246911
3399299818
3399241667
3399199023
3399244109
3399277756
3399175647
3399283090
3399229439
3399284002
3399225527
3399282412
3399226439
3399228347
3399178917
3399281320
3399178485
3399220673
3399174663
3399173649
3399218591
3399216911
3399215711
3399170217
3399169803
3399216773
3399169233
3399215171
3399213539
3399166545
3399265792
3399208451
3399165345
3399260590
3399165465
3399209579
3399260200
3399262852
3399162399
3399206579
3399159669
3399261700
3399158277
3399158943
3399159207
3399250882
3399257776
3399203099
3399252226
3399149889
3399148569
3399247978
3399149973
3399146547
3399247552
3399194795
3399245734
3399190325
3399142047
3399138189
3399240184
3399239110
3399136527
3399137871
3399236446
3399133527
3399173189
3399133995
3399178271
3399177365
3399230194
3399174005
3399172961
3399227386
3399125871
3399173495
3399169871
3399222022
3399123195
3399223006
3399121323
3399120159
3399165449
3399218488
3399216526
3399163949
3399216382
3399163043
3399216580
3399115053
3399108747
3399113079
3399212566
3399213400
3399211564
3399155033
3399110271
3399151481
3399153317
3399099249
3399150815
3399089001
3399199690
3399102291
3399145427
3399198718
3399142685
3399142607
3399142361
3399140951
3399095067
3399195514
3399190180
3399190126
3399089403
3399089307
3399088113
3399186298
3399131045
3399129227
3399183334
3399129797
3399182152
3399082161
3399181216
3399125999
3399180046
3399123887
3399121739
3399174388
3399179572
3399176212
3399175702
3399075939
3399177082
3399111533
3399057351
3399157912
3399064161
3399062121
3399101201
3399105617
3399101459
3399103715
3399155362
3399054447
3399052911
3399098975
3399097115
3399152956
3399096995
3399049557
3399050271
3399047223
3399049101
3399048225
3399145264
3399091109
3399043851
3399042861
3399038655
3399039309
3399135550
3399040491
3399137572
3399133120
3399135028
3399076487
3399030285
3399078347
3399073787
3399027045
3399025533
3399026835
3399014613
3399120238
3399066119
3399058589
3399110428
3399055847
3399106228
3399046727
3399050123
3399048215
3399098728
3399101428
3399045473
3399099580
3398987901
3398998065
3398997381
3399042569
3399040721
3399041225
3398994573
3398993025
3399087742
3399091504
3399036143
3398989941
3398988711
3398985819
3399084520
3398985261
3398983731
3399027077
3399082588
3399027095
3399025001
3398978409
3399025085
3398978991
3399018743
3399077908
3399022343
3399076624
3399020711
3399019835
3399020195
3399070612
3398971287
3399071134
3399015761
3398970567
3399069502
3399005345
3399014225
3399008771
3399067102
3399011483
3398965227
3399064798
3399058264
3399003851
3399040768
3398957973
3399056152
3399000293
3399055792
3398999003
3398954349
3399051304
3398994407
3399050290
3399049504
3398993399
3398993297
3399047824
3399044920
3399047314
3399033124
3399043588
3399043684
3398988251
3399038638
3398985179
3399041086
3399038782
3398981891
3399037348
3398981099
3399035740
3398981735
3399035206
3399033406
3399031372
3398979461
3398977061
3398978933
3398974883
3398927805
3398928819
3399029752
3399027262
3398971313
3398923677
3398969231
3398968997
3398967761
3398921415
3398921115
3399019120
3398917197
3399015202
3398959487
3398959091
3398913147
3399011398
3399010174
3399006280
3399009982
3399008464
3399006580
3398950469
3399004444
3398903283
3399003106
3398901123
3398948195
3398901765
3398897613
3398946263
3398945243
3398997778
3398898243
3398896845
3398891925
3398890353
3398980324
3398853471
3646237993
3399143823
3399189137
3399242848
3399142137
3399187487
3399186119
3399183599
3399135717
3399237160
3399180287
3399175253
3398994802
3398894481
3398892645
3398936123
3398935523
3398929781
3398887791
3398878389
3398876349
3398917061
3398913389
3398967676
3398911139
3399024573
3399069047
3399123418
3399022521
3399121384
3399063221
3399065573
3399063179
3399118552
3399012417
3397772889
3397802188
3397359664
3397809251
3397778350
3397964963
3397775518
3397696011
3398130251
3397647351
3642262997
3642231795
3642266297
3642260777
3642284242
3642172401
3642218603
3642212957
3642275056
3642264382
3642197057
3642237976
3642260716
3642114195
3642214516
3642230602
3642169937
3642076641
3642048993
3642155236
3642091637
3642070217
3642018027
3641988441
3642063857
3642009561
3641991975
3642050117
3642032363
3642061096
3641818035
3641938035
3641944577
3641952197
3642040582
3642020242
3641942057
3641980702
3641764036
3641882363
3641884643
3641743157
3641725697
3641799262
3641639595
3641626161
3641678483
3641731282
3641603895
3641611101
3641693536
3641632817
3641679556
3641628677
3641682556
3641612363
3641601017
3641534355
3641630776
3641521215
3641575103
3641582057
3641518335
3667951575
3668008097
3668011097
3667974755
3668011816
3668000602
3667993000
3667875141
3667836321
3709791554
19545828
3668179588
3668079675
3668126237
3668118803
3668104649
3668099129
3668160262
3668091617
3668148076
3668037675
3668047701
3668082503
3668035221
3668077457
3668072477
3668026155
3668068217
3668006175
3668046497
3668039417
3668103076
3668095522
3668090356
3668087776
3668023637
3668078242
3667956735
3668053996
3667965339
3668002997
3668057536
3668052316
3668035876
3667931361
3667968257
3667923087
3667920975
3668023876
3667913955
3667959857
3667958417
3667906095
3667947917
3667932029
3667998562
3667888701
3667988428
3667980916
3667920197
3667868541
3667912577
3667860615
3667908017
3667846395
3667941916
3532805183
3532636155
3532651275
3532719443
3532774877
3532724417
3532627155
3532696156
3532629869
3532494987
3532584502
3532465833
3532566076
3532503977
3532416916
3532350617
3532351762
3532276761
3532202956
3532229295
3532106896
3532248197
3532057701
3532013536
3532062742
3532039576
3531837076
3531832575
3531678615
3531876857
3531788655
3531751037
3531757163
3531814997
3531676523
3531712823
3531701056
3531551476
3531414675
3531448156
3531397155
3531263055
3531387196
3531251295
3531384676
3531319396
3531262096
3531113241
3531152717
3531144257
3531128897
3531190996
3531144676
3531066921
3531012675
3531010035
3531033197
3531039796
3530863642
3531010696
3530909597
3531023056
3530845395
3530924416
3530919916
3530539216
3530812108
3530611456
3530496376
3530804296
3530766442
3530556863
3530538977
3530486535
3530508317
3530505497
3530332875
3530361137
3530527216
3530359097
3530278997
3530320635
3530165183
3530312242
3530217443
3530219477
3530252476
3530130975
3530196862
3530107697
3530041401
3530108776
3530055317
3530077876
3530073802
3529990157
3529895667
3529974503
3529952597
3529909155
3529932797
3529920977
3529887797
3529906396
3529909522
3529866863
3529894816
3529793835
3529804397
3529892356
3529850002
3529845082
3529822216
3529805002
3529745657
3529685955
3529559543
3529786336
3529672396
3529780696
3529725323
3529762276
3529645215
3529668975
3529635255
3529701856
3529535415
3529668256
3529546635
3529546823
3529479255
3529460115
3529536562
3529529896
3529413915
3529527496
3529450583
3529440797
3529388901
3529489342
3529421843
3529461376
3529409717
3529395137
3529385416
3529338135
3529387877
3529320513
3529398136
3529364657
3529428256
3529313541
3529296147
3529380616
3529272555
3529374142
3529368256
3529185435
3529258697
3529280297
3529261943
3529221143
3529140615
3529203437
3529225576
3529240108
3529117941
3529102275
3529062735
3529131797
3529147276
3529065255
3529086857
3529030515
3529082057
3529123882
3529120348
3529099876
3528991221
3528948196
3528980715
3529076776
3528951195
3529060876
3529022296
3528921029
3528967042
3528909075
3528876143
3528839055
3528939676
3528823337
3528902476
3528793701
3528772815
3528883816
3528814397
3528752355
3528806477
3528782603
3528744881
3528820516
3528711447
3528707715
3528703515
3528802276
3528798016
3528714497
3528775816
3528710597
3528708197
3528686837
3528633801
3528672443
3528611175
3528599367
3528597261
3528640943
3528616774
3528553277
3528575597
3528517521
3528471615
3528555442
3528597496
3528466755
3528553096
3528428175
3528528088
3528495844
3528505456
3528450857
3528381735
3528361455
3528480016
3528355755
3528352155
3528347535
3528449122
3528432136
3528426868
3528302663
3528282077
3528350776
3528271516
3528243915
3528276923
3528275177
3528220995
3528319816
3528200895
3528301156
3528212427
3528298048
3528187275
3528224116
3528287896
3528269056
3528176241
3528142755
3528263908
3528251056
3528139875
3528130875
3528211456
3528144323
3528093495
3528139883
3528084561
3528086715
3528075795
3528178036
3528129623
3528077895
3528114215
3528056475
3528151162
3528158716
3528146836
3528136876
3528072197
3528148402
3528060017
3528053897
3528003435
3527982861
3527968875
3527958855
3528049762
3528056548
3528054388
3528048088
3527984417
3527973515
3527934255
3528033142
3528028396
3527961863
3527916435
3527905767
3527944037
3527938217
3527930536
3527901256
3527789835
3527816543
3527778323
3527732655
3527771903
3527717241
3527760083
3527739143
3527735177
3527670495
3527595381
3527588175
3527585001
3527688382
3527616437
3527576241
3527652196
3527618957
3527600723
3527647096
3527602697
3527605637
3527530821
3527504715
3527507181
3527479947
3527580502
3527545877
3527539577
3527529635
3527572468
3527513543
3527501903
3527561116
3527498897
3527447475
3527480849
3527425041
3527408901
3527525356
3527378121
3527465117
3527505916
3527415503
3527395395
3527439317
3527346795
3527397257
3526610843
3526600877
3526540035
3526630528
3526519101
3526611868
3526558829
3526603048
3526488915
3526522097
3526567528
3526525097
3526479321
3526500701
3526481177
3526534942
3526397181
3526391655
3526483582
3526404695
3526479928
3526407509
3526456222
3526401743
3526396283
3526451116
3526384883
3526320921
3526387589
3526332195
3526337003
3526376843
3526301715
3526420096
3526309659
3526396282
3526348636
3526404376
3526332677
3526321043
3526263387
3526355182
3526286477
3526207575
3526222095
3526318342
3526320562
3526226957
3526316116
3526310182
3526249535
3526183755
3526223123
3526158921
3526168041
3526270696
3526255456
3526182743
3526177037
3526156097
3526227022
3526222462
3526115241
3526209628
3526095795
3526082727
3526120943
3526126097
3526115387
3526069523
3526106903
3526129696
3526014747
3526043603
3526004913
3525992955
3525976275
3525959489
3526021103
3525961395
3526071982
3526001657
3525994421
3525934761
3525861507
3525963449
3525934037
3525905835
3525982036
3525873687
3525971482
3525857061
3525851961
3525958942
3525843153
3525934096
3525871577
3525826221
3525924442
3525803127
3525849077
3525796035
3525902776
3525775035
3525894436
3525827657
3525794369
3525726135
3525755475
3525785177
3525729375
3525838042
3525700887
3525751817
3525765569
3525771257
3525746897
3525721757
3525695955
3525741383
3525684315
3525707477
3525719297
3525666447
3525664275
3525703583
3525693023
3525755416
3525695777
3525642087
3525744796
3525738436
3525741382
3525628587
3525731536
3525666197
3525668483
3525600507
3525713182
3525658763
3525641357
3525703216
3525635777
3525684262
3525678802
3525591983
3525507135
3525509601
3525587722
3525541457
3525486375
3525602362
3525536363
3525466455
3525573742
3525525797
3525562396
3525509063
3525450015
3525502997
3525557476
3525552016
3525473237
3525549976
3525489137
3525537256
3525428961
3525527116
3525415155
3525412395
3525522616
3525453677
3525508456
3525449297
3525499156
3525436823
3525384675
3520992076
3525484816
3525491716
3525368541
3525377115
3520937357
3525487336
3520932257
3520980916
3520862721
3520913357
3520972216
3520964836
3520848075
3520904357
3517011321
3520958896
3520899557
3517119436
3517055057
3517114096
3517108762
3516975441
3517017083
3517014143
3517008437
3517005977
3516979529
3516994517
3516940575
3517033582
3516935001
3516917297
3516997816
3516883953
3516964397
3517018348
3517027582
3516955577
3516945017
3516900267
3516952888
3516944296
3516927197
3516931817
3516981136
3516871101
3516866427
3516910217
3516965182
3516961216
3516957916
3516845847
3516831795
3516878297
3419235314
3419203040
3419166194
3419235133
3419118732
3419098992
3419109438
3419100438
3419197219
3419136020
3419067810
3419119514
3419041416
3419106986
3419038590
3419139085
3419087774
3419076560
3419125033
3419070674
3419099773
3419049385
3418894710
3419030719
3418968500
3419004085
3418955978
3418877352
3418920854
3418855812
3418852512
3418940119
3418949719
3418819272
3418880672
3418832472
3418889060
3418812312
3418921339
3418873274
3418799124
3418860914
3418892773
3418881613
3418810940
3418826894
3418868959
3418853953
3418844713
3418836799
3418834225
3418704432
3418723752
3418804039
3418752794
3418680792
3418730606
3418726814
3418736533
3418739125
3418731493
3418674194
3418602732
3418657274
3418654040
3418631612
3418582872
3418616473
3418598480
3418660105
3418587440
3418584974
3516150201
3418548614
3418501098
3516165075
3516260002
3516200243
3516188837
3516186683
3516131241
3516134067
3516127095
3516227056
3516229342
3516115461
3516204676
3516109935
3516207814
3516210076
3516137483
3516129449
3516134549
3516126503
3516075435
3516178516
3516173128
3516065781
3516111617
3516162808
3516060435
3516039135
3516046395
3516091769
3516084317
3516134668
3516083003
3516137308
3516072623
3516066569
3516021561
3516122056
3516014541
3516109342
3516037757
3515999901
3515991501
3515995455
3516029615
3515977395
3515970495
3516072442
3516013109
3515962695
3516006977
3516002663
3515946315
3515996717
3515982197
3688506499
2343170179
243803564
3750754337
3770171477
3479409558
3098540502
76681099
3310662355
3242957674
2315376242
3403468421
3403525924
3403471943
3403424643
3403424511
3403423857
3403469591
3403520848
3403421457
3403419345
3403518358
3403420125
3403465733
3403519516
3409333773
3409378469
3409330743
3409378619
3409429300
3409428316
3409324803
3409319589
3499472056
3499348275
3499413502
3527987548
3527921903
1178090952
3702227308
3669823517
3669817103
3669872296
3669800177
3669758847
3669746235
3669734961
3667964236
3667853067
3667898003
3667892903
3667839015
3667890857
3667880537
3242321661
908334474
1386632868
76966092
3548669169
3548727983
3548676861
3548671701
3548716823
37021659
3253719888
2610831638
3221554926
3384914482
3592624819
3598190914
3598203496
3598138223
3598077621
3598057401
3598128269
3598101923
3598094597
3598097177
3598079957
3598024575
3596933483
3596897115
3596891181
3596928317
3596877495
3596914283
3596922797
3596976916
62065184
3642585437
3642506655
3642542615
3642608956
3642546137
3642525137
3555828432
3492748585
3404208034
3404107437
3404172472
3404170870
3404168128
3404113721
3402305614
3402203643
3542268685
3612511816
3412331705
3412289409
3412290225
3412289235
3412332059
3412387132
3412327493
3412379518
3412369372
3412269153
3422048553
3422149234
3422045643
3422047401
53832647
3610435103
3571407617
3571555522
3571559542
3571538722
3571541716
3571533196
3571536076
3571390221
3571393041
3571381761
3571434023
3571474576
3571445296
3571375217
3571369643
3432440949
3432487073
3432539272
3432540898
3432536734
3432478541
3561726736
3561663383
3561607575
3561599115
3561644243
3561699196
3560672536
3560591213
3560564415
3560615837
3560632642
3408213567
3408213123
3408258455
3408212763
3408258113
3408256625
3407592135
3407682994
3407313327
3407357543
3407410318
3407398492
3406560508
3406557142
3406499033
3406551640
1958333426
3398861391
3398958334
3398903489
3398847087
2992193714
3398852901
3398851305
3398895893
3398848347
3398890109
165177396
3495758722
3495717017
3495769036
3495660382
3495673215
3495688217
3495692482
3495679997
3495582807
3495546257
3495730294
3495612447
3495700882
3495708568
3495713134
3495580035
3495579197
3495542607
3495526767
3495537555
3495523635
3495607336
3495624016
3495511875
3495508635
3495555496
3495490035
3495580702
3495584236
3495599716
3397290733
3495567856
3495564562
3495446781
3495541696
3495432567
3495410415
3495465977
3495386241
3495403395
3495421463
3495398739
3495394635
3527896943
3527985676
3527981056
3527866821
3527836881
3527968276
3527933656
3527903237
3527935456
3527927056
3527866463
3527913436
3527816301
3527850077
3527784441
3527825117
3527879596
3527755635
3527863396
3527847256
3527852242
3527842648
3527841196
3527728455
3527770217
3527719107
3527709741
3527810896
3527698821
3527727641
3527782336
3527772268
3527655195
3527688737
3527696837
3527690417
3527638101
3527734876
3527679797
2938838710
3498755715
3498854296
3498845476
3498733035
3498762017
3498768497
3498747377
3402133396
3402076607
3402013671
3066307088
64758541
3140094072
29959495
3287815488
3143515100
3529760847
3413477788
3413426039
3413394861
3413387871
3413481802
3413374359
3413484394
3413420513
3413371383
3476263276
2291440165
3496223956
3496161503
3496157717
3496088427
3496182694
3496074321
3496118777
3496115009
3377186900
3415607412
776263134
430559243
3406102787
3406101773
3405909011
3405861615
3405905189
3405858105
3405896219
3508347856
3407346473
3407343125
3407297235
3407294541
3407392786
3410033476
3410031400
3409974251
3410023666
3410023468
3409922019
3410019442
47362423
3141076946
3461829437
1046705341
1107396685
3471677535
3432266445
3432266049
3432367804
3432367030
3422167479
3422212565
3422161875
3409301554
3409284544
3409228253
3409282702
3409224473
3156961308
3160732212
3399298899
3399297885
3399343877
3399342353
3422373490
3422368624
3422366266
3422309705
3422365288
3422356564
3422312063
3422309201
3422225260
3422170043
3422119869
3422163971
3406106411
3406166164
3406075623
3406061937
3406155106
3406097069
3406153204
3406150288
3405967012
3400655375
3400707046
3372715769
3372812475
3372651190
3372660569
3372582933
3372815603
3436664117
46885220
3402032859
3402031863
3401103664
3315694242
977603048
3322669008
3386077228
3386445916
3386250904
3386371679
3385976151
3386037033
3413645584
3413657002
3364615204
3400949399
3400903311
3400901277
3401002912
3400900797
3401002420
3400947203
3401001058
3374479798
3374513182
3374593312
3374547598
3374423211
3413658328
3413555535
3412373386
3412814597
3412868494
3319641950
3404227978
3404133291
3404178065
3404131461
3404224000
3404128755
3404128137
3404125755
3401049683
3401008743
3401047895
2210663753
3399238437
3399238275
3399336358
3374717363
3386179366
3374586765
3374528867
3374697285
3316669728
3407379053
3407433274
3407430934
3407374715
3407375753
3407375045
3407390818
3407324949
3407371367
3407370821
3407369021
3407369669
3407366633
3407421004
3407320455
3407418496
3407362391
3407360057
3407364137
3407416792
3407353073
3407404090
3407310195
3407405452
3407302989
3407333705
3407390734
3406458418
3423924677
3424108517
123512623
3407342717
3407342009
3407391820
3407146253
3407289915
3407101851
2950898263
3412317335
3412872526
3412812179
56685329
3412277487
3412380730
3412278393
3412278933
3412322189
3412314191
3412273053
3412273551
455529177
3409874385
3409874817
3409870503
3409869183
3409968946
3409904417
3409911011
64164011
3398988040
3398932499
3398886231
3398885139
3398879157
3398926745
3398924369
3398923139
3398876865
3398975728
3398922107
3398873103
3398969410
3398971162
3398865249
3398964550
3398909765
3398963368
3398863071
3398859561
3398860545
3398859867
3398957818
3408922282
3398957632
3398955934
3398954146
3398853435
3398852739
3398955436
3398899313
3398948968
3398950432
3398851011
3398949028
3398948212
3398944450
3398893427
3398945254
3398945374
3398943976
3408717543
3408721169
3408674577
3408670053
3408771634
3408754192
3413684897
3407577723
3407619791
3407580495
3407621345
3407622377
3409168203
3409266706
3409167153
3409211903
3409165461
152315335
131080935
2185505479
3405956008
3405954412
3405952606
3405952324
3405899081
3405850065
3405950782
3408767741
3408820936
3408752351
1302118356
3309495277
3386335450
3353109171
3098384245
3373679457
3373780162
3373696689
3373702623
3373708025
3373880782
3372889216
3372633617
3373759966
1372720280
1635163969
3306856003
140499631
3165707615
3374609519
3374435345
3374499142
3374489458
3374696721
3374444141
3374513218
3374814641
3374871490
3374541597
3374567242
3374587079
3374770618
3374872690
3374844010
3374739394
3307030628
3372551073
3372778745
3372618191
3372582747
3372607997
3372606675
3400670015
3400958284
3400956232
3400903853
3400958506
3400957672
3400902833
3400859295
3400903499
3400854951
3400855533
3400953064
3400854903
3400850649
3400900253
3400898207
3400953004
3400851651
3400850973
3400950130
3400891037
3400950994
3400950736
3400950988
3400948822
3400948564
3400893371
3400848039
3400947184
3400847217
3400892507
3400947376
3400946548
3400892129
3400891475
3400846209
3400945066
3400844853
3400843383
3400842567
3400942072
3400887947
3400842129
3400887293
3400883555
3400842273
3400885121
3400841757
3400942312
3400886213
3400839093
3400839999
3400887143
3400836045
3400882493
3400929892
3400838199
3400882469
3400835727
3400935736
3400879103
3400931914
3400931512
3400931074
3400828845
3400874087
3400928230
3400814133
3400829151
3400828269
3400826151
3400923232
3400825155
3400827021
3400924060
3400824897
3400923580
3400864319
3400919470
3400822509
3400868987
3400867709
3400821327
3400821687
3400866383
3400819845
3400918726
3400864841
3400863767
3400917406
3400863329
3400858073
3400861397
3400913578
3400813587
3400911364
3400854881
3400911178
3400811199
3400810611
3400909648
3400808769
3400854095
3400809363
3400808523
3400852733
3400906252
3400807083
3400850441
3400793643
3400906636
3400852475
3400851599
3400848809
3400852247
3400804203
3400849169
3400892350
3400901716
3400845359
3400843313
3400896640
3400837145
3400837643
3400791207
3400788063
3400891504
3400834259
3400836071
3400835933
3400834115
3400887862
3400833107
3400787025
3400884808
3400785903
3400885828
3400885582
3400884028
3400829861
3400827497
3400828301
3400826609
3400778769
3400879492
3400879018
3400779411
3400823285
3400877404
3400823969
3400877518
3400876456
3400819979
3400875544
3400875766
3400774725
3400774029
3400873486
3400819001
3400817993
3400818083
3400771383
3400816919
3400764813
3400769571
3400870234
3400767945
3400769793
3400815743
3400869394
3400866970
3400768161
3400867306
3400768035
3400865284
3400812503
3400864672
3400863178
3400809989
3400862104
3400764945
3400764777
3400763739
3400804925
3400861888
3400862560
3400862506
3400807283
3400859092
3400806395
3400859332
3400858768
3400804493
3400857490
3400760175
3400804115
3400757391
3400757235
3400857238
3400750431
3400755513
3400750353
3400754385
3400752087
3400797743
3400795361
3400852276
3400797719
3400751667
3400850734
3400796183
3400747221
3400792109
3400794743
3400746243
3400740477
3400848796
3400793567
3400846648
3400846690
3400845214
3400791677
3400745541
3400843630
3400789193
3400843438
3400787627
3400740333
3400738899
3400783871
3400737783
3400783157
3400738167
3400782749
3400736877
3400735851
3400780805
3400731141
3400830550
3400831390
3400733517
3400833502
3400833082
3400775651
3400774943
3305609868
3400729935
3400774199
3400816654
3400828306
3400728525
3400753601
3400826518
3400727643
3400770671
3400727295
3400771889
3400726839
3400824658
3400769639
3400724055
3400822666
3400765031
3400722339
3400823776
3400820572
3400719477
3400764365
3400764743
3400820056
3400759991
3400761659
3400717809
3400813384
3400815628
3400811950
3400759325
3400714593
3400815538
3400761437
3400755869
3400713873
3400811698
3400754771
3400813000
3400757969
3400709985
3400705629
3400754207
3400752485
3400753049
3400706379
3400752569
3400801630
3400704255
3400751009
3400747985
3400748231
3400804306
3400701123
3400745951
3400702251
3400799248
3400699491
3400699395
3400793140
3400744847
3400746701
3400695189
3400697139
3400697841
3400694109
3400697781
3400697541
3400742303
3400796116
3400690731
3400791532
3400790698
3400736459
3400736447
3400789348
3400788586
3400733951
3400734203
3400732607
3400785664
3400730765
3400683549
3400783084
3400684293
3400681935
3400781806
3400681305
3400727159
3400680003
3400773088
3400680387
3400680447
3400678443
3400679961
3400721759
3400778026
3400676793
3400769620
3400775320
3400718681
3400673199
3400719647
3400717691
3400718963
3400769968
3400716725
3400712909
3400662651
3400766626
3400715063
3400666863
3400665657
3400710227
3400710491
3400662483
3400709321
3400706531
3400663515
3400761682
3400758862
3400703639
3400659885
3400705775
3400758820
3400704341
3400654863
3400656579
3400700411
3400700033
3400655409
3400727032
3400650117
3400752208
3400649151
3402479829
3400749646
3402578842
3402524621
3402524369
3402576916
3402504437
3402475701
3402521429
3402472509
3402576982
3402572854
3402468327
3402520283
3402465267
3402503795
3402560296
3402457179
3402557374
3402455289
3402455961
3402553858
3402554110
3402549280
3402491081
3402446415
3402549796
3402448515
3402497249
3402550828
3402549376
3402523876
3402493169
3402447663
3402489413
3402489533
3402439701
3402543172
3402488135
3402441447
3402541768
3402540106
3402537550
3402538372
3402537994
3402397571
3402483077
3402436059
3402482069
3402481403
3402536644
3402536296
3402533266
3402481241
3402480527
3402422619
3402431397
3402462899
3402464501
3402517198
3402469163
3402521242
3402521860
3402521746
3402421023
3402466583
3402464897
3402416013
3402409119
3402504196
3402455201
3402501094
3402406053
3402501256
3402444340
3402427841
3402423239
3402480478
3402477850
3402426089
3402423491
3402422135
3402373251
3402375795
3402373791
3402373617
3402371853
3402416771
3402418019
3402400949
3402364587
3402367023
3402354147
3402457954
3402398399
3402441910
3402435100
3402393935
3402443722
3402397823
3402433570
3402381827
3402315837
3402320499
3402318723
3402406570
3402307953
3402358343
3402356045
3402406330
3402353231
3402305781
3402404200
3402305229
3402346655
3402402430
3402341345
3402343007
3402326333
3402344195
3402345383
3402344849
3402395734
3402342893
3402308651
3402291129
3402336719
3402392308
3402293283
3402294237
3402391270
3402336491
3402335021
3402327311
3402288747
3402327119
3402285519
3402333263
3402287367
3402386404
3402330833
3402280893
3402328955
3402282699
3402283821
3402382774
3402325463
3402380278
3402279243
3402321881
3402271437
3402276201
3402324815
3402378856
3402372190
3402321365
3402321947
3402274503
3402320237
3402374314
3402266721
3402271965
3402272493
3402370756
3402308579
3402305201
3402369802
3402367378
3402314207
3402268737
3402267969
3402357850
3402266043
3402265953
3402352426
3402264999
3402262797
3402358588
3402305285
3402306617
3402257649
3402359320
3402258045
3402257319
3402303197
3402258315
3402259467
3402357262
3402258165
3402354370
3402302129
3402346576
3402303221
3402256257
3402254505
3402256233
3402300041
3402354700
3402352660
3402354796
3402352030
3402253617
3402295031
3402295901
3402252753
3402297305
3402251499
3402344152
3402249639
3402349750
3402294935
3402346876
3402348322
3402247263
3402345646
3402342256
3402279077
3402286385
3402287201
3402243183
3402344536
3402341506
3402242613
3402287699
3402239109
3402328048
3402239475
3402338242
3402239121
3402236271
3402285113
3402283451
3402336004
3402283763
3402280799
3402335986
3402235755
3402335242
3402333100
3402279587
3402277037
3402330826
3402279431
3402331396
3402330784
3402276881
3402229275
3402275093
3402329764
3402274559
3402225321
3402275897
3402229389
3402330196
3402261623
3402327418
3402328882
3402228111
3402326164
3402328012
3402226365
3402324502
3402310378
3402248537
3402325048
3402266693
3402215679
3402208131
3402317188
3402215703
3402220749
3402215349
3402214587
3402310810
3402213183
3402214779
3402311134
3402312922
3402213501
3402259277
3402259223
3402310204
3402311926
3402255683
3402210981
3402208149
3402209901
3402247391
3402307474
3402205185
3402199587
3402254603
3402307390
3402253703
3402207627
3402252599
3402251837
3402203085
3402305092
3402250193
3402248471
3402302332
3402243185
3402200979
3402301048
3402199371
3402192831
3402245825
3402199269
3402298060
3402246041
3402198519
3402195789
3402295540
3402198429
3402242933
3402241187
3402239903
3402295828
3402182865
3402194685
3402193737
3402239615
3402236831
3402194631
3402234971
3402289294
3402191631
3402237635
3402239009
3402290584
3402187563
3402188625
3402289120
3402285928
3402187413
3402273838
3402231221
3402282586
3402185067
3402183339
3402285454
3402284146
3402225731
3402282580
3402178899
3402227807
3402273802
3402218003
3402169839
3402177549
3402277936
3402221645
3402221687
3402223067
3402215525
3402170775
3402173637
3402212207
3402214985
3402266890
3402215405
3402214697
3402263458
3402268138
3402266944
3402211757
3402211535
3402260704
3402157737
3402209441
3402206435
3402207857
3402209279
3402263230
3402162315
3402160071
3402203537
3402254518
3402146925
3402201557
3402254776
3402251080
3402155943
3402144915
3402198065
3402253912
3402254086
3402198569
3402151119
3402149745
3402193805
3402194957
3402249136
3402189947
3402144789
3402245938
3402190613
3402193007
3402191375
3402191369
3402138543
3402239800
3402242404
3402243220
3402239674
3402142779
3402185927
3402242488
3402239884
3402135825
3402185885
3402238960
3402183545
3402137697
3402185225
3402135093
3402149141
3402128835
3402223006
3402136473
3402177989
3402234706
3402231892
3402174299
3402178625
3402232864
3402130875
3402232426
3402133755
3402177695
3402230518
3402176561
3402224962
3402229216
3402227644
3402172523
3402127023
3402226738
3402173837
3402224398
3402126693
3402166349
3402122199
3402223966
3402121197
3402125787
3402124137
3402120561
3402170021
3402216988
3402165851
3402121545
3402159011
3402218920
3402115563
3402215602
3402218092
3402112479
3402216760
3402159365
3402214318
3402213010
3402158567
3402155045
3402109395
3402209146
3402203836
3402202342
3402152417
3402103665
3402145805
3402202432
3402099321
3402096723
3402143159
3402140897
3402099183
3402144269
3402144101
3402195298
3402141845
3402093267
3402193318
3402090699
3402090465
3402085947
3402132611
3402185890
3402064323
3402084375
3402125477
3402083499
3402114077
3402079929
3402178948
3402127193
3402071865
3402119909
3402123881
3402172888
3402075063
3402173320
3402071943
3402072435
3402116303
3402170062
3402107867
3402066843
3402110399
3402112097
3402110087
3402161842
3402104729
3402062781
3402064053
3402108173
3402054957
3402160216
3402149656
3402058821
3402156292
3402057489
3402052905
3402154180
3402051591
3402148096
3402092195
3402097883
3402098381
3402093221
3402095045
3402046851
3402091403
3402144748
3402145390
3402093767
3402045729
3402144610
3402089687
3402044175
3402088883
3402041823
3402041703
3402138838
3402041073
3402085235
3402083051
3402087377
3397788724
3402139078
3402037245
3402077711
3402139420
3402037221
3402137980
3402082505
3402135604
3402079781
3402134746
3402082469
3402135838
3402080651
3402134920
3402133564
3402078875
3402031137
3402131218
3402123514
3402076697
3402083944
3397296215
3398023912
2809033325
3305764182
3401567801
3298017896
3372819087
3372547923
3372591735
3398845059
3398887913
3400650653
3398842041
3400653353
2476000286
3303892472
2475540366
3303082998
3374566018
3374604953
3373761417
3374402085
3374775399
3374666530
3374629265
3374692409
3374385825
3374694219
3374558195
3374625448
3373764171
3372678527
3372665962
3372797061
3372743235
3372704403
3372757233
3372566253
3372903298
3372675765
3372755453
3372771544
3372872284
3372736174
3372635009
3372746975
3372592521
3372810725
3372846340
3372700263
3372780004
3372582731
3372759381
3372749087
3372783028
3372642701
3372837028
3372897604
3372834658
3372574391
3372643553
3372570519
3372693801
3372571641
3372562917
3372713512
3372642053
3372914830
3372891022
3372664127
3372601415
3372637426
3372741826
3372806495
3372626153
3372806615
3372813603
3372636261
3372810400
3372727180
3372660676
3372657215
3372757217
3372875062
3372753863
3372821901
3372596447
3372626477
3372868984
3372788345
3372711723
3372833039
3372743428
3372684460
3372578313
3372861292
3372712198
3372836987
3372832379
3372579197
3372657963
3372750809
3372739828
3372739947
3372759585
3372687059
3372697431
3372810713
3372689404
3372819747
3372875087
3372755163
3372631113
3372583737
3372737643
3372873454
3372592001
3372745275
3372827230
3372580863
3372709251
3372676180
3372780635
3372598499
3372775011
3372703727
3372645515
3372697821
3372689926
3372870527
3372684017
3372704423
3372794980
3372705544
3372807261
3372753399
3372802917
3372701236
3372880955
3372816759
3372648531
3372790696
3372675557
3372781865
3372905062
3372534849
3372705411
3372650279
3372901204
3373682703
3373795253
3373903475
3373851125
3373728460
3373862799
3373791562
3373742153
3373689333
3373832722
3373793555
3373738456
3373750696
249703505
3372648779
3372918898
3372534129
3372636485
3372740632
704033040
6785662
3294776838
3294873277
3294779688
3294773994
3294763254
118624422
3254244534
944615082
142217981
258523173
3380116990
3296524141
3296935153
3296614525
3296447640
3372877870
57915633
3297948938
89165675
3053632826
3295352892
267720408
3291008814
3386292431
3386202561
3386214959
3386093819
3386341114
3386381165
3386194173
3386289581
3386046759
3386077480
3386109460
3386319615
3386153536
3386098173
3386399025
3386446048
3386323870
3386218485
3386150279
3386456453
3386038037
3385999527
3386478826
3386201038
3386375770
3386156980
2853026515
3161407609
3385942738
3385924186
3385667043
3385798413
3385763225
3385804996
3385605233
3385761543
3385891300
3385673619
3385964626
3385877997
3385649242
3385791868
3385977292
3385689221
3385803646
3389016982
3386014995
3386066951
3386450603
3386246813
3386165253
3386154580
3386130268
3386281925
3386119744
3386325544
3386374162
3386149901
3386177836
3386100759
3386266000
3386270507
3386479108
3386290733
3386052839
3386150633
3386038379
3386114787
3386337730
3386141015
3386101691
3386092025
3386151569
3386058659
3386143175
3386322891
3385649249
3385648726
3385836681
3385727817
3385751871
3385729149
3386233504
3386127767
3386027717
3229180867
2655979729
2434092362
2434079244
2434089673
2434089307
2434086955
2434079882
2996539577
2996527011
3269833705
101267750
3372604019
3372810754
3372866411
3372608861
3372671410
3372685726
3372648898
3372567531
3372890938
3372821632
3372870737
3372602621
3372788277
3372611787
3372592631
3372682233
3372823942
3372721053
3372784143
3372860585
3372619517
3372915604
129718600
30343139
3382564247
619172819
335335811
2379189217
3039469251
3281416538
3279901310
3113620079
52369714
104790653
3373805848
3373747839
3373704299
3373654337
3373744167
3373725447
3373747690
3373733518
3373794082
3373795797
3373857825
3373737154
3373781800
3373839135
3373782947
3373880464
3372630915
2941358742
2434042496
2434049647
2434040336
2434040984
2434046695
2432898750
2432887244
2434081452
2434073162
2434068714
2434071776
2433975644
2433945162
2434067342
2434063332
2434054484
2434064413
2434062799
2434051146
2434052606
2434059667
2434047260
2434045430
2434036154
2434044625
2434042783
2434034665
2433979176
2433948084
2433943752
2433921498
2433928051
2433922346
2433913140
3369060911
2433920773
2433077780
2433055886
2433047496
2433052123
2433044330
2433019296
2433035221
2433019392
2433021614
2433020090
2433010424
2433002070
2433001272
2433004322
2432998392
2432993658
2432994115
2432982840
2432985080
2432979734
2432963641
2432958846
2432929364
2432954371
2432922906
2432886290
2432865414
3303413554
3305393175
3319815495
2434491229
97415226
2434485991
2434395672
2434398169
2434380884
2434385791
2434325154
2434326804
2434326786
2434284212
2434312411
2434291974
2434289198
2434269066
2434253676
2434246782
2434248296
2434231183
2434216309
2434213627
2434205881
2434191530
2434186620
2434188992
2434187947
2434177122
2434165332
2434142744
2434130107
2434121845
2434110024
2434110456
2434112731
2434106792
2434102496
2434100546
2434104703
2434082012
2434090094
2434081478
2434070053
2434058978
2434053864
2434061965
2434049744
2434037114
2434046107
2434033909
2435308537
2435301584
2433983232
2433967170
2433929664
2433931154
2433929167
2433921404
2433086653
2433072270
2433066727
2433062269
2433050820
2433052141
2433051535
2433054673
2433026792
2433032533
2433021127
2433019999
2432997913
2433001597
2432982782
2432971896
2432965350
2432958072
2432888528
3236239148
2434482392
2434459465
2434442556
2434428349
2434435315
2434423236
2434421724
2434422211
2434428337
2434418485
2434398888
2434383013
2434366134
2434367736
2434362026
2434354584
2434345214
2434344612
2434152308
2434264214
2434257588
2434230319
2434214004
2434204056
2434204638
2434204758
2434173080
2434150524
2434134606
2434119547
2434145742
2434143451
2434108297
2434097581
2434099406
2434084610
2434089691
2434081004
2434080997
2434081501
2434074386
2434039298
2434063434
2434070810
2434063820
2434059756
2434062488
2434060250
2434049520
2434053620
2434049058
2434049342
2434049888
2434043238
2434045374
2434052911
2434042974
2434045903
2434045435
2434021789
2434012812
2434018105
2433998516
2434012819
2433993019
2433989352
2433995360
2433976976
2433944556
2433953719
2433936068
2433936793
2433072920
