714185827300073473
305791165
705282704565248000
2222276117
2361413834
3037331519
704638225625837568
2368751048
2782211491
717073911977025538
33540197
17878726
719584249586839552
718564024762413056
2398714032
2165621936
722466477916327936
37153105
722448425317462016
707273149
934186615
4440678868
3307763549
2659696782
722238178363621377
713601384587735045
21169078
4346823443
369903398
4378224508
3341708799
706127993631064065
3168103459
705910153837568000
721084816049840128
3966877993
54654545
720653777838022657
96815285
2803167201
2382725792
3138876192
716480460495323136
3328458203
18249897
3291592922
704271270926381056
308155020
3287334097
3286440231
30249176
1927258460
716691607211393024
861749396
716843270161215488
2485685750
716823910621184002
3044061869
407415660
86868062
452721465
377892986
463308992
4843316021
2785414744
1024172582
108465379
40306687
361502122
3302358790
16553000
1699738890
3303488541
27527122
713604463529955328
68476851
4597109428
995418073
3920871733
3421524430
704386730724454400
3330229185
879161563
3139143346
33923443
697497528648990721
3227590667
3024858783
4378194803
237376748
2497690862
2178746287
5940642
4875808259
26304307
3312890444
706955115631087618
103684397
100264423
4892936350
2309883859
697667506463449088
538752807
4871353966
2304537950
2405486082
114619177
295004759
2935691237
178041777
343420501
60212785
793106778
2361657150
2905357213
1427305664
4267769207
420868300
2380904430
224539468
322813297
2675444317
2466687799
2429625379
194599393
288459725
4190466820
881358151
262749118
2494290961
19894355
37599351
21360280
3288882495
520095081
1087008943
4214194407
2302960527
702555671582150657
4797577336
234594578
149365611
1357259774
19181549
175500549
36294380
103363107
700867835094966276
4375297938
4833475819
476214711
4375036452
3178947355
700356086151254016
2879174679
4202040957
4806728776
2589729565
4917211434
4862881752
4842417041
4886916401
4870318928
2236682664
4375187113
130913742
3279210082
2908035016
3939458301
3137967166
3435795977
1895994031
1271542130
4899636935
205070874
936028748
4375218014
1862439649
3352182909
28256736
4884628572
3194709150
3293783075
224112256
394980983
372793446
3835669694
1697075766
4439934676
2850261055
412529456
30290076
4832827092
398105585
52173897
4864294271
2202533485
414415556
326371495
4650766092
981631861
218851543
3185751170
292645083
3314482182
4196305923
3314557045
4478762375
2588459443
3317158639
4763335993
29280077
932036532
4255932014
47474721
1570691563
702454092
4047913095
95001048
53225826
433587674
2396998933
383363155
16547087
298393836
1071310184
3230186744
1649220607
138184181
4806670208
2439753602
3337243563
3939360375
4191008900
2528276426
4752328741
3025955181
2680941175
4786577876
383573987
455729714
46679123
323488717
2350508340
330175984
4325490574
1700763751
96166784
241926217
1266076945
1607318150
430387144
2940116621
81846137
381223447
2564053544
2354517811
3219614028
4708461725
17832333
940238845
4229061567
3241943533
262837623
2335877557
1081596624
254712855
3907104924
469941987
416021027
353030696
4618816214
68471382
2410171722
223300063
338652504
17581955
463005746
24426175
306251078
933092028
442961951
713078376
246580819
2960611408
336374848
2767946472
554642512
21556851
618062808
374095894
42463470
67310480
108698830
4603202594
308298468
2962920758
957562206
285494483
3234047247
3305889495
3301939239
4428769649
552425891
2855934055
621330573
4608572269
476493238
2397092143
4604375898
4451740348
3111297802
781477466
107113235
611569701
139565254
302996715
3083788462
3301969811
3117246128
403205534
274902395
38986882
981955554
309417911
394910158
3405875452
4444913183
3043675800
2557540231
1564115720
36821766
14645160
3328999701
326480125
2985454977
117185357
2453409883
2978546749
45229622
259160846
4385154389
4280695518
4352280029
4438899733
351910089
45617832
3185855017
584130134
12819112
416785579
284031415
157873142
282837155
22516489
1370541781
379835974
28020119
2181413359
503954398
2468185593
1227841561
198483889
74613440
500403025
818425124
471794806
1685763589
514727834
3261099978
333768361
1679863184
346876406
2280920924
190103801
3764802492
19472664
355180964
199568089
1123951063
3080712041
39855545
3916426334
37836873
105669384
324757954
350581754
1961487320
165095243
574041056
394362041
3831512233
335413881
146640574
3245383748
1174406136
26678167
899035638
188611209
1400207551
215244619
4218054442
3897284127
2929166675
188400297
2887247445
860227170
3980529441
362669400
20836201
4251558854
3260598378
2564057876
600627915
4251501918
2590242073
104272330
1890318780
209266133
3057854270
3028964362
260202707
3000098276
1009196780
3895552127
24489969
490562354
34425121
449950129
971457840
61373007
787685604
3192106408
377191891
550519969
38813183
506102143
4098305294
3141764169
701951982
3313935866
2535785365
3073540140
350673585
287578326
2571011172
3233398796
133469917
3333306791
858933979
720780824
1522181906
2458283886
3057346714
3270236276
2206634780
1067944501
4057210085
411693892
3411857987
490140552
19768990
754651076
2279836676
3283280779
3329987331
559118259
3409295232
727094240
3292726885
2698686578
2913309368
2858104912
3308608116
338590554
99379216
521868983
471619556
624147263
1961839284
1151911117
306461407
580509550
1067542448
1120025288
1710239552
1734103718
3867590654
24543548
2924169705
299730418
106096371
3611172494
2905108806
271585326
3064063726
2437649891
3317294383
336179871
1079246642
3109737574
2915051557
1975674816
3309956707
239461121
1498630742
487308755
134995261
2732069610
3152225475
707940446
2397055836
603986609
2287229574
21620908
3182070679
585291217
1510728614
120093200
2460545672
2756297154
1591449889
22411342
143725393
3408730149
30787107
155055703
2822970266
88993787
394259032
2873426045
3403467130
263359642
1271110453
3072013759
94822474
225709644
3301077427
1514608057
3242125082
436355727
2459831780
2657315504
42899832
3231918728
799145528
127807272
533787271
3332557235
2436869659
3208610483
3288008648
355642921
50776601
469749774
3274820246
2926184646
533697156
3102712483
3366392993
875911231
2408114287
32467942
2951647988
2890130472
20741213
3156989547
1183887576
2444060269
741350282
3187447805
3186812540
775228328
3208908273
1161159721
19212473
569680585
3215987753
2436928212
14993272
2773828988
3192068463
296681219
2449197054
15828584
2912543272
1852050642
3146243787
3093024010
2436881820
3146239421
2436897595
2436882428
3102622272
254717520
2921221940
3145749712
3271237394
3271645298
2481828368
1532706350
600614581
358464377
3146753779
1385203406
2468867313
1532684359
2449207987
2449205839
3146721548
3091949541
2273295432
222189121
1459819950
2560704823
1655695452
2444411588
3120668389
571144192
47730456
119537631
3241661317
1051878806
91382477
883452590
217025101
1666317140
2850097217
2644159568
2829143432
2813426252
484999518
48320268
3231609005
3192159855
130748033
3254617003
2508656785
139529218
871870045
2667628861
3039507327
2753490355
1861284590
1377585660
1371691142
294207159
339692531
2931231909
3035842127
3155112431
3232180043
27189557
450324898
2932897003
2350451402
300410442
2434663963
1576436773
47792240
464048486
998637114
3193951050
1390633537
1563005659
2658935590
2553395047
3008915494
636607844
1452374726
196177223
2402889613
107502585
2373628908
2751531374
1258969230
55745460
3084836269
451729196
2511871303
99201207
3207557673
2451748615
202573942
257172500
3106722805
515770368
3089204951
2949208177
1537478390
3094515655
18194219
3092674000
3067615221
2367703902
288063956
3090399505
3073237844
183096758
3092179149
3070732348
105221119
375619502
1426275908
17869952
196231207
461766784
198586241
132784567
549726880
1015526011
3068917729
3085351204
