722968671379841028
4195680262
4831458507
3162849012
2659696782
1944300637
2376318296
719710827708817408
2457044257
2592225433
2270921336
4786187607
717527794041749504
4628893992
3320628896
715952726698360833
715898946330038272
715867254269710336
715379281921073152
1680232472
713426988007100417
2747812741
3295877720
2691486403
711147148251803649
3007570927
3933430753
707298266052825088
4652744354
2394774955
2832323114
703409221254008837
3281975187
939761558
1434454999
4831433039
609257753
2900596969
2320363068
433747446
1674837282
612415017
2551330736
4427958139
3232084093
525961021
4395147913
1368637471
3275054059
2613678235
1307599777
4082510773
2894529696
2390436480
53028787
2942571524
2654310361
1360985971
3235574124
3785097198
3650497694
2167697246
3238100016
1070113526
631699929
2810510688
3257325247
2688875407
1540631300
2320126034
2724804382
1875673890
3082312457
2526501552
2453627407
2846340109
2324180531
3087632015
22228900
