133250542
715609479811833856
1939133288
3908300049
3854038335
3023037872
91942071
2490511826
1974549468
2306081448
702552042699628548
95463872
59127949
403179950
1923736032
4657129648
1006227463
711291811864649728
2374207004
2243235553
701062793605287936
473285651
18611808
700569309261594624
475032609
19894355
28718888
19904254
706265774512611329
706180438465736704
149655993
1622426424
3333256966
28291757
21009193
2486034890
704741741887426561
593922394
192419981
3709770925
4834148320
862279339
153966123
3640844353
3089404061
1684053372
468580232
17520678
3660585492
2833192261
2885015723
37599351
3363442894
76966092
2356848184
4324615392
2940063942
1027439336
1027431157
2743935769
1032968448
4115044235
240940350
17536486
2444809245
1890209922
286233279
182384817
2868022624
4425193813
203848293
14763734
21360280
33014441
87403396
4115474782
2884329337
245145365
3407495453
3979374140
2945770833
14645160
4231842760
81273771
3087929301
229385617
999656748
3403429336
15836013
4185349635
2789992181
292447074
3544525820
20520430
3305332474
1315408640
4176465132
2238178806
3304806362
89550334
55451197
2853713478
4075481533
4064543772
3325654902
2815546168
3076502971
2800421913
4020585373
3126506316
2864811152
2834221130
2988776025
3304360728
3066050573
1158882672
3115361170
2889908873
3368904670
24948058
401666590
602152372
3336992469
3057531343
121671968
3870737893
4080778531
3326101507
3318876266
3220337149
3281000341
3008097469
4037071878
3233153797
3232813008
2973685170
3258671371
2754271427
3253955821
577698746
1108695031
18375963
2989016516
4023509413
3981467240
208745581
3980906953
2470224888
4047831672
3311851455
96779709
177674338
179702939
2820297914
4007031868
1964732648
2566024088
3927860313
582686876
4019527395
137530381
2792366808
68197365
15977198
2867179136
3853054462
1731483415
3853129084
3733000640
3049647261
3817646487
3591784275
3536722413
3497643976
3481353263
179229483
601452528
3032929725
385760868
3310535549
2299844023
558974872
3393189376
341678188
789371972
3361039624
596663119
17472142
3363942789
303821435
3344129879
3341809809
121727927
581994107
3327566163
3324917050
3153626199
3291659049
27442545
3091361620
27420065
1137222210
2688469425
261231705
2176953578
3135640336
3064181835
133029828
2245787769
838082852
329980497
2850033923
93023151
246073029
980718684
3097617682
3003954670
231244998
29258668
3091342499
3027572346
848572850
295241710
3068295627
18258185
324132684
243813992
141360810
285291863
1406654702
1518145272
3068869857
995510568
2865738101
3085795811
2877033251
545368893
