3088433483
1081089090
2901328300
71796971
29789545
962126569
723002532973301761
548450190
3314789139
721361647541952516
721032681086152704
720790880437686274
2856103357
38593456
1972478174
272979581
510898104
713909769287770112
713849075490275329
236208193
2891490016
711244948696227840
953292674
700833833222995969
706757620720410624
702891459381485568
485185517
700530019584626688
4917400249
2555712373
2406936531
2335637618
2768146757
4842283527
299875937
4794696986
3951452963
3166413541
17581402
4721922919
35724419
176835084
4584101894
2302468187
518174557
3365638214
4435172292
2475629478
308191850
515528323
1663694940
2903113481
1500258500
4145538305
264264597
4118318712
4031328435
187554005
2975630573
462630898
3246510952
3187455979
161908958
1372769935
3567763948
3314769109
3312807919
3293881434
3246412589
3364273359
267505088
3361415705
2764446734
33253728
3273630926
3271354621
3363210237
3256163156
1968219356
2213085973
2563658946
3245594508
509962252
111546519
203163583
3252701717
48155944
2365004712
57685877
30470726
62630442
3132786105
325245367
30054825
432655750
71625134
3111568509
16197737
180100022
87369180
416497335
3045009314
3037309092
185480852
548870921
222791819
2742489744
2987761488
395086595
2978408780
2975392460
7065602
1326817742
758866303
136369263
2914849137
2910513307
2882768341
2880938921
78064594
2859152655
2844668269
2468697209
484098212
2848993144
1535656728
89559511
1964900804
2749268066
33971239
633811982
73287382
1870146554
1550684510
273538829
2419098127
1888350090
580162211
1965445639
90727175
2476660081
2479126065
55433431
364061640
2697373248
2727679011
483162191
44648117
2675437016
2658086234
499713064
2635393262
353183818
2546834305
1724055156
65437835
23761878
510806062
422256464
91490620
304643035
2460662251
2523919069
1197410580
372696720
23427122
2470121366
1140025075
2530518160
146244359
265193910
36066982
2441936450
2487655577
2336480716
526600677
340256186
77263041
65122921
2380730607
2275198722
42709336
1927851373
2310920928
2300060646
2290589815
2253163147
27711212
274661858
2185129511
2226961632
100856861
987835861
35631852
22317056
265986866
76993173
1961348834
1035494725
1947420866
519879468
885483451
257948726
73467170
29535958
336788714
24734457
28511525
1650808657
128788639
377084197
1605736508
1561186988
46433998
38142373
232296467
31417254
83277731
33965049
965970025
1402028516
377289313
1337508019
1280843449
370708800
25034968
305153332
395021041
429095788
1283693293
983141606
457172740
69261005
85349414
16530417
113183111
242929353
19155297
1049374706
51162441
49349104
231012266
28750701
254766944
225954463
374930580
350854670
8546612
270268649
819164462
55114655
39387404
151141311
1085458620
56837859
1102960100
46001188
608304142
49748078
322038356
1035482161
400096636
17788655
355855967
861589824
961480740
42741029
18953266
17654859
18906599
16942213
41518757
56485427
483322187
180396676
354370999
889049726
717593012
33519352
28639023
41400882
564823155
459536574
726383388
349102651
632714627
14951831
25283979
18892187
600230261
731232426
713513964
622113056
499658459
460455211
586210690
458699809
558559198
574056176
22834635
29330777
269704998
138172451
425250172
482999508
99564491
322851412
372667655
370716954
19294568
190915960
23550420
469106066
394601721
71408469
450467872
424660432
181002949
25031913
412752134
390907062
95042315
265880242
46212394
24962559
264241693
102400137
307680179
274270374
420454196
397260091
343345388
158460729
102700175
280990193
371145480
80804256
92455003
199379154
84591639
214941533
87048294
356831877
239598112
345600659
395182817
270219972
391098705
360369384
385045307
309937227
111800076
163506029
106524313
84185609
373706200
364384479
222722598
351837386
124744798
309444510
31457459
85909633
359211135
51473146
196614536
197113192
143167554
143584653
301003644
116862260
314094447
321583595
100785321
23973261
17479931
76569083
333185909
273283113
282593945
32431064
20710045
44243700
188413084
261373346
316670783
289636128
317631364
14361240
316931974
143035071
64751984
261363415
70100832
300816439
300819308
44183196
15798413
310433009
248812804
307802445
311763340
47317203
282069740
88803528
62957690
80171509
289776559
300361097
300429321
261491314
26007726
297137340
297780887
296731596
69458211
290742607
293807368
260012229
27678995
49760821
151991019
273569398
165913838
136144727
261973087
41660436
280462048
66954982
88704253
243808682
69948871
46915580
281664965
216730921
282035798
43760369
200046673
284640772
30320068
214163984
12409342
271311555
14882285
278270112
267818923
18326115
15009738
15724385
14852926
204528515
281324543
81173927
263555871
265619893
113104811
24834630
234190633
253829038
16080947
24830545
219092375
46774082
105594542
15101182
82352844
100728500
15599390
41387268
33210474
67536168
249642045
256361680
247786979
158832134
19083865
232300618
217585059
177732947
155921343
207633000
199308731
15839244
46652542
168920843
165851056
110780445
39828896
111838174
87504801
146158778
125939479
140033287
139843090
147471266
34434494
140499846
58696440
132269001
130933596
86756928
50662776
109733610
129662109
40449662
16190806
69953481
125219629
120091931
116218578
118568467
101848491
111759125
40020070
106729304
104782929
8244632
112547473
82708538
24724701
29763363
107752866
18175122
95711448
18423238
108814504
96127458
46139801
107790735
18791945
76993710
106258052
106185290
89183429
84700163
18169235
103942216
15676492
66395780
99098356
20595739
100851927
63503199
39299547
26277374
34047855
58854023
58446042
51344006
353131100
