3284112337
714791179158691845
3179662599
3060475102
2904389591
1649472307
4914313828
720947764071436288
4766060816
343157640
4708361495
342894187
333547776
721589383174963201
722220937270177792
722187496705114112
717634131933413376
2465146394
721791807538012161
1624131403
722227379104518144
722226746905505792
722225616930660353
722224914749603840
722223339264208899
4837315805
2956507309
722223037672747008
722221323544633344
2905940600
722220166826864640
722219552852045824
722219886496333825
722218958213017601
