3433536552
135344025
486056843
4524345797
3003586137
1032682458
4826594934
3021314001
716883142846595072
722608490397630464
2782786112
2842688411
712632668
989399226
184392293
2429404445
293805304
703313328903430144
708442254
4265031859
858475921
2900753661
4921250596
3070268305
4903602629
3735616273
4800091093
1252808496
3025662007
702285854
15943791
2241631370
319993855
13408
77128292
33811438
380109984
44664733
175500549
1454229751
3922177048
6108862
2987412723
992347285
14813813
238156532
3431339806
441108831
3949923793
16975868
3816263596
519027012
3903461130
4262043914
336126084
3240026139
53515225
15923445
172042488
168517345
100918828
3273467916
247503994
4228179390
186966092
13637062
1300289576
357893482
120207925
222691723
206761153
390317246
264483194
382135791
2302134816
5514192
454610670
15987393
715411856
222247369
511790669
3326048603
1324617870
278723492
220928091
2483010143
3678765134
184887255
3321522380
2946219659
16440035
3286523994
3587271737
76966092
15475578
17903611
1487292523
1105273926
3329734752
277048272
2459459894
21581475
3308025870
232666084
3367192834
1933042237
171284237
193845674
2761875674
742067976
32257770
49988878
2785992656
53210455
2785822614
29019981
2160917304
3195003140
3246521397
3246277971
29511532
125982986
1629244514
17622705
17353643
2501963420
568401000
11347952
13301812
3104377056
19508900
2316799855
15400055
418093603
18768324
3087364538
14914938
1048714926
81093355
1092859927
426383877
417269448
3009726577
17071254
7668952
35213582
336572372
2921019442
789940975
2944368980
2400347209
305575560
1279314800
19658614
2881158731
2874004965
469484420
316699828
55659987
49419767
1668851028
376983929
2656253132
2644000037
1189578558
2496990882
89795607
36392778
234618728
257198162
1220353165
211636974
2419743716
33906521
2265213573
2362614818
1662611696
1024670515
1566731869
2366085736
933971437
63964057
34083420
611426448
17877864
2308308175
2287369938
55100097
2179566038
1075145844
977112482
215726722
41453909
40515340
196290251
14478614
818321390
2174504947
488528333
49395893
580511363
375843371
118814552
17200396
36132508
15382113
491643852
44693164
260312885
542956778
216544879
1711487491
40051732
23150269
63827777
41582364
277334813
178190758
1641345558
308134152
34634332
169137868
551362361
417423281
249263159
15027086
1183019251
1516610917
1513545924
625467523
1469745410
403475538
20995879
1399703587
280259266
35942638
121288665
262629034
89960822
1302575827
40928427
1226408365
497704340
331241120
1184052308
556964821
1086958687
1010030364
14124542
113563834
513214879
119082379
32929008
910773578
272455431
25291961
17739961
38304169
312904480
412362792
13330612
13443342
239027687
898300242
883513885
216099617
321396796
256087153
46156948
25336700
8273062
47851912
293615510
16386077
143647636
23593872
533076545
749886050
477665259
124322215
365113354
20548173
534890762
254586291
556115008
21440894
21331250
480100545
104612441
36459796
17968901
146725830
173669648
14535265
51310772
20807168
14739915
476354419
35812911
314163815
459167622
25620493
47047689
46287167
338583370
78504150
302144492
119912303
2318161
334423840
350637761
403807051
376228929
197446298
390554915
146146938
14069199
18361263
211434637
342979645
122206081
152118096
246561794
14135231
29784883
8447862
353863025
360731473
338084525
293291485
19031868
18572616
342349597
21231168
279312498
145895242
106891073
334873339
20947840
59793970
82158579
34413203
325107564
328111828
317555943
247929486
25849921
203141112
268289981
115969881
119412547
38562846
260519332
260635371
241381962
14065175
18282606
17093617
39382957
233546593
44950673
38822021
225954948
192255288
26322651
223959360
39326831
221880680
40885516
209950668
17122947
184525057
28714030
35628997
