19829718
416318466
2561591252
198006162
458831117
20212533
79001327
375858408
2731760330
2416850630
400987847
33565091
2572307137
393093847
3193762256
4399065743
546930435
342188171
719600842995810304
250804084
1141118580
447559570
351445751
1524010202
725401548969246720
725398862358142976
4770844414
2611821589
207739654
725397767015829504
526135083
331110130
1223418864
33985622
15598251
547847207
2619896340
334042044
45177032
2269897424
225046834
2182256717
2207665687
412041709
500453312
130314799
389421564
4375487008
546439607
355150966
72587411
16892009
1164642294
367149362
2579168304
533971854
428835927
87874481
3043840318
159640831
283330321
307764969
725356379603509248
246396248
630684480
627208970
714891869797355521
114961728
3312154683
1132267568
626180381
563856234
154730014
3037562669
1164791743
541919727
447850495
466821013
93259560
4805312675
2212962992
285196749
463742603
859003206
974923351
274288298
84491009
3226911539
263366983
635707525
1247719772
204163350
46847755
148040389
177188715
4843960846
260489649
111202824
406572978
332441735
228466415
599962322
255220632
2534116934
291807248
387469995
379812500
19723956
121212587
335465760
575210304
2406377850
4782285078
4457796460
193589292
2322869713
62583168
356242044
858683911
173713951
1284656312
15885338
1463183058
853928154
235736958
538584605
33716594
225287613
17326667
338767159
257683434
257731705
28440545
2827595848
431897788
460175330
228917509
17302855
348677908
216015268
1346433254
764251830
245008348
576684904
1703268644
403912602
2576333709
720129459953778689
576538344
1569044905
1191535963
344866790
542176327
3676936883
59228855
191470180
248422449
2291831634
267942486
27497004
127695331
447686398
200369010
717404581169405952
150238257
710127995873337344
20104559
46756063
625046759
722416928992706560
123981563
273546782
75093154
185233910
14121215
2364534469
18741049
48927372
278855491
117587910
815454144
2841921118
403311054
3413037808
469912196
714061980332593152
718707401872900096
2825631487
40318270
2743637659
3242430558
40856462
16056927
2974998683
820222812
2516087195
36735895
1928213371
854021220
724901233908142080
706493222831284224
724642785056399360
2785023175
705470172337930240
1318472408
724577528971702272
631282567
311643024
4850249289
2287922748
2925886600
142964357
516746536
2438165058
2913349070
705346415006842881
2597715355
712353286670651397
718286248813686784
800579238
341975441
524632109
705202410545778688
2334711247
2617795279
2193571027
535814600
478734163
2339923712
14880499
33135708
328347145
1460283925
147435104
433130373
704168937131417601
715044541749927936
219913962
124925766
239939455
3338220862
2362106947
281248803
717927298419167233
26846168
3338723169
723311324617306112
515854734
448595956
2731291721
2455049024
720805707088461824
3038933113
706135285676032000
400465712
2664319399
721871402610081792
3079205569
2189864610
713408458473639936
703828377426264065
2943060805
805216813
444663788
3997365209
3845145971
257483716
708339195849248768
724764292826992642
317327815
4776802742
725133125848846336
3303178679
799215218
265769498
3881928940
499476270
397103139
4107266117
291359770
4140135554
703685695450144768
4845732129
3733887087
1636935120
2457306859
2438645035
3259099255
706472880213778433
48801713
854604200
623479120
725109236422856705
4815459137
4889540603
1339681776
1537181286
2289071184
2450784099
2759894457
4664158715
3436302856
709477895618433024
2329441314
286938525
3420574769
3890756956
426110289
823737662
721335987536658432
531028859
1231342363
713085197126918144
983791626
2985042213
2922207918
248360610
527989674
85840897
116310757
880494260
717053412513198080
1869438684
279743610
2905765533
156560749
717449149810143232
108027547
4038842224
349921341
735617504
296260526
1902437154
2239276986
37801560
716755778
3247356078
1122708248
702356471753916416
37594127
281288092
2170289009
26618336
2219040679
297790349
79417032
1912802180
725049439463870464
2815297350
549760617
3311079351
736094250
704893201
3576435552
1621788432
335517028
57425720
525964425
136079712
1869604898
626433
1094220084
245165640
1585196563
4702922310
711421107040096256
2739687567
787923463
570104563
627502606
809707334
1421700998
45260788
725033078628974597
18273054
14280351
325644560
4725401603
44535559
1534505995
114433153
354394826
38739843
3340321672
2191462721
140585682
109011736
30541239
3405798189
1658702802
4692035941
2344291952
46830225
241198016
98305253
392861287
54532296
725019409362898944
256708113
725016746688700416
80657092
723330496663588864
725008751246221313
505822865
725006853319479297
328477727
532542705
725001728819650560
160761208
451487229
209596893
45242493
4442270297
82460863
1370797988
2381174798
3161255514
885195920
2437558837
4473200294
4784878960
56182262
1242545388
2326452637
2157743257
724959205258584064
1099454233
3416132321
372506540
3862303461
43370376
1317021002
724949045840646145
880934461
304738826
2781777110
55641894
23047798
3185678947
1461850219
382621038
3188107750
103428031
2348932686
44586204
719606879333302273
1482879506
246536893
189635233
304752591
307687478
558231868
2647312068
2975978674
19811837
1081008109
379349529
1974670268
1316633557
212827469
924286878
33857598
719530260237123585
760690140
137525850
3404820610
907380948
1856104758
496708397
2277363860
39057732
293169383
2299010491
17109937
1365679442
704144932299100160
62750787
1220082918
1025151908
179413476
1392138138
336671116
1022980177
3158627582
807935035
3998620705
724802740606525444
33275519
1697763283
724672846786494464
719936679616729088
724724133834059777
724796368917655553
2833381608
270823022
634231309
706335910368047104
874488840
2249419593
48090482
591862249
1403440994
1560670051
3016765063
724769589465325568
268014332
4520048843
402673768
158890849
101050481
290742848
1563836629
2996412486
1404472297
2676689388
3848247117
705952317884002304
853010166
1592381808
724610579063824385
3439408625
828217040
712325239095558144
3228351361
708518497119309824
2808969134
23611399
1123916310
17637184
724718924802195458
334575068
1466289181
192554272
1615070228
732441511
384587314
724694780190445568
25620716
24877477
723241031819485184
551366946
3190164163
710633744
4180159708
581024179
107190319
403515131
4151556514
1280894803
3031743806
3185826176
724600065239703553
3026130922
2284662879
715292796777848832
2600761735
4907363271
3245251845
1035422641
724662232332775425
4362546323
57720217
2344346372
711940117510955009
724648709653422080
724617311722737665
3323324718
713563324634554368
1296533942
724629168621658112
24140976
723383351361433600
4522296219
702110880
596623013
348236366
18615461
724606710955016192
3235127869
978110119
216111350
1507078004
3154186485
702251637285511169
461573290
3266510785
11486542
717026612466827264
312132076
710952545515139073
724554278203985921
27545363
58879038
3335555577
3072783383
4050362533
721990317906337792
717527453682548736
395472356
109048954
2577799152
724509337561919488
705253522971885568
898925581
2253532874
624332219
721490684176424962
2585213762
724413192059949056
2896072986
723048340410101761
228911001
388426166
263368020
2706403100
346108846
1679177497
3439356143
2259905467
3065549714
2986482807
892257636
3227407184
76771634
14100566
4852251505
722428654437793792
286469588
724389044491177985
4248781518
1613470676
171359002
457496616
610426974
703843618906202112
724427938041585666
724395412275253249
1368449659
2392316248
32817604
450290250
3532274114
405100735
1052888383
78659153
4325051915
717954006807490560
724301620268376068
2171273970
1158853686
4671858931
979942242
2425087690
4810629681
122190452
2590722462
3050691431
2987908552
718411043660242945
751289365
938476296
2842911841
724379609651793922
4368158122
105889995
724368168903385088
1572116438
386363299
1498663448
37585256
82537421
570932861
4837315805
3452369897
721313015631581184
3421005448
2550279601
285871622
4055938161
4574978428
981450080
912632179
1086855614
2746785184
79830673
724342285052334082
2280686780
3302209900
53707699
269559759
724335854223790080
1600570496
4532514253
187692040
721222401745428480
371231368
3126811805
724323803896131587
2904905803
724319552121782273
2733773696
2214905259
23163602
3415000535
4777602383
3401679088
421983899
1465602439
407039473
720339903968649216
33582137
4079564729
273220505
1393187496
1612083572
3659054415
704766630908264449
1048511798
1406971980
1658893915
2466613550
354886854
379863428
2569818884
2797952818
3002146979
1483423957
1546252106
830028930
186889745
723535848688476161
881505565
870650658
720703632988090369
91653122
3311861505
605518225
185701259
17221515
200239239
28196722
528958935
144047593
18842705
2200531478
161943023
1283454018
134856472
377582750
3388018647
3311038876
724203590890455040
311019986
717103537692536833
246814116
27736345
124107759
723951330772025344
1974439794
21207450
3011492208
700514446649729024
724153648280952832
121645767
2411696749
390256440
183616758
2251426832
4416427040
1977305407
1051051422
704710691685531648
705516208217395200
78995320
724136670023454720
3752450434
15453626
442224517
131337103
593563250
2853509511
4728838482
870867684
400235331
2482308794
287521739
101573109
701663167559012352
723672855435710464
3287416668
2944463910
533675603
2374945830
317413206
164914380
4561760239
375905228
393808693
1078675128
71900492
4323473728
227869955
810162908
719214888846036992
3289196696
890291286
707769806401867776
711930895804997632
706385386986078208
2205815268
64038383
3267662736
724068420308897792
4843793211
39756053
45283914
4750385655
14695981
2531608749
4471591535
3091938180
460077692
724043751480537088
174184795
2808393863
55461809
186701081
32290072
116948385
2778874975
3685753633
724026653320454145
379187152
1180441352
2433786081
3686342297
1138368744
724536914
90178779
1025466853
506011858
2801316427
562516885
211580546
1398278641
623134417
68033119
714307069684359168
722712811558805505
2293000808
253288389
123798146
705396996555808769
724022709311574017
603923437
155007386
4105229594
2367725642
571959132
56457098
4822938341
289531256
120252564
707080999465721856
279821578
1387715442
635159909
3366356219
1312759477
1292325739
524804859
2718053332
3150914852
508932504
3060650119
713508172959506436
48699949
2825684785
261345323
2409374490
137853900
401127488
2230504576
722956278692093952
2150422251
719923652523859968
930663103
1965535290
723999818603986944
186627628
402943110
3242993035
723997174929854465
3196855813
465117107
21141961
464089443
20722396
415662613
723672875408973825
295352380
1144121304
280038595
320733987
713821303694761984
723951222298832896
194668553
2245976317
744790670
75100879
1623932257
3996463274
703392684
702412282467373056
723934637798596612
92563199
716376340547694595
4216670235
2280083983
2951491498
3227677011
705115893
24213633
3380543675
2589716779
3285982321
135743430
723889469271740416
215044772
1696970318
723874870111686656
4571513182
2247662780
814066614
286756736
4001317217
595026446
704785867265675265
4211838147
183271541
1046601194
2867592946
4263276865
722694348672999424
414511823
22739467
3370598465
4385270541
74819945
1976861023
723730438011887616
714785175415230464
3823294635
2289770467
18634569
723367072164536320
3001803665
55317695
273126329
977549468
723737811396915201
723724978533896192
2901380793
390366820
4417752319
2171351005
30288532
416540142
1247806147
77938379
51170524
723361726909931520
2761604109
434486259
375837570
45910195
353032502
532346029
703051081241141248
618791189
3115046301
379892536
715987635513241601
2311105326
4789672173
384687345
1904735900
709096190
3267456386
509017491
387423451
723651570622029825
723599308180725760
700369855
478135718
183056514
395557229
855638756
561473938
2231631924
389206332
942240535
2364740354
237452805
723634193536708608
4004974455
487966103
73813776
2879185553
1105181023
723620089044426752
4775456976
106535728
519955331
2891055254
409660100
17013442
2871364928
2302286422
383283973
714747777356599297
294581885
493766684
3344171853
722862368636555264
2760749727
1051818139
2317376905
3254840968
312935168
2761031414
3144523756
1868498538
4882185236
3296468181
2946063547
4800241574
722105354377674753
361041279
2844548761
1203125749
40647820
419643019
217456017
3429359651
4831532043
357305074
723287777249398785
2479246148
33353718
1373509098
423566761
301948622
2289906016
827550212
3153241517
16362966
721600646701428736
290594525
348159119
1378957050
723481283310051328
3657630624
2862811115
49689040
69501127
3127626766
2828147169
235210463
718721303910445057
220242985
723435581284323328
845173314
3081104915
4204818743
2413817191
317907741
541116013
18502796
723413037068079104
917490198
2259655699
2434289858
4888739719
987754819
3684723855
3285565388
3270580134
2172423304
705800659887493120
720307601737580544
719682818096394240
723369957216555008
1942634496
3070817238
723364715695509504
713123020370370560
34688830
1390509888
4769854280
706239432546844672
2368238089
723352771597090816
1899224995
2522585809
16616018
32478815
248915387
4786664882
402352066
2358411216
2386953693
4441264213
2305800024
2327084222
722997930357977088
4787590722
33354519
4358288593
383764042
159945461
624161594
111474038
2927337819
712809899747573761
713445748239675392
1498784714
227587428
439673018
16993056
2789820129
260006058
28666555
195514140
720092996
723281801079336960
10055352
3419459712
446651424
1164169332
197267322
2609980134
2993707025
190595435
723263281897435136
4506458554
854601384
57962929
723268380283817984
824692044
712415382745817088
2835903163
241652755
723257924043182082
1004417750
2853190703
29759452
722997988503642112
514775051
706963188147814400
701767005519683584
189923454
792448442
1704392448
713113644570189825
853007971
54974150
725308927
2788193333
2832097652
723231335226171394
160277520
121971372
2891809382
2725202882
74873133
411827552
2540936772
15945198
409779300
35493
2955736883
2717670014
298299955
933436531
717437549380132864
1421754338
591548970
723205338296524800
4078475661
739103184
723115266356322304
3374399625
496255100
14930810
1445525870
428532107
589427352
713014773504417793
30866645
4623597555
41797618
129387109
717826342323093506
24962359
761651953
333252802
3065033865
456806183
3067624683
2923170436
940289245
277217981
3311152331
2775917053
256941817
4743236114
722184584704696320
722633560767782912
1870794452
544188561
2837876374
1698877934
4450219454
2555010913
2991047462
701248512378294273
2536648850
3966352292
1977485275
2975241365
704963109895536640
101901608
2751807099
628606991
270083330
718335490018144256
4519654475
499461890
3026104787
723039712462557184
4818834315
75951773
2540785738
1105491235
319513200
254914774
723014115325698048
720783123676536832
2265505270
862385629
706016877252743168
347456443
4742370524
2156046510
387257712
1223502085
272722754
1121514253
709181608209723393
3956036081
1206891108
330490148
748541690
1500396408
3953281992
4920520888
721209638386065408
181404375
723003110860283904
4662057075
721392360790323200
297448940
3065841895
24323020
2357470412
707080692727844864
159002321
1932575690
703562420766113792
73376164
232337804
720815912329310209
2284173433
722073913904271360
1604079372
722966613306134532
713450389048324097
317210152
1515127734
722252063216807937
722955637622116352
2683396183
277891279
3973338112
4911512463
580792886
626608653
319413145
560215357
718900642882920449
228801227
722910162357395456
3241651196
481275305
967254331
395927256
18545776
1426296374
4456110140
1066149218
722884592374448128
6054202
722900773542035456
720897274042314752
303527254
2925267937
4098449487
1578233166
35998646
722890668591357953
4011612815
107882211
30329197
3372328209
395541562
710667520206774280
715946009973620737
3247916725
366554152
22437975
402453243
164624616
4455132133
722189967099895809
2778281846
2598657986
1324987477
157422030
26312111
722533708448808963
19526367
2262431412
722822880350765057
545526202
4331361916
709741513945849856
2595903526
2825330153
3385954936
722785913663688704
745288471
3980899529
3029034759
722648786347155456
4829777895
1214702226
722767334646091776
69777522
722755682441646084
603002908
26481095
373887866
1140129296
4343257876
2764408728
701004352085819392
2479264392
41764503
298886002
722696905814339585
276764943
4919420077
722676202985680896
329888512
4909596285
695710703353786369
722397554974007297
3390768471
181860186
5399932
58629539
3031984739
4108028909
68612347
51593455
1123657686
1196062105
459419462
3804262632
334980402
320534206
717733670891692033
87428012
3343153990
3981871992
792364568
2728502136
2426498719
71164773
28155299
722588262326374401
3750897171
3291449732
27893131
722573936689459200
379590459
2280693636
4355982556
550643609
4786841307
2835911426
2693619673
721896381057777664
2444572705
713414808717160448
329242653
2500123267
4853170093
2339991336
467842862
2854886306
722531033955090432
3151991281
2381273640
492148678
10865452
226457840
2733775812
721843625664061440
2800829581
848533250
2921145738
65161360
3349832211
722511627145371648
777381708
3409651212
2597217768
3214777286
3119921957
2983333131
311397912
722375505467555841
109582781
2460277532
721001227530727424
276706819
2242813404
2311003533
587936996
2615580437
629131800
3068545470
55018270
332060575
561385663
1661685193
2193532620
772715886
2240874152
2263677932
722470843129929728
1918255716
395163774
4314462375
722463747223195649
550405074
546129898
235469486
1323562279
5501342
719696168155000832
1309442372
1408713961
2339796883
165477681
345746017
28703659
271589474
2893990176
2835691111
506583487
284550001
722183826655559681
525388029
2696409043
722439597146390528
389262395
393073172
3055319153
722428446090072064
722425290207674368
1049088937
722414193194848257
3886280298
373041045
1557181453
722386351233056768
342426369
1683048037
556291503
2789299571
1137550734
1914940549
3697107509
722189699939340288
722364886815240192
31588538
4715692053
149200275
4866201220
4854801379
74051679
251235213
327092513
4562738974
377326583
714941448878055424
2297947970
257517669
4812935123
229613061
21263698
418031408
2624291165
4480892837
437435522
392162942
624849563
56167186
26276288
23946141
722310965719478272
1426769966
4081105572
57236804
46202174
722302305236725760
722300558455885824
1484406980
3968837358
4685165947
192178042
707384565334155264
720988375952580608
396183130
4848381513
713424344580366336
721885159465717760
496082117
717419777707360258
716572582099730433
1893704294
1708393862
629832197
868299494
4883387397
131920710
2840750950
722251076884299776
480931772
177211010
2533764068
721905169814917121
3274025467
722249222234312704
469531762
14521887
269435628
722171912697286656
361969033
4875191468
36461923
247987019
722241403628032000
21635096
4805386267
42269220
3486149054
750849344
2219522785
3180945745
553350394
2537034025
341392535
751011565
721340840631803904
3850778114
2520272572
28358487
2852104100
467558606
4880088075
722187659536281600
379431283
2181406290
722207550339350528
24737542
1141191817
470030401
720827052857774080
928848217
600566492
920166950
122792000
722180905909952513
3299051671
779535932
705056269598597120
2591523680
1431882020
711626746085318656
3255685735
146842730
719286740020645888
3609442582
4206714189
2995344697
800690881
722164966216843264
353981533
4065796334
948027042
4468403953
1270858196
707506578535002112
3366817204
51241939
62253310
721771100863078402
359783850
388257435
1325576550
228449987
190342435
462585369
3308307295
1638415290
253926298
1679264400
61872823
2939443337
4025613796
166353825
290050142
2500848336
346247414
276625466
1190578609
394774852
175576617
488847716
439519668
3253313723
4855064337
704287801311928320
421214085
218607364
2447802391
36215304
21089652
1242826489
3411539716
182883521
2795776867
715153545310253056
250739495
716347926562254850
2389146409
4853185607
721907842932977664
714315169036238848
722085336419926021
516977907
722082509287256065
14920996
621216801
2339355739
3170835181
1125855686
718823763840745472
2820518531
498885358
920703518
3094638445
714708787
17784858
983966316
2905306610
896230098
3268500140
428755442
221825603
4256851283
722047583766491136
722044467516026880
4083709348
299218759
134158971
259694568
4863610929
2988115822
292715993
144332695
2902584990
620840691
899306671
378225068
2886054499
489890544
508720021
2611727165
4619929992
718847576036904960
4898855174
326454363
4628368518
937576224
26142438
303605387
58147943
721950446286282752
2388663277
272855832
2200281186
3732193764
721980843024117760
317044938
4259849337
4724239762
1187855756
2855449623
715484572
715257201376366592
30707884
3268430708
114548771
2874176906
380166469
2431104644
161020353
717705237788811266
158840257
3370990845
268127539
708294153159901184
375546295
2255964024
26918883
3069246640
855526362
1476005059
293832529
14447270
869311237
2872489306
721878748333740032
4574598555
21799745
417158543
708546622314061824
704792031789322240
615540016
721197870326493184
1511951258
747420481
2528892634
15404183
1063783698
547206069
3864753014
371106397
153913553
3823807273
209825691
721711478118612992
30119006
359159075
721854526131728386
1448997108
307126157
2789843262
4818213069
721861186573230080
2943288352
1173455161
1692960090
4160447843
721513189477912581
338667555
93863369
29125862
110389285
42728027
263025498
1885037024
240885883
66164283
119418934
29281240
473441710
258644219
4837558115
721755901754019840
718917312259166208
717516349317234688
1547264856
721825544774557696
39191362
706402607405916160
4884449900
2262547468
1633433245
4855692093
227825152
2597526590
194865853
799744332
721817331790385152
301114604
2658472789
702320626883756033
2508909091
3149431002
1323286411
2886592462
2885173162
498356330
292079328
1200556945
721800427230998531
125520056
54596770
23200624
2844960835
3477847396
1027175204
705039144
972720684
24125479
1977544753
542015119
721781536085958656
242092361
3536963279
47572688
716853878977761282
380726121
360727686
2661150408
1527879312
41391501
131572811
2888040451
346110041
3187730398
126405907
244768566
212701593
614883237
1478551616
856600062
721760626087886848
3692118854
721766116188663811
2266906784
433442299
4139287875
713218612740251649
3385121981
1562520895
306927640
2829901085
721746902228701184
1893831307
804489961
163523339
215504885
84800840
3298697414
16550891
701093173
253967128
4759070292
1573811701
551331211
257701041
17798550
703299404103606273
239069691
701466790497546240
230150934
2862674146
24210120
384593492
272923768
4671249140
3237418191
4593458847
506160687
3115356753
711950454549323777
124698011
2321754056
42695403
721630053541355522
52891701
337433157
1898299746
3327601489
24882418
2861683573
1552176120
3703698492
2614752006
14756292
2649561590
4767841772
1491181710
4363085293
374008576
541187086
2942237570
2928928316
463595974
463117420
403101904
1243637594
1931201556
721569919251443712
201086185
462322029
721565673021812736
14081958
218703640
716351821199966208
3333218952
2874379251
716545634128437248
1052594167
61255546
1648424383
160762891
2564194693
721198211944157184
4497161783
721387146657931266
106791242
2600161332
487688149
708896893963800576
626043349
4362392717
3068355743
3348672646
2944796918
2412845384
114929351
528991802
498361152
2213450690
806197256
4700172469
721509618388758528
4804626230
3234157329
1532376505
2177537796
2298318612
237522093
1311468330
899016632
721044424562765824
4700292666
4517439556
487204096
3231894612
3474083657
330556804
2444709974
4918240592
3191515916
3045095407
714636804767375360
2650225394
1210758902
401893360
600586620
4837378794
126056746
3361561845
501202842
613687403
53710660
4535584221
721477622266331137
4825706211
1455526686
388688132
366334951
4205194888
20948845
3442977677
2914276615
269202017
1263192866
714970370554597376
1195371800
1723194768
714538276107993088
1354275901
372589495
48430431
4870350317
968290692
2487366735
2376050262
711579304895881216
308829908
1315836937
712238651820871680
378143592
719354349927997442
3375490582
63126581
2261162436
46766835
2961688595
721441748321464321
721443094437195776
320424791
705167403353825280
21165823
1037833176
4876854454
3179365533
122215323
842602598
568423693
3238465614
45776855
257256394
837516210
2404965865
49153562
716021755177865217
1456375394
2447759558
4871313125
18546022
2691713790
82069509
385020447
706152628623773696
704850628720209920
375323247
3640960576
712014176982409216
338324078
17588603
721411871773954048
19503389
721389288303108096
1246945100
2841287746
102533691
3242368895
329182746
2301454216
465167561
160891836
4918279608
508204563
4836873314
714419963679940608
2372534617
17711680
239046099
563174288
2488861586
1881225500
25559533
102704368
2402421678
32210500
18951063
172927106
30925817
427669060
2511821110
454183749
290019889
721379908614811648
114140844
721377095247642624
1666047168
1290371874
14707203
713425526501863424
4288128857
297610195
371116078
721364856935473153
90253570
193070438
480727934
2261760001
399925731
355053353
721356282154893312
4501790472
717079101123784704
3008480684
253997777
58302881
4807394578
721324640623280128
16067571
107216046
74025553
12064852
708664043230334977
385737947
4904675527
721310011616600064
4229734714
733023391
542154186
480134267
721042293650767872
35576230
1255950378
389497950
2950699758
246593695
251540614
4311365909
29892450
714560021426737152
1136877606
716359011701014530
109442769
996132584
26381808
167824629
41802500
1148988343
420235351
2576087409
2818987368
412592383
1860570145
2327613576
186405804
315840592
718237394055598080
29045086
142668125
71752058
711787012630532096
4789474921
710898780640399360
384439330
4230541272
2415425180
3308866333
4575610815
3297425244
715310532719280128
64518568
710606192062668800
2588568421
316861331
721223474040012800
48431633
2710039712
217926453
973076970
138946605
711755066202591236
1965481
1969768501
256740566
2727906099
1951283430
3310218359
1656881126
337596748
484128762
3979583295
721203248107945984
721203593903280128
2736551912
2823583126
14840402
158990582
2534615110
283670192
3167788122
516191239
280733709
1689706826
2972602563
713593143476690945
116010293
198301448
610157006
2280006835
252775954
2150878974
4869559588
1026006026
230962679
1191729080
522483008
4756709061
570404529
108202431
128038803
709931344982200320
18091147
799842152
690293
84856239
716240020265242624
1151046284
4413567434
199665356
720249795286142976
860781002
2314652405
501029537
1157571601
57401610
245229280
363992343
362149037
3188165778
290227054
2511427183
719718569945260033
2993859152
33310004
1862135892
396190858
2540793607
1169643096
2815394001
579493883
2474820343
720716476236374016
3245730508
181674910
117824845
20643237
78011864
863112138
1556034102
713861151411552256
501321802
45494167
56721531
395725125
223160170
2315582970
3595611372
1455940345
2556590840
331338978
18755830
560214644
325289918
721127760979042305
2336303694
2149924334
721129242247847937
189293129
3643236509
393653861
705415718402203648
3378915081
1239861104
4708479203
805132339
1829969052
67461929
278757902
1838116152
28445547
3283645590
3331936727
2437625598
2949596654
1014091704
15264867
553767128
2285724186
467398833
449542460
2270031733
710605060254765058
611413953
264200426
2419518318
1029663504
185480715
350438846
705564906494562304
1561420435
832867903
721014929877266433
325302202
1853175128
279362586
2216558982
2735971002
1837177381
1346628067
2212029793
3273818760
708319859160043521
4409820215
26755873
512642704
1220209278
720365342506094593
719209017130795009
3139636734
1640984936
556461170
1345608086
16899446
53152121
154852658
38097879
700364792
3006421552
3245766578
2922196620
1686619579
521861722
721081575593480192
379538580
118678700
335011904
2441702185
89553324
1465210435
71312878
2844726331
2245641757
725460121
116141855
15405005
713486204688285697
2271205482
299057262
713798712573693953
49744050
4157460136
1458125016
718101339490926593
4880402176
2931301469
718891336447995904
4074739939
3307496768
3914229792
348585493
4720932492
241593588
16799688
1004507292
787695943
2323179422
21897161
3386316311
254142649
432794314
933510391
1357412126
1650555654
256930586
4729317440
720418826282598400
1311000548
339456118
1050716438
3661677374
562682004
3006918412
23044023
2556143335
4561399783
2737749089
217705727
337807057
68175525
961302950
588779793
3283862263
430325645
299966569
81897104
131161536
721056440404848641
630911951
2244148602
720349973242466304
595154868
252442897
161580057
324432545
121846370
73576280
803790476
4390294813
53756721
1559562098
376607489
181623035
721049530419048449
4693201411
851556174
2944589798
73040918
3087207241
2821107258
187354208
27386344
14822718
562891236
15874545
3370836675
95253398
2724780758
710666207339397121
217023496
368480219
2495066821
2363912317
454398207
3405892545
2880211960
1901658494
4764406093
721023073286283265
3557727675
25598416
4630363874
3348588237
2223923556
27360586
2268039967
430211141
971318408
4550457498
2493725876
65936595
34943795
578817916
1864358582
2825042663
720372695532068864
721010209964089346
4707764075
1656342355
904595473
1174111436
2292797061
862511496
1949391637
30723568
3089710786
4069390047
16310869
700289733
3401430957
4749485121
720887510348406784
187332271
35596716
720984121112076288
720761644838744064
2377679396
720794540664360960
2381387222
2452037234
281179991
2291889271
2708307752
871397450
4712888394
124458777
2196138341
718937219596062721
595035814
4014846881
33592745
720953058629459968
839622690
578508103
2614456544
2397098028
251747030
4605130640
211292825
2833046344
2786408425
90988736
3171557787
4883351884
720950005297725440
431504793
142260665
288073488
714297607087063040
25645943
3310293710
4374358993
3143496883
2331581366
364753439
227850226
384614410
720937849902616576
1478678910
704016979
330542224
1585130701
117411780
2216503711
4831391957
115265935
2169190544
3938143463
4844900068
368282439
769486520
163787202
3484500562
3281393480
700795914152087552
273769580
711767316200087552
13992812
65331826
2578180728
390272299
2698722792
720884816116224000
634305463
720880570276847616
1220002105
2492120570
1431008683
2657352336
407720109
715843797003931648
154487340
1557249146
720864172112646144
827614154
2479930416
2662614220
2758541845
4158850473
1069210640
2369478067
720839982168932352
2413597296
140277529
712113507752386560
1138499737
4855863731
428302901
350131212
720828882933317632
1270349353
207066520
720014100558811136
462184757
3456094334
377123673
105774738
717950425861857280
3320088554
519150914
842077081
1521208070
78802884
2345814289
716314878307229696
53156159
1445116788
2340637484
2293644582
576841869
3089823615
498373704
584973119
295488806
817662259
2366496206
209445210
343697221
2963220127
14328611
1343196115
720727136416436224
607246963
716798702363480064
104385659
2589803268
3984083112
1668552630
766646666
703043782288281601
397648572
101989817
3309942404
4578930138
292127178
717158433565224960
2312786638
213029472
17712324
706708439624318976
1874167664
3167631232
2962155876
3253168826
713883846874370049
497146577
1368370981
143569000
1262310908
582362768
718949896863289346
519291508
4781180242
4582550414
366692370
3225588761
1106820907
451870020
84292374
2168907026
1661149314
1517360575
260926224
1262593351
712724244896071680
620313872
720710921702797313
1347050251
2450581136
557607846
54703421
188829923
720690749281439744
323506510
111591200
3304374202
720681267998494721
1258574234
966093127
1656388818
774819950
4896537893
868446084
2584693238
469007628
1338025694
242179996
883575848
2908803151
192012830
2775808297
4213430295
3390384735
156518643
3952502359
720636615635427329
370288591
624136321
2915126998
719813170555129856
772013190
702836391659642880
3421716256
720626831888687105
22702068
720470026126561280
224404796
19795404
249773366
720514839014162432
3350731300
632194277
428929844
3331461471
327324544
3321659437
3089261072
3083008561
24086736
2415639299
253543537
1934519372
554576820
416600234
129858398
313647861
1506556483
720376770114011136
863692321
11615682
1181186233
3417936953
702631337660801024
350994592
184576729
18377332
1038761149
212875491
582988635
715427386011947008
4497682306
395434007
278286885
1078616966
720484327067381761
294906283
720471636777037825
718124892508581888
896704758
719959380771409921
873704137
334784680
83472482
64083181
4847435591
720447431868051461
477512483
717630634634510336
720443052855271429
18896251
1544722104
169224791
1148252042
714099594813181952
713844406856458240
24294667
3988660239
168761202
2945201187
3100749304
252757367
10140572
1700442673
4383286523
2229667098
3234133009
36824483
359687714
2588554735
720408078613544961
705936824280043520
1191889452
489950346
344190687
29783092
2796997911
1702635547
720078687803203584
4820794666
517058020
203812581
325209386
19375867
4921851145
4205365943
232086446
4342858043
3397293455
3796964952
1665144337
707682292890787840
3363553354
719293843284340736
2247802297
720381501095825408
4875322161
778745287
1199274655
2409605792
14996376
720352488558325760
720367118735151106
15242207
4864726051
49203300
726300349
130894334
29610030
3129866044
34794844
242132288
2243338161
574028027
1482936193
700906632050507776
720333112308137984
2471352012
391142777
4532943199
703362978377289729
393570517
714569502973894659
702656096431972352
2453679499
519990978
920127877
4905084312
134916466
3274893092
2857256599
4740986814
2420443544
892579932
719334515198459904
741095767
5261851
3129248519
340709198
2602264443
3120611594
718143825038942209
720286435702546433
2546681574
40959481
720279607253950464
3149889898
4249502331
2290967570
41594566
2455315172
1055985014
104036336
964928803
720268291424432128
169540133
337202730
2465251752
1403132288
3057111189
188964602
3828256454
194117255
21895764
234548424
171027546
3044618267
14156567
2817095796
304171300
2583003106
315608557
844653997
4359318973
621289909
259924505
3020189508
700780905435152386
3119754419
720235580156567555
2710544628
1157459456
4103349861
1020519152
3555930620
139853857
83911532
360290654
2374280132
175957285
29077797
713891882
28080506
42827024
720225009550012416
1068721093
720210349031583744
59856742
28702792
7609922
3093045216
1724426605
720196166206369792
719966749811216384
626391812
1692342961
718304279270932480
436364902
720179461983830016
480246691
118839527
2514434904
24475445
2986591938
92903164
714014763668234240
1242031021
783193932
599894480
3180348943
163674081
3491249303
4272139461
985852075
138984489
720126248589074432
326436748
2915287044
3229701919
720096571602427904
160368620
728525815
704028025
17266580
101904121
495568508
1579351634
635849859
506327087
460507283
704349523846553600
4730843248
4791777672
2468926680
702502728
47432053
1117396046
4138295537
435301756
853578266
440373450
1018718438
696930502956216320
4681753154
700813860773691392
3825721523
16222126
203411131
416736516
425993385
189422486
129062996
23407793
377672584
73824168
406616347
4366936577
35337689
1587341491
720073534689648640
2784484015
163856894
251374050
1677241422
709526759637651458
104625159
32318234
3323350125
309925786
4825890219
860623356
713942989190643712
336352091
413597550
1664006180
2185162217
710444637140295680
256124696
346539860
715714736114049024
290388635
4149540684
355613207
1223426611
398147512
710000820029415425
27106241
4216260192
76091694
132294743
1297202539
772784960
535580834
68700137
713005070313345026
255772783
437813526
568350030
2181056088
1652936372
3254981961
428493950
319883522
891193266
750430873
2586560922
987229987
259930144
393157857
114675074
28254158
2771466662
215089295
493627621
480798812
56327727
294910828
454317369
265460286
175829960
1453009782
214760598
51985360
3079233540
714622006407335936
250941880
201117449
451212831
2502224657
3243656034
572272473
81892192
2328854530
894380772
4271889329
39152712
310650300
509567877
438779302
376298985
573707053
135236738
39642938
55039297
751729974
720023717980565504
701499935263485953
24276101
715409418939207680
720015712056553472
22409500
939377934
25783736
4637831418
720007550108897281
27618518
3283860913
2172141894
755194700
51426315
2806107536
176657599
1535672647
30760031
2557814580
3092496604
2503314258
237008954
3289267695
870961940
548594588
595853965
266844110
428459627
483050317
552911344
4123771041
496178486
2417669375
57714279
443333965
2161989644
19147166
1486122498
378857488
1498319310
712104695188332544
3546630376
2925745175
435135245
2826949274
338021014
106711107
222342198
4498098334
2915982208
1426424617
2846002348
4153895416
363952574
2493163201
1146211094
622242961
44522751
3807315795
1124632723
20827129
1161340590
516912490
14074091
537734363
4143196900
592865718
251428821
23973308
190164269
277306345
716384628010049536
18387752
329604630
564330774
2161435765
435423268
16105087
311791422
567163576
719952941260611585
709162838929985536
703227508070547456
2855166965
237129070
55695259
280235046
318786057
3403599316
553785794
253194046
364617068
44837376
218470357
4719527898
30250606
2246360726
4508367106
425422950
440427514
1558697329
45399330
284787770
706785896440467456
73782136
1115236628
366776892
709182614934913024
704092951383830528
539118457
280146141
398000875
318811870
719930442154123268
4343801056
4789107767
4790525495
985473114
355073996
712089483479490560
411537691
2586394147
242525105
19571363
565661929
544809981
258873017
346956563
307632263
711947696345473024
509485442
192333905
494424381
619409546
3680639117
140606706
700717498895740933
190061705
319127282
1656253772
902047742
1337055517
513509816
506798230
845839543
427112921
52169063
2173981217
618155361
42047326
470458856
381619094
268691211
3386589574
719918032575926273
101590241
2463450555
55124381
23130105
52308388
3177244548
718854462568337408
887003718
3403248417
715685013707104256
540530376
186590661
719394469498458113
243029403
1041348152
2977059853
2830492082
18700874
764724060
302381731
180786311
3970644554
157375363
1661425712
1132594836
3253642896
2184682924
3432175144
4005906492
1202323998
3156238239
1716875930
2387611693
494442534
1576400162
3111114634
168910416
69426764
734069526
719267971709808640
2911792929
100251664
1699490910
17887384
627311461
17238838
2834280701
163640654
954352382
359390124
345579521
358359669
2777331939
568301689
2335457239
4786132700
454239582
1343244810
97133102
142537400
104808258
229593013
34078577
628954808
756070080
2372603634
719901368643940352
176975597
126750844
549574434
114629757
286362184
2203772875
412012483
709984868
97709235
1383113617
112895749
535902629
271931670
445841395
1409382667
727107708
483987999
301701040
761728429
303334652
482457757
370277753
719296224
701178916761829377
876912360
54626584
2256671904
891843031
1624521536
1291366140
38574119
582307072
431158365
370511179
18770504
1883808895
294569166
357137656
2599676667
138591089
701712810
27510242
389890029
405450236
285761632
163668028
387560753
1004912726
867839694
434386006
417665610
306924276
714923699388854272
375993053
207086559
297992612
76492762
14995328
281247301
361627520
719885493433954304
717162458763251716
427281195
2402249814
718262377943298049
5738952
2376893806
3084084077
61956487
4853758365
28820976
1302419076
769463066
702562515054530560
1738309650
808152564
245762087
945468288
320345972
4856685669
3070842537
3242606763
45224847
4323724288
2243151717
4848393304
21060711
1264569355
1601781120
713858938786201601
3054650975
856683636
751539024
2274087294
2401514358
16687557
1231535292
2547130494
862468561
1578491898
719826679091367936
719824995904589824
263689032
1492382658
715458570406477824
719811400890204161
4042151293
356165042
2879020837
3998489302
2948050732
4827470119
312271913
181221946
4124464394
4842208414
2669621048
1396936753
2570307893
718028812638937090
874787544
241341493
83764616
969047150
4730048718
496613420
215176618
719761982635798528
3355086028
2786404245
395722367
266027541
460945715
715013963130519554
1931913002
14048734
63865138
336293735
701627224609271808
15172361
719752209949401088
598914320
2448471445
174922644
3495042313
705332158752276480
361622569
15193715
719668019463647232
2821714066
37609171
2689695013
719042460186349568
2424900741
462534337
2828836732
238233964
2948053822
1472455410
256908389
858718322
432094165
3191823081
2437532826
207652537
4381602013
719614989586329600
3253226408
782986518
3485234357
408208416
710370757277159424
129098065
101655472
441854169
56127571
57143986
3145721245
719486769218121728
3645601333
549789743
713828180616937473
2960372560
33852939
3411510291
715687653396578304
411167027
259405105
2401255638
478126476
333088281
1012313594
377705836
1132209026
2633194667
3300583213
23109247
198785906
2571032468
302615780
1078047684
4919107479
719360647713173504
4672302414
365785811
1360910802
4386311240
3236302831
194641925
3485277258
295964910
708698992683704320
910580785
3093700785
718444365245521920
893517366
1260499758
552851333
718235674743279616
281239579
367870090
2939934499
797223571
715564243941199872
206055381
622336938
719625967271092225
1022896290
622033760
2927842259
300599846
22452734
1676978016
2324573377
273082671
55355294
772678434
719641736553828352
55416020
2319672114
4344016235
221528248
719635111822680064
46656370
1580733427
3928181067
258982256
595497653
2903979851
725549749
2966135170
719265272436232193
719537930369384448
36824378
295117882
367833206
96587731
719513866238062592
3064605946
216526422
708131313920778241
4717087108
283656321
1576698991
2150802542
719609846954389504
2347850992
510535234
719601841051447296
2957758655
531661546
31416129
2914489701
3894229432
2231099247
719595116424536065
719585890566291456
14109704
2724329181
17785252
125856923
3324871906
28037044
563220956
1272171091
138202324
466954108
3743403794
17062476
1319627504
16459900
698525648231473152
64947919
98045717
28031394
621415082
719516730385502212
719510742320488448
703612465980964865
140492004
716179428913639425
60996791
706468366811164672
14597803
718828148591341569
18939039
2429449074
336082842
259951963
61511313
1549144272
2323363580
719254685312397312
4225886419
701016815263215616
2913978443
2424665420
716753870362439680
719426460386131968
3063394098
572890387
548470162
4871863349
2464778801
392820458
420134700
476954199
2340901068
296924301
1182988152
104999452
3108005473
719387216129167360
382172843
2668534795
3786352753
719383585828909057
237418981
747580544
719380154217271296
138910003
2608945922
719367659372974081
719371705618030592
1180360302
38607504
337271380
719344829151494144
340110976
1567190882
114257722
3623225712
113550893
715424787380756480
206711212
94261062
591380458
52648848
700534703808380928
2890453759
3298735727
4704708710
146729303
21425191
2930880127
365030455
3379740994
93489886
376180890
1025958932
282463186
719316580878917633
234574784
719304662055272448
415306962
719301452502536192
49422117
1135187676
2438329891
2361917294
3131465951
1176122924
108857304
64707168
719275935996911616
2935526980
20221728
719264703029977088
4613230874
306788183
1629409069
1199219060
2148124766
3057989469
187627285
542985489
719244380503080960
2201790217
240078196
4136431383
321173697
131593818
706432246178291712
2519425945
3294788997
611417119
719229916454068224
425756958
445762918
39373603
2382645992
3024918309
3077601527
719210578791833602
2899677231
719188259138641920
3408756934
1134509828
942355627
2249069988
202010960
3017665178
4280361076
626088577
87994147
719182572778098689
17893571
141741551
3158782301
1354814582
3339117132
1957835382
1012226466
449086984
395238042
140355450
288488471
295044149
496704076
1331099292
282290231
718849684169736192
2551359792
2723640404
449444517
3370666108
273080067
41611747
702577557699489793
460896840
228517070
22305623
18388923
718825613918879744
238904789
719132382897577984
4431746187
2611227847
719086681845075968
339540468
718399811976867840
422965179
716918985497911296
1411611486
4463672962
2550242737
2306083454
2390583668
58878289
2196906443
3778963873
297474884
1449926671
720453577
1645375483
2842435444
2204055295
388168394
2960150593
2319115674
2951604897
497991362
2358954353
69198615
719005967493386243
148905400
2760717414
202627333
719037821374349312
348225437
4457344813
712881224893603841
89192433
578974420
3586271
3184477759
69675499
718695250479329280
718571904731193345
719011339134509057
389389595
139852227
4397672897
364078435
483350768
64304639
718992167004434432
718994711361376256
91836078
3289607656
3124913118
2926640195
1402796468
2569305845
844100696
893868516
1489045182
2899462071
93770155
93417463
3302765360
430333610
2748395092
3236334246
3011363799
4757016454
309919850
712371495327174658
1647027566
2746180613
21269271
267361559
20701308
257664123
244805218
246998557
69636620
2850882382
2258388546
2740699520
2895429353
1379741936
404304596
190508414
715719408589475841
718950344148041729
105792936
2480311232
368609835
31319972
1972029110
64179519
4913605760
20875844
785574926
454339282
712428068640591872
346089084
4162164674
717854217462026240
22374902
415216831
256779049
553963177
20005064
594930584
3729285794
298020537
1367378976
2357658301
1357388000
461658884
3330534771
714483421289037825
4412654236
501994719
849299857
289565100
15300064
21034532
2786414508
731028643
958793551
2966251421
301572796
228985798
2744027390
19080655
613622899
4881322180
28745008
2305087962
718905398598639617
140625026
713916664891346945
1024477483
387301784
4840751972
282801802
2685941630
300460447
714369475957637121
3418296988
942755599
50750200
703111889677455361
3383579505
362405068
342516331
14990468
2990139255
3252224204
437167324
706934612916903936
3297797926
867535362
4780414161
259932689
4408749479
1115933791
29064383
3086444743
249402852
258076771
286261674
255941798
288134572
2475768906
20723574
718892504205107202
14269957
521549863
338084872
86984052
79060357
703252241050968064
444598483
277106282
70297013
436981272
97861892
220537847
4834204767
760806
21126024
442158003
970557774
1056451105
317526153
1046690828
1179641113
2411264357
56990892
54614813
892343988
145457665
20878297
1736577458
2305059122
2342449106
718890609990348802
437532592
2334020923
196562557
446483907
3001662875
4713075821
539462646
718878978254045184
213757108
485064500
162590512
204889808
221134449
35035003
198614302
383932720
434209652
4337142260
718839224120659969
142427845
2845353359
2231766816
718765793358569472
204341720
426001715
3033271605
703045003673624578
3003963885
707805095795269633
142695687
718820584755503108
245025642
3587325614
4176319161
28902959
715740933854257152
1949249618
185889167
470813762
718802194192064513
163580926
2486973270
1129868922
2163328364
718774470538895360
213028555
2518438975
540891010
718741945607020544
718729234575933440
2227672939
159188023
75657385
221603131
3363002710
709833063895736320
3252732496
717555863012130816
519168580
3892848562
313611087
2855370591
718632885482164226
718622278066446336
718625202461110272
718623012803735554
3300905490
718608698097029120
718616230136061952
39862586
1413907807
718601588982607872
4890464506
443229205
4010615954
1619618900
2586264426
441955549
218478479
99076762
3333591689
3330555513
326804217
1330802774
718552583447691265
4820192488
4893848236
1229396791
632237019
335017911
940503344
3449995154
2280940190
637078264
2903127549
4867387389
718537694800932864
717954723228336128
704019893461581824
1523802516
31312273
718526781444251648
2610931963
33437264
1394843970
166816694
2912291497
436139285
2922373579
718490707078574080
718291057449050112
1158579722
44421575
4776462680
2211146702
717120141947834368
4904771054
384064186
257805665
455283131
27807286
4012647869
718092353114935298
878808793
718472089603211264
629820749
1821528427
770379685
4075219443
717457991398592512
312817300
628789583
6401882
246325823
3339711616
2586180140
4776943832
718387985272725504
704631393020715009
162192722
697139997204312064
39830927
100521619
858639224
718350737273667585
718361824358494209
2819144431
1669764710
800226799
263823807
438600670
412413121
2528296418
3664112177
1660657800
186264321
31071322
706765812078669824
718309024631037953
2189983081
187036161
3131111307
415261150
718295838309621761
718110484197670912
58715380
143276852
4852674470
717517304288911360
2629724339
770337072
70278941
717857136777277440
716753235780894722
733708616
1297408110
710278625128521736
1373632574
718234838554296320
14506112
713099392501227521
557205733
3242600103
3350055051
22517721
748788446
1323075674
107073281
930350942
718257433387409409
1496329056
181378497
4598939964
1932817728
4831673495
86260645
4500550336
243383661
499984640
316746225
281869839
597741884
4230658162
1676491086
770848662
77835498
75157756
2349124459
331187555
713127896747872256
2826452213
3003434524
718221633178234880
210192998
718019897930854400
2647443819
549707024
3239416184
787733304
2503730887
602339560
301256562
3240205667
2327045494
548900985
1180174718
1365418832
1670897617
718207577675415552
716793266780250112
1390429344
2176843861
2713615502
238633568
281359964
3384496811
2363327485
731668171
2469365395
293531727
847928640
718189232326451200
4740814217
715906012193157120
712983868140290048
714830717218197506
715287663788429313
64882530
718172646794489857
219773867
37432562
716286205067833346
718165332280680452
2320185768
717603822806368256
626125506
4845681314
181688433
69898587
406536582
550832720
2464919840
1262521405
18568586
2957633515
3049100286
42126485
712037004532432897
453032990
23680234
2350612452
1272521534
388038278
717028510418636800
714583989655212032
14418490
394286235
702782711795052544
1530916794
423776638
2900068349
1126287894
718107662995554304
2978837366
3291510196
9134032
718090002975092737
2603049084
115846255
722915978
4880758619
2691422857
710509495059914753
393383418
2720603227
1415680873
1173055309
1027768160
2417925048
3549662834
3064086766
327016256
435296723
59151242
266720659
2888159474
3741103396
3207645581
239164705
985842235
277981265
4382430262
66958982
19002260
717963800075497472
243075553
727257864
986106360
1223823218
825738739
403843715
717884846798807040
3919461972
1508862852
3277769779
717533337175240704
83989783
194442435
43166853
517028552
1452670994
94706236
4034749444
714345028689260544
717933107429531648
156141164
704073887743512576
112849583
1365038970
3583455375
3012907699
717792729317646344
401979940
3095040613
750719082
36187515
158174666
21731834
432009184
2954912450
248889502
2981180161
336713655
1696053812
4890271607
344769091
2914231782
2560810498
713624149118361600
2868468897
204138545
344521709
717747912315244544
1733367259
161456787
4894888219
1669022814
22447246
2500892139
2554710500
32424671
1858599018
870412363
2925024261
56518302
1381242295
701199502531764225
802021087
706384272253259776
443132205
1204403425
697732196073914368
2453195488
717848462436401152
1480750591
717847309728362497
2308821968
3351226438
355212057
66009282
315283991
810750121
2241449874
558206891
164070197
3054720761
562147775
103835888
588966354
357073920
2935776971
34510232
46540511
717816226186190848
2799567357
2149435926
717809118589923329
717808943670673409
278634589
187725661
101133563
394912227
707628064734388224
2247500912
717795820649754624
373641466
2296442599
2877871299
573168003
704894916430794753
1031985278
4355193664
717785521272057856
306805257
471502181
2995411239
716568490862370817
2805959762
330666923
2519941020
496431283
440337215
517063197
242810804
339975082
287778432
3755190855
611954831
2271376136
25352268
178093902
2237565846
747994591
3786064813
617743631
3609583816
2911588912
80699119
82058618
717737959223595008
704296009191583744
3251466842
1478192100
339439056
186436097
264069473
708847400790548480
717699944006725632
1258898845
716276933294755840
3171723054
152826878
187438152
160673065
159876807
3741881476
3230455964
717664984642281472
717658650588880896
3873845195
2187982312
1684414555
840247375
3307157054
3216135532
717637329192689665
712202775237693440
2767566408
3281408216
3031274606
717620920165208064
95979192
2991513321
2748371617
2490388297
68177189
3386111045
583072377
145516667
2269936747
717597839715471360
1521376934
1531540909
14826719
220875484
911824634
717581759295021057
2788113068
9319532
339510554
110446555
619714447
518920622
213082733
73752026
2865008368
137522758
43943630
349919877
275358826
717566027991617536
1321366430
2965272622
1636333400
119889408
2317907442
717543496673058817
135586379
3224076661
2873376892
704546249219969024
717559517395959809
130696935
431198944
3434426206
364010066
2152197752
904561860
4579282769
1872493470
37273630
1624981640
4123478062
247045433
330678589
227445624
260261150
357170703
708555286
108949303
18357983
4701525254
55367810
83035298
2372115792
1458015781
3543521715
896526780
3237573272
2983115764
2675265620
202054768
131723753
2274987439
717514159806668800
2905849612
2644685985
541125768
2293784347
1000826586
42884370
2463953504
3210450501
1096625646
462215371
2664901250
23551402
293036266
2990900678
488051631
525194944
717496705965432832
323456790
113782778
813810000
102760047
481712017
616266653
1961714515
717483123676733440
2319419947
1717467607
3310373100
4396620040
4731217757
466175506
358533249
362143877
1081834794
2755671670
716281571032981504
703069584740347904
4460115498
1698632563
3022793017
370369747
4845872596
2589941084
717435810631397376
717426826436550656
1834784058
326958822
4200072039
328956401
62857304
273544348
151058537
558847947
1549268300
2740598394
2460473466
486135210
2813607797
35205411
2315827088
4895610040
593902479
33418949
2720294681
2621020386
716969204939890688
3318169578
716335937723215873
4827140420
80289189
701842589499187200
469002376
28626121
717368232668061696
85237347
715231154287280128
263924992
717359336826253313
325938717
45020339
4701957397
179217067
3676399814
239207445
717339571831353344
701465324
3190395745
231489136
383912713
717319985002098688
717308494496579585
3669554067
332503887
3928314328
299104495
4752749212
4145944275
1119740539
597666995
3110892017
717291753955401728
38071134
2835922668
106558213
717260045830893569
717264341968502784
1478589338
717250526912634880
3060857902
777566592
315609611
2847170990
717241003925573632
943083114
717237397512196096
715312709450002432
717227945761251328
3321960739
137058307
890053656
703811471054999552
4322525140
717220711010541568
135986774
32779346
303351639
1069768987
129109411
2915318294
1247233609
700462299392434178
3849053412
744462696
1612033273
297071437
615094215
3379167263
717189381199626240
1478985019
710598554109091840
413385844
3146605507
4569511595
3353551880
69459099
199060941
3403869489
335487599
71322106
717174852562640898
3033322073
4748300813
4689079196
717143356015566849
303419569
194707015
1254705553
1979378172
2590686602
2401324723
717146100994408448
702653576301060097
436882448
716969495739236353
3097439829
59017603
907241743
3483339557
3145738498
1131893916
700597803630735364
2378607517
4050463347
1713298105
1272558199
93754392
128961582
717014467360501763
717115838126559232
713116055774691328
717106117327904768
4899155788
1075505899
21541722
717113054698336256
745753303
2956210145
2863275076
47454902
74584568
4582012660
717100518938583040
717094541422006272
20181810
4716938490
4827666321
1262143800
717018091138510850
229526670
707976736466558976
3219626108
1865214337
2266516902
2449463599
43143225
717070984411348992
2821060967
714186098084286464
294177679
705214427726004224
124362718
2559405704
1956506442
2523728906
717054583865012225
39106878
260416941
2407687802
17212545
175115284
710264678686048260
530981082
504781436
305881107
15909852
16975237
3376258054
3219741687
3221934925
716790668157386753
717027763778097152
1895551334
367201705
229015854
717019505147387904
15809002
3131354715
708000820852166657
28843008
33629369
71824171
711512708
2847653680
2978454437
592238514
142029511
848489324
2187715076
4817013802
40909917
716958117582479364
414648279
716761244313718785
712392374404706304
2850529455
371705885
4025784921
81190104
242844365
3318199394
713941091385364480
21046368
966781064
2366200682
716896046031319040
3286301804
365597436
3235659326
3044427245
3221752012
2783610111
54988762
2545313526
716728717263904768
718363789
26174378
716850835376967681
716850426344288256
2168679442
711375110922342401
333094434
4759050714
716373214084071425
716820588527022080
561610373
4895715021
221819754
714225624248881152
33072082
704343404394770435
716815285186011137
728289361
3164372825
2333810276
50707669
4008806178
212059218
486098745
66521300
1141203415
716779888624197633
3308365563
3168079945
101262578
390530170
595955602
716757350011510784
709349308575961088
2965478620
715599829523677184
182980169
3096785930
716679870642839553
4907552975
29933205
391436030
716734259797614592
2166932819
4913665995
786622710
716733616802299904
2325124776
133124120
3410057474
716727466950197248
1891024832
406987789
304141438
8540602
26368215
2804756924
1589001115
1475546114
714156153350000643
716497711298576387
400476484
524767646
416333886
627064009
207503246
609604768
3249902656
714982292737753088
4836306172
1339947049
23895960
70450235
4738900821
2214471637
83506797
34412115
17479930
89045319
112230247
75846762
357989053
712279903153033216
3190134871
716407344767193088
2790969301
566651362
716633392968777728
94472929
716636780104196096
2180260798
146246329
2210524149
217220816
4459143939
475529902
4856235018
37246613
278274239
1849516916
217948247
2944443589
4864353125
716577703072243712
716577370828836865
4162153077
712582970079449088
1719763418
716425627729965056
281221695
710501356466016257
60509721
2703791978
425723403
222744747
81467328
4881370253
1542521376
716084882141622272
4608786434
2613715212
129802943
716478050729336832
467596007
946343252
3119448394
712017054375612416
26599115
716507481879412736
1866735020
2842353719
72683406
4255582343
3430869790
707841501288509440
2751658579
3363921843
484434237
425501510
400547491
121822871
716481955227783168
711778732336263168
1102593902
312402002
4033590850
29857766
418098250
818523234
109082667
710403662573514752
716457927591268352
1370692561
716212128869326849
716446956449607681
1396378596
716436620992323585
714275258052771840
44751584
1014682560
2296577808
2691709076
193114113
397009714
2940165927
716426736603426816
713804144352501760
4834023042
49708367
716418300360728577
91217566
443767359
3165334497
2236461945
4740901041
3317703752
190093224
295508351
3827313501
1058066683
716379776391491584
1250012460
2982390172
710729299595231232
730125902
2236429039
3498670876
2754536892
3023383938
870451603
716369032224579584
80673464
123509570
82801305
1965740660
716359451062579201
231686670
1074586789
543900323
18179462
3473270002
715294103462932480
379289777
2325894152
2470573959
716339232772468736
628402015
45224583
45434462
25446527
61563843
167034674
884695844
716317700461563905
702953881
237446523
542115545
520472325
3323567243
387793183
707532063826640896
3409274020
21741770
815926675
469908197
2715873561
715490385611481089
4883279577
4178567182
2231546480
82527234
2817844362
2262665354
2336114568
