458370340
3294014750
4718058449
944145019
3946915763
1104833065
33550407
710732372245925888
438051476
4705888778
456178697
3022158560
89725278
14651447
187782838
410170867
2530039118
327378368
704289848673357824
473285651
2176120173
495396045
3027762156
11108762
393190233
422838569
4291655293
2738201784
4100953924
723167125272027137
602954914
3274378663
3409498392
721090274005557248
56449803
533712415
208967993
471192095
100638300
55004670
3388457170
4769316554
4810747934
715035176833839104
705506254500790278
713415305679278081
4851276082
703042911101968385
721344020040052736
3038148793
2975468251
619345580
4906853915
19173608
702628810483765249
3995952972
71796971
706845290016464896
3379125117
44382195
719201186646212608
709043989274464257
54415293
4779244982
2242085304
4874948752
710990834972233728
4798701630
2407411801
46260635
154350597
4764867800
3939952990
233661066
2363190510
3590632753
2303687707
4764896281
3007163826
4154041574
709208411825508353
4717892303
713600295222308865
3503962453
4918775000
1106503729
204132287
49518404
31579226
3346380243
60630907
4715923693
16071643
110611375
4700004686
4908639453
711797911156301824
4340433312
1650329616
4706270920
76938950
708039673684295680
4225106597
3063624208
705141641833795584
580847938
716353582572765185
50850618
85478773
710502884639526912
4802634235
3418871422
4624500980
4821135339
3293741005
3709245494
4691189473
4751570748
860691823
3416488763
347411113
2906973191
3309169489
3410689588
3873587412
705435690021027841
162301746
475450120
65455370
338560059
27671624
3322193749
709747162792333312
1931811601
3060388144
103605264
710998180117159937
4267265183
369804008
292777349
3296423616
3125314505
36048950
4756017559
2273797556
4386686182
856830889
70320954
481277671
711649223427563520
4890336327
867084096
713768020284301312
4636949955
1957553359
3712713857
100235408
4584443975
3005762823
18085109
702195766459310080
857001662
4720357461
565873727
3963724092
826537184
118093322
127499705
976664240
279134171
3419210573
346924655
1514400122
933693476
713233997023674369
2562154980
90722404
2431253425
4634139389
705902960967094272
1159630152
2317292048
3285975517
3306240758
1146358172
712450824048386048
4893125805
39576271
708416386037587968
33014441
4417130582
194097857
2952719616
86942017
706816179701051392
16939569
703274801138302976
26017993
4668897734
174072012
22936237
4827311260
3927572774
41300398
708178349
314910388
24532988
17010913
2478015324
3237940072
1613732965
3152149212
115681686
2461452080
4895361413
3277814538
2810850490
4645536691
3485534236
124075592
3440895073
521099168
272559329
3424711689
3430176958
23920295
2319339266
4700376662
165145111
194663746
3256616628
24518857
3265899319
406483952
253473341
1368478189
35216399
431917957
708324870891937793
561654065
2162747894
277354109
129943310
3285647851
3364994806
707267858158452737
17135404
83312898
703268281038168064
3845857817
310083612
204863403
119534385
2832236690
3249481215
276749860
700891189629886465
846009488
3307653610
63237178
304061756
155718531
3739067240
4453680687
1343305784
3165244523
16394643
182679029
2433335246
31267020
1868981054
3439020459
342718646
185906955
1074583705
3271601527
371515056
226841655
4597457008
3227655552
604486877
419258159
2665974325
3951625456
3256127095
1000682874
4886534068
1963788462
1913444598
164384861
21651982
3332044263
4003708414
592244584
539684179
1049681827
3440032103
4787502506
2904475109
17536486
3677280087
232720513
89475542
51980459
4855037211
109960811
3580248555
4771899923
4788258978
333427755
15693450
4397021841
762014822
4739845481
37431585
2819919530
1951406928
1434161089
3769782916
2207780696
46195585
2169095395
3884598859
4339754593
3836008983
3744122597
219496700
4532613270
580958513
29054598
2302134816
3863250088
2603953490
3248141375
3120947029
1963995792
14134180
2546562188
3330557069
3272284375
483588899
898832102
4656927401
564954012
4148011334
2664997154
2903166449
3167437949
4665881893
298786970
753466388
32327154
3367261878
1174311948
21434547
20118767
2303431412
60317232
258025056
403171779
2853443310
2973525349
841903070
174618314
229385617
2354367164
89277004
2996533537
21573010
862329896
18772468
25539759
23138382
3231897403
18161620
19102612
1122705594
3990358228
2953160959
501060187
22095286
2984727962
398919818
19515059
2239132832
3069614616
3663579675
3234108048
3763726752
3302183753
373367371
3110905846
884304968
15393823
141573886
613280139
27799202
65292722
501931291
3816236414
1933042237
76966092
208568172
2927284436
3957513999
112505755
379962842
122492899
228448495
791582888
22733268
417268363
64284006
2352603978
3012706790
62884010
2252839610
3278102636
291859435
3426089591
292590965
474202929
26122639
73408582
2400752539
338119526
14828860
885733974
208083510
394274636
3119581114
172852209
413430640
1078094414
26350255
2275342626
2967947906
2393063119
75736238
1428434406
2776339948
88022297
2544587904
70156027
1712895234
2462653698
972909709
1092966205
26900055
1426924182
361859989
51738464
42047079
732980827
1618641848
111225697
347627434
166730322
507890809
19196338
2189036984
299900985
599882476
1589575836
188074046
2333133566
2241833936
2252397493
2213634345
1909758506
2210612549
228437967
68798732
40488447
184018200
17714851
22932613
121656624
16051808
242618658
35779221
603742037
565933406
954705516
184383206
16814727
26582786
38084614
43352124
769989091
764369064
769994209
774079850
762156668
218027755
792155928
546351304
613654095
28162811
75862358
56918276
103491288
51047889
2329211
318807611
492833134
459685872
16692057
32601245
584209761
311137675
443224827
37515801
250019655
230813201
541176192
25283973
79543857
28258373
22966253
94857536
976589287
575815021
30513602
125778522
391873477
89300890
636383511
316126656
1103904392
67131988
136452869
19521569
946720586
89005882
44135635
248824648
416765077
461558727
16817222
297769932
45641358
263806606
247370719
54769979
22188979
18694665
115945502
254732884
547969112
562078060
535491964
108310388
49964679
16710420
23195603
21323251
123062306
930990728
57921200
308210202
356999990
18653708
54229868
996250026
986040859
167567392
331481741
54048122
887230356
20939349
609585144
320524842
158060289
19408986
21343653
36947165
753231908
33189002
19711718
14282169
14651202
539249341
379498878
148224229
566547133
428394989
71408601
632034929
81342455
96147957
534676732
312714284
629540185
99591679
550294448
352032956
807562164
89496720
39668421
753787098
806626970
849231187
315884451
9376622
19236097
883068012
801603578
19850687
88743039
15715289
15066760
16328360
393630879
365697588
302451470
226070225
27149654
155285788
115499181
64641969
