3195715148
1611000890
2517928877
620955813
4828257199
2200401781
709948124383596545
725494231909933056
65007261
2294115767
703762638493372417
711393889731657732
2368624716
4729317440
46302096
3392826359
720967777134227457
2697757255
2314556148
4717892303
2581758266
17010913
2391736202
721726949790519296
298162238
715468787856777216
715465569718415360
715461259362242560
715458673410187264
715456781170900992
715450431246360576
715452580340637696
715451247655038976
715449142999445504
379962842
2316246829
34428405
395693272
715467484883730432
715469321388994561
715467291434098688
715468416161751040
715467453619376128
18087450
1034827806
592848274
1111997108
711939705562996737
3259126782
714887575081607168
3334171629
701675382525796352
2843768360
3214214153
4877788534
65455370
3314758074
4220373573
704009710022873088
2478015324
703123528787169284
716376449490530306
67729222
65588182
407519628
1464959761
716656449062088704
77611974
3367987133
1338765866
258025056
2370787236
3053213337
4102376488
105532187
401010930
17289494
538547125
3082399059
17327882
4586677880
4503128412
2512732765
455229648
