720771287610732544
3854038335
722079068204630020
4828528060
2931345964
715719827080527872
3338024589
712190612984848384
2263832131
707749376236527616
2991251157
704044872026685440
699808877303500800
3350033020
4828631026
4221264329
3069165897
2715346207
3293694598
1955328672
86003563
3550729217
366474785
3142734856
587823070
1056492074
4190420427
3133056337
2272299817
2496231579
3774789733
2950608237
3691628241
3565335019
1257758864
2639065103
3060569455
3508032807
2865085378
619573167
2350721420
3408185782
483636223
3097720403
3280401968
2205225532
3151154492
2854673889
2456467575
596978010
3311453139
2945353054
3259088879
2955663560
79227832
3312434931
3234532980
325089492
898794674
3302140965
2807842421
2302383672
1665052818
727799220
3237462563
3179326908
363921282
2684876269
3199489137
2460791658
22335293
3054333626
3092172358
3052093169
512545362
2914760879
2945999452
3154166017
2578897553
3105738256
3154971831
1047020041
2298413042
3163851724
3164344721
3038500653
3152130896
606761498
3062561324
2764183315
3050632798
69786943
2974214245
