2610118092
3854038335
3241276469
175743717
458841312
1590960259
3248788245
76966092
3341900052
3123985585
3130203276
261431332
153158431
40698923
1886723456
862218259
148244647
2925809279
2247981026
3094665707
1444227150
3098586470
117001760
3168380299
24443763
2259881414
2839335467
349231491
83421914
2911868043
341002457
81029903
21932700
18500852
2321393587
21392684
2458216183
1040443170
289739829
2365082882
2309122405
422216482
1583556774
266373518
260969641
1701666619
138801681
340410903
764644214
16671869
21410757
179165730
20501583
322880632
1029781718
168019325
297692168
700507370
111294892
278834304
175605389
805589209
625353550
61003804
1944798211
39881209
19100862
36032320
16585184
2157911552
358967653
442322027
1915301593
492045681
498392326
933371850
627740009
100784901
1345813309
1018029590
80789774
22972326
1709424523
244998644
225553867
304001509
1174999543
1703331632
35015249
13256052
1096549242
473368225
1323736860
412596482
613874181
1014312985
461560772
182384817
282042638
596940076
39940842
22209201
19840078
1015416452
620865343
77128292
19618046
19934363
284609450
252363759
34741439
127683276
15277957
180433202
608563284
138722248
9721292
1377610561
39651447
938657858
902123521
356058949
107293974
365934038
61364133
1247225576
949053307
189795110
17807189
93401939
16932413
34709013
403075378
26922455
723564936
28461779
409104665
238917214
25667110
134963200
599762946
550095596
402944504
260340277
393568071
41733329
974511169
624038351
1011034405
25291961
807734954
566310811
185437031
74524374
46275444
71796971
1002807517
35176496
15645871
31716155
26543339
857090988
764693072
15855422
555521522
30135051
19466086
43383339
404887048
784622971
25294996
303831675
54072736
437339099
386599256
577669432
269397106
553631704
33578424
23994973
24200212
223231071
97486299
34322814
114250917
363685124
189988331
172397445
14239021
31248960
54662153
423980144
16939324
474116373
146942419
200430275
19562368
626550676
158461656
326380075
110935568
51957663
20414217
136857063
40218214
220378920
131490551
234281590
149150490
106166486
274759748
35767916
22411342
918295832
317203452
928890764
814708994
726952609
504830261
238864075
189184696
13884162
397314893
316370868
410341925
236357075
521737986
