709645102134763520
721803873447448580
715637102390730752
3854038335
2389285939
1159135520
3432789646
4820845995
1276451832
3386066116
3395689078
3995659294
3228686504
3081367158
2936388053
3368274004
3338561825
2355047300
103083566
116453891
2951579539
1877346612
2951512160
620162740
3055314735
2566974156
244451832
960872473
25356462
2680125943
353074470
255169732
3110323264
2152770205
2932863246
416976987
2968372041
2956579354
1909017228
28081487
326450140
2870593786
2895614479
2725358726
2816695243
2469648354
2816685733
2720956673
77225006
180970554
2710876201
2721678030
763552262
2755061544
947949434
611855604
2795914051
2192099668
2785555040
85660696
1507558854
327526603
563488708
23663986
1129966940
348468331
2332344703
556629230
1949137740
248537549
2430739101
236732057
2303577631
1646192174
2340311647
1321222508
561254281
23478806
150763631
191789666
181325876
1284146730
955265046
1427240977
1243777104
83727384
775404703
1912586690
2249539351
66637003
