2412911131
4358026936
107463389
1596911484
3234241393
2749192860
709160748585508865
471009458
4884905232
611852357
3950586455
19054245
2815783283
2803298377
537544412
230892009
712093912828145664
4694293872
713818067063537664
718116642442489856
274581410
710380559554494464
717772917707112448
1601796686
715762285415952385
1649453809
4377996795
717323970442203136
1649430104
2300486071
1426309032
4437227772
3743692229
4497434353
2208252356
2340236586
3403439157
2738375075
709907935728525313
4466019205
2909597625
71043741
2366750023
51674513
3898330767
4426505054
4361947216
306340977
4768812677
4864718944
71077110
3302511299
2970525110
2278099800
961731776
4358724861
3187684768
4316392393
4918057405
4380831496
4375296792
3971152154
2528447678
3351285712
83185208
695545173149884416
295907569
1666069219
44052465
4358879047
4374936192
714096518
578321883
2341375692
254098233
3196724827
3249036906
2732513597
3419458253
3772711819
3090187495
2792276935
462019829
4458736513
192394051
1165443450
67674262
3118350062
93436875
73986605
1094354384
4339571428
2790967830
4851523107
16232676
1928254633
127743616
1517922768
293807686
2295481092
4440583933
1536465890
4775825707
874129110
4744831244
4657731677
3376255219
3417949551
2887004801
4190898437
455124631
1862060084
3266272244
4689731328
394829351
3229122530
4340895263
1733997344
4406944393
4426111274
127073675
4675468327
4461232872
2227535742
3390389714
805804494
4341630383
106478323
4659348817
21896992
4428464052
18702219
176661176
4357627877
523949941
2614214826
4329164837
3068803171
1395732780
4460474180
4358343016
4440092960
4214293413
1631389021
4483843347
2344346624
2936097834
3863977633
3268911612
2586312834
4127338036
4400276893
3298178077
4424709492
4424711774
19687744
354856478
4360223655
301016223
3306072796
3194600971
4437901934
4486847953
3283495430
25346784
4448751569
2929446595
4062956488
3697229772
4356645615
3412415818
4443312799
293537831
3169244204
376206322
388296115
4357542256
4230055169
1686790926
4437595513
4292759787
3251143406
1074877754
620809624
3303243378
4460643974
2314252052
4424501652
46476526
4412758659
3082222752
4487631372
20178452
4359556876
4456056618
4270861874
4453428858
4457281033
4344859155
4197662854
4285155433
3101967102
422266760
3561645683
2203696820
55368987
479638958
2289564083
2956065074
4282032138
4378713981
3178192436
1055384082
3181966122
4342487416
4461326780
2610287832
775817916
1571292218
348526465
4114372339
4459521740
1663375862
4464424573
2406106210
1345469731
2346010375
2485560585
2357929956
1810538881
4437025573
4426089434
4249435882
4163346435
4092502983
4091947996
3980906953
3522477192
3128071472
3015001219
2993015343
2908433257
2903388698
2865071761
2835171109
2803986450
2746537118
2721931706
2708721840
2634921518
2556873805
2546365393
2533033880
2502462350
1588495015
589433041
2485361323
2369669566
2347388762
2346691843
2276193295
2252303272
2148749613
1978927808
1725984061
1656186277
1472661234
1464756709
1455921296
1342516238
1259387862
898244720
885574878
717149754
706239539
701863250
603576097
553037256
466025089
441061771
279501288
59446997
47377948
4364019795
2980485073
843082674
601415563
200209602
428428821
4315555221
3961966166
3958029972
3849011477
3554124926
3439585572
3304360728
3152290064
2986460123
2906405077
2577166824
1575812034
1416336542
1332109614
1269347568
1072941164
865813710
837590100
832242252
831067273
803867922
726351625
610857358
592370312
552818414
519586980
491064280
371958761
252417576
141203316
115827236
4443198793
4441944733
4438721054
4438075879
4427204414
4363560622
4357419196
4346873895
4342262561
4324187897
3770903235
3607333877
3605655136
3604653621
3604545555
3604506021
3603118815
3600284129
3600245362
3599773342
3407390602
3407381680
3407377223
3407352653
3407327249
3407325719
3407322147
3407321925
3407321769
3407319401
3407307585
3407289759
3407280249
3399988888
3399972682
3399961822
3399960287
3399957833
3399951449
3399949283
3399929903
3399924425
3399919041
3399914279
3399900399
3399881331
1379994174
473782540
1569525168
3236201870
3113537059
2994185855
2971590748
2970603625
2923048147
2530058990
2510554771
2420410750
2168341498
1711806462
1651448538
1608220916
1561798238
1023138451
758917634
741985819
714918241
567882800
531231183
531152116
418636972
245858458
4342259645
4263521775
3326996715
2900517662
2800249022
2539506792
2334687678
2198085609
2169236512
1320858338
1319925763
1063486718
543519058
514573445
443171350
437073817
111698159
82369455
17467815
4342290688
4194499774
4008576651
4008552556
3864084093
2946814435
2912959524
2910971178
2890901982
2859942162
2846193273
2816007016
2548946454
2447026030
2347420685
2166818027
1889525480
1663152649
1626573648
1486456729
1370877936
1131564300
1121668507
1059130934
1023022826
950664104
931424581
851093521
830629062
808735124
768374784
711839050
602188112
515312687
491090439
452093018
436886201
429384436
420197876
396698077
335816977
296370514
232698219
4002354435
1611164437
1335346422
1058671734
722163462
4196332402
2574112987
2551097004
2206123571
1437484375
753848323
428395647
4113375519
2822581164
2302288615
3315948595
2595345751
2522237149
2329483529
430996743
1540247718
1322999004
1311187063
1300979838
960401869
814742426
636716628
546882078
469721366
70513788
741233060
446012196
612146907
2654480167
2490148489
2203427062
1397789587
1074409927
928132651
927165776
829111760
589798141
103106691
2235245606
711968535
2893142190
1680289939
3067230482
561130658
732112140
4356904277
3273520448
3225099420
2273760075
1279944361
992498334
969138260
586538835
562572417
468893070
414448680
401074637
250351626
4412595732
4374320054
3033268728
2887690213
2262305537
1558318662
1030318422
964719487
716447480
625931096
588037470
432759971
4307983581
4437552314
3314233526
2799820657
2763638448
2610986130
1634275225
1618573009
800499560
717127500
37391190
1274857477
1254935054
466637893
3892295788
2470826117
1535160188
2150945055
2161711979
4352624549
1472712210
1339698558
4361182467
4428888739
4427495600
4426973900
4425505213
4425457452
4416467293
4352560714
4352530576
4350462323
4350010438
4347198808
4346375962
4345108408
4344487828
4343790021
4342618155
3233622168
2756408836
788158068
490691555
274473482
141764283
120036324
4429281498
4420706952
4379170634
4352714195
4344336587
4342430255
497583661
368417196
307743499
123668570
4431835640
4352638108
4105748358
4425164372
154129502
140099200
3086240105
3065818598
1546341678
18426852
4171289594
3291720472
2386052804
539437878
226890990
4287786019
1961218116
1260595735
400386420
324954051
318383192
284735373
91741446
803696329
4327771216
3612708384
3253955821
2992268495
2796358439
2716414825
2407232898
2177222186
1632220008
1436861413
965524524
949707872
851316548
737927700
631962095
615927039
569257810
546147608
200583835
180954109
167760471
60964525
4321167029
3825803834
3397373747
3166668422
2465146394
739013040
109237155
85008170
33495086
1596523722
1261520766
4105830197
4011535152
2751158965
2528805090
2176430022
714894272
277704684
236125583
115095041
106817676
47260334
3320660041
264001606
134045669
2932701865
3782374998
2870369721
143524436
4048364473
1954293848
604261155
3008066471
388471027
4019719827
3360875297
2976832167
2828549573
2825854680
2423206062
2285445716
983724230
474439296
300345707
41822377
3146757104
1646479292
1646502151
2636512299
2990331216
4061455827
2866750984
1133098051
250862141
35023815
14619266
2245964850
131448126
3031822001
3762124049
3102173906
2168649856
420730518
4092927317
4218147973
3891572889
3386382178
3006426177
1676663766
1405484726
3371219473
3308753982
2999645448
1199169156
3378654124
35208567
4086236374
3218874582
2337888997
2981531801
4011780657
16529873
478285314
18539631
3179512080
3044829088
4159319838
3265716042
3742692141
83987258
2177905394
3198323875
2757541958
606444256
3733236743
19935055
97383592
1230160446
262749118
3398173690
277109355
3226253730
4141332973
1339862988
509709038
333159474
120093200
3409993127
2829575156
125550892
446204862
2432231683
3090571130
819181700
353498342
24958945
223977966
548042329
2330901392
3315496315
122803897
3111521584
22411342
3319391184
3180941780
3678656417
16248319
62020861
3350595622
3187319103
73909215
3666480314
116766949
15645871
12874852
3845128223
17943171
2656738956
2395268660
3355753774
544168141
2843018990
2896548273
105005800
98751293
137352522
2473349463
2793018356
30747766
189770284
1676327754
297926008
36208550
91474307
94350709
2269048873
3420721269
3570284306
42040137
3644921836
622073561
91933648
3344502444
3320272414
3516916093
371197496
3889539252
3881894894
3866505072
3857983934
3693914056
3855925033
3120056777
3839049072
2457805076
3819597552
348428543
3879218422
3370023945
3436393091
517061760
2313987054
160047813
53842407
3242612863
2360846922
1411348250
3832076243
3835151662
3742958952
373517777
3703191552
2291852702
3198509112
3743648840
3688143133
468217692
3242350857
3243015137
3709257023
3396785061
1562082780
139529558
3324561259
2460016477
2188314284
247112134
19503553
991189082
892426676
3238531132
834526411
70137495
2902768378
2840289839
3121225868
498392326
163066182
1321439336
3018469555
2698421834
3185956655
2887717901
161334633
3192398109
25348674
3154574714
3160313071
501134548
2421375014
858983125
3154198244
2509529280
525565142
272442200
3215255680
