1960125026
714418933680500736
4634134189
725150930522505216
14413427
1601736097
262834755
387661638
701262413669085184
719889473463533568
355643968
27185215
234996840
724286351193968640
4374334703
21621749
1278967314
701674178181599232
4804428668
2533730178
720544345733087232
708140994420604928
723350544752979968
723392692386828288
718109000240402432
718811927942594560
723744786562338817
3875085328
412914400
714816875784380416
456178697
247436406
722110836857176065
705103783047598080
2268034429
721369240364851200
718124086967148546
262968243
722701002944720897
484999518
1494835716
242618658
4831603043
718172579584876544
722415555920023552
249731026
3309194202
135577188
361859989
1727119308
4717892303
3179662599
1128075277
3650879959
722262550331670529
3391392651
4516582617
4867907469
19850687
208568172
705746962021277696
3503962453
4697504730
614627531
190589983
158060289
702628810483765249
480500298
864927037
2906973191
3304455363
109192303
716848041328676864
713420114633187328
119227776
538372751
719017704292794368
720728767316951040
2281038966
74760597
118370851
710139553881919488
4676473519
713099301392494592
717944361665757185
4372481595
613609261
538337354
721051107611451392
718422480658890752
3772913417
715018272727388160
34704729
4489155973
3017294455
4318315541
719945973191958528
3092641963
719145274304630785
525953995
710074639813226496
2411230483
4925069783
717287269850300416
3024197414
708132095596609536
709882746995277824
712042326990954497
2528383177
3284112337
865792567
3019552507
3193680241
715204731782561793
716735563571838976
3304781463
717557759605014530
3058918729
717162694969675776
3412434748
162786595
3580248555
2755956715
710690566783287296
482077328
4558975698
4912885600
3711628096
34991028
468916175
366517094
324023112
3273222469
3422158725
2461452080
3116875373
2775337700
2793018356
4364693417
358508008
3424711689
716768400194871296
701570225481895936
716696000325410816
19341224
192538987
35216399
3268092572
4125737236
4165153933
2886592462
716345941893246976
709494212744626176
903377622
588597181
3398119492
715717559484547073
44135635
4521368301
3427200023
2529818413
715188005703663616
184872574
595698632
181302278
713276868796002304
708137350950354944
2227231045
713325920342446080
4813914716
83696994
27835263
4208250015
509637782
20830344
713723569583362051
712741983350034432
54769979
4518868934
2957732800
707350020236910593
711694960437895169
3369584943
170514197
710606236203356160
282791644
4168398995
3957920723
3316081506
711515429852676096
339832905
1337093174
22936237
4706270920
3067714859
711302303454773248
711561562222403585
3817510634
709332017775779840
3197018322
4712153356
3221355532
381108914
4373238983
704781438789419008
2203437643
467929694
3185488506
449110269
3019508868
599110041
706969962506797056
706887714520625153
707717393171091456
708852332381999105
707056923871293440
696258304025227264
1451616013
1593917364
3293741005
4895361413
3836008983
26876136
3285975517
707250290131480576
3271901318
38021811
706422338418507776
703309906938560512
604261155
2963394887
22311903
706046527773474816
707820509786992640
243874701
707667266356322306
707104552512843776
1514431135
4458312868
349538980
703061729513709568
3227416418
4769049552
50094643
3709245494
315671446
4822549349
2352603978
2255620342
175502262
2408156619
3666520105
1963995792
28059610
424927514
3271255423
3179872890
17722477
702742492324749312
32258396
2287887180
702389433274863616
3031942490
1072992504
379962842
700702434667040769
776985458
704434111331565568
703814645291700224
4216583991
702940513117282304
4881698259
4607705958
1647362094
3326865777
2319339266
2455068522
2695311619
3314535722
2246043336
702245691800887296
702396125534363648
1142814942
3019274130
3036136557
28918971
4220433916
933693476
33611715
701105435986763776
342894187
3070949654
2900346776
89277004
3115816309
158286198
2277873036
264268489
1065869268
208083510
826537184
4547869279
2957069666
2539414298
4753785374
4824464461
2734473888
2393063119
2588109960
4769275886
1493267851
4842336303
698576012653756417
833395710
18758318
4888304421
2930630698
4767373289
4110192192
4665677468
3313236493
3163266500
271691882
3418893544
1153415702
3729095777
3690867737
1896819872
3260765088
3235576926
2916953744
3224823618
2992450169
2482078059
2343976920
2802144894
2839548354
