2874940408
4411446988
715583298903392256
4401461061
2994486109
3650797935
2784123834
722259555820941312
718051028256460802
750437101
4922596885
2296206595
718987144119717889
28601983
721589383174963201
2429955031
721355370514554883
714800585896235009
720562308137807872
721251980040134656
721250501224972288
270956673
4808024420
263754797
1323571363
4044597674
3728250315
179485115
3322167450
3310776560
448895105
2410462722
3262116259
3031164591
3256680660
3243296352
3240371040
144173342
234834268
462661017
578069735
3195930656
2305210184
3141376369
2301254538
