3575682853
2641993872
1157497063
4437232692
37153105
2574956743
720293777315729409
3279003902
3294572733
21426342
719893663078359040
4499382678
163340416
2526588174
3037410520
3008908862
4876162073
585373512
1338765866
3356915849
4657998976
1599187518
4412126892
150597717
292777349
2203777243
484383350
4910796521
60784269
3114141935
268002142
208871071
2944746301
418204130
257271153
2340995480
2510877064
2564112961
605773881
2266362800
1613884567
2196264671
308219927
362836639
1596886034
429533463
750677874
700109354
1115417222
337479571
930492612
423969767
607428904
959667890
894460387
916388660
777694549
607477575
570466194
498536563
378215231
409761644
470140133
479245264
258192188
349764755
480970407
336194571
359706847
406392462
