2571001473
4837315805
3854038335
2390106684
3606306512
703945531945570304
3233005397
4707691833
4900383413
4919063532
2380987855
4815213383
2233630748
3414916797
4722059952
3995465727
2768989031
3767674213
4736990434
4749741321
4698692035
4769409667
3351039975
4706946133
3632608032
3408552004
4488107726
3031813991
4649933307
4448962116
4761789435
4730155756
4665014653
4748702783
4254522155
4101176698
3313809123
1212599077
4107387440
4093056323
4099833279
3299714559
2957350079
3381349079
1124255022
3952174214
710762140
3356124731
3285414618
3108577710
3257998535
3214401224
