3854038335
3023037872
719184667820310528
707251116132716544
4784603233
2889231108
2797138217
2442617113
2413369177
4638925814
51626149
4016340492
273094684
312804442
4151064315
2458600345
22102414
963312955
2424320690
25970207
3605460440
2506238192
3662119156
395068822
3255901651
350612566
3170222012
1170439237
3433472565
3167423017
347081913
2578977276
167823934
351026849
842851770
1081247311
2212977434
945012020
2433039050
288411225
2271051590
417398397
206922138
454607382
419635623
292120332
3260577716
533769036
262317594
3227906310
2242445834
3242441527
63848935
2482877222
1899800671
64403758
3019824383
3228634166
436455615
3195809564
428020580
2482313262
2448487188
858127992
2430579535
3182215717
2565651898
2991496844
3127663987
85638254
755898438
3042781597
801657066
1594070113
3024288324
2956973973
1226587332
603387971
2996692455
2994088260
2970401396
2456114872
2878720813
2909800566
476119073
2859925498
2839482169
2448727028
430463477
33275287
2646705036
2180634470
17133880
2522851242
796640371
613369542
2415428725
392429973
1470636745
2400100692
96408222
1361718954
41427827
2313988363
325856117
925764108
2190861181
1897618734
621322790
1967201744
1930737535
1951979364
535679600
1870137542
1870089265
1068484801
140238089
861878605
1708915824
68811930
1672824074
1666780051
928652742
1118656346
71424651
405681413
1524036776
277552859
1596589075
1581343573
1579364546
1520585059
1131639818
225068699
357236503
1152330386
291731863
1381245853
1272981542
806817974
551386852
379103509
1383242605
1383043656
1383177481
1146473732
381888380
445150561
1227462547
1354999214
890691325
462298662
1339319065
554589734
850209343
1308644168
1302483144
98288395
596030686
356612928
528543081
29447831
1055420982
377447428
131532158
409755066
884488866
238161971
884271558
250402472
24323782
273766233
1190907102
396191387
1195126728
282686061
600293215
930657127
304058008
463398339
992304548
435333361
935494740
231954719
523409492
48869848
539668365
180616185
1040284688
856509128
140416158
844714704
44102861
1054334210
251912841
1043653184
1023107234
907489670
992335652
24591942
273753429
187644895
308837134
989889571
241671159
310021794
613894934
774332996
37836873
979767769
449480081
399806612
972294944
423588886
902031805
269588400
944878873
942925922
836612112
195079110
264603695
895751754
236255600
436497385
892205018
597737315
814953696
349250140
101548357
248052065
714833792
398435403
625841633
889276339
874832413
888821510
448271772
398949788
874818738
748434367
503513613
46344837
734100684
374688405
871436167
334816917
246957389
370841944
251495064
852896906
628603854
38671096
466783239
304804571
612523287
566041275
325684002
180304206
466806074
342235736
284754612
819861912
369010079
37276835
809645851
97468734
480177692
582777064
811487078
809325211
806019745
704074992
803296992
432183751
777093450
385258324
278616371
380133678
74085436
778363448
281314045
356506410
245128727
322030104
715696218
766765669
36124299
332020150
633017642
336673648
338656441
393734220
66619296
306942651
740293794
391802376
744010892
742037419
627614524
599812144
172818516
733609620
374849116
32827891
296878518
724977108
717472908
57835358
398513784
620114107
368700294
706497966
615718114
708915289
702435830
703659264
703367659
433969056
383511725
280173083
72143536
333755162
363274097
503854623
503478548
468904944
411191534
138841726
401796650
483151495
349556502
275361593
411685285
342478080
66611683
448982918
434665543
556072002
315585829
556565219
605252385
291396766
459015810
540493205
512755529
324452554
293819397
161615448
596084850
595914616
413061750
230509431
299438525
589610156
543434324
170456099
172882070
537847355
352514906
402928111
278831620
422013497
581471441
581431439
581448472
20217040
344407991
414546178
426984733
387208031
566957851
127442337
187675311
342489427
564399596
563110247
563996621
248079843
437774889
293681880
448153505
561623834
98189734
390523255
434529758
316270589
361624492
472525816
468839897
473521513
272725013
237413960
548684273
178219328
356695745
547095576
42078788
59015825
336857479
42531231
422370067
454894278
345700725
216475783
525082815
282337849
71370398
499168490
416793294
519095589
41839772
282249834
379558146
128076515
204948155
368094695
370797462
511494018
510465636
463395619
505125166
506021816
460669867
46249727
430261803
213725021
336104064
297198363
251825107
163508237
304564986
194999418
53484491
197285780
309441429
473546847
472541475
305258608
268818343
466047245
318888074
296640872
195959426
463920633
196821237
432038241
320396207
292447505
96477664
353502221
379537100
29062342
91856440
311857592
192643484
352167339
435415679
355323826
28361408
33011278
38348876
25291202
395578253
412472051
303510490
48069941
374829901
385525764
160772699
153548974
426959790
426231278
255353798
365154568
336634671
422988178
321183252
405298866
195246183
45227306
336347747
391117264
51559883
412478535
164673578
244200109
169383068
70808086
319504859
405443058
287472012
202342207
100043977
392883295
313771266
387960915
295995601
312960892
393144235
292417317
360407575
346347030
298298907
373231215
381709441
290805897
367776872
66007178
253872567
277807027
362206868
356895906
351775633
265963068
60860611
330074645
285155169
233371484
292692549
373182632
359053759
40883222
274203999
291535382
286338393
275122203
360194836
330662844
244834350
273100075
273647767
326386554
323566005
343151942
316096484
291458619
316959375
240974052
343415771
341837508
274193822
337248380
154585287
347898416
71010138
330863580
311171754
219006614
111434714
333833173
108812515
326965944
102178240
146175270
24277826
322302693
75636203
283706565
336847725
328752497
333166093
332363834
251000734
277192751
324483185
320591425
314941642
321033606
295301330
95644565
