4350798075
4867884322
76450868
2931556879
2462794261
4854186612
1448568271
4117282873
83999807
3680038036
3618026299
3324770412
262749118
2832908293
3105109034
104531614
985406924
3301319401
3410100555
3408800056
2426880006
3239590663
3353878888
3084970493
1722881942
2454442099
2580413628
61784607
3239280554
3235044853
3232126542
3305331454
3298696421
1664508150
3230603132
2465049607
2582729954
3227336101
28381862
2597541973
3220967070
3220140794
37599754
590924023
3295855318
2582682854
2152052433
1278123914
2464920451
3297126730
3149711217
2303678298
97728804
858586638
1493298541
345971761
15444160
538865389
23039880
341283494
297483712
2785343448
42738734
323275818
2816662913
720567793
538399586
1254978090
13463862
2171331630
352405236
32789366
323264925
2979470493
2890001874
3090596684
2788232096
2492171767
3121385925
2908384446
31891798
47600097
2611458349
16004814
38208302
3170513652
3010593099
3224425782
2922133917
603396541
