2406249446
2620303088
720333619806363648
600477702
17536486
4870676457
4902542001
700543490816479232
970296823
1247734028
4330763953
26450830
2949991403
3883596012
4470641353
2207430032
37963907
270043058
3534277760
377450833
458214340
128790296
2911259953
3294640224
27557391
2426284800
2530637311
91086820
19191229
41458454
613463322
601836047
585333167
390908201
72407763
33923443
114526575
2540238422
379962842
254777469
778775221
2360540000
361316606
2571291864
101107997
952299090
2914187425
939171373
69355839
366221751
519917075
148030986
241818989
2714579981
14828860
1451696148
1679706217
785615245
2344158540
2727280412
16037008
14249813
15027086
940808108
1689190046
2233325552
1922418211
473109333
1541538337
308659279
499089597
15778534
2229088934
978705032
26028938
2289785582
266003003
33906521
855552331
213806311
383468784
16425672
933271530
22075754
171163775
112805383
2274894072
18382184
39288218
231495251
2367266050
2357516671
54443091
370729020
91479145
14098862
2299921718
279169434
164820531
28265072
2314696976
2305507735
2276591582
199451056
278309782
286319371
1828545942
364882737
351601755
703561088
629946294
2214405848
2265838130
196306765
276197520
716617565
36377520
1004892734
2170626494
1429060208
887130432
314772508
1886449614
1031363545
1202168312
310373765
495634703
761850205
620546457
1222784515
1262878194
172480550
876152184
1107477900
1093260596
1003063400
114292061
944678960
62493025
571161525
33602679
44676122
308021661
182127114
592037258
47025231
80859723
30447746
264993285
530845739
27660244
816534596
42894726
325158594
739071980
377916607
12959482
568359991
62598341
18004786
502420493
139691074
49686798
517877449
374119501
314242858
312860247
523375868
21587031
121533510
18990612
523936643
498268763
502229257
489557326
16614663
22851407
486414440
185021888
294151374
319227202
318043917
322203553
465973756
459518078
393610103
322794494
21322076
444539135
447098291
406789729
52508149
365734391
258481316
239232220
403112157
127377936
90438475
236920539
53126356
423570839
64945120
269807636
37281387
93677149
398378867
360107647
29767334
388415617
372672853
15371292
390560310
393680988
55308975
269868392
125874837
18731529
383991124
387562378
379513702
19811171
36753179
56398542
47695418
382186394
150888206
377026636
380717675
380684389
380996440
378538407
378999065
36730584
45436858
378182539
376353418
333514367
357098982
371638785
374037236
372458083
370849418
68203907
369395388
369911157
17494010
85436197
291890736
330585989
37419748
29752825
14858642
169781374
278747364
279684303
33634533
197935556
41622942
38013922
28448830
350467422
18517380
14496886
20714308
59022586
171602471
119464925
334290923
19154824
71825535
343457867
28168942
183374911
167276249
155544257
57360677
63783555
33791531
33051095
270757937
255404545
