723516528209977344
866892764
281384563
2231732432
723447103696044032
723387427604193280
634132862
120768319
3304436498
483065209
713379222144724993
718938976183259137
3472369275
1904128825
20067531
223679734
1905233370
481469965
2320755170
721335395930152960
18743907
3287660821
721754518380150784
1092377130
2958250987
706678832443559937
717786915605454849
4086407593
3367310533
720920024739741696
718592727282266112
3289008614
2828131771
715583298903392256
715282432300331009
721165015781232642
3255424380
716445726490763264
48218522
702552042699628548
716861786100641792
716862624659427332
3342155537
835327867
3063584945
4352057008
3237211676
2462091858
1717377289
4808036773
3779388805
2838077966
1724877026
721622291398795264
719668782235525120
3288689360
15247533
3185644722
311268613
491707082
4035422476
3016888834
231337282
719160056013389826
708560825049419776
85458042
414306138
967568840
4416026963
2875617608
712604356709900292
1943964343
2534736816
2239478946
721468489517506560
710144289511051264
3195860857
3409731004
4613260166
1569242156
715805021913366533
815888078
3854038335
3241476923
3677883197
553225802
722201589784698880
722200305178394624
4740437717
722200126744342528
4576192460
719130376178937856
1056036800
701124290347929600
3917608992
437691294
717697221471387649
4197716593
279612469
2513844276
177968469
4638956414
701155370337701888
396601079
719665601342529536
949545120
192024694
715941002935148544
385625684
28427441
3431879661
24540827
1375860338
186523313
1254197642
394970418
709388123642286080
4728841398
713810463545561088
376302246
710793336572022784
90645586
1362461280
1254978090
710829634695393280
1109858767
338713421
2943780644
348732783
2466447313
4278229457
2536609832
57169582
706833500171866112
486966290
4775449741
2368733897
3823781952
1642964712
2986103828
413612983
453132737
3285356300
3311892234
67741900
324150541
3300692852
3400434599
243624314
3131535665
582765632
1655402737
1537108092
506391413
2426498167
2971298278
850163119
2897043954
505082604
308997977
231023430
325125341
3241298155
2803806874
3243760530
3233038236
3302846781
3164002272
212687768
68187970
632502795
348491118
16261638
2412580496
410939459
189408686
16194080
1549705375
212353886
119175403
381032464
116945492
3238002710
617801035
17943171
