4855164370
722264871383879682
4896092493
31862813
712289774585978880
701262413669085184
4899577047
4854338808
4898320629
87403396
4823837668
1363297850
504849826
37230841
4877623421
4626635379
4635757221
2546165697
4078572281
2160052244
3223771176
2677812152
3246954383
66446556
149315713
3165050556
976954356
3001665106
3154751978
621601287
1038647371
3093554818
3103389840
2918900101
942673219
3051863212
3039077103
205308294
2602803557
2937444472
2998634325
2981747901
1332661028
2961387443
37260326
2936276129
1584684180
2886538583
2602847084
224014570
368166822
2826135825
390455633
101619755
2826740618
2788123645
2809913826
2425771496
890128434
1623582402
30683304
2382351249
278098811
2690776074
2196213862
1157340649
383062033
2629850072
2639730124
391746483
424618462
2601414813
2607304084
581289594
2510044615
2158512508
1393492650
2546395797
1338991212
393102535
26655235
2362355284
1689228072
2468888010
528724956
343544824
2447565420
2484801454
85406678
2442236433
1588856652
943155757
78749532
2385797408
221441851
1033644326
389802902
2351170670
379841225
1700150036
2331387642
1126563775
2227686572
1428076116
2290723595
2283958947
2282898436
2290214119
1878226662
2257916903
394452505
429122421
260755390
261541030
1327771476
434673645
2163295594
318432388
2187834909
2181288964
2177178257
2172764597
475344160
1645139688
253725176
1880297174
711894179
988065253
1941775136
1904459191
1281768679
319738353
357945837
122702183
1863028670
336329995
445822038
297609296
1724127674
1714385989
17007021
552788438
494487542
464348566
1596605239
1155532916
631659137
1455250873
342698346
318755802
493691861
457923604
1362847448
1360193929
1355672894
1329513194
1320285194
1305307818
457046673
179763681
1230897524
105222246
861830442
1190555497
944922528
1165998584
342722313
1046298134
566581910
359090921
440387921
535825666
561433861
348657783
987287966
907217538
625825754
27768939
535860622
1007932136
564212420
866545279
1086371004
1067513352
418748100
615708790
441400447
34460534
979058442
974310132
250661289
221185018
518094098
376565530
458899264
80440569
934696760
170949903
635900812
100621288
917479112
884647879
883436244
478974908
265190962
748105458
860752848
393130979
564624005
226741834
544351512
719325242
521756797
729122305
637077711
304736658
426286745
596136682
593992778
540539910
581368501
22439204
409704596
496106594
499822713
549756294
549510071
502367720
457903263
221597105
531753700
73700896
516948540
446046649
496306045
492786750
41933471
451246367
370244864
458806490
166814454
205973080
452558260
414416137
258932470
58827648
435924084
437891283
65434947
450417866
450404934
271477324
338157978
382298571
447635630
447743248
432916218
131526320
79752681
423100146
424240976
130002689
377304260
22307498
280686268
350597660
355736552
51805550
356241286
354074170
353446698
350384823
253426599
162229272
44254088
