1069819256
4869448667
4125875653
3491012417
2903996475
3277079900
855911462
4502100438
3711628096
724271388341706752
118787972
723850262364979201
3009928088
1108302338
4434120134
710587059140886530
903377622
3091373190
3281306976
1963995792
1862610973
4908391490
109441206
4247294654
1118386958
333803392
4771114998
61672704
46537726
723491426693222401
4706270920
1641677016
3309169489
4172691017
4703557268
720089939556179970
4717892303
724185464987652096
89496720
722524005953974272
3021829272
29243214
2227540266
2646252006
711977155542921216
584904468
718820834882818048
1146349951
978561402
701674178181599232
2906962900
1541536724
3011296997
712683441783869440
4786772434
4055418213
31620465
3428485468
721506549571522561
719424218174263297
2200662625
721864019397713921
805322958
2287887180
2206453430
722278441551269888
44135635
718183328533360640
2914194020
2449339051
2201036006
395693272
2466447313
713601593472462848
2560983060
2817859764
1010638760
1649455076
2697757255
4349482632
330605466
331059968
62452257
2959497429
199909211
3635832455
719974159183286272
2695311619
19173608
1642303326
2793018356
35216399
710990834972233728
3197549993
3475182432
716588134629261312
2657848051
3092191191
534397312
719938122558148608
4827973904
722589904786448384
4085110516
703706311519834112
4474865243
358432534
28918971
1955132936
10207502
4850744244
710656531906371584
713361889049382912
712211399322296321
4547869279
467045872
571212190
2177442220
721836603711352832
4225209080
2959324792
501709599
3661168817
713392584152862722
75736238
4660509148
3193367787
620408446
2362386685
710037060321546240
989438154
3191496695
2349265940
1895922452
21588316
260057252
722141730951315456
702630930595250176
44197057
4882161959
722110836857176065
713378671642324992
409413505
704215172236353536
714844053376933888
722222845208698880
2845207617
2453675083
722129337907089410
2945820771
170025854
2412051059
4772883135
4292620345
1350303332
698548017406857216
721270026481872897
22643800
721736643196162049
718625041521491971
1359226843
1372786812
720947764071436288
289066063
2346512510
561654065
216414228
3699614356
17798031
588738534
1038355064
4369475717
4580047293
484999518
174618314
3997083975
3154125441
2694576948
253093355
186460096
1020857448
4814064511
3282910766
1571215093
4862031445
347976255
22936237
48485615
3297895955
522132942
15372749
3069361299
60308396
704476581704519680
3003765995
1494835716
4874675475
2998771683
3404250059
317284206
587000056
54769979
717554036510068736
46315077
372086400
3503962453
723269294872748034
2902031256
721745670676287489
719698332986249216
718017761578983425
4897039492
227668085
4098447160
723251252738531328
723251580959612928
1493267851
2763580716
2458314685
1000131600
3948670637
2960165880
3971002095
3096548660
365004530
2686010270
3592503441
2365377655
19341224
3034782866
3265638523
3252499547
4569486440
4757242812
4887373775
634595966
2319339266
3709245494
709846113163939842
4478415073
3151645793
3836008983
4613173875
19850687
3316868654
115681686
826537184
4924545555
703195900533846017
56083446
4440678868
158286198
3141326088
904384226
3271255423
391239022
16672662
723016937253539840
1963306885
158060289
2481937027
4686104676
190589983
2496032305
3152104566
358496503
16703058
3065872938
717820719942356994
720802426958143488
2537924226
3193561300
97351221
379962842
38351186
4855097572
2845849081
156233013
25457726
3151217679
48320268
105056014
319038902
33611715
1388555755
2430989977
125984385
2328762000
501010881
721735333499551744
134513525
2826207948
544686866
264268489
709429829855092736
182265955
1065869268
3092625141
718530974187917313
717058003447504896
577337789
721798580403585025
24305174
829735580
942868836
288870262
2449913803
720602349505351680
3863352072
4463149992
4005375497
485851747
2223064093
1581487489
715500137804652544
247983953
3096925254
3164774620
4621175750
2809604748
3152169642
2903848868
3152215202
2166951504
2478015324
1304875711
251427681
2962722655
259132164
159411385
155899912
2962689764
3152223883
2962583184
4856346036
3152150294
721403270648983552
2999734511
970942356
3135646523
2857793895
722249969009352704
2393063119
1717377289
2316246829
69491812
208083510
3084179561
859892352
487271679
753385662
35275500
419047323
719155489
158667834
1569242156
3289242811
901931790
164322849
2360215050
25169797
4370107695
2207780696
822403784
4359586756
722191011238297600
722189732290129920
18988080
3920168387
722188393338302464
722188341697978368
279612469
308997977
291941733
482390443
457519921
762629906
1199071627
21524793
258603064
1462036278
2899908847
3393890685
2183260754
633796937
