723090512723382272
724281513341276161
710351406071283712
720757473137729536
4798148427
3341816542
605968666
713411235585261568
721837625116495872
3991566047
720160967007580160
704140235316338688
2936210233
3968323458
723389628791705601
3658329432
723113266289872897
723114665585217536
723111833465298944
4023509413
716417954037030912
3040786026
713683375156891649
4717177656
1108695031
698476806735724544
4862441473
720801033140592641
3017001012
717979321487519744
712933424500248576
713956758251769856
1965451543
717495102470430720
314586435
4613829253
3981467240
707922145188286464
717698533374046208
4610753294
714156029836177413
4593300314
4257009553
3052073948
3287341135
185615317
568867922
2891530553
722462184261947392
4706847668
720775722982182918
2531219185
3423876133
715431042031570945
3126506316
715448637099286528
717644708667756544
713270742285099008
247983953
722722620228157440
704336225759576066
2589634574
429698756
4593749533
710028993517330433
1032412310
717766699500457984
4807356134
705004484360060928
700818288637415424
3373222131
721236858978582529
4881904697
875559054
4059192712
712283792673611776
712281603716698113
716845662424342528
720212845221183489
720919628659097601
717039351167852546
334811020
2853713478
2973685170
701320462421233664
4519905155
4583148192
720349597684539392
4924052034
3021635072
2769260153
718955034768228352
719742580171390977
2194001781
48394658
2827991602
4116934935
721672495074557952
3329993165
4613104907
3808371193
3881311725
901931790
722191271700361216
722191011238297600
131647626
710944033959497733
66693790
722189732290129920
4656979360
722190126345007104
719250701772173312
710439121156644864
4547717336
4697232408
4507860800
715799141515927552
712819602867138560
3250562497
710550870430236672
711377405546377216
704912683993341955
3457831761
710269256177307650
722035515218726913
4068087973
3067866588
2913795824
3283581596
4864619509
701006144458743808
704915002365501440
4833488745
4132511313
3045925578
710149788331716608
4832071965
721632634615431168
1008181189
721630899842916352
966842196
721353624102834176
1541037174
721345088333459458
721343927392026624
721343444715708416
721342737082093568
720299664797360130
715913326744571905
715907782432595968
3283476757
715865558877474816
705693281976385536
4124678354
717843042116313088
717203317164781568
721741620039659520
2990676757
721837730011807745
721838955944112128
713827580198195200
721830804863762432
721828743027798016
3253407043
3059516138
710429923362492416
3250757292
4636427384
4647552853
3106919011
3958029972
4611678073
4611423259
28840736
717389850672963585
4806125480
289906461
3250596871
701318330783674368
720530551468335104
719682214372446211
3261239312
3303495433
3315695538
3901113072
4473865699
712257915562762240
3193248222
721684791146504192
3189380982
696345469505531904
712629980111310848
4566870506
4186808953
713886426769690624
711905190266454019
710777600201793536
710108602430660610
708195316760117248
3178111340
4872330751
2721899179
4802255594
4563815594
3250462681
3245094032
3246642216
3248302878
3820832298
3816005893
3251146986
3048571508
2851146054
3269279138
3245378052
3236108502
3250340936
3256116900
3245832900
3249560046
3070763682
3250515716
3244775418
3198166259
3235156117
3247984777
3237820946
3183949117
3234843390
3243067747
3252393764
3252640526
3183846740
3123997288
3193997281
3246012577
3194938195
3241846111
3249661616
3252738482
3245914784
3187941409
3252516650
3085271460
3231455839
3157012706
520989483
2864676733
2415736417
3255252840
3252443864
3235554727
3239701280
3140465917
2881326516
397159493
1468996416
