4819035887
715031113836662784
111257039
3435747159
721923854986125312
719699276855533568
4116987880
720054784162721793
4195320010
3184758557
2929401150
722245676881412098
719309184047534082
3854038335
3023037872
4681096692
719558747715018752
722144854617284610
720698071353430016
3601193968
704137946572656644
3319388898
720987184501641216
719617897727967232
4558305983
2429693317
715787049450778625
714884175942168576
720602089701842944
3184840243
1955773172
3228351614
720096899890606085
719228680866627585
4424728992
712440657844027392
711405538245021697
718288705870524417
1559230014
717898892914724865
2686562168
2755427010
3947425402
718269908585443331
703124013741056000
3142714772
4569577099
4591389736
4293065123
716027531250515969
1849726700
3142446708
948877562
4106854400
704157439868862464
709030631255093248
712137619463741445
334890757
109447876
197351244
4851477077
1665080670
308178360
2728464422
706487486810185729
702323863812583424
4868094856
3316400058
4407518845
1296032204
2778323872
4870899960
3252928621
4754706912
3319042807
3121325200
4857612736
4893803125
4889436597
4886635143
2830487135
1360287014
15991543
64212945
3315195402
3365191203
4873142321
4874185827
4069898375
4846083226
116331114
2309387708
3287863506
223604189
203585237
4845444169
4455723613
422022681
4833678917
3309714245
4854534389
4831133161
4625940432
3535109235
4828112041
4774651360
2263381867
727976642
3938729475
3609052939
4281536412
4374621374
3289360742
3308906352
4686147127
4426989974
3773158872
4269976633
3416997706
4252614318
310011810
2789966899
211810106
4514487612
1030911997
4424514619
4412852853
3036378339
17215752
3893930835
211141399
4364554152
591414694
4324655052
4327609579
4181220759
427354738
3129235264
2983277190
3166040708
4060601359
362602637
2560260206
3260103390
3971565619
3973320378
2316601962
3758572934
1260854586
1584896197
