1726911343
2956021827
3854038335
719714999216812034
2997849820
2179917758
716852034323017728
472087586
4820340334
706497822472990720
226777414
4334802934
3247062094
4876523855
4855597755
1717564693
2480626638
1494877200
4261909107
462572163
2460690163
1621398362
3007848964
3513591616
1663300038
600744433
3413581155
2596879068
3048935815
2895160150
1487946048
3343894809
1877586044
2980860448
994295796
1324567237
2799026583
1114852862
961109456
732014521
226745109
398432160
2424449011
636352444
603880309
962972174
