3305760550
724464284130926593
254560727
3718657036
4213881193
38015946
350095853
3249421333
887741563
725304333005381632
409726550
711498090256015360
4795918346
3870934513
76780580
706923409985372163
715503011842416640
3356492315
1046483504
1036833085
4619948538
90570778
3447466829
3837857357
719711021
2803431394
1034701758
1035267553
2538316141
714479905329782785
2841543051
717625866327461888
2981587797
716662381909127173
716453129651232769
710762506076213248
3328041291
4417896012
4873151116
4873018977
4027003273
4873116107
4782815728
4873075253
228017221
3301419579
3123030220
3301493650
708737297357914116
704177885007863808
247581370
709427838320058369
4873112753
709428867505786883
709193091585056768
3460190595
4873052559
709388958799630336
322228151
1012682347
704213891610316800
709752488493187072
263316053
710919252212109314
1075289744
2915634197
305791165
583043323
709387900413206528
2231889433
707588728634613760
709377814785630208
3243179584
4878262024
2281372356
2853181259
701662723986198528
4894473520
4089448094
242219588
706443821677219840
1964333414
2788772505
705034328359604225
703959397257445377
703717813291081730
3913961893
4751663785
4901498917
4797811668
4660380390
469593743
3846813913
2425235544
2873402260
2266495158
65657078
148048500
1420651956
440932039
558115063
332180910
272357615
326662763
294016438
