259349567
3130363229
3027052225
2796334270
4717177656
4717299913
721385984089137152
4717129878
4717117458
4717187240
698476806735724544
3392941000
133769431
708063091418763264
241273903
496136624
723596103103471616
2461106060
4869847013
705991605275140096
320917731
35917699
2861152027
711784627686387712
1037758207
1676888762
721043395116994560
2940018152
969042121
4706270920
3646197209
35176496
54769979
4893650303
2998451675
709497411144523776
711977155542921216
4287786019
41067762
711772079339646977
68036460
2855864495
21651982
395693272
17980523
115681686
713143274631000064
715318623196172288
715278615508680704
710990834972233728
75736238
44135635
713869938943897600
2834756998
185425059
3411182717
2388064016
1973260428
4117707677
14548783
81684944
3401227875
2916054140
2534195028
314547496
192749697
1344817423
4497682306
709085397586939906
3136133931
28369054
1849938847
28161086
1185048103
24645354
37599351
220899197
43192340
233043851
636252919
856855747
4918764103
4584443975
703640579901677568
231391275
3133676818
703042116008677376
606936168
802242690
2683324987
4912114574
849862741
4452743837
18042278
3701165357
4828311314
59785531
137745374
4147101749
14552792
2648623689
59320364
869025762
4057313892
18305815
121162004
534903573
15905092
3337133659
419081441
2812638431
4888908141
790729273
3707671576
2203758170
4616327299
344954820
4878795245
4775810719
1398194666
2916948354
3248141375
4105765714
3384930639
37153105
1367974088
902366940
258025056
1963995792
119161370
4458679033
3329715436
4771593853
2753238146
1900685912
3948845963
2958258414
107953123
2429373188
3033004077
3430474763
355869749
4828528100
26643566
591351876
35402298
22936237
1416794803
243185877
4496549793
373141563
146408874
2607804924
83019577
4839167735
68145823
2610720138
269487992
3403937658
3256944320
2443823527
4152949041
3811615161
634595966
4339754593
16276552
2233453171
4195626015
3593997979
946406934
59461030
57785129
3306837340
1633566830
1257600356
2215189208
911780719
4260855614
2203716673
4800934174
20118767
3220937827
2486341995
18572616
3048243991
3221693515
185906955
3580248555
3408665147
2312494016
3320657846
30811812
76687969
277334813
19341224
81138445
2530039118
34392888
188203497
3259203236
522132942
2893095517
2321771472
3397130237
2928982830
1131852632
234826204
119980244
3018712512
2297717444
4506147345
826537184
2501072592
178114153
2521049040
535602854
3052099927
3298437757
18124830
4479325588
501196426
3498922692
3399043193
2368624716
1626795866
1096368456
2914937290
1519723458
20674137
199820130
2931029238
792660210
4543711633
4495515442
16672662
49709066
17084377
18087450
4497573080
4010940072
2822558919
1556935800
4292036594
4488845423
35216399
3331918745
920023442
754193946
369029151
1902620815
33810385
2315583427
4416625097
23047147
363883148
167603204
19295519
3230865788
3873587412
239760871
19102612
67792695
2254051315
864819445
2232536197
484477723
83696994
1895922452
4463149992
1251812930
328878936
999453985
4408505975
3488982554
4096190894
2842493639
29537136
222644440
2299088135
19173608
256481089
2927486686
825501626
3957920723
3410667189
108335935
89116299
2352603978
2822512178
833963088
263406775
3397135169
3142081493
232720513
4135851988
289066063
2713094767
156692849
551500055
3293741005
3507630725
2845207617
147944578
48105920
3234108048
3020455940
3911057572
3837213803
529678251
3300781131
3836008983
3332044263
71387443
36826490
1055920698
3434421484
4277085628
175531639
1128075277
3327456092
4145330232
2878075066
3031681064
1454229751
4199570837
424927514
1859519149
4280176512
63908651
4180039895
3945784187
2694112951
4150765937
4150798516
885785528
2440499917
3667173137
593614299
397153645
842217397
3339557473
27799202
123848136
4115546053
21515465
339832905
501504893
592330191
4048731448
47018391
1574882083
3951748153
906473184
2675581850
2864982507
4019605751
18732759
562372370
25021862
343163132
46315077
2391911779
4043751910
2665593223
823112684
2893918583
3436973898
15917046
952112047
16710420
175439376
429031681
111832673
2614101470
3023863007
3846531442
500755540
3323991944
1614242222
3058691570
2223706189
732980827
3975273381
3995832766
2209322498
3026856185
280826651
379498878
3092625141
111388892
2177442220
2268034429
40842944
3418305370
65686386
2766768008
65130553
823005493
3270287954
125233653
3121096071
1172400080
268607705
267225227
2522529224
156118550
3064560441
3160914814
1632220008
2375561725
32789366
61608747
328440716
3955637428
45167431
176830279
185437031
2833154944
3171801288
3118346787
20897273
37398878
2223064093
71280219
260954365
531351424
182301577
2546277125
3946920083
3548862801
3893387069
2369618739
2343995882
3868962855
46609664
22523182
3218807371
3140165341
26274150
3801850888
2673419826
3260379132
35593859
1516626181
125471278
492833134
2513811746
18648299
16206579
2203450844
98416337
2238599521
50094643
3548005397
862030153
24827157
2461452080
1494835716
3291872419
3843318988
1129661486
67819845
3429770793
259974035
2985114214
740874799
294852352
399745111
3507097461
40152136
1862610973
410301870
16640857
1880825029
3271255423
110159740
167958868
1093523270
996208705
3540252020
347627434
410719302
3611532012
3438487642
70883367
18323740
2203736545
26278305
24222640
23103092
561654065
829735580
2302134816
22217443
3280229443
457448375
66265121
200254683
47657632
3376532772
3395283258
2393063119
2921275203
3252448547
33270656
344462298
94712225
3251588741
262941725
2287887180
3266799571
83628515
60317232
172592768
2751254297
2494237140
3315635359
2180827130
2215125132
204339253
602502693
3425270063
36048950
2692724504
2865078826
1075460258
3419830187
17798031
261749735
3299686409
3179417870
3083467741
1447367881
592491823
2984727962
1599806868
446228264
2764770081
3406130428
2979008775
3344698578
3475600815
2940545469
3345415341
3301726709
1618641848
3421294156
53818826
3376569867
14828860
2658388193
741637770
3197771281
54306830
49424542
3166141537
374284455
2252839610
538547125
636283874
2616209796
2305221212
1939110636
1599812240
27789999
2417844248
1146358172
2891588206
3072368773
264300921
2167674121
25539759
1955132936
2185040400
3409988794
1161825734
71960009
3301289672
3302768730
3397895440
3302732646
3299178403
184578594
1202569531
1655900227
1438905410
