2485731097
2224001418
3130073651
352307302
4440678868
722278962911645696
2659696782
722238178363621377
194902728
4717653736
696796913312665600
3305371094
200751709
1035110377
428709683
717386501303078912
715208358643548161
714513270288334848
459520912
3493599136
713816358241308672
702684234310352896
55057577
707947915029958656
2477174617
2759978778
705749383694958593
25457726
276817112
2679922242
366071702
2541354196
4920139103
3287074604
4625157853
528189314
4881136089
2964794027
425483657
3766717577
4495881982
3826729703
4864350028
2474105734
3299120522
1232784223
2432873838
2517827297
2965409614
3315821363
17100289
4835310695
4774163832
1048631852
4696552230
4818056314
29846593
4743510612
550161895
4692127632
3310157804
19989308
4579081276
2746100595
246640047
1045971595
4467179661
4069735360
4428960208
2558241823
4386689452
816326593
349685687
69788999
4321697567
4302751648
237745680
4248023235
4228674351
1146764148
1942799742
38102970
3921424457
2369029710
385432621
2171645457
3894746114
327622087
1157516330
3292188327
3364863573
528892172
3792343152
3668852722
3853892315
3763788434
1849750392
2809390343
3747540737
3626968035
3168122653
753705116
3634109313
592978097
2738627859
1159478906
3604583115
3491480656
3325176979
3299830487
1258062498
3131758392
1664063527
3323098352
3319157162
506717823
3427201373
3315661489
3289213153
2148941266
2792853662
607767084
2886386579
3352872527
2746949244
3408861580
3255964806
3212507150
3247019894
3392458283
2924139827
3031873231
3295466348
3291217759
3290712042
452457072
93881314
3380651242
3282618529
3279928166
2801169731
729750144
3268204578
3266918545
3350861686
3188031528
284282016
3259384920
840200719
467892293
3339100343
217397745
3250573375
3335707108
11157952
3334694927
123134034
237824031
2249290889
2743630122
3244646245
3323431809
574941122
1033499930
3302074450
946535011
481064997
612433909
3054353214
2490696204
3299873452
3189218534
3239312152
404122603
1442569219
3234077968
2886774379
3013425617
2611999172
3138927327
1359651540
441946019
1206706728
3220073020
816730549
1259987095
2894275394
2486220157
3181713963
3016048310
2320061693
611215366
2302146214
2350933044
3120272308
3139033071
69057175
2941464930
2302954548
3122630264
3125193526
3118712272
457401160
3098559008
153225544
3097967334
378250235
3081905449
3064461221
243697158
3064035980
3073126961
3069296079
166938112
3054474722
311040174
1894917716
3060801202
3060056085
3059818768
3057846267
3057620337
3044448863
3041834008
1239252122
1295602824
3034776453
1388377740
290777252
768668544
3015906433
364088722
477957597
413914944
278971533
3011043725
563780728
3001983004
3001030385
2957899570
1446943908
2984783058
2971669726
2977783718
2970859452
2974200434
2974079690
2959236410
2957985591
2955929421
2220654798
2891864302
2599087829
2820111069
2337838959
2924739694
2924301367
14899330
2907312457
238370122
2908455018
2910475170
2555828157
636586836
209666748
1146859494
2861245279
72322584
2874234154
2897547060
2497209031
508062831
2853973299
2810287442
189573811
619360638
2585767155
2844360050
1191418622
2742271995
2745072755
397172560
2773995897
23575752
2803777226
2764612503
2162074881
535007616
2734768035
2257697218
2680776928
1260595735
2372277131
111911646
55583596
2447234991
830085380
452277196
2297584984
355190333
2729398316
2726053022
2297924490
50027667
2300642709
2641891714
733631251
366948560
1916366809
73921511
1888303495
616966255
160112406
285868947
1278519018
52392505
1010129767
579495803
253578482
1461399008
330735480
2260682838
2722985619
635024437
613901530
2649977400
1641759758
1691946312
2647022131
1574319684
411559658
2503020143
2345167648
2706372358
2442839779
2650747114
629446845
1147836060
2598881676
715280693
2275051596
2633061088
780856855
2651144656
2648123674
2230619608
481616162
2586067074
2584482944
455363019
395440117
1419747728
2629877032
23165041
184989012
1239200917
542081721
408699502
2234907302
2570953713
2540056616
2537508361
2511290516
59972077
2163020317
319437010
2516927066
2281606959
295004759
2393308346
2551928109
498734007
2507130424
2547215553
462382946
2219146184
2460140161
2491865731
320440008
2490239611
2536218285
424648978
903750379
495085924
1241875070
2339136486
2517112102
987825848
235847462
2441765666
2447907571
2317407016
346991786
2296569644
1939011457
2476393624
555447017
123999542
378804415
2421516152
2408687211
980082816
17495447
2387628047
2195084202
2206231244
2416868971
552416629
2423373179
559056022
373061327
1883651688
941714653
2408600547
760262065
162574261
1083809370
69168602
2387132177
269138905
2193535949
555623948
164396341
1141329229
56248705
2353775272
1865751044
2347879291
2340633782
32719667
2337911086
2337371480
2326871015
210708340
2319802219
1730658254
328155403
895958672
2312266083
417653995
2308726361
1017761870
598646427
2294397532
320970924
1238240935
878677416
434489259
622633728
2282800085
2290490887
2278562669
2277044013
2276173367
2276048819
2287333051
2287403366
2275420953
456563604
2273001483
176749911
1263472842
2257665850
2245790345
2190910185
2243511694
2243729423
992131638
2258644892
2238626212
278294996
2184733726
2250841580
1704853879
2229493036
890134196
2195005755
2192258650
2190487498
1228625077
794819700
805366116
478994903
274127782
1898855312
2165881577
1697978378
2156393739
2156247292
2154722951
35112058
718437274
252970041
493481178
1894890252
1954807472
1952977196
333006509
1920096186
1022512585
1710549186
548231508
505369681
758307643
1738744776
1672432909
459609942
1702832424
1697006838
605413802
1681757390
1682424924
51078373
802077486
1125822678
780227119
317486711
271061275
571849241
203475088
1496227849
257777219
569114956
79136756
1646611380
311001815
1643448913
348570394
1296627888
1631874792
1629158010
431112948
192072386
1618328857
316699540
1613973469
412658043
1613357244
1439460427
438125546
563196318
1344277364
963332965
1526303575
104300970
1561983901
1561584067
1561124880
979225872
343156085
1512053047
1040007919
1537224318
1411780026
1296132895
450412316
1093586767
1090518547
1489368601
1496435234
1292382590
241976554
1478569134
168843456
1271180563
560057928
874642484
20208309
872408688
1271338957
856879668
573904634
1434659234
872807678
369794811
706361059
1404054282
37049876
382378321
1393004816
149159420
746825670
803667505
1384395931
168759812
1352926578
903096314
1369617793
408276878
1106815056
58323984
403108999
1349911585
114042812
1347599737
609371743
489001994
706258766
1330207603
442334928
414405715
539652663
371126833
414261724
1077881618
727256179
1295418624
427826082
567819030
1254529236
323618322
1129406467
1072418161
382412800
1253536610
1267766875
970722421
458621755
335752558
1256024598
349383472
390954836
280787238
796523316
1202809975
320489433
1027521259
520471518
201412748
848174515
253349985
603183136
233727099
1046535798
298150323
840666278
1043321514
735795648
933753325
730975069
1021177405
1020849666
146288398
163206454
548836894
986945084
492808474
89711142
705866678
705852078
705833605
153040432
705841250
705747990
959142529
294848918
624730831
340505126
299691715
93528466
497604995
747993031
843456913
935376230
555442861
357668606
823467314
635752280
93713849
282551603
41543737
911375623
831449522
202417803
442870511
261078843
900101449
24345932
246711661
74878414
845982552
369690911
192343075
597790808
116450625
423833483
116554410
896654155
27530213
541935020
19758510
119313054
43263440
424534498
225208297
346070422
200607665
305343658
719135498
46994461
18108058
91668669
335533864
75149543
463548431
574124314
30156412
27824121
33071385
136724883
864961688
415744721
129351262
141405139
421768515
56943717
736722932
595781800
24048665
111691836
395467428
253995357
820327682
861815533
446248995
419252079
467142935
708278796
308536731
446698746
490896702
295748790
855682069
511221937
313448753
117953652
188475283
396021018
361610111
787848710
840484837
392994951
838546230
630805742
551678391
620428377
240531777
448024338
821799810
818561126
604085362
257937794
26510568
807435258
519821496
19124558
237419621
302235422
62975670
545840347
554689112
419943664
329980901
291700987
560583563
23682151
39627366
450203576
770615977
497465950
58875716
613787789
307624869
448522907
587786489
572381259
762481076
507569656
748182420
317660438
353783699
712020056
729275286
604262286
730230048
458880041
723045368
722843635
428675893
424607420
251626179
614013216
627979549
165140892
625798370
627548022
42522796
289062227
380550592
490767626
580352698
564793542
57866972
325013744
507835626
616683788
561233573
620066568
445955666
445864710
611052184
168698146
25203114
232202094
577707779
614040232
507526541
610253714
504532092
50362461
232259785
172380401
524701515
574870773
431096504
279815209
237896802
208314692
335652403
378834297
595853709
591628722
405084192
472431859
591553644
576549454
356626489
541992650
579314092
574032333
338199978
547854981
572221274
542019955
567328816
493666215
541966266
383975623
25567756
559759099
558007877
424631476
233341819
498411829
453644175
515928199
540430224
521309629
528024447
401658882
512047564
523880835
516994727
50387497
504207170
97310043
294773472
455430746
509590636
393626600
380958827
505362336
505410495
489382411
435988215
501942607
499081006
304203243
498328705
497453585
258607798
237774023
314037133
438577753
479962706
479140431
446528667
80400111
470340816
473370399
456306639
320560317
447628863
325238862
34803288
102877765
370979105
121744081
334174218
448543793
449320715
446557038
343422094
17134589
27396676
135320321
458700728
454433037
437330797
426806757
456853467
77898608
396059150
441993123
446684240
449297894
446684935
446678849
421533028
421355735
431543207
414345970
397038730
267381921
438826288
430356996
201940253
30471012
430435260
430373024
425471869
430748668
433124376
110215404
363968723
117221138
93530039
431044894
411935275
418378976
418096497
225418558
192704521
72685461
239473501
237998443
423913015
423788839
416774318
239583654
409560880
309350260
210587185
420856235
341864078
420476631
44000363
242121774
413445184
92866242
352937388
412591817
42135097
320600850
285299152
410376297
343853515
321107249
406051350
405911738
323350897
377045257
195445205
394095836
393555615
327063788
390561036
265091281
389026689
232471480
116986098
383452490
325143651
380652870
342160249
375769094
312932195
245592522
145007209
347433699
349368670
324663991
323477540
60969371
225686205
301784296
331395277
325694334
325016183
332137577
248846446
243898568
314165883
220576620
