485363201
4883703125
2209014594
704601278509400064
695548945314009088
269083536
523947938
61894930
59020168
4191975192
4171046772
1241492958
2733027964
3549229636
233297954
359042091
3228582001
545170524
563083830
2218664898
520995345
2593595049
3178744033
55085026
605779098
3050700608
3047766856
2904046124
3003558352
2914216098
411158248
2590647386
17853076
403733156
299353303
1289787043
1365437305
2808778036
1246862827
504903883
380356489
43194503
459507102
2748594135
2748075619
2278243923
455230981
2745715286
2298611833
2599587259
2649974161
713311318
2590229342
774054056
2314641120
1673870762
1177526947
274691019
428677473
2180332042
2505120911
2517048376
36840903
226013715
47510661
2297735934
1925149508
224043839
34047021
2352569329
