724269020602621952
4839637906
3176292327
145634280
42008257
4102376488
113901308
3476305941
14645160
2347353810
721966590867025920
22216521
721666006058295296
276474928
610021318
718072543459074048
576638271
88322886
3329221198
717115148889100288
4563134003
2168203262
2998919935
452721465
40920393
713510147822370818
713154083662794752
163145075
218887833
345718870
4827028908
4886012198
3320154008
3198547257
4877586077
4842454636
4135389073
2493195008
3889257612
3107923381
4676024432
3181032174
3343793536
4831275837
21327265
3303145655
15658327
16580053
4630234403
291251653
4588071555
4494609808
4567561408
4484325939
4470308182
496523323
3510594252
867074707
2973019456
4435422372
3559429936
4352530272
3573812539
3756790162
92319165
2150210773
349410021
3995985531
349541837
3377465777
3398650485
385671587
3344045050
3378234573
3291658554
4008751637
3395678895
2400410664
4040479276
3138969832
3301354060
1631996155
3837643092
3483898874
2257831818
3771106817
3754029372
3585279389
138093638
37599351
345131986
3301134190
17881816
759695005
308298468
2991103335
2767940558
3664034597
601179654
3171371630
1645762398
348278685
131343870
114822964
3396365740
1954148479
14619266
3283949581
200878430
3386615717
2539145308
