4871741248
724298575669276674
723913950958596096
2209033080
1183887576
4923863962
1726542289
713601222440144896
470393000
721403380875333632
3316162195
2937323047
3253472930
2861631592
3228837678
34047021
211216797
106884933
4220893751
263675112
4228631111
16513416
715666882024579073
3182831783
720837245901479936
2426179023
61373007
178602735
3030966202
3709802113
4186014494
718518294530011136
710839753009192961
720768710898761728
25707702
284426825
2925004704
3346305184
2834864131
3333144749
380341894
3164676027
2773936044
3325044411
3194952054
3248205074
3152095674
