1419406867
4636949955
15475837
44135635
3378868695
625301776
24952434
106737817
2991469237
86378821
1575689569
3223012246
4893488175
4102376488
833710154
716750305040445440
374631588
374230687
3407317754
3089865347
711380002621620226
709843804497563648
703303258476036096
704409493120098304
1494835716
2714551200
423118447
26351297
180157345
701354233728262144
2535507276
3748027762
2764865886
84033913
1870137715
2203919651
3398332875
1870222430
84991214
2893800074
4824282552
3950481494
4861913620
1338765866
30160168
2901905969
54909475
23256657
3300790106
1296418242
1244965662
3437556273
351219283
503334630
80482270
203664320
33923443
4098748397
2282947818
3900645093
341113068
121870888
2425640808
532481406
403795281
167589228
3341746085
2872040479
3535112597
2805297360
2659451113
85440942
254205229
3270655898
2677907774
2610559890
703561088
40927935
128962055
3429971421
896345059
211740329
2236405946
323341170
241660914
3410263845
3141501725
3351919479
161795278
2440962262
346573522
1075511544
2302384963
9288832
3358844362
1947275844
1375712694
78934295
2800442567
2546648467
3375331
3299735554
874139922
527548284
3188909368
3130012630
