3055254936
3164774620
4888138332
3164676027
4787603382
2377979489
3153163783
3152220284
259132164
714237969536847874
3397563904
3236327350
707037244343750656
702435686713004032
3425276866
3236328184
722328369036009473
3925905259
249861882
4400612183
283132061
2468638002
3503279429
2579602212
254285164
3282191353
716563405423947777
722264871383879682
4842848605
3108194768
3174249191
1678052790
3068629059
3380517753
4481377899
4444201229
615566756
17259796
4484859255
4764728907
2742093311
719101674153971712
1690255819
239067572
3138708154
4906318823
53690751
721437189192687619
354379455
3182831783
4843025067
3410543505
3973723923
2369650560
36724874
