3443167339
723811461303263232
3123559312
16392208
4367255174
3062117956
714383591963111424
363459620
39606379
2917394612
16281313
157472033
576266973
2192945982
154978258
4308521713
2890091785
3200051578
713989339215228929
723128311275102208
60037279
2362428720
718023744615268352
2576360810
3131171266
9492382
718039820833054721
30357579
3338449520
3298900554
2993745619
4834608579
2904389591
2210183852
2200836596
207774157
2317926254
2888344193
127715132
312021274
4375678115
298663128
2941533395
132586426
2899109548
21727456
12874852
606412878
715958373380960257
717349652232806400
47864765
104465935
4520044305
96626418
705869424138452992
972551660
2972855961
2493692059
2955137792
4794123439
3646530034
717669266410119169
458678379
37153105
575747486
2874275870
709246039153188865
98425584
2714037889
4875856839
2886619245
3813976993
3141440336
39651447
4782554228
3141465325
3648159984
721803873447448580
4782555019
2340731598
711085472513130496
4782520526
4782454254
2245899935
3153138336
1081210489
4677122520
130644082
2250820957
354637239
703198424246583296
4661861841
702057055356489728
1649454001
4782425414
552005607
4782436934
4782442075
1686721440
228238153
2460746640
44456072
2923189828
1713944696
2332613598
4843517755
4358303595
2518878638
135251922
295787579
151079975
1964720948
723320188150624257
2710450428
718096693082730497
4219113581
341687475
3280445215
4460038992
4916931812
723313400340721664
409936586
1604365256
3245631819
2310092310
4869861465
121833003
722266186059223040
2316246829
3064982027
3948670637
1155086022
23777671
69755180
190540159
2371846124
3040274825
721010135846494208
3040563715
3105162830
2565601807
571214484
2308779650
1853322558
4912971381
112394469
703193941814816768
703180021003759616
706098376060891136
509185272
3165925286
2868186870
719584249586839552
3136992842
23483816
717075762520662016
219003208
2974061287
2943537205
1028998158
4642323133
717074003953917954
707459429948661760
707790332792967168
3182560999
4858100981
3242480524
4512189737
715500137804652544
716997422455644160
247983953
151198065
42035272
2516614290
705678360442236929
2706843151
721842179270774784
469205619
2837796163
715556218090164224
4847056776
4837205394
3065531261
16585031
718819611794415620
1021079784
3153734138
95687734
2693137016
2979365176
403179950
54548130
2874805857
2941739976
2567716627
402386558
83204209
2834224793
3189443159
341658039
710467284481880064
582667556
4736219628
708301782779371525
716288348269182976
543787174
717738526012407810
2941075884
1976016523
703623126874099712
717651571937423360
2609636953
388454092
2180218208
284597057
708293036657270784
3181591921
40646851
703802103744036864
3282191353
967626511
4109805917
3293137130
2922528314
4880597531
711108839827877888
2922510686
1050563569
705689029648453632
2470696722
4782387774
3294389542
4782530534
3184876569
708806649121792001
281559919
3142298337
393095898
188326857
2876092697
3184789955
228017221
46955805
2342660971
2814597331
4891806041
190568117
390156450
703823517523927042
4791735801
2892402429
720699756582932480
4891413167
1894979629
2896509337
3003262150
2828234755
721587014982836224
4735564272
4642464434
711089162242301952
3784052667
711089142709391360
166880376
4782442484
4782375434
23018032
2788658816
722185466838138881
3057644840
28475003
4735557937
89946039
722219066178584576
4620041186
826960248
2659696782
2685519782
486760134
20611084
288976191
3236235357
722231896986513408
2889012624
3221971470
885078894
198036583
154866436
722225258393124864
18138886
430727193
1583056988
635622629
722223339264208899
722223037672747008
2956507309
4542483650
3261627835
3253361634
4723758374
57209758
3404256052
309691401
3398593096
3233418392
3396984322
3230954396
2218946887
109448475
