725983599128903684
3585430753
4748859203
3487187893
4440263483
2749858280
3488018354
3486694633
3255092929
2993230373
709897775362605056
3466388606
368545981
4432279342
3488679193
1641677016
724285180542902278
4623285376
4725227294
717210686749876224
199909211
723939854027902976
3405505149
533712415
3023037872
458359776
4004610382
2467794883
178008458
351926313
266135498
717820719942356994
722207490633441280
2316246829
21588316
4921372709
3284112337
720287751120093184
3271255423
4100953924
2904389591
2943780644
614627531
2335992812
713317430253264896
4547869279
712872467438706688
704070213143232512
3677742792
2959497429
909429824
2975468251
3239274802
4867884322
4808999154
110855805
19341224
50462805
4845001571
115681686
4844704731
4483282399
4411299674
213671271
4401829755
4845099220
4404286463
4844933955
4401820648
4074814018
21407691
4102376488
347627434
2533241094
258923616
4401885856
829735580
711779281785913345
3311840432
3002910875
3064431807
3227293776
4862012883
39219321
4388187328
2800810057
3595761318
