705820860540547072
293590156
2717988362
4765920265
1921658022
126287042
526739216
4268277982
435498663
201363884
2863165400
4007062453
3698216472
2886753139
590403020
3506067077
637040458
484429341
3103249827
219006732
405244102
387740255
1297954166
313187296
386310246
2607419485
3060447998
2215955378
298592237
281271497
209209659
2981521597
1639491541
2954805209
411010184
2957016189
2935456521
2189453472
268777496
496132528
552310309
2314603417
39770016
2786261800
246277522
1389973664
2738101195
39429324
537370043
721353726
703120236
102792426
469504630
24989429
225532566
2434734588
381193225
794311688
2246994399
2312079889
218748407
2340178678
255828723
249464589
288357156
571540611
446350813
306435015
348011473
1092014029
42824700
25411067
157485746
54314287
288336873
2153593721
222658948
1610861077
1403757505
313941879
1410122767
200700468
550971370
341786494
741945522
233781404
30885750
333666249
598773481
237776361
345097678
605927221
55024115
842362939
407089879
497568710
1205873941
255735842
295995109
328244911
346267571
522252231
794908236
318589374
261952056
170094691
231617037
338152190
31317102
265599771
379469039
1078399832
309052514
120241626
125132067
201408538
402673440
123233354
1072359235
64251457
484302589
251322132
46840033
400309095
478825935
392203338
347024677
924364562
391135788
928834646
34277533
195221904
902888617
33883949
778199833
729731486
574982593
579416112
343583827
264295284
55990648
813591253
802854002
540042238
278422654
794583980
348512541
299975445
312440029
383513179
452425207
339185525
366130834
16634579
88517755
712474568
701543306
240515913
362590926
629686434
310067166
26789271
332516575
233317108
61306939
179205384
602387316
343559549
590402798
382842341
585759135
584155918
582964865
57464910
570986481
35952250
205801071
167787476
483235169
559788559
25007946
253217789
325038697
549770778
256204711
103055711
454443746
526821183
326386449
497919263
401738433
348153324
178188722
125425006
378250554
17921193
114324025
474702724
245549536
25448268
469435832
15614702
456290880
224914682
277220222
432628166
400909820
438398630
211706252
159825830
423433949
422940666
326983015
25743678
326615588
293822146
234598669
178772780
376708044
42009164
225210759
222168333
137889973
336572718
221436713
186600255
291933801
342850364
40733383
178107828
334198193
330815176
328653857
325754151
38676516
54156849
303668624
221579043
288332280
77017575
59052636
16744910
275324549
229884734
234630786
27711667
130967611
137368860
103565968
27351782
24632931
74709221
73518220
69029558
59661762
41615954
41164808
18359760
21901376
15964719
18302414
