3106626889
711415326064291840
2513903348
2414776460
4724000474
2709947918
3322161055
2765991584
3388733358
719430280780460032
721383280122204160
2824915063
3220987760
714434884408905728
4068799033
132413384
105807579
3399744856
2984333388
3515615002
4737001842
4893944225
282604994
719229430971768832
719123342842667008
718997799002439680
717368945213198336
713145842018811904
4593694640
3239202464
268639000
2792894052
714815047831146498
713063391410061313
715813959278989317
4667059632
715377035942572032
2991273132
4025356873
4034152708
2800095758
4734251953
3312297704
159419533
707620067010215936
165469626
711543796937326592
4871895242
710911276264857600
2990191249
4905093799
707214929779150849
3315110120
4604667794
554081035
4210439474
702081922021748736
3455312181
867972649
348594284
705664143357968384
14905132
3146380143
232128982
704378106400800768
2445680719
4628876352
3860314639
3303936738
4728478152
701724698464288769
2572733785
4185104832
4911639627
161336686
1047555714
701461477345984512
2392821552
1661664336
3305765022
77466673
3179331468
255463607
279900003
3348198374
4891794338
4860844865
4687347451
4910125965
3285941270
3301323236
255064910
73357145
3285180414
3967506859
113645036
3265879891
4893309480
4406327304
1540654248
3274398770
160847940
696545784741888000
3024486069
3370298049
2733740744
2700368982
2854388717
1338911912
4844671421
487434994
2867805894
4854155374
2302915716
2313198259
439177931
4838413993
259271038
3381517192
2461047679
513973799
2481963746
4824561884
4659463112
3296721918
4201216467
2758525312
2505020401
4848955408
1388773458
4821585915
2662657400
3303940518
4015878325
2981901835
3272692657
4728464772
3315347947
4027110674
570782809
1799848328
3149877846
4016027538
2836901790
136250425
867397374
18194837
1217292024
90903189
3314130150
3312075584
3400956194
4797105354
4336615274
4282512676
3254478433
4724739498
2890619545
125914272
1590074179
439118438
3904367269
4587042375
2982218982
3384050554
4222405342
20414217
2795431314
4199508854
429762696
498795042
4175580072
3984910933
2591215541
863028157
4728136542
2514688934
4714223232
4242388697
3223980312
3231421345
1978393632
3002745383
1097893327
4678334160
3322270951
422641619
4632670757
2842360638
4503727396
4659318032
4655907018
4265914273
4044707832
2567485133
4632518173
4627762363
4619797812
2704102740
4614189067
2916299274
4511102735
311494514
4231595843
1271297400
3272037487
4468941555
3016959409
4552383920
3716277612
4058437874
4318975634
113578227
2857624531
4516642699
497412169
4496291953
4230044721
4463773634
3041270042
4373802927
3875919674
1923716358
3379811540
4438334892
49566776
133331513
3254270700
4434675079
295672880
4430948299
4342631606
2653100160
4402145473
4379237534
3394905672
4243970277
79463732
949364850
3928288497
4087564933
4301855119
3352687873
4278357193
3722247732
2401045831
3247750363
4217627472
4200722952
505350803
3278840923
4178743819
4174181118
4166003294
4139853203
4159040052
3848141952
132867211
3891555914
3300364188
1962063606
2890707026
4130505913
2346925839
2931498470
4115007792
3298035056
3309065095
3037281157
4035007405
4058455512
513190437
4054009814
4048081758
4018380553
3260082684
3277689103
4035599654
1087691486
4052843721
3241270868
3957608846
4013812166
3168482232
3850471941
4023088283
3436566372
3855517453
3527873478
3190655882
3306307189
3963800952
2315512692
2617393428
2386401866
2407433046
2733637192
3938061733
3879685993
2517558986
3412228100
482182933
3279857672
3018028242
3934591757
3854680752
3734632874
2297548458
2566502163
140348067
567142515
3800564414
3407369003
3722662393
3275317465
378837549
2827674283
1519446972
395251434
488251621
3268416746
3743424864
3324745746
3335943192
3617664312
3282206263
3710123360
3580593734
3238147091
2416199047
3715271716
3499578803
1416911052
3324691963
3659291724
3668078959
2965722659
3649782252
3117216757
3236362009
3624515900
14251801
3393357132
249520655
3507847698
3360128653
3524877312
2485216154
3302680524
3406599502
2245331462
2903518153
3302677568
2540310337
3011770740
2991147912
2684410256
3115117046
3162134113
3252604490
3366439634
3295151066
3320423892
361661404
3239465052
3326172218
3570818593
3409916894
1676031018
3225827024
2872988725
575954374
3220054574
3383271254
3332156714
3491393838
2523550260
298086720
3500128574
3546519614
387057020
3539223073
3527340252
1417560134
3502210154
1732646448
945365047
3335839094
981785173
3522067754
3305105839
3313981860
3287539994
3505754234
3296233571
3265924002
3590489601
2188050487
3479156598
1731122323
1456303460
2330621263
2941862640
3312593323
3292532832
3036855590
3010894194
3313603518
3292269740
3390307994
1666873268
3447621132
3302618774
2915227572
2730011149
3069042366
3311164944
840924914
2762598967
3311677381
1660716211
3427495512
3369660372
2830221637
151052955
3159559081
2997782524
3251391355
3280467116
292098814
2681926688
3061272498
3329116074
3301296918
3298381117
3301357274
3301348706
3307618476
3515206048
3439538173
3400415906
2316704658
1381954465
3223058084
1642815073
2707539358
750589476
57563268
2766537644
3278941213
3402465018
3062185080
113917964
3312598117
3324395335
3370061539
26682375
2390952149
628100589
741980408
2714896998
570627239
3080985781
1167167930
3311352480
3139624825
2347188570
333375821
85539958
2486306867
3226893648
746547164
262579627
3021841886
2492576089
3245307456
3318292381
2988217747
3135770216
3349739905
3309218940
2891013036
2395939196
3371245880
204212534
2437124384
2949354510
330843518
2907406638
75820299
3318317012
3139860563
3069236945
3406001987
3320336486
85089837
589217545
3313657838
100272410
3312693084
3220561908
3377754453
3304439280
3318884851
3347917874
871872475
3177956138
3022173992
1462064132
3221876142
2874705572
2991181697
391282600
3344813774
3314679462
475041559
210402450
487337180
2835192157
1653675632
3311959639
3327388550
3318932683
2650647638
3223154822
1910569500
272838349
3322585086
3300542088
2280197166
1359040722
3324783205
222106205
85289485
607125715
3321713156
293602585
2455202539
3313581385
3274645538
3425265483
3305744300
3316451076
2578719409
2933779418
3299448931
1741967130
3165843764
2472585180
64976564
2428839067
3161020021
3315256466
3320310188
3313144004
3103655527
3319704043
1467489865
2866495974
3030937370
3306712382
194158236
2989025945
2153745247
3317928222
990430560
3310341278
3300779672
2293938872
2997947209
2893372832
3305775691
728587266
2549491934
15210670
3310459100
3262940174
786529729
3315141854
3316736737
3255874567
57944516
1642625934
3316640532
2901711078
2529216751
1518632988
3074851513
3268304898
1709267005
54582925
3305678688
3343664607
2855257158
3301724930
3303132368
136889439
1842380773
3137574705
1867654040
1027800625
2907970524
3299544240
581527148
3272483714
3256351207
31199865
3151620312
3299423275
3021224959
3404426235
3307788787
1935716222
3200460250
63957887
3308019817
854410357
44120543
2609589104
3311205084
2490186583
3306285379
3309110378
1358695932
1065917636
2726343094
3309518738
1619479682
2353185871
2383541203
2392974170
440996189
1647937688
228606571
312554043
388864062
1028560452
1473498092
216788922
3155858894
2959520173
202066138
333821837
95949228
3006570912
3261226794
3162376928
357606927
1142131626
1637142578
2222943578
3038389584
3250010683
814968864
3043385041
2803862276
151300147
40637908
2250820957
76780580
2325059150
3143377562
3300172008
1228278002
1676327754
2963884203
527436141
2551932691
2550096031
2549990634
3308380808
2773142707
963921739
3363531621
2537514385
260168897
103193229
3261721778
