4841222712
4157609837
4693705232
3648600492
4479812413
1072992504
724893189560258560
39773126
721338688727302144
719472067481980933
379962842
16513416
714860233533816834
709172796103008256
154350597
724059977657257984
721142611185176576
2914194020
3635832455
431281787
3196331203
4085110516
720344807768363008
18486002
4782595993
723488078480842753
4782555019
2596351088
33611715
2772376488
3748845076
59550718
711604842750410758
2316246829
721133296273502208
284752134
326441040
4320799523
2251191285
3323316682
723287723574988802
3176928732
3202235121
89277004
1493267851
44162033
19341224
237888723
3392941000
723115734117847040
51735659
826537184
395693272
17723632
2963013881
893856362
111225697
2478015324
712872467438706688
2173016900
1618641848
49709066
347627434
972909709
121656624
4102376488
341190477
832266252
3316868654
708471566175088641
719127963766095877
3104545022
4878377608
2808778740
709497411144523776
3391392651
2496032305
3271255423
1726542289
70156027
3942478155
56449803
4828311314
714791179158691845
208083510
1575689569
720480488817836032
2393063119
2806553856
1368478189
870558757
2721239814
3284112337
4698055040
4768958869
16000856
342894187
1621868402
4154041574
931857182
2466447313
500391228
826608434
3186791412
1377171697
3031942490
2792409146
4747916484
35216399
699087180401152002
866717532
903377622
710670965898932224
160925137
718877499778801665
218551084
1352387706
4789788027
