4442057536
3153568351
992736907
720811727256973313
3750897171
2404148318
2833927285
4906853915
4440678868
4478395109
704383743042015233
718305418930438145
709086771548704769
83682387
619101692
4499382678
223719518
3111909523
3104545022
190044015
317561814
3590632753
4116968174
3038148793
2749858280
16716652
2914529775
2793009004
721407920139739136
21588316
2393063119
567626521
2478015324
110855805
474114908
2301544094
713722656701431809
714662067911962624
717484315198808068
3580248555
245990733
733513268
37599351
715018762324287490
3995952972
826537184
514984590
61305465
4646430650
4910340778
4856706634
712796744124203009
3396584299
4898087031
706601723067015171
72628827
1337093174
4596353294
3314758074
710471692896837632
711378947062276096
16976274
714187844634316800
716745381439213568
703650046634561536
3845857817
700146558231322624
29476670
708121697233149952
44135635
347627434
552362937
26019382
105295143
2282350454
489423943
3286485007
708416386037587968
77888292
2171352211
322074102
4442432296
196297605
703583287483244544
617832072
899059256
4782140084
3285819409
712797643496226816
558738770
712581672030449672
865242169
3558267141
712334982178430976
709984781858185216
2440220880
3332044263
2412904026
60784269
712718690953732098
21634278
37709157
1674283712
70156027
706692222473752576
3022045469
3302153561
4412170753
379314159
707587346640740352
1558861508
711761219795832832
1618641848
1007761710
3253946096
1575689569
557840546
3357461775
449110269
700436622844628992
564213018
946137247
163340416
4419701716
711694960437895169
4813603957
707873747529834496
704006675213193218
67975341
468916175
3293741005
3397893132
2904475109
3314535722
4624500980
3830912607
3271255423
3277814538
3424711689
2975468251
3073073633
65455370
3836008983
4220373573
336638653
3389073989
711515429852676096
2488997646
4827282714
711261581175205888
1488447792
15063486
708715440315326465
947642546
3284112337
4875427757
3309829364
473709363
701202997095833600
4580297434
3795292154
4923754584
2330881664
4513070533
3562290140
708560981060784128
35216399
709932203594031104
112263116
704513628414676992
68369722
704391179610267648
4844182954
3407890707
4858309627
702641876294209536
4849413012
3261533147
27671624
154236193
703303258476036096
43149311
2319464311
1966931240
703990775223169025
703013994781474816
1400943320
2461538374
2183906074
184780576
4584443975
1964214006
24081461
2319339266
706122397024260096
704459368323006466
17739961
24544802
2435680198
4785202752
1853114688
3278725566
1338765866
368688533
1325917574
27348397
4698427297
4299815909
16366249
3404609992
825941630
188469468
233580966
2551097899
516699465
2325668281
2881778363
3044761119
3316193433
3014675517
1578738596
14798210
1573693694
716044325
2862598259
952719090
