723295886391021568
713008254373076992
3367987133
60317232
722254654483087361
2260505580
178502445
180230756
51132090
782921700
4727628695
2411469372
144686373
289582096
392334947
359105765
4912737560
1428852968
428758060
2167379669
4859116434
4871011659
4827233245
559892680
4798042289
226690832
4673293273
1033807152
299745277
211096558
3378283763
4510065498
1195319598
220683517
946783674
80166642
3068944553
745950685
191852897
2271162080
334293127
863196324
3347544897
3185739542
77896071
1049286828
3207573587
347412860
2324618108
185959691
322322747
3128133132
452281957
459324757
27777763
309709541
52970031
413529467
323196139
39887039
2533201748
774450913
2306554728
406724700
401700244
521309403
2762925192
499440280
272420206
3437103220
1632084518
238303169
863893566
459090304
1290387427
285930583
3307233050
408741899
359170712
497930580
303765487
1202954383
2243319479
331826737
2166988661
423060426
535965701
612176124
328341142
611775335
3327393664
261412219
54923615
512673600
311283022
423455772
95719727
104714211
1214046674
74940414
1094015870
374211886
528507846
3180038971
384078850
358507071
402195095
546928696
791982770
320442823
2992789201
495409141
333675026
1683940250
1016198856
368110218
301061666
45672125
323254541
617664127
344502840
1344714223
65743512
70162155
29545555
1352836304
412018059
370465736
1087859599
1356919807
269339175
342892046
3037086543
347591744
303539489
721026552
386911219
574969337
58930911
714866795
64847087
318635081
2443230996
201864924
392387843
360168919
2941640962
269011191
248455251
249870323
253108436
381595341
195193253
575889543
1890263924
1247013008
848220260
1935075476
57763771
701995796
424646065
1537735686
545137217
537867685
787415982
1007395914
279766931
423862892
1645684549
597845786
603851056
1016621102
563933713
488096975
308818178
431153265
2604721519
343577440
621472511
350665102
270628216
72864706
2755107586
316909135
1273805268
1607367781
617696644
2727803135
266939821
319413402
391839209
370106924
714804800
388556957
1271089195
316084494
292643315
455751484
357235235
369854561
396302715
524931460
813541682
184503874
505278121
424731246
935895199
2256451385
2493421232
710452385
794325877
1067139019
2353686304
898933850
2337893492
797703614
2477581751
222270100
286763455
789530359
1216797979
2404947685
270932291
398023617
260757814
346338445
409709471
339847469
589534674
349250380
405355710
453298206
2328210266
225278371
190196860
349786582
885914149
327141763
1498697400
364067662
1620882445
264577807
460503356
1881554108
2265074191
612825242
360400776
479761762
270664590
342399461
308818088
317568079
2248889827
591837742
249834624
262388321
883423644
553733031
352884408
411763281
372440605
389050581
321123955
441176193
1263006691
409612331
111452451
263281128
407496857
1705534724
2186959562
838999062
157555000
2171083391
341914457
543830459
2159701996
527010240
432079995
554590460
1559548050
2154192145
2150404575
348110785
377499045
721171515
366132379
446356951
1341966384
390942913
1955115758
1908211412
706259357
442208976
99133259
387815801
369069056
857398626
766676744
1727372779
777205722
285234566
1713099134
367455110
391031344
1709811697
377926792
415118179
1680864937
1542439123
32269277
461738859
292706022
1628343757
161826190
292998672
293766067
420025343
335045738
509180916
401503803
1270016430
62305972
588885745
340383328
1427951214
155720904
1378465724
599536631
344460388
376468031
719395572
344841750
1312474842
364838070
347650527
1010100955
28909892
489986604
327771319
490079682
422158345
35652961
939205238
449090586
1304180876
1302011383
1265970529
261941221
337478352
1249641068
508338924
581308171
502541318
388110028
1206545888
619552066
218337659
827991438
372580370
287953941
1156038360
1153092456
1152925345
428434899
530882249
392193254
236279305
201560543
410790595
388015823
423855836
377756483
472242304
518924078
390581597
1005019914
884848795
43532703
529010961
75725825
353777149
37553773
350011686
1043211397
381319537
310356161
308869824
446471129
993852996
296922011
1000861255
360383727
129659388
221557222
47538019
377121498
244244247
343863168
597715298
853858021
346048568
374026181
829939135
961764252
296582965
57846815
437725242
957511380
101110146
488058448
405767415
429318610
265744895
281745177
928599830
261882253
548894748
453600984
269886413
888039481
391449825
305383256
883140133
388492589
419709537
249433362
164770403
354042316
338766774
375976917
342271713
455361628
52958837
851217499
842572266
801826854
226051575
336878071
382992628
419964432
400108541
409422785
77291230
822329954
332271312
40137530
69776960
407493824
381363802
363958175
470568439
793888604
792032533
441038160
139498637
787996321
768288552
392794643
402154226
457963567
95019088
433715514
479821634
42234360
261005428
197701230
282382999
372403584
150022322
389684199
423137294
66028177
716514049
316881760
386867882
631385237
565674069
629968995
58688270
502133286
399097823
301216522
544935113
317175246
408186078
377670414
353546328
277851756
588737530
351400995
455470375
319973801
589222471
495157397
560141382
419726206
75878538
75955376
478858684
482193880
261802673
576527470
576459306
174530197
556216598
35984623
177639063
424841070
451859962
556844383
397497183
421715137
441013203
108545107
469630365
448285441
550598765
540179108
31332373
316100139
278761807
361645801
505229299
441459360
375235763
442444941
140872610
532614754
515142588
104914975
191044928
47681250
520143973
265743731
461597893
333759659
301145117
497539752
456750962
509575696
496315686
450947030
334812245
339340039
212454221
93112098
492716767
459476873
256339167
251312429
340025690
106470630
329454752
438838832
24229904
420022607
48156750
426925606
447225583
381562139
472559364
32179943
397664633
434589484
400533941
468831981
313024073
34122995
271427007
322410082
442458331
235760529
180307645
465988567
312862821
344171325
460582729
284683279
369246181
318736664
436772470
418770317
443231993
425573408
313453945
377058459
434299588
382871024
217051617
241576236
154815172
14780051
316932353
426347919
257067007
276849916
330137672
286970409
355455652
363970521
303490591
293847313
411145461
278232212
349341588
392392063
419973185
419050639
413320692
81001901
269492621
295437154
394386313
343562516
336904842
386918196
66243592
385795018
386763227
326409425
381359261
278235898
42221335
269492630
60769358
309827183
300657392
86828820
39384913
405289318
49868295
346400443
396922433
386368687
111139999
384608009
377804229
321179878
380625352
335386861
37541567
272228573
371574370
220233347
285984389
246532490
107853356
34114570
253841810
332310580
351204472
42459856
37753774
335573218
103748622
352516086
312938866
38566751
349280636
307137703
316681916
19136070
32752557
285958741
33130440
310356345
199313852
27375121
247116266
310349938
310351276
26655989
49143298
332431353
332420025
146931206
