720203709381222400
709388957046280192
4706270920
4385642963
724893189560258560
713665138608455680
17327882
605963171
706725888960942081
705448286749126656
33079769
710683615227736064
4651346533
2467794883
347627434
531351424
273272639
703459988144959488
4738497264
2301377516
1952998376
3141232584
3308085366
424927514
718960615604228096
720160725101096960
720172691756605440
197291419
3320545346
1674283712
208967993
710638772342300672
121656624
576539583
2885832963
709497411144523776
49372625
443304640
3682896378
11187462
3293741005
4848049753
50094643
3034782866
3677742792
3580248555
44135635
181320210
999453985
4009272989
318182225
720480488817836032
21981121
4870894643
32861990
4867884322
3995952972
826537184
24305174
2319339266
181783898
22936237
4064624112
19419025
338560059
715204731782561793
4697290478
23948919
619338270
3100576484
754288945
715548600584048641
360640666
907450320
41862980
3440693962
1876690188
21588316
4765516376
111800776
2316246829
870558757
4838814747
2393063119
3711628096
3031838684
858854640
3284112337
81329351
710606939915354112
15117074
4049454617
4102376488
208083510
716318806709116928
228134082
2162024552
4401659007
714726182600761344
1850929850
18906599
705587259106574336
379962842
4404170963
4914539795
712718690953732098
711921811424870400
267021306
3434421484
3250141399
270679712
4883318704
17999637
3621958574
4896926919
1013986122
705342965519032320
4522565452
268413875
415175014
3836008983
3269533770
3436973898
268613555
3808196833
24315704
936437790
2438849011
2172087701
2989189975
