722357617029423104
722391628175040513
4855164370
722031844892549124
856573488
719782396472737792
718208096963796996
717669860654845953
717675238260154368
717460509533081600
4864492041
715477147364630530
712717943986118656
712876665274253313
709761425288392704
710860762592497664
710354397990133761
700725949084602368
4902577485
708589302515687424
4499508579
2427378621
705051601535430657
704281949926518784
703609591788146689
704096130297159680
551371503
702906101495439360
573417571
3429870041
700771400399908865
4921568729
4917136516
4904061388
1075331617
4895181675
4886206293
4884206115
1710323766
4872516485
1054016562
4868802617
4863411635
4834914825
4863045125
1154949198
4838266565
894800684
4828126114
4784363138
305091724
4821367689
2231950076
4782654952
4794144741
4794530991
4787408259
2158765306
4559700214
1201576446
4655176695
4688394775
4663741701
342292595
4633180001
4593766702
4558782645
2796517848
4506355513
4413690796
4413109773
1854391279
4362458655
4361346203
4353563703
3166550780
4347747274
320057002
4317618389
3289647471
4299933916
4285971088
2383883346
4265421641
4264647615
4252105919
4243167131
1081861082
4212467128
4204311765
4192331782
802071978
4181262215
4156550536
4136901773
401605309
246179039
3341588111
3368521342
4114311616
4106561027
4106324488
4101427403
4095231801
3021913494
3994096421
4041304043
4044284535
3984546973
3911058676
3993892162
3991457596
3978863459
3377092601
3958299737
3921148043
3386896846
3907215622
3822783914
3880417228
3889348221
3666188061
3863315303
1514506956
3846321315
3825835217
3812481555
3816919401
3804926259
3779210117
3118185275
603106563
605536146
982992144
2232436058
3617728635
3580264156
1024696135
3414494861
3477387323
239188884
3427377579
3426391571
3416072811
3310485786
3039163293
3405229335
3398991951
3393882376
432003439
3391543563
1495283557
2223594339
1444180393
3285744938
3383146245
3382710094
3374424687
3364654245
1244228448
3374604119
1141172839
3371282099
561862839
1587220909
3100357985
3362159206
363638522
3347436003
3343844429
3340294246
3331411666
3045977548
1596606829
1136524484
3310482268
3307546636
3195733937
3304031698
152795693
3206720309
239789185
2830506730
3041498259
2855180190
3184750944
3209870361
1145409888
2440501255
3180943787
358144428
3128126102
3083317301
2310060625
3099003424
3112186830
3120062140
3044470705
886490504
2996092984
3065287183
3026187051
3053013866
961621302
198770319
3014160842
129768152
3004249534
124487407
472148596
2992943321
2986886337
611528839
2708544648
1036630885
2870073606
2900359720
2899349433
2879974996
1220840569
2871782251
2840760863
2805650825
608126656
2469790962
2670887407
2782945319
2779988379
1103995086
1040423472
2782087652
2473656792
2697929973
2739567765
1374107348
2739116525
2738163605
1090285147
98052786
1260844692
2650743980
310682694
599170287
1604128440
490163451
2535683936
1710775753
635384141
360117574
945767227
352053160
417058619
1482184424
137300038
314576376
331886675
