302690890
17372211
2472722514
3461489963
1853428015
2883952758
754480646
598727474
713601436928446464
723151705374760961
723021826327093249
513997329
4820840052
194285805
4898429954
2724735427
162214793
3092577159
3161660191
702336202670796801
2314302518
58277872
636091528
42151191
2465146394
3004960138
4550335221
19603428
3993176474
24096196
2659968157
3438874156
720434317390819329
63485764
29216673
4434120134
2831273090
94712457
46190093
3665583203
2450482362
420732058
119700970
66267604
278098811
708929875650985984
279369510
2973674241
715151584834035713
23136873
111741593
208858577
3063186148
2534512882
867074707
120239228
705538082867699713
19212258
2575749360
236662829
375289365
18291042
147580943
28149226
17539826
18519919
155435484
189286981
272923768
901156286
4259500673
1127049992
2993674896
3329110051
4429259052
2797724509
4660472483
232058361
1356348031
2338645021
32766889
2248164774
3002192939
4157946957
831784549
3783099976
3665997134
1110024751
3364043840
2548588303
3318817278
3311790728
372050829
2950834812
2785343448
2964575375
3290712237
2805283434
2534913733
3165206613
578300100
2946030852
3126633136
3174689757
26443026
3085209074
3096273124
1888289532
1390882830
3018751208
38181986
70504359
259084639
2900086378
2495008712
32790749
2322792997
1082030280
2800619839
125344617
2275244587
364197642
257752883
357331180
2553948302
258969925
2525912105
2437947770
2458971931
67199741
2366050248
1969584348
2275022380
2401960830
2369423142
476937112
2382216085
217524946
19308043
16841910
2366050764
1468985684
2332759239
433820303
92882546
324144748
2230586798
886126310
2202888328
235790199
1350477601
432777238
35399101
1114750916
17485017
73047529
369857957
859228825
1917836010
1711251858
221884028
355946905
1895592818
348353647
254093279
67948798
1496739632
1838045125
483697607
1729856862
1709304912
94286761
1557017593
16455366
91196534
88753842
85451275
19274698
715374241
246422138
1597461146
27002573
26408474
48909392
1016283518
1480832018
771358182
1491807006
370861006
311761714
51293930
352775391
252352775
16568748
267126820
105266468
54814728
919809216
820640514
632320701
134247938
162140326
398867079
896263123
253553093
130029418
384575019
33025870
26693230
333094836
75416319
850695392
387370399
1202479938
322500789
580217423
1081723909
114275097
365005886
372406868
564601078
255831480
87984623
386886428
785565806
398118986
59585344
1164021410
884969744
328258849
1144178136
185762142
1143978176
198340538
289663293
348796188
33370828
1115998669
284258905
1075472598
1093839637
628348486
600477442
983765442
248549194
701807629
73987411
994111405
375233072
16818486
389786009
632411470
33605882
147822179
977837178
302898628
246408721
266974693
121201445
553710128
15978477
335057843
301574307
739884007
26191459
781152546
617524090
857102618
101271222
769936046
913184688
473495081
243843693
85978846
22174602
353978404
484387623
774092438
106585790
229704029
323077186
378071571
215333320
251874574
152371823
490997205
47043273
17376780
88860855
15849209
537955444
272472512
561658912
627828675
27823024
430453413
22164544
317890666
43961484
89081091
80430423
252785280
22817468
526713600
278660000
474517218
373037607
440501460
248540635
154374302
272280766
250315866
67520133
612155334
20673601
583386971
35487634
174769226
235687607
258636180
574776586
16568833
282332350
217267093
122713408
723123294
237123744
712594196
221929225
483520975
169248961
21955786
93804642
331137432
229193291
467948035
625807516
16511957
343042046
422366908
134365510
415367466
16561435
246151220
278096906
486051840
608325819
26144364
26963859
578229763
16519886
583942103
437004843
23141832
595198180
11059972
28745896
328002898
587606397
349805279
364606024
222452046
19185587
514828982
526016501
40479689
151310416
245530972
214721832
312337784
494454647
32251770
563567535
291565540
257179634
55318626
190829992
554627192
396313470
555278160
554760729
255813344
82785278
95927823
414286159
346078530
315613234
548611234
343057509
548821475
313749374
369624508
530924423
544693559
522798034
307672947
140300536
66583567
27743648
538609271
333019606
535691505
191204558
526726534
18488972
365662647
507583054
517080082
432349777
89308141
512863293
456725147
464591108
78054341
490079082
378137275
28010826
23369499
26755433
18128725
498621810
500811743
489617847
498370726
332390077
77001940
377782740
351091513
467790347
102253870
297058318
344481067
429177412
383446101
469252268
20091740
481270455
367490062
58604456
433700909
436453712
431695756
405852125
473372388
477985134
474178049
92686385
16446058
247433283
471697844
344887555
470732360
342476216
457461199
169637703
54353639
407456424
173213215
339788081
402423674
41522450
71635957
157223597
460281503
447466040
456342079
226447315
453852939
343694184
451409767
222540928
447857308
32707312
439728671
442753507
445034809
440746914
25202592
333219642
77210345
439764743
28895625
426936478
344762259
119222924
435563273
22578367
432665054
16446811
432072420
16499703
404436758
400617377
231286273
389778365
412802466
18949610
430125048
344171024
243795638
352392341
66754649
60246784
169501086
27961877
294940405
378069451
423655249
194857806
373143794
348095898
256172472
157257230
29624357
238669351
416954342
32613380
43987443
416471965
323327494
209405277
347997686
266631626
288245964
384567319
165802132
160168803
402299280
199381249
342288857
33129534
395048514
396254474
152114692
383380157
343453141
288876306
324471576
394274904
22871549
75170683
333595263
393107298
18660521
36888911
390404807
34773027
18043916
203601034
387141084
303700487
298505629
276423235
384115962
41639085
383266218
375884442
270531196
331320413
381193305
379520529
75122622
334163038
369990648
279685842
17093519
179688581
277519461
323490909
18436333
376201816
22097379
66724625
30808248
26153226
308701095
367548461
41467062
42712551
14707194
41950649
311536363
23539135
338091615
149206522
364327764
364014448
363195290
351884664
343771419
23504841
337366100
360351990
358365492
86812428
355568978
353955137
193516318
333252694
328303843
347662729
329397055
18093701
327291003
310472072
26569150
339406152
306355151
247403117
31257968
155572960
310271893
331491580
330719990
20595220
326846145
325048485
97184051
116301978
16637963
321006863
17541197
301032700
312852513
291793665
115095244
307067797
306068718
303619252
281414169
298779026
298773461
257431809
8542882
280862040
16629394
291493296
14164813
287250370
283793624
251511725
83086005
283211786
46116615
132194595
278258232
276024024
18899650
194151819
251789033
263043841
18488407
18945583
263525559
255442854
248398368
252939113
256525732
22266804
253358478
252610785
19120850
251487240
142277348
122408015
251623947
27896825
250944725
246858453
242312284
26409435
232122491
216931295
222578301
227449044
225192413
111804688
219879532
201941577
48410093
185967007
195557008
151808372
180848478
166300549
111425125
112367616
149245734
176202031
140088562
61881371
126398535
129104378
17469289
90191454
118928472
32218443
56281258
66139493
146338195
145424055
135115862
92396511
119921526
138766181
141841878
90996301
32056781
43576063
130717357
78923979
116975593
78842621
102812226
126275362
20632315
127860237
30948732
120280371
65533437
23226668
126451052
14603708
119395214
20410500
21044127
15010370
15392391
120522555
122209932
119563248
79547454
68319691
65298700
51460277
39015595
35035996
35592508
