715502332390170624
702537875632553984
709720261633900544
3082683299
1039831249
4905375957
458885284
726563458964180994
716285649762930688
538298044
135321522
2984916948
125681217
432266496
241468542
103888057
385612342
4775225359
3720471380
726534220278054912
33627421
708193770311815174
1568529302
724445469137461248
3302322994
15824439
717074752657960960
726533621071384576
4850803535
702110956860678144
917637692
3134994003
342996414
709715191127281665
723182871368753153
726518764120891392
19394550
725377982483804160
725405611605692417
117755335
2792068053
712844204842438656
1969686703
1537519986
3091933920
725782260797034496
700854453356748800
726175306554433536
3041409603
454186361
706214645497868288
3401640172
714276836469964801
722092500949852160
2602246681
3093394714
4776259153
725884566464942080
112822517
724713485527998468
2577696773
714525992383983617
2475645109
3655454481
3310720965
4528684954
3153490943
429325252
1598120006
724662731937308672
3382982009
574772956
3640609753
720348223777288194
189123075
725039046343446529
717714527975030784
4871430539
3600471262
240074878
2485276590
4845552760
726457357232967682
99202101
4896528276
4224193992
725859908336410624
3120062656
2952539039
704349248939163648
4352351602
1471300976
702464762966192128
787417633
2484938442
700480960601702400
22380682
3182241597
3373681629
1117391166
2484953510
2485487799
2566755344
1654212247
511183161
247923383
52063131
1203824604
3268450075
2933378122
4872558779
2995433308
704380891842404352
4504549277
2958051272
374344305
2263334000
2960878476
726420144428179456
726411410499096576
406216595
3308059812
357018468
726413557353484288
33620854
490026100
444361312
352421240
182246984
4496820197
706977681624199168
724048935648632832
2859270833
4896611714
307586553
122473505
43579649
2378814570
725531957317226496
719170523930824704
4896595922
720439756212072448
409473106
25615089
81331307
295469120
718862838425587712
19757029
575688988
253220290
718404927614226434
4738691800
1278051241
48062044
724961580690067458
102186571
720663742975995904
159130710
486023749
3110789109
724914331473854464
4892239558
1547713994
960056082
3112766680
716787756865818624
4896559699
386685586
2198251898
724285877422186496
2925280832
354941615
274516945
1171780579
619861338
725405721441914881
1589187637
245406239
722688700438749184
725326449767403524
3380159595
339320740
1459383625
724270007778201600
268046889
4325388922
329102059
514921417
206257884
706687992648196096
4348527568
4159212093
4342439313
26376403
724181216279298048
165119651
2259559219
725586959276478464
3566730502
1340860261
1085405071
721505859465969664
721073646161166336
539626435
3243791418
4896211782
4896645013
4183926315
561609868
712422035289280512
2240268343
2495330486
4926943967
195680643
32606404
726270284592869376
701883294388981760
704565960066375680
2274475766
3272690630
3295952093
725978072403591168
3423288743
3313444121
280745235
1669050164
609451500
768954302
38890679
185340059
713768848864985089
2945092773
724965035701837825
723491630016290816
702258640988798976
4837191440
223287229
3092541441
365669727
86720171
2467031239
779012412
152300508
3019981967
4396293058
725782767947120641
717063305999880192
702403942932680704
102813217
3073316748
442078777
726194860856885249
3221596946
37558938
225921047
725805961257046017
3093570701
708141053530910720
725060966212374530
4832586995
720696421293301760
2972463160
1523923003
230125403
715582834522656772
1256298433
4855956184
3300150771
4748648608
2305604704
725932869986607104
1625346002
381593961
1450131920
239049173
540221460
1649450551
726069881389617153
1647746906
1323882007
3619834397
492638383
709829599669194752
1642388820
4886466125
406679068
1959678918
4036911073
703984729679384577
2399301026
725864768242774016
3165927308
3254912266
205376041
2204132613
418250833
4493401878
2180064801
3244918350
724812480866820098
720913430996193280
827915198
2529792696
717062546600108032
722852673645625344
40455889
488686018
209270350
37384834
1656493574
2988949076
428282910
715218670985850880
726103802172973057
290662218
391103500
3226549415
3288485350
156377083
321363125
706743426260340736
1713554851
3160404205
723346152196710400
2926114222
4721882172
711770882532708353
2279584357
2421445232
3033328233
726090536386334721
705486806901350400
707150402286804993
724152730621616128
3013648672
3854418813
4881447435
4497746055
4804340008
77117648
2485858820
1646861472
722519109855010816
1637026441
3123802325
2484982657
35485833
723630941416116224
1625309280
2485365727
1488009204
1965254053
725570284892229632
3207617943
724999708444336128
129932323
717064495852597248
721013054054514689
262859735
722266527156813824
866681466
180815252
2721400636
35010953
1341610866
719650407841198081
701433584356368384
90558037
2789161654
703439112334749698
2569279256
2792359157
723369749439094784
3298936825
716304687767662593
2259459385
3861585796
3306560709
625192286
25388180
2754735167
902284855
3104882750
310416918
1864753710
3992034682
724891892631101440
3375838587
3976096774
4867304787
1050649722
96431611
3237303595
1371417001
2535822050
3079010008
2419523748
3194473423
132304324
3244101544
2715197140
2246901164
719697861139689472
190663302
2655358286
3314748092
2767435991
4893751354
4601778136
1649414328
1649466511
4896362359
2265176844
1354418226
92546388
426211804
2330698915
725136639073247232
2255531192
58142949
3085652483
451258135
2651591960
725742297883758592
4822108919
740284699
724115114337669120
80603232
1517158832
4646385021
713045414501593089
2904559811
1042764618
1225391912
605312581
718363861053792256
525321376
312937196
550999826
46230267
3901488678
712373122415071232
4876094957
23318219
715510137285447682
3125245073
48466993
117957928
724098642827726848
3310335502
2674743578
2562516103
2452678590
738350844
3070085710
3717016812
3902303412
3061455442
3299490445
84657417
701778263023026176
4695449486
3105903527
725805895498776576
25156804
3540254412
2765947179
723834371707441153
724926220035592193
20232240
721720815994159104
725157817217327105
4848775169
25606031
721209023270268928
725954642497142784
720272942517473280
724851626629038080
997766252
2566542976
30983941
3440521398
2170810193
718703459709550592
3332833138
935026783
4881218368
202231776
2906353459
139498404
1952555743
2328657907
4772172026
96982553
2578285399
2975986082
818279066
1649408226
4759830199
711024342491144192
1263025250
720898074122588160
724407861846134784
433369176
368607320
700968720429092865
725843141564194817
4877537625
3245230672
795160520
4385894353
2226495795
3174357321
703556580122361856
19827166
3399526932
160664621
445823725
706950065638809601
4507909697
4137866974
67432674
4805109696
509026998
2186667912
59550449
1002527563
2526222189
565803993
85618712
4925646124
4762179796
3795264554
834693919
723684757884796928
4509672973
1113327266
722985142961070082
1249291495
4257190693
719164581755691009
724512950896209920
2612249978
716096945232609281
884123072
3059644011
4485020123
725176186364645376
2978032637
710311760
702236356261634048
4651693872
409134659
725773116773924864
720115242055938048
722182500034998273
725565810022961152
877016622
539725435
4507693539
2206522931
4635901342
719409887105650688
2440499738
4068629235
4724888959
32947980
1277899747
725682310805221376
345759226
721846510577717248
2938100399
717051471011950593
2988738509
21068140
3289929502
2575456692
2986081961
715588044489932801
1656593004
4159215287
2484956743
3098302806
1657177448
1657038998
2485146823
3001544627
2468424433
725718692378505216
3296576214
725717377615302657
2485256341
2485378272
918733231
4738310007
1553806868
4610880202
233387026
2999614158
724659349025480705
32825462
4259007200
3315311293
4414681575
717360102144081922
264017478
583708982
4922236048
351311691
61971554
21449728
91018818
4854317610
1564529270
4925546806
17638685
414312447
208493094
17796207
4723330520
394907146
724007230081753089
3388514902
725659997628170240
18184208
725650195900420096
3151380983
705561605648617473
959953598
720839520258686976
700794823205216256
4371832156
711706136559411200
3247606979
2414983818
723896860226756608
2507740980
1296170778
3345309538
712535203651198977
1259551446
3381528226
2204381186
2200724281
90747829
4151424627
2993845718
1478384088
268842989
4834119447
2208353516
703408568163180545
3276825169
758919176
172173228
324971163
3268807700
720360548299190273
712247328
715653667039404032
182450945
4870839554
2268373080
3622664772
2868631169
126434587
725520649247150080
542707046
724849442403287041
725416173203017728
570183525
3903343514
325460728
1118254394
708529503572779008
724201835020447745
2393828530
2845230110
3325312006
290785314
721881828861341696
4677172362
4201745517
2182235328
564090281
4858808183
256099765
3443202253
271588095
725481697375080448
720666601834606592
719869135996481536
719275458563608576
2892450368
1322993569
4855670416
700784930377236480
720588807679164416
1648919347
339103909
4255005012
3090792871
724930309913976834
41025317
722897057493569536
247015576
21356149
724650590844788738
270375634
310819234
3559387696
724044023699222528
716383135588483072
179158851
272051435
1104350947
3183306936
701645533945827328
722868304587722752
2463474019
2610314052
719662580973858820
2210451212
717483419756851200
712499630253088768
981322884
242458451
702026678055387136
1393159848
3226422910
1636328654
995512610
704204202126548992
701154070921347072
725404753421688832
3401939890
375968720
3168190021
720311290351095810
2788428459
3751353983
19468032
16663440
4417309965
1046399233
3073198465
54250092
4595015041
709427032250302465
119271329
188598342
147309686
725336932851412992
2361653145
250794560
552354290
857864857
1555748252
3953163196
2165649622
724570375036768256
3157629813
725371068022673410
309898193
705047213156782080
4487754562
15313211
635653554
700791464968658944
29238658
3313076031
722729235530563586
153481168
3004537743
711233363919687680
3426393862
3456185294
303130403
712265032088870912
3056004233
711816192055357440
724281888177807361
94034970
2149881290
2882163033
2479756921
724924931977437184
3073829740
3802013842
4824464461
1578419294
721044644172324869
425787840
28519589
1360341925
725292608499671040
1500134053
718211598750326784
2927239040
4891898943
2377166582
24415700
718478780000530433
4597818194
3291426178
705383687840362496
3133799992
4167263674
3298411218
711262259746639883
428875252
47026672
2520698768
39412458
3034241484
2507867340
1223010188
716891610626318336
3048489567
725102344929742850
4913441489
707579117705662466
107095685
702283710243217409
2199892828
2731006654
700483177
4925317307
24589184
2901816414
725247319185100800
2193961932
3905926709
2755681560
722254803145887745
719803854779465728
1521965306
2287467798
121163029
609508355
30868744
2382109578
3770202496
724924855506866176
724924178693001217
2948881517
21897281
4020376340
1075056236
3599184983
708007268072210432
100841788
724592430247383040
2421027270
1317787580
717215378271825921
3020577848
2561510628
3306521175
716085940641378305
4561318272
2785181913
61570946
223735958
558189928
3267467408
4181142645
258297046
725181244988858368
479258047
1282153622
702198151147614209
718709901770403841
3010318844
724848799521378304
3179562350
3028220238
454468862
2163519312
722511926740189184
3235295954
3087193733
721803597063843841
4005402380
4261943416
723047543320399875
708133238804381696
3076839399
4561871131
3063933958
723320196597972992
4307724674
313021520
77648903
720642154733772802
925726800
137867070
1226246238
26701779
632498518
341342054
342470639
4691353063
3070848638
3187869441
724982497008861188
1311010934
701895031355912192
719671663072256000
2326173842
41607282
4106195300
4541161049
87554155
724669503095758848
1416706938
3243228378
2906790481
718834963496452096
3007490230
46165447
720084450759979010
712048218981408768
368528701
64219452
723324298568421376
4283659873
724326176542613504
3478327272
180128500
4310204417
217297373
724335475075457024
3387226571
724194026568589317
4762758197
256282570
263013923
2751454279
549904892
262029679
351202378
708456259180171265
3142816808
3237187417
3287732893
40148286
724811105504219136
1829641669
3209847052
707643637342060544
705890580509925376
725079423620386817
725076599847145472
315366171
85439688
2441657467
722691628335525888
708891615759245312
15830958
480897343
724950967171579904
4510176733
110428690
74389885
723586447517843457
716353320101740544
721926114030010368
3298026565
724358901681012737
15829353
2411136272
4132759408
867573492
724626893773934592
3415605057
605475075
724644764994383873
37340146
527860753
3836038708
725032024424222720
725043919487119361
18799102
725044315869876224
18138886
534057885
4892410858
4632780883
3789294852
4509938412
611903577
4441628417
717786915605454849
4849974106
3754622357
719072147885441024
107015697
722446854701625349
104537509
4267771822
713310852821225473
138496444
718836349248401408
1631572392
288176168
3312116300
718673558323466242
723874023151702016
713059022832709632
1444348110
317718547
1548343224
1213679994
129595054
2995959152
716266861558697986
554213517
3884005235
2485012435
3420743213
2485652396
721469196673138688
2199181070
4714047680
114106591
4204275615
348843547
715796437456564224
480181814
1458711174
277148743
724725181206290432
285283512
24787654
724145939913515008
2165224723
216870642
4698367753
83449445
286421866
40728125
1542178784
2714039356
71499886
2961663049
1405516057
1561328010
3428220839
723366766982778880
4836721174
2373781021
723170995196960770
722823501841829888
1700102154
118275895
2327064297
517372512
723837454290055168
722196655609667584
705470650622853120
4772866114
551448544
1910613276
23084365
2505785232
723285342984364034
21482242
2885707365
114424676
1625378077
369025531
712734132355334144
702559388775612417
298100137
55649170
359198735
100464956
2692312450
3849310438
2477516539
1625368177
705545297490022400
2476374173
2238357582
1610186911
182679029
716702912009932800
4500475452
719632634402484228
1577169758
3985145834
4168774755
4364660254
3031132640
4866461368
4027747756
58065169
2797711895
724452252992331776
720415584987418624
2528891308
4428406817
723514179437629440
4233705921
4602957012
3403363889
3878445791
3795755295
954697134
1633596954
46704286
3919996572
4657571115
255404050
866565638
724742658871070721
709049658903932928
721166271065116672
241645506
723107334248128513
723683044402577409
2959132121
473795089
234572062
346653506
117132159
27637512
2781216829
1322199194
17381313
3038652154
2395697786
721720134620958721
43055143
2617142598
721473213444812800
2859110736
4915361835
722533385755865090
722734988412784640
2415894786
1296357236
253411993
189853780
202426295
103015501
2429423763
706119222485716992
1206122580
3245687583
712036984378810369
3847040403
3046741417
721423514180435968
721669606851678208
717756427910008832
3302491775
98331376
4224862155
256788184
711641406431993858
4838005485
575383151
3916991386
4840362893
113337637
2421794899
724899660456939520
4512850707
1655043320
338767141
1939148221
52159276
371416887
722822874998833153
724368591269834752
553542271
486780871
124522187
716601743887306753
2941318431
707718921688776705
3199508174
1606379581
717363505268199425
4280360361
699115404506107904
2948720183
2615976354
3010145939
3254184317
810740275
713340689795399680
4882774979
2927280310
4647346153
723050081956573184
291473509
4878731547
713545484196061186
2298326226
370724839
721518866937982977
719253137161396225
118784317
712376378214195201
2670287491
3430566412
724874333995290626
2254927698
2545744418
2962739122
468500247
1138265119
718850736097005568
714926758231982080
4280227473
721907959849046016
1710363163
724870303281721345
487468932
4073052732
4195449454
723140138654666752
720425572074135552
302327041
540979435
706556731745247232
724866827218751488
706552612238336000
706549105452048384
705802219124355074
705798695762206720
705792003146162176
705786907041665024
705781362280816644
704752334627282944
710791908805779456
3207721707
3073593437
3385245161
716538992037113856
4592258521
714383489232035840
82828739
4254619992
3438751821
2273525480
3191586882
4894432181
338050275
4847786076
724850196736270338
708760986539270144
1589413668
724848837202956289
1270779236
79550200
712508977964269568
724787099568889856
706829640774643712
709749377770852352
714631358841241600
535602854
3126845661
426520743
3101094244
735663636
3124741468
3315413058
514575697
3409498392
4605073342
49863576
56243877
4605926656
2477352248
2324901458
3689039361
468955950
3160905058
706630253461028864
3240424525
714662490660069377
2834813735
3365226219
593939715
4115397556
2442557315
3427182407
720289368418594817
236908397
2689593606
721853063514992640
1335500184
727643928
721064965134794752
2935713311
2366111240
73553469
724669272069386240
1706056789
711361940283637760
191625647
724060226228510721
1928685390
4027597043
4925469568
3219833300
1057451215
716921297389748224
266380298
724709266322534400
723910384755814401
16047998
526827494
3080979272
3033810155
960900888
724672368422039556
348586194
4406967557
3234231082
705328510446006272
720682820570607616
819759936
372224431
3294544632
364007247
705098429085552641
4120152069
710317871599996929
714424717269200897
724371756262297601
3317285338
712447455950934016
700823037843607552
1003020403
1965253195
294314714
3014405673
724641824984326144
3422306979
403809037
724634493370376193
715895222488670208
720666775046791169
717205061735153664
723269962522091520
398478508
2723790752
4466364166
303847211
971375300
724569629717307392
3749201476
2270466078
41337621
2750192287
722745791048257536
176928549
715243630303141888
2149136157
3783412527
4141283232
323537144
1377509479
3285983238
3300734876
1258105423
724073753521623041
716679918
3247703020
724567997419905024
2632651401
2582049384
2207433522
715977297791201280
705816794401902592
712522819767283713
3037208115
4871531962
723906014286884864
4485052533
2149271272
4482795202
72377521
35724090
719620052480352256
88190241
710721614292197377
22785280
718311378323431424
1860426726
2377923150
3902002397
715534197159563264
4856610437
872074100
155873268
942209172
4561811418
723002097503854593
2584202254
4871324675
712930490722947072
706805293733249025
465340376
3759285557
3172761880
2340078464
4089062537
98207993
724483373058654208
1144980132
4914572337
825235346
43963750
724480750976790528
3288652135
721486412017577985
1205978994
715005087807107072
47503235
3153826419
2381072594
4346619015
27827058
2795923887
1179741972
715123414072221696
295947529
4882473341
223763030
2567651718
20648870
590489635
3310913552
2751792814
3463868952
23996125
718004836894162946
724385634782199809
708476010879000576
2749615930
4560664347
2914009516
724392444981325824
131975361
4814364466
3023697236
303286700
2250388303
713147549658521601
3356771037
3130940979
3870579250
2245037814
723035165740556288
724373225879310336
707707303789666304
3399527523
722800043267375104
870031171
710392012415983616
713233921593335808
388313526
199071521
3061572294
711933545460191234
3164161027
61029950
724340582009716737
724338206146179072
2964104674
566835106
2200730206
202061949
3102666413
721280554562416640
540249996
1735541010
3639061635
2884475948
585898269
1680642398
22227245
3522385455
2485935415
1419132596
1085077410
2881444323
2744323815
701776755699404800
4008727757
1654945242
2233029921
707351337542012928
1947501678
724284404433035266
990240368
2617303138
1965251923
723875632967483392
2372447666
871480386
561395092
2594619274
715230782394990592
795699914
720923269746937858
4920490929
3446878998
3822759260
32189132
3942696974
3583894769
710530440298414081
2291771404
4106531855
718708501699174401
3308150055
3106080527
2384008813
228525947
4849789983
722592597684817920
337803210
2975198043
4848282115
431671222
200568737
4853403087
715710492044427264
715600042887933952
729545624
211732735
90499337
489253386
4920091911
723735042854367232
3257909192
724182861943869440
723132197142560768
2965892540
527461494
1404733171
86774537
4853296305
52164047
3348387011
2754442890
709460992091156481
2199058643
723940051818684419
2906825796
705559028408172544
1656038166
280216819
4880312559
1257549445
705678699446865920
722522655543287809
4917177389
36341350
724104332904259589
274691683
4707068533
721623072978165760
702082920257871872
724090915145527296
723659354029875201
4711371020
1697229812
11395432
160670186
3085262355
4455565392
720324184576958465
30060132
507027556
4766411781
2937554027
4500530539
719898501128327169
3146314548
713223808182685697
2468004421
722855974126505984
1923373243
720687164892143618
2703572442
722927407880081408
1029390812
517263195
29034512
702099084421701634
371211270
723916281699811328
721643904517468162
712003622675025920
719733121453834241
712785752413720576
723990781388840960
3025928386
3250882734
3626383756
2215658954
2875892205
818872813
723982654987706368
2746683478
717795605259616256
723617445148286979
722577337292886016
1330498140
489542014
358757941
3232527310
4740441395
72178853
723963711032033280
3237608438
4250372381
1894497020
3086633322
2548540446
723307298190446594
3199292123
623217514
25524809
715961069051764737
711022755865567232
4308556709
723953485931225089
789940975
713510205682806784
709906327414378497
329147728
723610606759071744
3213465364
4858473637
1068494334
721034958668636161
4923284492
718357328215588864
721321584603095040
4352076095
4894840773
718678282535886848
1861735080
718888928670007296
3855254080
722164873145270272
723742745895026688
723183147299573760
717104462884651008
882409609
824033754
4197285556
717848094147260416
1140574640
3222279838
4922020328
2530947765
721463836964818944
723922911002800129
1189890974
4494359716
308734221
3115412632
4114808417
434308370
3862774397
2201318779
719537733702705152
461277490
26556899
723737276329635841
3010288462
2689144771
31582223
4124250136
723250339550351364
4799063836
28177145
723640824202964993
286063983
2539509931
2511584857
2431253425
716039089942896640
105444527
714328986340470784
722830155001954304
3407980713
591414056
4710112473
431905934
2440304178
3311037692
212418412
704382508885000192
715689761520750592
560585995
721293631693279233
3025218038
723881839442710528
270551285
404306435
122181539
3371434846
4327819938
248989086
233682879
4365065243
3771526108
3445365912
1853180484
723210917182377985
722759304613335040
290009235
580301195
490734401
718313876429869056
806813720
3433363918
240425519
189258800
2515994411
719404265723334656
1588398672
557640281
712292340962996224
720557411933818880
460179813
886888957
723640066166411264
3027403640
845701356
2246392230
3483561312
26090942
437674175
4866303436
522181264
425779301
2645928960
2795528150
3092429952
906828565
723839488410177536
3231985091
236030641
2751781037
702229487
3128975957
723714658088173568
2933424813
2905651792
715812773989584896
451044620
1135184090
89942114
723818119626633216
1875102703
716307348533301249
723813994868420609
1257992725
723593842776248320
4884401614
719658535060140032
723777716865003520
3114348160
2408541060
2983171646
3160916714
758641921
718126982563766272
716530365175824384
1226678490
4439099238
569520669
723607246127685632
720140266896658432
723629855422578688
4873562728
2740738618
3990711202
594896964
961184527
723616428738396160
312073054
3300543048
2428226419
722288873414504448
711353225698484225
2977451955
2162478434
18705785
1496634164
1098931742
4831552691
2743305736
2965560399
723710304954122240
178893760
2912708835
4880617620
1133719394
4874185051
718623115660632064
3165464884
1617887827
632389863
299339500
4829609181
3137953657
722606076714225665
3026938689
437805878
723627322553724929
4829614462
4824391207
4875746914
578822180
122841309
717811688112832516
4271730208
2979365176
3030593098
3192881711
400794920
722362472758452224
3415535908
722933312231186432
619363112
4552044674
723597425823211520
723160920474574848
4034613081
17409744
191423777
1387888729
717110050016223232
27176615
722650094781206528
722628646276624384
2704825512
789696235
4855285744
723615252550578176
2957697703
703813512
4249089737
3222680130
3404480386
408601514
3238384488
3234042532
721145785098833920
503901942
4809879082
4869777009
26440454
3070351464
822941348
720890067246522368
17749816
721913718028652545
1447970156
60794918
337920867
2798997952
51027855
4884076798
1120382605
2300394122
574979669
188168262
433807643
599016448
347999095
723571274333708292
3367619962
715169947060670464
1618939070
4714495456
722643067870846980
723557495382368256
722645647313256449
3341539096
2629343405
712740693081391104
723137590711488512
723556860675129345
3119697941
4356176657
1151211991
4897609468
297647145
275069737
380734785
723000951909412864
709530410
704074678617423873
1064294677
3361324882
634997739
1389174097
2564745661
722883292689735680
709850508886822912
38870556
721577356540911616
278082923
2213128201
722569063776567296
723137699994058752
393888104
722492045743497216
1084670191
717903793095098368
20736708
2652123534
722414193194848257
370480536
3834073636
1032961843
723231645013299200
181581917
3365117843
437199977
2692906401
702475713262256128
723509082313900035
1680485012
2445198057
2937675327
697542085138911233
23140973
719632718284386304
4840389776
432028111
2508799104
4920140045
2815405836
527934890
126881491
318820273
3295664410
312799833
177041829
723495583214792704
1193802571
4269744073
863260574
316549009
106515011
1578076910
707283604355878912
355024290
105624505
155213271
68046019
723180756302856194
722891689497653248
68868019
3104681363
3698699178
768861950
484405844
34498438
2500120248
710395590417362944
722909374247739392
1272836496
4522931547
3604700793
722067440524333060
722872487189422082
718233237089292288
4204572809
3170639741
3424840312
2398930094
722049956572459008
722788806865199105
723177031052070912
3549359595
3120286884
3228118138
4020152786
718533639055745025
2395525237
27066927
2439196113
2411221896
1311651750
2996406361
3731878883
3308964927
363547128
2715944377
8630792
3464347694
722163376546267137
450763799
710879294105452544
722204117410689024
719265968451690496
253628384
450127814
721140782531551234
4863111545
714553502991835136
18794915
3345304973
330612388
4113335375
722652181992771584
718293971714326528
3709576154
285718134
4557836218
383117444
4920793101
354059937
717867376
2352055322
706561458956582913
492571157
4594677993
4773708863
722299617623293952
2944853554
716249072752050177
718683522731483136
3434738289
3837178947
722916642188042240
705461083327303680
3081836231
4417354833
3814236154
1280058229
720189526669451264
347175175
717127440242446336
4894917526
4915117825
3086157129
153589744
2202436328
722311590276702209
880451634
720744329011142656
708329832254459904
2902523838
2217719702
2838027941
714631977341751296
887308044
721503162650214400
109046767
2572179236
2316342487
190037804
3486450795
34348665
723383309917511681
394911428
2209827232
3602948125
4587681248
704033936
482260832
78195741
3144436498
849413635
65260323
3265044294
21116978
548214406
2392705086
60834750
997249470
4842169272
723333229013536768
717739804667080705
4638571714
723275467055230976
3069417956
1305876680
3233089674
256402636
715536718061907968
3165432057
719395390693330946
723290823023054848
365962022
720372539000819712
708021874127724544
2985627626
220785476
4832535919
711512857997758465
609049285
723300329022980096
535892220
723255720536346624
2565936657
4871877791
2874116176
2857097475
1036269420
2458523293
4865035443
2419836506
2844051303
1166994914
70188508
429592181
963104569
50826235
284886257
69384029
3310000452
2924330947
768635869
4109784853
2832031851
2394737204
394178478
719878378648649728
3280026828
2914574821
185559534
34323533
704449432658444288
711562271189811200
720747051437264897
27642285
58014014
66254710
4925933860
3009864905
3343765534
723218084295663617
552434940
717928374732107777
133810240
28854445
720930667102507008
2678012438
2936307507
622804322
723105874248499200
308787622
4749966733
847935043
2360321906
4227708849
1863627434
2508936656
2455873681
2362847910
2352289339
146181848
3621216023
201402976
720697091891200000
4159068439
171457693
18619708
279870995
335823386
719868379054620674
713782777930317824
3242240834
723174265772642304
2838026867
142711850
233708119
573995412
78543480
50877299
1016205445
703281426066751488
3094540755
3131158702
4878520444
250460804
235779451
3307888311
44257343
144170070
2362883936
163219325
75374315
722126575739740161
2666614938
36129145
103037383
739504344
3926807662
44023872
3312208397
2808220837
719486678285623296
718304112018919424
4757155369
1873020102
2457594230
410934977
721566393821302784
723110244600045569
2172989490
705880371636916225
3308966284
247008335
15501406
314386549
722437462853681153
715526546405068802
3191496021
2904135174
1908376154
4872911403
3297661139
1603984868
4890935275
719904430154510339
722869689102241792
300818689
1712253486
377639747
156087423
4869776986
313269222
4778195234
249633920
103972606
3266418158
993202003
146487378
2414009071
1601941021
722578189520736256
1101087414
64862859
723015199905574912
2678272218
1358508182
16974229
3171881662
268002573
1875945776
713878720134516740
238846882
492657940
722174378079842305
2604633054
720204685072822272
1082911074
913026901
54806358
2447472923
715360619143147520
276052755
700726622182318080
722976774540283904
2922268330
722876233571172352
701235225821634560
2591125980
1463747125
722973053777530880
722883874678812672
427099658
4843598343
3191503099
3529332376
274157042
2178554269
115751022
2183853510
1719701162
77581024
722842100123832321
37440040
718086758756384768
29522845
115722894
718407731456184321
2432153701
93083596
722919825996128256
2275883811
713200479342170114
17326645
3164376923
722894851252072448
43379832
325306858
722909295810097152
41071798
721746728567775237
89047208
722903986685231105
4900979235
956517271
1649408724
578269981
709353176328245248
4749178640
186854449
3579894377
718443273187012608
29884919
4090875508
18181282
3053270642
257542811
512416015
2959974260
2342483270
2366115792
923909150
2512748892
83084398
2326294104
720507979561361412
2438908736
49272615
712685944323903488
2310030766
3597685754
750037646
702258180844339201
1571315034
3557787984
572351448
713293771010666497
87852625
598764058
136312404
211054027
4831090498
226297219
1164391896
3131686463
509379640
3305368732
3497040804
3309005596
722632063
909715194
225608418
1132846561
543417313
23525486
489894751
1207315932
1386637693
270050330
717901618444963840
2894198452
86392755
367749693
4186720227
2819906699
4872401908
276215035
3302124063
719834489778806784
2941778520
430050094
375983121
364009756
722501797953331200
722835768939515904
24919140
701065173692452864
2872343854
302101738
722816926410543105
250424159
597681335
722823108684423168
722810775740510208
860652517
2718063922
1338263119
997688990
977178361
41281473
719634429509959680
717384794280054785
2547095587
717697809705799680
702212747593981953
3279097958
123282815
4922304110
3314017090
4821628637
4871941503
3018699774
426533103
465724147
3318726281
722548614267068416
264375266
722590201177055232
369037171
721539347502145537
3271609050
4108599927
714501430284009473
711565500648706048
4528548633
1709821668
565065581
2434934356
2836654788
722762235291004928
3081801652
2335172257
428747127
705700932399398913
4827196493
722732762705301504
3082162844
4723866805
718339493959438336
3233819574
2808907463
461233414
43038957
95025717
4350153497
722156410306363392
98655841
2253658574
231901941
722690152343146496
2924266224
4898306357
4812115046
716386647915511808
3387547989
2930497617
2213130420
2345117308
2274406315
98578192
721659479310364672
357778779
4846623442
183694220
2817226212
3076113885
716043082442096641
722557541641818112
701887832659460096
464658157
284871516
1006055101
717639263504846849
722334563138056192
720271737045303296
2609300047
2816281116
521669764
4913617992
2865831535
715110837187260416
3245453532
4837885264
34377186
719532589892177920
702431818088321024
1365893232
3059019608
122149134
717163754631237632
2296419578
483421212
1644279404
2275032212
296949029
4044528808
2298543518
712196909289619456
602502101
4442014816
549957081
2813218209
720108816017330177
57626000
4193809486
710884025741680640
715015256339251200
21775858
3316806698
708479690915229696
4817469498
2602756148
720976611256901633
37707292
715025883954814976
29564155
721392145404309504
4787058993
130238910
755784840
1418375558
719926977893785601
341091956
985920452
89076479
2984393435
716796220568502272
23036402
703711238233198592
4775089020
2771866448
702169774936215552
31579737
4512361774
2544914191
530793816
843764112
720599796650799104
3027561832
719984682910289921
3092556585
263763493
807205597
3314101508
75477539
3224746507
3418460638
715425020026036224
14808307
244310782
1689316986
150522160
4794312582
713192573146382337
717303725514043393
4698323192
3374925073
49947463
547533659
4922241989
4644332721
3973159569
549715749
23155102
721806513451507712
223648934
19312265
121512553
712082878180548608
1038651204
720817445049470976
16299576
203362111
993386755
81683894
3290429216
706188504200568834
718873506025455616
2875510634
770436612
3077070462
623385504
140422363
2570729293
1050991597
62286100
48186615
4878348185
41159799
2424020059
2782313847
429287093
716722708520812544
713817786972119040
2243039978
1053239556
3225756460
3524701515
4891540168
718908461677817857
357072222
1011755287
721031021492375552
3248134003
2270206746
4846350592
721395818457133057
1567808323
722461593901129728
702781814600036352
721393068771921921
360369051
3142928892
320823586
4095598993
55205208
2945613862
721354030228848640
172571955
1912180500
722446362135130112
4094583315
328508273
584006651
917698134
86073926
246320709
4197102793
55416037
715517226326102017
2602222911
47940629
361482922
2174453719
3298258509
721485225440735233
2474163003
3304100081
286663419
1150785450
2974932393
709898841252827136
3504577109
3257063702
265702493
2752628340
716656340723187713
54005440
128349126
4148862980
2226648817
3111669386
706857217878675456
424757125
39952586
42133048
76289983
3171297386
4865972807
721635513258651648
4743486493
706624860932288514
1620651716
485792493
90804106
192634663
3957039263
24086519
513091588
322050473
716076030239186944
708183350394007553
601334468
3116214534
706226071490961408
1317529268
712538590832623616
720637449874063360
1303549754
713374310577127425
238402668
110297806
720069692115673089
4764175369
235244041
45134403
3105448072
528353277
2990387941
3123212970
722376852891967488
721690532380999682
27570671
624067913
3124495145
721034946043912194
137368949
4911294318
2855773160
721816579990794240
716655590819438593
4782530534
2750568162
718207868869222404
3027587246
2150740658
3241267220
2819195379
2510302047
139493986
85081331
60430867
3253414209
720303680826843140
2218416672
4359460576
2771060950
3680486362
721120088045125632
3306240253
721828110770028548
721793630416072704
721760084053901312
2611536990
253037927
2849036909
4905116510
717075465463156736
2304509534
721651965797617664
2516087945
1168009375
4527070889
720331370661154816
3178311316
4233981916
702554524599324672
766060820
721980858404450304
2905285373
25422049
718905932479078400
718754334218022912
777521054
722367181728661504
717287296102432768
101725764
2981168572
3550089136
716315150320439296
712998240359202816
2807030808
1575697938
710096175421136897
1171219520
722147395769933824
2205687182
722333962924793856
2692961839
1582218612
722311674053718016
2906964189
3288460156
1314462438
721264440172130304
4900854363
719930383232589825
705500250828644352
713728697199624193
715906594828066816
249931976
1036670503
2283585128
3828028095
472228121
374976952
722264809060769794
574143865
4896013565
985562862
702958443657895936
722196490236653568
2719952795
714628635320270848
717883020863143936
1261814161
4862751492
558092883
719635793753473024
3037340045
722236971150475266
466362802
2657437393
291513513
16147002
3257911365
17820207
2356888391
3257858431
1022951208
28700553
702580211884273665
714237125391060992
62924423
4434222253
330175984
4300149682
4434841092
3186561274
1051605049
4772422105
181019037
711363536262270976
719637271100723200
329418723
261292051
3226221348
2789687493
3321359956
1917314762
1666682522
3183380346
701599458644127744
722174958135308289
718177371204034565
435256389
2416547862
717499898438897665
212052134
20695144
2954395960
242840734
3162109167
2828440176
719920258543390722
71659765
261939033
2450240720
4737425331
717498599425187841
721852644374003712
3227038054
4832819494
2986340523
3408482031
3392859449
703676938028580864
4875037222
722150613094633472
1152174499
4928592891
995759167
4267485353
4894733074
498955182
717008418482036737
704366008807485440
903081673
4765973352
3403009625
704213812862259200
704266705476964352
1308910110
4124736279
717606522948337664
4625792896
2821492452
278463385
2847752909
721131716350451713
162123364
3362001378
719090488377102336
2739504616
46881555
3070629838
35256738
108867094
716299505956700160
17768924
327863152
937265540
3228975863
1339984752
4353239656
3578926572
462640963
715336670346743809
24603879
248806976
714152765581168640
400219222
2437057962
3831464112
717844879825444864
3385563291
356033694
702107807965966336
29306252
79820992
712556209509900288
3252448199
280949301
2510108274
248408058
721656247821336576
711057925637148672
3881637694
3938770366
75143395
461344451
719810801607913474
4199167097
1324409005
2427572263
2420801396
721967916913045504
744287587
718841817383464961
710145161649528836
3019496182
4157998852
3314071329
721113405122351104
4412543435
204569380
1125610488
1928081941
721859418405646337
712183773740343298
459668316
18495116
81964668
710114016253730816
718326154600529921
600469773
713730567955554304
4923627165
417793106
4168398995
316858920
711331627440279552
367004660
1643885972
711720086801768448
4844191953
125355294
720358940106579969
720107073254604800
702735706716647424
702377254408601600
720790754902147072
3320030721
981444918
708131905
1138700203
44254939
319504343
719212443117961216
1051040161
2314621843
718518655764545537
3365093799
486637862
707619018492907520
4909544954
2881239427
4623825793
3235778175
3393346288
721873480808054785
26925838
2434750502
112514191
2590056209
4789625614
356385993
1653637393
721853403278741504
3076045098
82232998
719976012591685632
713800778
4078285581
3189301172
230892009
21458923
2437337299
636439216
156798370
2580637084
712721113575526401
2946805891
91403208
861671616
2306847979
721190202333638656
721335728379183104
348469249
2497631881
721784435792867328
721196616451903490
81249071
320992255
1729109138
2983329365
3364427763
715553908068888576
3581254516
712900207252385792
2550776527
3082794432
147102689
719666354303975424
280638591
718822427489394689
716658490073284613
606652134
3551377634
911296070
3695335161
2894109629
1079917214
483465775
2842039437
15785068
2885535373
2511379219
3483558438
58619100
46287824
1921065254
747939931
216617569
2409207679
936105997
156373790
721236205405388800
178994646
2282067044
110191267
3044623872
84517927
336331660
245447810
957273434
2496225541
2252588455
15658327
323513993
312251560
154916719
2740422146
587849379
4507630633
3148017658
2492096863
429117372
717156629825863680
2378819084
3346340746
720299413013311488
355551904
490890924
4504322873
14649144
721776925174272001
1379895325
168811490
151680686
1405992943
4091105727
721183250345897985
721145861921583104
3057357624
19245558
719156016689061888
713265293
1345176464
720381022295044097
3770939653
450480729
830917752
245800185
3133109115
270207866
3068782451
721086400532193281
720224137038471168
3124202203
3336040900
2388752678
216005244
2261606304
712903115259846656
720762827619770368
4538562252
718229298092589056
709738814810537984
720799405847285762
706881613758668805
4819373751
189175966
705395820548497410
717043916894154752
4821559887
745775629
128906108
721397165671653376
515129118
3437907982
721735261722312704
17877033
516559427
4811689694
630864805
298181245
200538184
3353111152
390326179
708746429280481280
711908401320763394
347612185
81486426
245835219
708644903702626304
718439069328519168
4503893735
721703509905797120
2347561439
720028020078153728
720085665157922816
3792163705
3288532784
3236117872
2978962493
3988904410
720907283325173760
721678755710767104
204444000
802109174
126046508
720704735746109440
2281241082
720310886737399808
2367470426
3353440759
84809554
342207692
702278022519504897
215612638
721337055989604352
3226475193
734649086
3019846250
3538509918
43705319
721638233470341120
2304643961
720361424946601984
718568588383297536
4537124371
2898876316
719831976962875392
210045876
3971741181
3358502999
706646643186147328
714311588
3267016105
1965484034
3713498599
719267289221173248
708538440866865153
41863477
936613130
721571462792945664
266632576
2803939486
721551226584715265
1213999928
3134976839
224814891
2866089008
4270114154
721540439153713152
706662691176222721
3367246054
79366890
3731664858
708873970527903745
1038365340
718965052380954629
705910153837568000
3713152097
719246234582515712
24644091
3309194257
191926632
4472809697
329514813
3038459562
18218411
713085736241725440
2653107525
721495735603171337
2990231907
720477269446299649
702629370184101888
76485058
1868724552
3934795698
27419309
56835877
4774863150
2929641604
120484127
3812921294
720690596181053440
3169708030
721315338751619072
716012701508575234
356466400
714350316561375232
20782787
719471788007235584
2432348168
4045003455
717442503365042176
2210181799
3881451719
3871376475
2502350106
493783869
953791417
704909885511700482
616272677
4732873766
714202855666794496
705152175337410560
4840805775
1191103098
1170834199
710942208040542214
4621709353
96795915
718046833218596864
1479425730
76157778
717123738601447424
718156580563193857
335779654
3312796999
4059066777
3239352600
4789577793
580062077
2518164429
720893310546477056
1549766486
2981416481
717578110280081408
418207968
721412251836686338
4861796405
721249958050066432
720856426474647552
863624982
2870499575
518579856
3599206817
2998362958
707478433
720705753384755200
2797047733
4738621408
2517587424
1151197830
720680049624616961
2938760255
708966810
711379550781972480
719230149674332160
718355948163702784
615022037
4848930744
721173913611448320
709519969495687169
721073171198255104
2255815758
725543341
65753001
4152942766
694335725643382784
3300593090
721173832783044608
4452513286
720476150099800064
596000497
1959660732
720906586244456448
54070506
2479062338
2981995223
196619311
721399517363314688
2777138340
719606146068279297
720431765681238017
16333952
721378519641628672
721194555811434497
3473991339
719179244086116353
720888711139844097
35988951
3427911255
2910695363
298602770
716701964675977216
1581853064
4867475625
705421787513815041
720796039817482240
485297039
1172124768
707233004314177536
92762611
720040528579006464
719868951824613378
706875353403252737
717099872348946432
2875626832
719897135655817216
156233013
719895099484827648
721365324294062080
4221144372
705080113172361216
718454476315758592
3161641067
713557067735240704
20413271
705795186409005057
721147230883680256
714680031138738176
29427149
1045994628
77858949
717829812296015872
4752209596
721331090477211648
462958140
3240146365
715320580938063873
707076149256396800
481704732
711707944115707905
710213955193540608
702211974826999808
2310856969
3572888772
3287049883
2553073592
399649133
109479798
719877629302697984
2187561246
765790584
718889785625079808
2964488966
714335681124941824
3175355393
2407958503
1112905963
294347885
3170610240
44469417
713383683932073985
392205785
716396716853956608
4017651381
3601747761
129052618
1111297838
476775282
8276952
409774092
4593168203
720708677397708801
1005049981
720326086026854400
23483113
1517509201
718240769308549124
111577687
1259370558
200640165
719336270590275587
3411272338
714140123227627520
718505014021529600
720154874407710720
711772608
720294556886044672
908599729
712372694428340224
720183494643728384
706588591682670593
37698780
709727493373239297
2297121583
3003163674
721252222357630976
708285891517677568
2331991473
720941483801481216
4907673453
408137832
719665534116175872
3295197026
717694666569715712
2718699021
2422716385
3229282250
2488503771
719152560322580480
47339850
3448380376
4091250737
710535609761144832
718464835109941249
717005188129751040
1475225312
1957329763
801254462
2959012451
4754180607
69303478
711805564662243328
718724093743239168
710848120809267201
4844434011
721276379661254657
4036893019
2505579428
195175320
26855099
4842682223
4194216281
379414567
4226906952
2871144814
3035283761
409773819
2457805076
3066903816
433225255
249951887
2892594990
3918746472
721204349821521920
3009256211
721201802687807489
721185367773290496
3859320257
719042079305965568
721185236927803392
3950563222
708654277636583424
32489603
721167101713514496
528525364
134344111
3011339794
51735659
2760843777
1101769472
2715714955
3477724993
699450604943355905
54567758
3817446028
718650465936941056
2493469868
716348980423233536
111100713
240487747
713601436928446464
713374131274711041
713818885774921728
3661042643
193050518
714107961027768322
416690143
2424383984
3126400275
95684014
4121697700
81795085
1042905775
2553585332
4924952074
4870245820
257102664
2953543293
3350642433
712255943262732289
15868728
2544266870
3391376530
704070213143232512
1013354412
614349799
919864417
199394291
342841549
706987899368153089
92021910
3394824029
52831855
708244992217759744
222768967
718765248107397120
721044612358475776
2919650289
2372799840
3220436616
332074878
211926434
719521068680093696
4754388492
401758907
4859084805
4842446423
720925909411213312
3244558384
706222832401780736
708038529993998336
721013284082753536
717744364353617921
4876795359
313752737
299261507
1048576706
2865288079
700756124279017472
4452914481
3006221398
720992984603488256
53812313
4866653290
268203016
700731907
717007502446043136
227148239
1598444088
1345671548
2725332682
714500934072545280
717798202
804869077
4839523563
4837874899
719913204260974592
73535268
4336205838
720982839412465664
88370310
719533379562160128
2165919735
2953843104
4097734647
705886195440558081
41994410
711536182367264768
47621965
720594030678188032
21315670
4442400718
702311394381680640
4894486085
2283792517
720528240
4127245093
4213677447
575735392
1068922027
700565944158924801
346830561
718784566467502080
717701745439166464
706521442
2225882512
4273539973
718057526680354816
2360587891
4900840979
3010336183
4915085154
720902248558157824
719285213457620992
73995257
715964453636939776
718716260637278208
719743347057766401
3236270662
1038712530
3269522348
4392893718
4600150360
715668821273608192
172771673
295618785
4897787021
3226012015
4881108611
719972929857925120
2989613779
720759212536700930
96735269
703155388410044416
3286316840
2213122602
210848683
4246560136
837605965
2590201758
3296612152
720827692401033217
4169564218
706266204650938368
4606311795
4169377156
170808650
714698936905306114
40084008
3304386916
3003996456
170360957
2943935617
326568393
713081086440579072
423845890
337313166
128636942
4837966133
719705846192603137
4177930397
4590679456
4890117559
2882754975
3763664537
720405320296574977
3707943196
948592314
42885254
2980679152
2918126344
703930524969148416
2513256308
710933176030396417
240000426
1057715923
35895900
3316289108
422565232
718195757682073601
714425926835179520
25454458
1628903719
720044914109759488
2903024801
719941194210549761
4882555400
3529910954
1035525374
719774666123034624
442171003
1393074636
711846895266766848
2326110836
712454833
12533792
473267060
711680613745438720
709633300487274496
799656835
712005362090528768
779081317
2770513985
2902898615
711493848388788224
718091549704323075
3239048116
2925020074
4652974229
1953167070
710241102322753537
2580962390
720687916675166209
131609638
4888224346
719599186103111682
3395954758
4879744990
23945143
720674723609370624
720674107189260290
43664766
2954327165
719730722509074436
42628821
3133097879
3732605716
1300170241
1886436344
37083430
715510987739242496
4906585672
716788645391372288
2310475948
3383335581
717440972708265984
2840282042
2433476298
4638029415
719513416872902656
697718911333040128
720629705204826112
699773075747926018
2988626854
188504522
325962810
3191899832
4847526959
286871304
948112621
1089245341
501487907
719734911888932866
711781413540855808
3400279870
717250857360826368
712743850629074944
4512826397
2775717172
107620654
1548718687
979521427
3130698046
605957834
716397204899028994
222243891
3357862455
29993458
2332398045
715077396349775872
718122869620912128
1111057207
4896334489
715874679039401986
710144350672433152
13673532
720046764519239686
614308821
720531084241465345
4702987042
719896009195827200
997720832
1520998586
181164595
712931525533310976
705557478734479360
1217057671
720514837751689216
2636178753
703025463535525888
707253021516963841
719672610280325120
4806220563
314502124
715989867709251584
715221679937601536
22959589
39731567
593542860
181112506
4847716573
1078168129
39228190
719402659522879488
847126555
718970708299153408
4211760351
710670770955882496
2211610088
717496186400210944
719210373845512192
75412820
2422697490
714840557281935360
717902112496205824
35726184
2746932703
77291984
78441236
3150119690
707422225280966656
2894420132
1401128780
709064710939910148
4780042813
527108648
715344327216500736
711016290052214784
2355338821
626950101
942292454
1457956207
709608649
4418807001
363031739
709175854975168512
719167342173954048
720394242317795328
2865358958
720087797709692928
264411020
223613994
720385507985911809
123373297
720380532782026752
719837748161613824
811987999
3345858916
3004754196
704583365568176132
709123803767513090
4789990768
715372692275392512
4562741489
1729406198
3312129521
2882987519
155969601
612198687
2303908866
1529567312
219738790
67749756
4422456618
720077347957907456
357779162
468402485
720221078681952257
4252811909
4705826428
273693908
718145135519862784
2789794425
700788195806412800
3298891722
1852383306
71104263
716408529049903104
719258884083433473
720251797122785280
3917260285
3327622149
718137296919375873
42631051
261807475
4843807365
183928935
719826838923517952
719633980040081408
719515698372939776
707824635895816194
714699970977394688
714853631829360641
719087990715322368
719915867799220224
4827383966
704429616623124480
2387224933
704296736777441281
3339490985
4047348629
719226148492849152
720326914901151744
2290642173
1666917668
706651011364950016
4874964688
1578248090
20176362
705949136
3307729445
3943435522
2206555720
720332759416381444
2282052362
718691187222192128
377294254
52894809
3460445655
719770653033918464
890042552
720317269927149568
2883729249
4331777715
3127191243
297070695
934016635
717420458
712031714198036480
311737184
983666924
413646711
2962901059
3016055695
711513748134076416
3049882189
527893536
4911431812
720078863548751873
3141481600
516485858
708218681227157504
2927284436
247966726
3460112482
3343073404
720269157225390080
715702054749011968
713367626773188609
720261575781822464
38297044
739335708
707152825197961216
1854866144
440253519
453687432
3083491889
114232112
704272260794699778
710129599045185536
18000763
3256692173
2460039043
16015178
1160199444
116489865
1315800854
720202180007997440
702587159530872833
29952957
710512915586142208
706113014601281536
43390722
74319325
167798392
4888913589
469623728
2785295878
713985408720314369
4634040650
4805852097
709900987197218816
3410054773
4927159324
720152341828096000
716002185880944642
713819675134590976
718517915071442949
4822195264
720133868435714048
4871319135
714734510223572992
4673389002
4822417792
715419607717249024
2706832315
273080067
1075419907
31288175
27654525
626502979
146090523
284372988
253776773
715577428580573184
364364732
2181535885
2711846804
16556692
2179645430
716501333348495361
3294405173
1004915768
2449730767
3437430947
41304930
709234048862826496
4633868602
1949433781
720034320455462913
719382662511616000
719247340033458178
719692562580246528
1645754274
312256854
1365034124
4201710437
4141554411
32350788
718417614117150720
720019681482903553
633297967
704786717564342272
701327376710574080
3138146412
46871308
357921765
720001587347857408
719998138040365056
4853685604
457710193
303583573
2402519769
495253645
1943338261
1943982198
705795645634912256
716103509205237761
4486781662
719245387245207553
32538020
39815021
719188375123525633
719782612043177986
2329527286
702349012
3904863674
47575072
122828130
2759013723
76689333
419313388
142015635
714599256154177536
3164092039
3898585692
4878079811
1901288520
56826332
496928106
3162060415
2185659890
415339580
4851728373
4193887692
2184370293
3664664783
290766286
4090761192
701488235512467456
4889989515
719942828177104896
1264178586
312659285
707678163535421440
2989434689
2601509360
2924548650
4900052931
4516363949
708949324307292161
3241276469
2567308677
4258491077
179327870
530838721
1411521176
2901003268
4745583974
4212331690
3036354451
1355351780
827882707
555534562
733517750
2182679224
4520552233
719884052451454976
3622341133
715269185027317760
3016636790
2888204205
719881348111036416
710570899381080064
709670184307572736
334950418
708722663829716992
122233612
3179768992
714454599491518464
1653346627
168738812
719859778156146688
3695386273
613551677
3226291538
1047420062
216446766
707448986513367040
719853165861060608
2793798458
4703651681
1148330857
705311386310725632
716621480717475840
2181045998
512265927
521056272
4678043857
353177305
719520185435209728
713794658342580225
188326857
719821188902555648
715294282891051008
3344257935
2256822183
719319755795140609
2208772028
2505713708
2881256212
109588960
3092480371
190622588
564682812
149365611
708892772586156032
706328311295639552
4258490393
4873609153
2938012265
707461149713944578
715098834263670784
710771002247147520
1181053692
3421215003
3396091270
706997904443977728
716656495207825408
716304957654360065
66904774
609488224
718342723003138048
253669300
701259464184348672
1191778628
2371279344
85474593
15247709
3856211907
524543487
33237783
719714326211211264
3278257213
377530486
4779819834
4846072196
4859889353
220801318
719700537487265796
704525145927491584
712086418042949634
4830403569
3318080102
2387705120
30069897
69474953
2362003958
425832822
2994201421
714132083464151040
710903647052238848
1578757231
1151790848
158828880
39620136
719668848904040448
718322967189594112
2517265680
2854579404
33086980
715596875982737408
46068768
248135355
3533680704
2889265904
3426281472
4646068915
1966147681
527922599
2983191917
702645172182642688
324573946
718644750148980737
719649857921802241
719651066095267840
512524097
1268570407
712726417713328129
710402727583547392
716008183077187584
393568052
4129863262
719642798773964800
4010271615
719199446924410881
713919993793101824
3716943861
16101479
2979463552
719633180320526336
2280474355
714786784400580608
719627416956747778
33893563
2380579178
453329317
37723572
718461315300384769
3594815955
192417115
195952826
1247986009
214229105
702191468975226881
590349393
4195802416
701807487574380544
18942418
702975595395743744
423104754
43902583
28379089
548876370
4075186115
2448017617
28130005
735094597
1276911541
66094985
601636588
3816773367
193760301
4505862975
87820544
3228454065
161532559
2959633562
710917479367888896
509104553
3740410217
4001793873
1168341420
4880775124
705836394518712320
704379827181248512
714437270594592769
708341915826040832
2300177455
1023137432
700876816236597248
4868020649
3225718889
2983728744
711280563555078144
717523080491315201
708348697600462848
90686653
3655417997
247392416
4117577175
277403754
789192511
730803294
2891491275
1272539437
2943183143
985901700
708519515857014784
714867848087113728
299317760
629555596
360967392
2709151979
618494262
717362138008961025
245924033
756262062
719547900968222720
27737705
2295147860
707296285498343425
1383654121
86814887
398984037
14501126
2357331967
711210534968958976
4879415134
718278629051002885
719169379859107842
192906601
2658349320
4826952469
46138727
2302191793
3091361555
183725591
719538657355505664
82540072
116635799
245981694
17472908
2917168267
718461135721246724
712017588528783360
428949623
71820676
3075079049
110227761
1262479110
53229348
175474609
198738545
37777653
314707346
2419371762
716167063203659777
2845444517
53082554
50624365
372572406
303059063
57903354
4821961035
2588727217
572024693
70478756
16102732
43351870
2740375343
27750850
981324356
4903092808
2372405574
159608056
701747447584821248
467554781
718252610080346112
970814600
4445126843
3092619282
391559239
441325435
4826094069
703229567079718912
272828987
1421561898
576827292
19851884
4700091742
4706147245
74887774
4275427692
533904156
4732158906
714236638268952578
3313469529
103959792
30376610
410819207
719327340732526593
117684923
1002419330
2698944720
74050073
316805787
3856587436
4913254934
714526997289050112
307990380
708724638591754240
847117824
743692327
33776074
711907899136675841
712831012867211269
4850378241
237191059
970530624
704842487936917504
2749868603
3227369807
718437625774923776
28559131
4858466435
719335199708983297
717199175096659968
709449309213888512
4912464533
576426936
2461812403
27998839
718662700776038402
716703652187078656
4074136577
29007923
294910557
4130384902
3834215607
704745523350151168
2939781405
703329469419937792
81855115
719454038350278656
714276234897788928
16703345
106958838
719044913090994176
3302490953
719300816897712132
717639456505864192
1690363579
703332608353169410
1924528525
323871845
705467829491998721
2995897565
19632965
74738794
175135891
3856877895
718935613437677569
4501708645
717908941263384576
719093281779552256
2375980193
4892673328
719117709254856704
4813301646
211164885
719406614973976577
2284948287
77383686
220678326
719280224941314048
717495843448758272
150811625
3431790519
262578437
4798719614
4010641481
719345537170976768
1029395064
719397568560676864
709678704016797696
819933061
4061530456
3148486494
115827581
2990300915
714217587488325632
4164926593
432942984
270130629
3658844657
4266719087
718136355864330242
708405868073762816
2898843365
712138260160626689
740860171
2316377997
4347840013
704742758620241921
714994064316178432
2424850099
717466681581277184
717441826240774144
717118378725367808
4573604241
717241781146886144
3847848140
719328804561412096
716044420341170177
704686186581901312
33436115
14850079
3401949495
4399479544
4764558684
1038461888
276761848
719268839330963456
2313321203
3019373678
252896293
3007476350
3095643568
3068632698
937193143
3221291366
703341865580552193
717172625018077184
1514214264
286535873
4185942201
704454502204637184
68351902
4836346205
2871336454
2915116082
44143848
63706706
719246066617438208
1376316445
193334871
719256554550206464
3370164197
3323867999
1378831267
718829632825364481
447087064
716638841298403328
716248460081643520
711974931349635072
4169073148
453428208
2733638299
3400558989
715947981627908102
719108881402695682
62624845
417442905
38062520
30880563
2900918101
1858530686
715768874495569920
2844126756
45847989
2712526112
427708485
707973713858179072
717973535294095361
4710213388
719211027460530176
3040458485
719209157321068545
718818291062595585
718799815816167425
2360386495
19005932
705922473976590336
2989448347
306367320
712698886905794560
2860812449
3299897347
3272302416
621004354
717717243375714304
229873671
405209781
718096402069458949
2175634467
708364514224431104
2795703256
1455416232
706593343673733120
721210502
4893945848
3018762439
700489035920203776
706680706924056576
297119176
716754863342927872
3513046042
710211075925544960
34758308
4852979345
620070888
968263490
4544253927
4904222566
438360113
844658588
2463580044
717298940505419776
2159884362
716399664107560961
1137513878
21756169
2855376745
4900547561
4822972809
713268268031586304
1017220392
4868492950
626050532
710333614131515392
4451715619
2249775080
716114462680330243
4879254700
1374839821
2629675043
710894044822384640
152416570
2258231358
706582171629260800
701279435694059521
4109070443
329317634
786980052
1309914956
4886337374
4768279935
718688539945250816
3106873549
2465084474
707350097495859200
719018951817080832
2482620660
14431400
2865303901
718360289373265920
711358608479539200
493466366
718939028435902464
33996841
3263655489
4890354190
716074830689394689
2964833668
483530245
708432040182415360
714591815848955904
4432040301
1393323840
3246375468
37290195
711319524985802752
705770009931476992
718176770999087104
224185558
4731712290
715864485609738240
718968008136220673
718555966019674114
2904554547
27300421
976378868
718954594609397760
704914015374413824
1904964295
4272387023
15081274
4300060947
2759611773
718940249531875329
131643487
718558384786571265
718537631840268288
718937558634340352
2753520623
184037673
2987886627
335530758
717141623641997312
708878838718144512
713447827817504768
3722231299
3033577989
2452990513
1675148563
4892753631
4477219096
2172134789
718500300928262144
4693887108
718257497874808832
2994650542
624475935
607874955
3412875022
3594867313
2739196305
3772817416
219102535
716708527138598912
19180719
1031747317
718886521873555456
181715522
3015018754
2206190312
2374442874
32600332
4877010094
2730749266
216939841
718158773488128000
714582528581984257
3222924786
2305482758
2490162170
718094966459867136
1543144483
2298309889
716313338204925952
107134347
712317548973441024
174685777
718416829367062528
1064600426
713904786991611905
139271755
4794295295
307091708
376041344
2476291392
718446106783453184
718213443963097088
717484328280834048
3218656894
392746407
1478698615
4688467346
2974691543
4099556793
362137874
718435508511240192
3048204753
712072451983876096
14797385
16293469
4598303062
2857436031
3302142601
3128135362
2365604760
718425813650173952
702356581602762753
198031519
718747217817956352
2269635002
717989132778278912
348260809
718850950723694594
715745270143852544
716143126583246849
16062936
332992152
717740232141971457
4516657401
1290658200
15791117
2930331420
520971739
3557743637
1922095441
4172888741
920556906
2931204304
280497764
3123715027
331752651
701425575353683968
703738860187029505
710785895385817088
1192338390
718553137968201728
51529515
718584555599486976
718786351026565120
710791808125501442
717709635474599936
57562275
916856197
2876591842
4925473499
2699946447
2598054269
585130324
713581217451479040
613533776
291998427
221483420
702792355842109440
718757692379107328
224640342
4863714365
3139028124
718742258846146560
709439642391736320
4589088687
1521211764
514102875
4010967809
48255883
863463234
2183730101
4550271021
717290168160489472
2996862935
538403338
709297608196562944
267436198
701610518017130496
4900128680
3276889190
43815997
715857238200565761
2869222443
711055909292679172
3371390187
4876215759
717130430349123584
2880048262
329351323
39429119
712741130287333377
2922278119
2758286742
3869716272
1195362252
718205997773426688
3344005264
1942634024
1201428968
3065420086
2455800428
2861313563
1151725669
375798559
718626610547683328
3346256620
718297818209849344
908224795
4876546515
2398990440
4871671281
38791607
1886326249
3163631233
710030613139468288
3571809257
1486111280
2880945705
713816806931226624
715020125670277120
4830498917
708638436777959424
3291427841
714629070940672000
4665958759
2151389980
62972115
4311324315
1558056908
2597274612
717580825857024001
254714915
493840085
90511314
4631053042
718559694705528832
4146909497
2545256236
3719771952
3096513815
1396478970
718244199712342016
716076912465063937
3505871001
2921376341
714583916166914048
3286324132
704239273218859008
717786508430716928
4881756754
4847619003
2912655057
21487342
3669754516
493978527
2874019124
23751066
702207995644522496
698497989879402496
717809625706471425
3067751862
2192818123
702967973947023360
307440092
2908395088
4924528091
2908801637
3332133599
51776161
707213025720340480
718469946301366273
701907118992060418
718485478140481536
2889278560
4811229613
4287630205
4150444587
704484535052840960
4041896187
2498880811
709016457909301249
145953963
143522916
718465035559940096
36704842
713382074523197440
712082142465892352
3186869964
99523721
1046022733
4846009891
717767808692584448
718447306790584320
3146872572
4625465008
2984674727
717032180204093440
717722680208801793
212106908
290292897
439477995
4505425396
580115451
2876979172
224246048
2790901828
2828813792
707103615723380736
4729011633
707425477863075841
717740963129606144
313285713
717951358767239168
715324643729661953
139928765
2963408936
84490186
922836163
270509704
4764092318
706989402719780864
4925671912
567286377
3640116377
714429964930691074
4927981349
718378457625964546
711500618133798912
216406668
19364602
712645916927385600
4696000182
3096442109
2232346600
2304115705
4275498203
4124956341
716500692798541824
172518762
79993544
714791368653144064
4705333651
297779833
701558657910185985
2961991126
2768850107
3219740107
717445892203110400
718024572784787458
1555075082
4736752574
709374515013394432
