374138602
3281003474
294203162
4291393872
3837638457
4832644395
714968903105941504
194663746
3433749515
4335576081
4293911354
4729317440
906473184
723353454903713792
3027052225
3331835352
25929138
3195774341
253809595
709890311632199680
2996284599
4629127277
4049743339
32903442
14829708
714869203665293312
714867176956641281
714863239067222024
715074063438389248
707539078472998914
2337087786
42458266
1622461886
26304307
3018959041
713597188106878976
3355617280
2802866036
2659696782
713378813967618049
720164501555974144
3724568293
4117690780
2997702536
188513041
718819248131411968
4778535435
2177676990
4818801089
707143765551673344
2824627806
2317041932
3010398018
34274359
4419717492
437572371
3384100053
3681532157
241339629
319920637
102475469
711946241282863107
710687037968375808
4917092343
1244047045
218948525
89895326
3303572364
3226999511
4847086821
273336732
704609226459619328
797942226
3349192493
12302692
165871237
3312922056
558189928
4654800699
392609874
84145727
4408086612
4643796733
163523154
235102332
413050319
4876153125
4780763954
2962328530
848363174
12397052
2936552681
4743644419
703030104935505920
14151220
700676893075329024
316544416
4634929642
4202497096
218887833
4168288036
3347685268
4487504476
4476273682
699717804971454464
4891014548
694494290815422465
542199855
4872954226
222036892
4872266026
4872210238
339408120
1964256902
4866438183
46201350
218887691
4901819679
146160591
371889510
4875882554
4897328387
2903412082
4903301118
697743405326213124
4827735944
4804493293
319367740
4901306957
4316243533
149315713
267994823
4889628733
4843189756
1240458523
99820512
4596663196
696782531383971841
3645365235
416544975
1029670688
190924183
4861613118
3026052735
3514153577
4881682942
4646405297
1263394884
4248482201
4602459613
3634420635
106766676
374885004
2451102162
4784675233
2347562768
4157543369
486072725
716675646
4483594635
3004959999
4410329476
4166277087
3437984626
4025060594
3895552127
2903664749
2888020251
2487717140
16527629
989690640
3309159532
452942156
332848870
3205459410
2877226712
2712002377
18104830
4012200459
3972699935
4002851057
2340915618
2896215398
45431626
366036580
3147911418
22163983
3989404347
2199357049
3823727897
2920286599
3287133278
1415480233
3411904323
3410543967
57209758
3815356164
3693914056
3874024126
3817805842
3865287994
3235824635
2753523329
159420494
766747171
913503518
2868111670
14829656
2743601
2578887468
2859158014
16841805
3437946183
3301010612
3019020334
135767303
3121186542
1966243039
3408144797
3199957749
1626294277
3062096381
299245181
2902106028
3267357816
102920687
313014222
3363576430
3239555341
3312728151
3297026936
3300702960
3300701126
3411332457
2674885669
3401136903
1058664842
28736026
3005380793
23449967
3384674757
3165173757
609604798
2433086970
44772328
319302261
415650699
318537582
81473671
3402374301
157993772
17010913
2840668793
2954234717
2336639846
621546705
3179592643
1359561
1345309584
3400198361
