3314535722
714760467605020676
714791179158691845
60089839
4513278821
2245899935
4760597658
705566834913890305
3277814538
2975468251
3293136890
2240250237
3271255423
3171859252
2941351219
843798122
4729317440
2466157656
4387685536
1480011745
710656531906371584
27875662
395693272
1038452622
3284112337
4547869279
1040125164
712872467438706688
1699588867
19341224
318061556
46302096
274517122
3741164719
721779321283690496
1092348054
292929271
3257412572
28782732
2438724661
4690278642
2798965376
4867884322
44209472
709045615150366720
250362250
3023037872
4833250641
703561088
714662067911962624
903377622
4887373775
345629680
227755413
2904389591
1034848614
3709245494
717403059815514116
2431253425
718983790081605632
1955132936
4152623653
718884977778245636
710990834972233728
48510303
27038094
4309295559
223375328
3151465654
2758269154
2764105364
487540381
386251336
220497434
2394714361
1183954790
248594819
540015607
935149106
1524534098
259907271
122756904
1167326377
20517217
912331460
828980719
92918709
720219744
199884202
594783947
23723943
547595372
21060917
406467773
399070057
165122538
390278268
62600554
48939632
339813001
