1354824595
1124432257
14645160
525713285
722435376388907008
4440678868
3247545687
2771512832
713226840257794048
556569576
712930490722947072
2259274682
38763784
721073963049357312
403179950
20132655
1972389871
77986257
719279021226332162
2248110577
2781125316
1545093288
3246997808
705796779061743616
713114049412771840
1071891074
3219697120
2807969872
470529322
3377690714
2339570984
704581757304070144
2444043806
2740270111
3037024811
713391470795882497
4295922854
259200990
1594447135
1422282042
704809828477243392
210203141
715024690998325249
702754219590168576
714992939857010690
1874655798
205900935
1239688148
456441018
61327608
3399308960
3418948360
540118268
2801115023
4159158432
3177749533
2829215384
44592967
353443863
3067239896
30576467
3766201092
362925436
712439035038408704
4890052937
100046697
705768844061753344
397016941
492220708
462597108
711574592498716672
711560221429084161
709040831584346113
583110228
3112635076
1701989744
708690145080291328
4819699719
979338667
710832935537143809
710793893760135168
2391845725
81730445
4132511313
383890794
2359206206
205487260
3864523513
4156538843
38852570
705047213156782080
3115803876
192287918
3067349743
755784840
323675908
418221407
2882562277
2327549172
2944610275
4189312120
4137799511
90157911
142929806
2458766833
2672295254
3284326640
4785514896
4886489201
284670437
179005690
583112820
1015617360
4465396102
3820512974
1671417127
551491982
2366115792
3921051498
702550512630153216
934512506
2263423585
3028639477
3265143572
4598266572
862848234
2920595764
1726894363
76966092
3249017094
1909270638
4877595479
384227397
3329350829
1152999397
268376801
699431283353632768
2254613563
721470494
2188927226
456178697
3127222973
3129124208
19569136
2258343396
79010015
169373182
2162297307
3339419050
4475006386
473285651
2703308839
3397896742
3345043491
1958000917
3231770316
2760289051
1633170804
459854503
2260570741
310089312
838917145
3025235585
2312978580
2871607612
3376648846
4805552120
255136529
3340968460
158632178
2826729006
4283210532
3161675115
3090302595
620809624
4348821135
4141383028
1048144502
4423349176
4610158574
3626588056
1619885360
2569619918
234918189
3064125967
2177537796
4697736234
89719787
145941520
55147051
4691384509
3976300595
147846373
504030797
3094802015
1145064680
3063880865
2159654455
2399296919
2951885884
3007483692
2867872822
207850048
2184037639
389805046
44197057
1478925996
2869496919
193162743
87422974
2692950899
3154342018
417813742
4274621895
306801793
1028183766
450043917
2870055603
1631628644
366959471
3405598708
4379484555
474437101
2684104852
1291609087
2867390800
2953963902
2864368565
32595825
2565403538
3300313452
4491476599
3287973476
428919303
197588694
3408649636
3076139951
2976877995
83046880
2561865031
509314793
965183563
1392101881
4199423583
2548821385
1152476232
3179799950
331313724
2964066689
429472975
3099013503
2699671350
2881777358
278120787
3248630125
3145478645
364963670
3275349589
2316668809
118508681
150790310
2794674044
785913312
87626194
1431383095
3094307743
4381873520
88119089
76970421
466134390
3244819094
3353827341
68286357
2382825588
1957855106
3190402051
389518178
2692773112
428606011
4190710577
571314150
4171321629
554840957
584899462
3560432481
234592899
4063565532
4243624492
3326173407
3612700887
108108824
2539656897
550689298
841660866
2967815350
114073196
2855823154
2260150651
124945570
3612788067
592527652
2781674848
75418186
1916952091
576465654
4026449092
3193519158
4221879254
2302660845
3322069263
431555783
3297882639
1562404292
483018862
442303153
483983764
115239372
205957912
1432068194
2426296083
3365090541
69273023
69491812
549699286
3237182437
3160492133
3955412478
87977017
3393984393
201671003
706201082
4027670113
3835678223
977259486
4036562457
2908745553
3840913155
3774003319
2874271013
3976458771
2525743843
3890839181
3362596385
2764183684
2455444584
2957960871
80134138
2790461988
2713166136
557166571
2543623542
3209150925
3226688722
2912673837
3089439527
3392128259
3395299911
3395410894
3395420422
3408880853
3202086826
3515124737
2266023237
67377408
776288857
606744922
566392591
3722973316
109599001
1148945282
3894969372
98536761
232392479
1320560078
2293942237
3680363422
379369612
311315943
241622785
2850924628
1115979367
2407763940
2720164223
286215176
1445417424
1190412133
3321484318
3791707753
98416286
3526281196
2516718013
2383865840
331254235
3941120662
300612559
98859833
378270022
2828782542
3887498293
741988440
325950772
842485376
2428078106
330819214
3871908614
87403396
3375328203
3881061377
2732764252
319166614
199490044
2279654473
2291844901
2361567164
2307028544
511675295
2388612576
298123951
3159266387
206319049
814046996
442353370
2202748537
2732063047
17881816
37599351
3045089268
2870004253
3483983969
252020392
3529892235
2211469560
3322176551
3440859437
3316044003
44967503
3408838475
3430022351
3138767025
3345262504
1641526080
1075452912
3048828003
1707791742
2951115415
528897326
2557859588
2849620777
3405025096
1540674168
2227712677
1584118603
3289029953
3399565031
376915332
3227577586
3394152957
2492360305
521811736
24976353
3297949688
35912291
1493460242
2278438356
402394836
494993986
2942605451
3388478177
3079348083
607571435
1566752940
1420382180
720869524
237576272
1340694624
2693351574
3270374690
499017000
2209648163
1729109138
3345405712
1683488610
1652910324
1025628332
36466855
3247620819
1358199518
3074209771
779354378
3354232066
710002147
2446053954
2544888063
