2438724661
719321827194105856
714900116629561344
701735317271769089
2564445396
4409134754
4541427748
710993852862218240
696193933639024640
4211116271
3331632433
268355879
708275176295649280
4506653490
4506299052
4331412313
697066158915248128
704436884987121666
704438027695874048
4421806755
3281420721
4821326422
4756131257
4702461743
4910291639
4818888605
3207864873
4891341253
1388942660
3839634701
2878572718
4875743429
4875738443
487266172
2979152686
3194012215
58618023
176583312
3111863604
636924262
2562922015
2914242420
3019861139
3428994141
987225535
3254270605
3229642085
2574841418
