1151806814
3533890346
4924684895
707668714783694852
1649463829
704478460341694464
713818679075414017
537555282
4102474547
2894243961
2747867242
3375811611
1565938286
619969032
4753126870
2245139331
85589552
4304878517
334090532
168904047
32405758
3402757173
2221282651
474195545
2161851692
501443964
2872401617
759583885
4193074753
28060426
948180102
3307448883
2600550614
269174289
4689031940
2508346314
448672792
462091516
4676006756
1725742640
32113597
4403863995
2712409108
2808960489
95095759
1546436581
4149850753
2178141772
134551809
296413769
3294674894
2936097834
844007832
226591831
3079852282
1031093352
197832049
562991210
747985478
3366337649
3172577652
232533932
153131930
951924140
21151856
181032620
969318709
620415779
2894749955
2733189513
174092083
3032800576
3046016990
1410621624
3302330563
3118416378
2338450637
3226795412
22905872
14914938
3360597076
2434335311
1734842364
2820868767
409477151
345060818
1909316966
3384817553
3384698925
2615658121
3002324390
280497941
2218605271
984382250
205411353
1412135863
822009380
35472084
1051426158
3384490923
3376694483
742035084
3384877528
1296769123
2979171304
1123069022
3379870103
126977503
2218600207
35733843
3379588763
3381641981
3163887411
2406627205
3338859712
3380427093
256762432
621924911
3282327092
3343070249
3282104738
3290760196
28129372
278079865
3221172551
474063127
3281682140
42470788
3052830237
401827258
3377838729
386194881
1159131866
2387461947
3278946834
2928940442
1618641848
148650281
1484891485
19191229
2469345798
778714123
3370596395
3354973750
200372791
3334672792
2572844671
14566445
3364234852
3370596659
3362871891
3369074537
3241369799
3275115265
3370637854
3133509090
16004814
401710943
3370548693
3138106745
3275671430
3370538733
190340623
3370091427
3325703410
208934381
1359040722
2818475747
3039907692
