3328108120
31514136
3382636024
2484973928
163582516
2485511466
4879065778
44135635
2310363583
115679415
4831679674
714064911475871744
56141542
270590544
4210598020
2421118248
561634788
715261746429239296
338911190
52556452
19341224
4655008703
716662281032044544
3499581921
578026783
1110687956
4895574903
280745235
1045854992
69852272
78926478
1957530828
2836077597
82649061
4923809915
2253658574
291513513
756954110
221569290
148089228
2813937375
16191487
2897693669
857695806
167781199
1959672890
190605676
533686530
160797752
4464912856
357097679
4086119680
44134850
2590728714
108554712
42670299
2717331290
2430010441
4767404138
3280250408
3438853665
124829064
336518735
172840984
3129073359
20267632
30108166
271761269
3120115037
128565636
1912292184
4429175749
4556773041
2256488185
309961788
28893013
27151820
328440716
3160035419
2829671630
1704926844
1428284540
2337323300
508857272
1703347548
3348432946
3399864800
140635836
903788539
400128084
4166916792
106817676
21632854
3233810529
395693272
3646008742
3942226334
263918540
2995259119
115103928
223231071
2596918291
736940239
155367024
4038372253
3704438355
2788658816
1623881401
81998705
1320141588
4000937403
57753985
1117641499
3058974768
41598618
3075356471
145479560
3263938844
2177676990
232591949
1593914592
2873301816
15950891
83254797
193249971
1128075277
3287865644
292778552
41037134
3620553135
2916862188
1375130095
322014662
3317769470
3314579449
2208907051
74871177
3374257367
140129994
170900539
261323856
734840887
3155060595
2548451544
1664755262
3121594988
3316818892
66610626
3304149659
14213451
2627917123
263190091
1022265913
2323124851
3236967747
348547927
39463053
3232232925
1978216814
317833903
3178813066
218024954
3018623374
3035835657
34322454
3170991652
15674884
3013841838
194321816
3142804415
147757354
346084664
2817090836
142342983
412629329
118269391
783869731
2840119261
3127884532
3120549556
93112631
3092901244
2166516264
2809025709
16992416
36037613
921013153
1428434406
557254053
191555835
25797798
11238462
2207780696
108155579
491719838
3072650399
374138602
852441913
2382657660
3036619680
99561903
2744902664
2616367057
2891172630
21535166
2858309225
2295217322
1883713088
2987976004
24968293
2194779869
380725931
1969566128
2393063119
1909435026
2953316116
5940642
139960419
2879829227
16080145
2968823341
2969981791
2948845510
566277533
93637779
2583907750
2629766367
2749709984
106838033
484686708
2806667458
66358207
604751187
2634301995
2895375251
383617244
792660210
478855762
823112684
2791898742
629482056
704696762
478383774
554335063
217634501
2316434299
36694454
2852242986
2873693668
456064479
48969390
125745734
96684068
2349138710
27313635
2849403842
275468547
57364511
28105575
103913538
488152532
2813186622
246117033
835271408
2203680112
2464728192
2730674994
308569253
317168815
451815639
2588628336
57625403
476366739
96243124
582395082
18034656
2594067997
66482014
810218641
2484036222
300773454
2544696709
1189134054
208250614
1477726152
489879335
21410757
2491857259
105787188
390905408
105588068
14192558
138893087
1344185875
2440578739
32923635
613785437
2365047538
2368622578
2368667842
2368608597
2365105797
2368666397
2354278083
2354173960
2354156915
2399212727
2380275835
2375424059
50892706
2365050478
2381782170
2375278660
2399303878
2399320282
867229976
2368678001
2365034733
408928538
1586251884
1019534557
546878724
2255410992
39909034
1973211206
1276414950
520969517
146714531
2254526162
358358053
29189269
1563872803
177307325
209374028
34608345
551240518
361980606
231802913
311903342
2254504033
840190298
423189982
25159559
542962969
58152567
19515059
209383326
247744426
2257162567
27971300
19511386
1564102568
1563413725
1372349760
28606058
180278212
1680098420
150823395
1575731102
165306832
745487233
136100029
213320007
15645871
14447152
2251954732
132639781
119521462
323487376
1304876575
114032410
725146585
139075243
17499507
240568991
1706355948
1649065008
1970949396
1674662761
2198892571
769030021
399272514
2166838303
1704230743
1703641440
1708934324
1961655589
22703824
78131855
572157338
14604102
288809741
2147566148
817598449
62542252
410778280
499208839
107582813
1545378264
1344371395
1344796951
18634078
66465341
1647945876
52386151
90498713
36644497
1960467367
31407357
76057201
2152797029
250768362
884069815
52944689
33342927
80971787
120870445
49506113
632682104
221634221
878447185
83312898
278256988
1511769420
562577357
133042870
836305999
394923368
248493334
717597603
1656575946
71288653
874502058
630551117
626397515
539642665
445403351
408943849
484784789
1969869973
1359561
491340002
1568003630
529243059
969138260
389222203
86150647
1471648992
1537749830
1143960168
325452300
786841854
1967651516
312026894
200657287
710757297
1133712536
620229521
578451912
49063628
1915611469
1944674870
1290940064
1577123382
1724062170
1733906575
1920031567
1594768854
535812960
1937217252
423910857
1118329698
42606634
483950856
1594768982
1439157014
358266555
430992872
1017331698
1917991092
1400878322
99821151
409891869
1175915683
975791282
431618977
1631046744
1640532139
260711768
1374277898
393178922
11102352
34139521
1671842616
480028202
545415973
318846306
700869911
1630527038
26556899
81538015
1644142092
1713362539
1146381578
79258361
1683278983
232342189
90379747
242618658
48771393
551157182
422357193
1589905238
239153238
1415594922
519996369
16710420
15235948
1696428858
325449394
1663106263
1675552910
1688119380
1717856462
1699041954
1687666322
1839444150
1637976265
1677531684
1696792417
1680326509
1688538374
1700381400
1746940951
1647085130
1276437607
817618680
1151462532
1698362954
1671441588
1698370064
1677064537
1674052278
1673012504
14545046
24113551
1640382793
87287023
1642080181
104351372
22460842
240527238
168083031
1218238555
244146542
1027782914
257489675
1690406564
245990733
59702983
1219136030
249228661
28093437
1040402623
1640560009
1560663493
1672697988
1681660998
14600589
25253084
40589149
410785871
472132412
1681324902
15687864
1672488152
168851290
38506571
1429706928
1628374776
1639737566
866504532
1677482977
292229728
1631332538
1628193187
1635346843
103101931
1640033533
1633510178
1377346304
1107930295
1632397158
1513978208
14528306
1243782846
116766949
119180589
402944504
50214850
313405733
314776916
244998644
278033589
175586562
1137380594
372062031
20561711
172669182
19735514
271864822
252390292
17462501
440582720
1066537764
1332592590
81111450
717633770
308155020
135348838
494456296
46476526
197011504
61318348
1404197138
353496431
60448573
298858897
160814480
527919447
16664126
160464034
311472949
121391895
348732449
123662578
16379892
20897273
1262352314
56911971
1338190386
160892119
910817725
23152494
1290137371
569991546
33768465
137144052
480564709
73774016
385105064
130914602
25943136
30736991
311476854
28465478
101248944
1391871
351080122
116005242
288859635
1433668284
33937662
331556818
260340277
433115572
77725938
1443998732
16930304
58525147
928399813
266929200
788308328
230111173
197833302
482238770
88258912
266956478
91267688
389289067
50309214
33495086
57497901
35099519
494826059
31891798
15882393
145893491
92638580
16248319
576732332
398002308
239186520
371772599
633027018
453869892
14913837
317196149
16635956
45547886
484999518
607297004
30734168
526646396
1004732078
838630554
331246514
41001405
153852440
546340420
126278129
615405826
1332515586
353130070
203641278
214153417
169701996
154789655
1228225082
1346110068
1346128531
27713126
111898410
25717463
1237774765
38506515
1160510461
109167244
710959032
540486250
19812077
46037434
21536621
442443177
20606007
379367807
17018005
101756062
630046748
131021790
1135614240
1229057252
366040868
53115583
1242860574
34000178
493277098
34053931
960310699
27889155
1028499900
1077022549
20383181
218443543
1229139278
500227261
404065543
35500631
171175659
135138678
153044811
527128379
495361312
458794470
1141987050
210446157
500319462
1097350273
31281605
967210885
1193743820
100852913
87309856
1175160360
1094979049
43378950
810722036
18500000
15693056
1004822946
403288061
387764438
562206301
54604236
27188645
137275937
154671263
18918045
347077937
324674556
239591549
35563232
735406184
166214358
785640650
521593590
395312216
272775167
19691332
128398397
389322083
16337697
215683551
225180501
827519299
827705342
514003369
149776651
961012910
602190876
342563218
543351049
252121947
20762063
773291462
24636191
241606986
883699692
333071944
515056449
35350104
218609918
981366535
265472459
514996409
324607592
403489070
375173785
386784355
207302955
258144830
79294815
614612932
451335238
109104844
964047541
468946299
140087069
134457542
615304216
466241352
949053426
213867940
226649243
190545664
29862576
435018158
590345132
187121048
518510611
37182793
130925204
245537621
112236965
860158652
766587036
204650559
794549714
11327302
66264723
38751472
321562973
107852396
138066806
519907603
60935388
164942226
140478215
138414597
380502876
414357266
319883949
52724723
38186171
453867873
318639718
15706633
162828407
747570458
271075956
622038249
88321965
194619736
17879579
2601311
620013439
48875242
97044287
308970321
110086211
38696924
405171139
364916005
36852970
351921620
607663551
114856600
290327938
16061688
340814188
615187717
518287761
204071861
133565377
394296834
322038356
484945826
408017337
27427741
514847955
525457058
176209254
533031929
601552555
16631675
163907170
409544667
127178830
514960066
450712059
125192590
51908250
54072736
618442308
366346680
220000244
133854160
390119788
565670806
406815833
20305359
394304150
18456956
451503448
59882808
227245517
324908729
435019291
19612257
108701420
81149350
116030492
57767380
85165551
52038529
492601009
594020857
59017872
256609242
89385774
33648946
434940357
221419072
493811884
258809394
237772942
169939300
50571068
438556525
244620720
20198692
492378692
376402608
106531005
577349065
26716267
27213383
35861522
44509191
121765924
77586218
363423717
137473908
42541420
301925151
543812079
27948237
332434180
520589535
31173072
375212866
159660817
133874851
249362837
71555146
89104856
297482181
398334566
235465499
15927998
198766694
129037232
128370270
17164084
491618812
336258849
156488191
252359327
545340133
347071178
253613771
403290266
100882842
69828790
311876503
19041821
141324866
44150150
23690189
538624203
74196566
374669818
378413995
237819356
16522641
177584156
115287934
470569857
33830115
395285090
16175706
365074551
521250884
20155585
429528732
19424599
17122278
78640612
362301175
275673085
287965808
30288492
467829322
354412793
7412032
393864772
238880291
466978367
241498104
456838878
398338113
398329215
466318440
273500360
16201819
457001295
186426304
265967449
457769789
28039485
401234266
136378375
120134060
9158962
150713367
488105124
229011124
450642303
486698602
43942845
92136768
281488618
36220545
46398762
389199333
853671
95106899
60734999
14297121
365054559
265440711
16388857
438190369
117043408
433651913
368713819
274246168
427727936
447431788
407565994
437758665
216464588
13817822
234014728
395226316
444087900
24566273
350003495
66517388
392443274
241278819
398339794
451695870
197825799
369215126
122835680
27333690
53094118
426169389
430276236
157841014
427055390
431917280
222119402
22972326
222529084
300299738
398349761
305790114
88829709
260466220
24542732
394040108
373552373
433483905
424005301
416187732
435880930
238368171
198918906
18978486
276241514
59856664
255765422
424129767
115827236
23246523
401525763
239212535
193058779
165806020
45774895
16878100
30458471
132911204
437400565
116725016
31488398
31471175
416946028
22554074
355612705
82943797
376992861
400639850
17921936
102154203
407133242
32468301
297041579
417199106
168209760
213937763
34461255
361645257
30486776
289201193
142585230
112567411
25390486
95469682
378015060
291372361
255554034
242647203
18770451
224074946
215917459
296995752
232682267
20789740
85559499
54182296
28427441
113431180
166611033
43637692
29828251
163520354
356403052
91642148
25541304
116441094
116408658
39790933
157243014
277447792
304927025
397561568
332828622
260898298
33961384
179197091
34372280
325796654
19108842
338318391
32212855
339014233
136867281
57784592
89688671
96972239
418968252
624763
409156201
13306282
333085624
295879536
407743330
410151048
34093364
20245035
365430702
16920117
96454003
15417829
127786244
80370068
181569907
364942809
254782599
210501231
286387641
233865520
407715361
72885128
39362461
406729402
17943334
395556654
1936361
19520006
395552437
42098983
35067421
104537872
237932609
221889420
20416410
248966882
352531916
22265592
96564060
267519951
393180627
28207516
174635808
365818633
269626887
289392853
18452497
45289289
49365517
114183107
23561398
75711686
26776649
160154705
146838358
327006643
339077428
21259003
126710475
70287151
31005848
398274328
22303193
18780740
106769185
20192882
368804782
390191221
58238234
382173859
17995400
112934639
362655965
378927733
55928951
369817815
42282066
393263603
195896439
321270287
39339416
21432863
63054781
291695117
355732192
260088800
242844311
21817105
318383192
291811774
20977289
351582644
331983132
82966721
388427422
388297792
322471947
369921930
329715002
21757883
18680442
26763525
180250943
168262669
166439907
381803138
308650897
332739778
75957652
256308790
253023918
166835776
270605418
35741196
283652543
71731045
203914004
251020873
370096379
372972544
372926506
372896943
373470298
373506647
373557249
181251768
373020982
373548147
178356185
176187989
234712558
374594252
41081280
150382231
311793581
79921184
189975389
70171397
50452465
256136355
372426025
200203539
370203208
26774384
6780032
163226454
35275095
189228701
143984181
245415119
86370177
201056926
33246276
232567162
335443061
15120121
125511548
261634374
176487709
368706192
368348093
233668378
72925024
231616946
342762055
362701518
285606624
355799875
15632345
196372530
366003297
217511590
365925398
8785632
275087412
64469014
15252218
37301805
113130476
80975992
318125791
272862743
23483586
239778264
361866220
238166848
309723472
236453382
318130852
243333357
63039818
273003286
15151507
29655720
271634828
183331357
62548835
251679602
237577332
192380303
146512958
167854532
14850456
62336688
56428052
351233313
57060381
183132666
258663520
297611537
221497409
118257751
350198899
78951015
21626863
136844568
331312794
81472868
84155569
205721168
16985914
353626347
53252614
327642030
23008116
190973051
151557240
40821979
327988892
236909980
248919902
347501060
294287571
199292840
193681423
39651447
340360901
134513525
290377899
253283896
112598736
180425500
96715483
183306644
82702958
340323748
339886682
163357851
242048595
23368092
214945793
24410350
48482750
220502693
333618425
282505467
53997250
209700859
139974630
219890121
169593577
212637923
40840811
182516284
313945617
191872858
340314796
133481625
232665808
121550046
323340802
92077614
53477785
177790998
333372449
109375598
305365843
131938112
176881349
148794796
78752446
312710974
333350839
199865269
156691479
333355661
333344442
333232167
332986911
158586780
18838423
134869346
328007119
212005766
113420566
64194057
133121809
327094054
144292064
30375884
73112424
190138054
260421295
221120686
153962618
56669858
301500761
305453140
33573571
133188763
260665389
71897004
322578616
148281099
58014950
15379248
33832697
324556640
276785186
121551106
285421429
318809181
227726136
19491662
98977801
295830198
30527144
236403070
304315587
323028600
167179174
81046829
237451861
16273144
25287077
26212078
298527804
293262985
272456883
290229887
38284845
91894636
126138443
238098858
20187037
165751548
233613788
243968448
32246520
219654651
312574038
164166350
103961294
164444085
184480471
115475507
16819632
103931917
220024113
317618055
127213336
137439289
111408998
317718121
231382372
60882590
289997186
310392433
290860114
310208616
228209696
310455684
310461654
195433961
61727817
181952758
130180093
47334900
47120401
242837638
17083423
26756907
148587486
65665199
36745113
19520565
70110334
52654972
163497338
172250034
254289111
23342205
287170555
271165360
124594428
234558232
233758745
14249813
298123002
181099378
220781392
23282565
24153737
229517477
225589249
177209025
277366838
17036004
111541592
69187979
18770814
164495960
251998740
54649894
16787126
282724286
37199631
11295352
134380335
263447991
162031916
272005759
201805872
112008880
18866369
73392103
26372787
132113139
82904740
278873750
252955943
51779527
213702513
37786203
282625405
148034545
282612113
246766078
86195878
130130583
282122020
281968828
14968194
146678562
52221111
14576237
68207242
269452085
30958507
273886357
277728147
22278135
277554319
35807018
18111819
109032437
26149172
143502547
241367950
273566248
272141870
117725951
271682470
271452381
46520223
157498350
32956000
19186741
211807658
137745893
124167390
44607180
263839525
61169400
29406621
207804052
188442658
249760327
187945574
43373117
80796687
153053178
121412321
200103259
255529014
22540858
159470893
261977277
213599338
220218384
172068053
246366030
160719136
243852272
216775904
70902048
238521117
140069966
211061155
118488345
186398209
221164007
251287963
16469978
252933454
57639410
250658285
202814670
253084827
252772788
82915690
18196927
75342518
138727884
22341950
32300434
15787384
18650204
182511384
106800773
156088233
107377936
243098422
14265894
188321776
180473491
21595810
220723619
43419841
252242824
204472728
221481634
239307834
37421542
45297071
179205824
27109378
49710151
12014232
246766359
6100262
20357367
77260908
65577676
193165175
20733530
5816442
88261399
15822191
171248313
18879847
38580328
192346801
220930863
244136118
241977845
243236343
189474615
35615167
243556328
106517855
90818826
242411805
242291263
62576824
141531948
233528948
216754852
15418533
241066131
15749216
10337352
237723836
92131489
171671490
175189720
225096344
104434793
21279340
232301827
195969027
234295412
179236506
229820143
196861553
146882911
135104932
154840396
216942267
19413268
160202620
60017972
98136266
224597929
115863661
211268233
24639845
156254463
58397077
30924802
115583078
71390264
113252449
73909215
131769101
95244036
50798852
203927063
87535815
15769161
69938917
146708985
47914845
19331859
117959340
31048444
18454286
147116134
95637618
32451317
218716325
17413777
51133666
18598505
79110627
183686085
197478759
180831066
19539314
75424187
197243386
209479996
117059885
218685681
155663847
127500378
138860140
100250157
80145924
150623278
16426880
17077260
211900256
216481508
22517956
216108015
49306082
157379461
33214843
171530049
39413716
122631580
51446354
94204846
42217478
82749796
93033849
184710151
56081354
108243256
29650732
202137349
132208483
23225448
166172649
19642715
204120860
203567303
202277377
158654405
19633208
23183427
51550779
128913663
87738236
41404738
18183592
152474764
101872402
159695505
121058256
16703058
15399951
195992491
111376726
54019249
199975566
187051300
16370003
26557369
21029542
28469711
44817367
67447390
28708184
27176197
11294522
50987014
111966379
15998880
17805062
41583027
64233857
152860722
140176807
117462565
24896910
39351002
95137513
48155715
145741638
49487637
35910513
75356470
176948705
180565266
64204669
75712842
92433882
109060294
158365010
20958510
32364227
46823540
29382965
68192741
187838233
190229279
15628274
18045612
17581780
187883604
123393234
188218252
171186238
165770175
52427661
16956020
22380908
19394550
54039049
37273635
137462616
98757761
18953266
187187827
89931264
38600665
179264757
171401511
107235156
38092814
102732189
38490324
135450504
121481396
33073116
19734025
167784052
60101005
87033800
183307143
142086415
8071902
28178101
135966093
74213196
32956248
20644059
177501742
32177142
12504732
92873835
182274617
78449641
95303482
118513494
24913034
145829573
18338811
25087375
109816851
126866831
126944604
123526062
131095699
27076855
163199887
15878020
82189815
61419322
131450499
81619592
182198324
23339522
61337542
27065058
19673697
33132808
14868124
174676502
152131248
17180274
135852612
172293264
21944745
17084964
57977654
179650684
125025036
179122966
22907501
124613246
179896312
17646857
49140629
147969868
95658229
140382794
64914137
146559327
101080347
43607866
178531352
49807176
19618046
109085165
17927796
127290558
20409140
53654849
54872892
16056406
156364979
102952315
125409895
120163399
25290300
143394008
121161737
103792128
51029636
18533317
170057661
15989069
167597868
15883802
14640587
37831315
87202584
136580566
173617697
25770408
118177289
91283891
38267685
102875189
146516713
167401223
31081562
64499462
24060607
73908704
7685762
89276254
103667979
14518208
112844667
76283641
52996249
110258777
68554574
48207390
104144056
104226009
104288457
40487691
122493399
22522667
41373879
158371573
16807750
14078869
71268396
38123035
28441592
82019746
9818032
16033093
40834740
25177100
111831817
169215309
171483206
49735985
46817877
76047531
59831295
86970882
116619341
145258515
14847079
41638575
93588461
102521598
147416080
73058548
129106826
45862896
96845135
139462968
24917605
39398286
151879194
24267055
63403910
166370655
54552565
58714125
114052322
88186553
108806997
25997640
25913556
117205140
19563798
64698980
67514610
101929141
13368732
39696699
165083887
40215565
44972027
17995130
29351897
98231125
126413239
116035061
18466925
20530782
12945002
143092473
28841668
35779792
95588373
167536618
167536490
22777809
23244465
117541829
152764267
34709013
35767916
93418512
148418872
36832842
55109529
62480909
167259632
18572616
87397508
58038880
43740591
246103
19188815
35754392
19129477
165809980
16133122
41623308
131563430
76797329
25975685
50141610
14134276
72826714
38609291
75590173
21618344
26515550
41209211
133758233
71159868
40173703
69282328
164042046
60630907
79035469
117600880
61872733
78516148
88533070
17578429
21583372
15189849
85616319
19865017
46171445
92563411
137462549
30822250
81536715
23874368
140079968
7922242
1712831
35610654
34493217
84272861
22029194
26618468
21993071
15991355
27619548
39836499
40159637
29801356
156304995
10971502
162853439
25262272
102807484
52378823
51549463
89300184
97563734
89391250
22448617
5683952
53112612
60645244
132394928
48827908
20878042
62553762
111609265
70463465
23166140
57117519
89393882
20846034
37855346
19173298
34425171
75897154
102183204
43237308
128242818
15285372
92127332
39568359
129693265
49565018
121756035
136791423
137075616
19079151
127488199
124808458
40148868
33252247
73876760
103425529
19089507
144725026
45145616
139870736
150264229
53952160
24189099
74600604
126792105
71249409
149323147
29795406
87687029
80032929
48079456
71617159
142772124
25283406
19263461
23821484
84127601
154904021
153362212
74010581
37584642
110654909
37244927
19886908
25605222
11365442
23939797
27569483
59074083
23960048
18936284
37188645
80409992
127882083
17896640
42334074
152951659
153022697
83297369
49721459
104302000
58611693
25873356
64663810
44272329
27702107
85439688
34005792
90027576
72446078
135435362
66126399
34667149
25107510
18150955
18620441
122143621
34862087
87872513
136584860
15212564
36064768
89431901
73198913
144377967
20276964
138861905
97200556
15969217
147995163
19797083
24224879
149678379
51848897
43512440
133077254
46719826
13337292
117058285
25593014
63034246
19134005
16502367
10119442
92798123
58255121
110854200
67210650
140751372
16112641
27059308
106522581
59252375
38331159
20732463
20619257
143215350
80906665
20932349
121873701
74153376
135966215
129259707
83716559
18379835
64614569
15826025
145302092
76289403
76922581
62758291
31373319
36100518
13119862
68036460
87889058
22234257
38674733
95982166
135985593
20937452
144502773
55049708
15470308
19568473
18643133
143033223
84961876
22094204
116049408
103206296
143201138
22443814
140273659
105185765
86295271
39295963
41446355
17145442
24267687
19794509
114869991
34967164
2608911
140778497
83907758
122693520
106804211
35045870
133783310
35748845
108402305
22551081
56500641
112493319
34769149
39693681
21707592
68584161
56546479
68330335
37346129
27734857
19251173
56543487
74353089
29772826
99562076
82672651
91824821
69116070
68848560
137641880
68814538
107205363
131558610
96842009
49224286
32530781
46711548
92101261
104004171
19473742
25214804
23203100
90100246
58264531
13445902
26355211
131766419
52844677
111353096
40339213
135118685
17752368
40016029
35863564
92339916
35715519
16882833
63980984
82178243
133958173
134304945
92739162
34552159
14535966
87886561
17491102
43002465
76085488
84527825
15600217
42656275
100279955
80455767
96647348
62554155
18279004
121941175
108379338
54328003
50821216
115212573
36794214
76416892
54229868
19000765
18872278
128130474
70209935
91608553
130439652
96030446
73004424
119011519
37962695
52507108
15050145
119152136
74478486
20353057
123751631
107550708
43611250
127933979
121521684
49682694
17235959
43636597
44828626
127581435
105332817
91204218
34445356
16498848
54101331
81942108
22093870
15264739
16595626
126310845
73341141
19464428
19296585
93613011
31565795
102964796
102346283
121909144
63056115
121390655
62897663
91298698
84946665
108020401
69927758
24461721
69336322
73681381
120748962
108674803
60695143
72998043
36970932
22026322
18122111
121315387
105581158
123877731
37391190
90577822
119049042
112040233
20511299
11922842
109039518
93954202
85490521
30420196
103389495
104849810
76572815
120928973
34572831
46203666
105368683
70359538
15811314
51435170
106801718
15656687
51764313
110343943
24430413
14505871
21918493
73820847
76088344
80199618
81434969
21381831
25815323
19192125
90497750
18690496
76190313
117695796
68228846
65487550
70895399
51314581
19460725
91185958
22634420
111754516
15192638
106629758
18003354
18949053
15513609
15336701
15734464
86450518
89056929
52778489
76807736
34356853
96099071
108187368
110491950
23910117
64460230
19877600
41586693
52618119
98138100
50285914
24899578
24859536
113857059
112381986
113358076
92329063
15214601
30615272
33741702
21266648
43857288
56822861
76912241
20770172
94707880
15923445
112508193
60150061
86451986
80352907
65589378
11155742
98989832
29886563
35120520
73186724
75250516
16465359
18653668
772713
103251744
81699664
110942433
81718017
108154723
87324016
77252018
17008328
83281712
15746084
63649354
83358165
83333073
110167681
76135200
66751679
25031161
6140052
28304627
56479660
72218012
18724045
104860135
21507883
55980138
17817458
18170310
20477352
73615005
24898059
98653414
74166261
83482024
43986100
20789250
63839927
24034975
39369833
26053097
72781279
18485106
84437198
14543673
23703690
11991142
87696410
54430890
68970224
5653432
63057016
22259556
20161260
98279164
61716125
28478793
31048009
90778346
90371694
48764460
42038521
16243061
102334966
90340811
54716721
14425899
27427689
84327025
15127632
73327562
60592132
18785524
97916220
20749408
22411342
32298723
44292587
91708664
21058904
90983134
25796546
18706957
14146802
83901468
64623507
52666237
18087450
67573715
14435000
41697270
38808045
59583772
68818125
86977857
22061855
22135995
95716846
93868270
21246816
18234841
22107817
27868406
95845280
14990608
99608755
54931722
21609770
97988782
40864169
20806376
30470414
18431059
28162811
21157704
79792986
94833097
15189725
67193558
97155734
22620337
36073824
26964987
71034778
44740201
82322066
49857989
28369816
63741663
16603994
96732137
21002407
11152352
76343004
96117163
39757727
60013329
20016443
34203149
85444082
22178858
59951701
78427561
58046485
29372971
93659292
27095215
43659743
27762335
17964225
35534795
19068720
16735025
78064092
61831873
33621470
88769888
55200734
45894634
67116920
56158040
24564517
15544437
19091621
19341833
6420652
20865816
87069630
57457477
16383523
34517292
62084025
35057902
93093878
61186808
34605032
81635578
94627148
71678279
49669019
21505200
61269661
86894150
28700795
26493362
92859260
90469176
22817468
93886865
75911262
82360116
93321973
62400433
18889637
8176352
23818605
81266922
69411257
35730865
35725319
35748736
38045603
57371988
17006500
17375330
90587793
90251480
25965585
73717095
14078808
15443101
90329099
21276349
55748658
15336468
83114740
87128396
75406816
24738484
15576494
49752571
41176869
25294150
79781682
14593685
19078616
46505482
92579872
17135925
73690963
79780303
67922555
35370826
38865415
89344986
91177227
32348260
35484772
30303742
47513708
5435942
39616153
59082722
88162987
48640213
65576333
51240289
17577529
65487073
44672556
88276604
46791708
70374513
19288851
89823533
52214296
17459328
14550649
18536530
47294975
56711636
26909445
27700636
14413498
17330091
12184042
18975088
73038613
85617871
13167742
21487434
18242032
66070291
38614862
84180508
27279694
83944379
84587346
85000507
14826124
16382970
84127240
15648612
44071744
25763891
15863302
65931037
21658477
15158464
74235897
18073937
40237506
23140259
33620289
14464835
56959793
16554602
75174557
62313079
71382029
46484034
34831094
80076927
78846278
18673924
41798651
67554832
24866610
78283447
49714129
60181744
15406238
23423779
77779450
75525819
26823051
68474836
55882303
15280385
75017171
25356215
75438368
28609908
50139208
73177312
25344447
76256503
75288228
55448518
18686823
75369096
75123690
20017601
25946686
19266679
60885114
64348066
68569563
19378927
15640083
15267917
17752041
73683330
20946625
72709918
63782168
10785292
72665483
22935909
28084399
41795564
35104667
64380180
71713461
28892127
36874375
45089449
59365036
52413533
14317096
27355338
67633343
17358699
18171416
53935110
70858417
24182164
46261417
43140869
67032916
7879052
59072075
69549965
21160065
70081915
53135499
14275893
68987817
29934771
64953339
59616230
13016612
16541772
68888438
13253992
67750071
42466534
17052516
64371770
68940364
31473158
18302953
32505612
65924717
16787780
63082810
64952158
68276679
66270591
19851983
40405718
68122544
28506495
53894743
66923738
17837984
65441683
24439153
34611457
25674822
18429843
67913621
63534248
14261168
67839075
24825275
44403079
51411874
37890035
39997133
59061506
53539706
25407781
19770339
67259761
40194485
16562618
18168005
20069543
66833923
48642658
42274847
65335844
65950221
21040094
62555287
48947604
43221627
16428901
55810275
24002322
59137198
46658560
50609764
55679253
43458569
59999324
63371563
15972661
53360508
36443282
57218808
14131129
61441524
61315471
61034706
58778218
18540986
28690464
58872397
55590803
31848477
58458310
54478186
57798721
59142694
56944520
36411450
52218921
24977028
52294546
48415689
24932350
53063066
49534769
54157004
54144502
43869172
52741400
48351873
47312702
35918913
45990604
30175785
51231585
20636630
34417302
48062182
44031425
45953490
18090033
44182473
47283878
22086017
49363454
44643431
41932441
14669290
28893236
49984359
33841765
45597851
49768085
47425805
23896835
48638147
48673546
48079158
28082477
29361649
49122692
26566628
14341629
48597723
18937697
19362341
13322602
48116366
41845358
42984368
14962703
41899172
47018080
22415365
43328124
46640929
47581985
20977778
14465607
47006675
20966411
46938337
7197892
29109420
23619919
36013373
47030964
33153203
46205189
41689778
45966332
47308593
39097659
18907375
43639875
46642521
46538018
46204459
47412126
47363136
15396162
45997175
20545731
46805137
28351546
38815735
19560364
39384617
44241860
20593330
46632141
42847356
45812263
29411955
23098621
46425352
29174034
45476771
18560251
14887438
27440251
45356566
45424297
15592692
45616890
28591814
43159192
37894647
46002847
43085533
45971056
24785785
24004453
45615058
44380007
32227396
38359577
20433943
44137532
29397307
28748843
44267641
18462064
37344730
35089054
42620867
19463798
27656310
21024944
23519401
28751147
38175941
45163532
45163814
39725313
9072842
22051777
41803023
26258737
44694712
18892196
14503541
22225331
44491428
44266434
43963415
20557204
35959110
31550919
42350600
34652912
44340943
34863185
39508083
40366006
37488409
35087840
44257343
26102470
28167372
17147838
34497172
31750623
15924107
41128611
43250057
31097829
43716906
33509430
39436367
22235671
22289939
35485382
42500672
23336661
27350922
43672981
18144218
29472839
43648488
23263273
40769389
19031172
19879772
14792027
34344353
35782568
16253597
24106902
23943726
16476928
12611542
39087510
39324786
40572743
40344813
42014353
23267059
16265869
42754302
27277392
22641790
15906381
43338172
34562639
22913658
15905461
38571552
17394554
40054356
39756668
22685195
38069946
25467081
14985156
42803078
31063050
41746832
17811765
42666374
15397465
23751229
19788593
16590240
39220613
17459968
17845926
23172966
19422461
37204051
25110086
16814727
22146903
40224438
14542767
41281581
41176226
38811790
38660970
14804493
24122752
42280508
16083377
15749322
35524334
26547574
16953808
6335852
38852376
40234511
14484658
39602636
16137808
20503520
34958117
16356732
29247465
20955413
19574318
27434859
37168271
776052
15068212
35937886
34024497
24831220
29543479
7879832
21179543
16834638
15994754
41385556
13116482
19747211
31402064
11279572
41173513
41653677
28007541
15695513
26546250
40501269
37948629
36047341
33562982
18621223
41386699
19776729
24525084
40886947
31166895
31170216
15465602
20660256
26712057
41191785
37486435
25302987
22127100
16338040
20370757
27743483
28339064
18872526
39194731
23019383
20552489
25423829
10168762
33497894
18568387
40357925
40359516
31345327
34823053
30159251
17652167
34889613
18292563
30658366
19020917
33827204
33448969
21379853
15868573
29620657
39533783
22517229
34864889
29584530
23909037
14276851
30031273
17399930
21712038
39205538
24089650
39323939
18746965
25666801
24858094
33134880
38467080
17375097
38346442
39351481
32516074
39619235
33728794
38953375
23346810
17795924
20862763
36408125
32394673
39483595
24247270
36433306
36315549
36557468
23363463
39223539
19723879
36393225
13293092
16458854
30183007
1749251
13923172
23043822
11071102
32879523
16687703
38701764
36142669
14480101
22632044
36399335
38060483
21215822
21817823
8283082
32385875
37710689
30537457
15603958
16097895
23878628
15870923
30937362
39010089
23711425
28811025
23383517
15821564
23177645
16273972
34785454
35679105
23020630
18023132
15422705
34759965
15951028
19136154
37866174
22041332
33194669
36029966
22333555
29169757
16732982
26346749
14269245
36537843
19102093
36129995
37971072
37012072
36157949
14488911
14467906
27307448
21412828
19037300
27971856
38201592
21437916
34694898
36058245
26683578
24327286
29504931
13563752
19452543
36534974
37447060
17387992
29311786
29315647
20467857
23423045
22922515
23574339
36316093
16287852
19176491
36803731
30415129
21078954
18500291
23870867
21333469
20441278
13797462
15859761
31697563
32445548
37484514
15525361
19351990
35690386
26232420
20954793
27778011
30639820
28506178
35918724
24935134
33073913
23399302
35216365
25833026
29949478
22748119
15506034
34858193
30467915
14401358
34871951
36531110
33005679
26590524
16881185
35367840
21641609
22158221
35598142
19207334
14076588
31448335
34984096
21688060
25368202
34899521
17527466
21436165
14111045
20939341
32645533
23781165
17769375
18151317
19575460
25137828
18215165
33719015
25864971
14690395
22326161
27658867
21762813
34419702
26078307
21233745
17397852
31529609
14700401
17131500
21487689
24259113
28141464
27826608
35697473
16508469
29203792
20272593
25361475
20365518
18189914
18718491
24225910
16419564
18081960
19718430
21589564
33208086
25801580
21674276
24554689
25094401
18860989
35340214
18529515
15834331
18083964
19269292
19002040
33271948
21724870
16005254
16330879
13768932
27570659
19412682
31261245
16203022
33695782
34718634
14323769
19646665
14717853
18953989
30797812
20819545
17429811
30949527
16278748
20421430
14518561
35200898
30021841
19726265
25581667
22782874
19213943
15981549
18826472
23052659
34039123
34401667
21529378
21774146
17601922
23230694
20018519
33341971
34425229
24316912
24347779
25377871
33807561
20287064
21236978
21002173
34533179
34713878
17850012
15173109
15786922
35355250
26965166
25582127
34913072
11271852
34689004
5210841
28654063
25812956
27200662
29327290
35118692
25725048
19683304
15445240
22182794
21037176
33605378
14365762
22210137
30627919
14669398
32136250
26107643
20859431
21902838
14078999
34315165
25767670
14388166
17130873
14178271
8627252
25609990
25095050
14378241
12759152
10329052
20724932
30858915
21423803
14183423
19043243
804455
23001798
30534520
32761341
21036944
15324184
25637833
21167440
26169354
25545884
14063253
18071933
21686751
14218534
26888071
17203759
9834992
26810464
20343815
16913554
15944045
16724548
18276100
22664506
18945464
30293658
21836409
17327782
11384082
12144232
33582413
15816264
15768216
17070787
16930716
21227222
18600489
33087745
18302144
16061242
33923687
30903701
30761135
7199762
25636256
20602104
15958265
30724493
14720411
17134985
13976432
17201112
15274836
14389132
25662325
14430060
18539631
17849197
32338465
16481781
30232420
28642258
29210813
18993518
21425016
22416413
33406296
21013461
33401666
17486818
22577042
26388811
33969899
19733819
18811468
6328372
16438739
26755820
25892962
19077218
18237805
25712064
17898105
28285770
20065869
17142944
20929620
18625274
32702861
15788713
29814614
25250478
14863133
33624642
33709567
33627421
23155102
