62608740
1367974088
2564053544
2466157656
4489093996
2659696782
721717630793596928
4894899732
2925946132
3177116155
2961146692
1873088359
1338229609
88322886
127936182
34411913
373364557
4844263936
4524984094
4781043710
4821501015
237907964
4658661912
3308137803
2934801208
2986195115
4316245295
4316202495
805105910
4316251703
4316310202
4421139919
4316193135
3291675757
4152310799
2908407719
4084786589
23694673
559692470
3239477426
2847617106
473322379
844560745
1724270713
3398692933
3154139181
1491173263
322860708
70112919
3627377536
1950460700
3000183266
3269437884
26211291
3477396733
3562027773
421537136
1297391154
1588505623
906925176
129224467
1532842146
3277152602
900358171
41758974
2460042668
3388514789
3309055302
1729142862
3240035418
3184607353
2522156728
50338556
2616354222
157917199
33764296
1646220889
17327882
