29789545
302699099
44937353
706213696813436928
713469694552854528
724648496893026304
722661947141959680
293771453
399622829
511840020
1394487745
4349773292
133081159
5548212
3057631002
713818313072123907
703711348908281856
3262794140
316555500
31399633
709231947310956544
3796943360
2906515448
3517069994
60708573
1935528655
4514219533
4107251
1519194422
248056291
1553376715
722680188245553152
720330681704800256
358441927
273603872
1011210997
3298326291
3287992657
2477615540
17047975
4398460034
4516332372
4723771609
711350673338535936
106002307
3292877797
369212217
609042188
4840014670
15697782
51988933
712435723719282688
703054309131362304
720079351383851012
4846256353
4916935299
3083526756
707430199735017473
502315079
701257366369648640
2179418936
2364576092
19369984
3357415792
706879368484642816
1709707916
976631396
39343807
3191527039
301694239
2904028506
2847703896
2720322689
19941044
45493408
555872030
3299225118
4786102856
704085040066527232
3315973124
4644736669
940362348
3893817075
4793460916
3774029114
17887900
3165890430
73776152
3001195345
2733099082
708006956057759744
3193680241
1431763748
715183437313802240
4030278132
3534528132
3022050356
4726169905
37386938
562029613
24126096
713982348719579136
2865472509
714113811423232001
3036818322
130543023
197213402
3164275724
26548315
2894009862
291192504
3072212658
713466517166358530
3034721694
3303464270
3005766206
4814177708
391704003
275247483
16833972
73488484
48023729
964376576
14241527
442450521
799072310
619299246
18435438
17115455
136679275
67813275
2933181344
48162444
51273750
4775942735
711616320731611136
318825413
277805390
262914657
919476290
2321401712
2730082034
36433979
751284564
4353775793
711651851418996736
398873273
701858487530352640
3294654562
705524999730372609
2939520547
703060908860375040
79736161
3072052080
2511638798
461754994
25279893
127047794
710911971348996096
545315420
94636945
1920565459
380086603
705178671229771776
2498009437
2842873360
80192440
710082208103411714
4420621458
344577027
18255387
43390827
4847643231
2731701847
1953725510
93699650
709156847488344064
16187637
2356516969
707389990695673856
15450599
898996171
3124165371
54560864
707048678431678464
389251407
63997196
707795726542217217
17575756
3886511062
3287804850
4516323500
2283953395
4157742796
4917923972
4849627483
24256927
288985052
2777965375
2842581296
163978994
51121644
264470616
165408365
720056164
4656442694
516981628
68790494
1328882431
702559155266031617
539201601
130630177
1163611452
2792135790
705945038883201024
2257898873
814052316
705856995094474752
704828555566276609
519786128
4912284225
3243898105
237110863
705610022818975744
518254771
84466525
704401721313787905
1199259025
702581021179416576
704600305040621569
4885436996
4894860012
242994808
384959189
735319218
2411973421
54743647
24264951
2343139619
100667104
3710355913
700849429289390080
340600352
1679520482
702309390523756544
66712199
3409269495
1337804454
703152766361821185
1542492500
14572236
3073700120
702498293369032705
49305658
2384097986
4830948561
4775662274
2455229520
3015963115
532469915
257568921
4860900313
699308260633890817
3190388565
701252894008283137
518856241
15478100
4601087587
16150440
3822635953
3194786611
4375328534
4005059412
353370117
111387001
2943696157
1444923169
16602224
1327914188
3142524106
3031159535
2898701472
4456237173
3086816992
17078067
156005263
423671438
3049383560
4827596238
4899559188
2431170061
80697071
4898257363
4137913632
30490001
27929743
16278285
4853466093
2329205172
73986605
1569008232
3102171805
2426017855
106309077
2842966028
18891830
3045089939
451523110
3239404093
66906784
42337212
35933996
78702265
4854941846
1332294109
537850351
343479440
4852037033
144667002
2187581930
2260994390
350411178
28170835
123953343
4881760438
175711277
4691572812
153970148
41694302
373956983
2178581647
208780525
3620813660
381070797
16871467
3953759598
2934293820
3256963938
146638297
3330497240
222263286
2828733782
4784514330
4817378011
4873870325
4781383862
4711027692
160991011
2785146722
4871498657
4869084976
4838700350
41645632
2612821172
4870471313
4846090272
4870393529
449260024
4845954973
4846011536
4870288481
4870192545
4845817044
4870195379
2919927708
4845883532
4870157351
4870220122
4870134359
4870116592
4870027696
4869937852
4869890523
1202267257
4869788847
4869856750
4869849790
4869846382
4845449354
4869740141
4869684129
4845270588
4869788536
4869626691
4869653381
4845249758
4845295033
4845156061
4869442325
4869374589
4845029918
4869398747
201465056
4844981018
4869306573
4844814978
4868321111
4844806812
4844878117
4869182169
4844704345
4869056907
4844667679
4869051545
4844558557
4844495906
4869085216
4869061342
4844282898
4868919305
4844287244
4868869071
4844364247
4844341267
4844306725
4844242616
4868842145
4868820683
4844206220
4868821672
4844100254
4843959102
4868671787
4843911254
4868581089
4843795512
4843887074
4868614235
4868604617
4868624554
4868578612
436666811
4868544346
4787182939
4868477405
4843575776
4843580054
4868473840
4868450230
4868425450
4843419265
4868350769
4843321069
4868245311
4868236683
4868275229
4842208166
4842922513
4842699804
4842723432
4842837589
4842703680
4868138974
4868052964
4842544333
4842448094
4842414889
4842341756
4867903072
4842229106
4842212102
4867695813
4867737833
4833142742
4867690714
4841837910
4867354767
4867456822
4867403170
4867244481
4867276528
4866682161
4867213246
4866436607
4841159216
4841139206
4867054487
4867037506
4866895641
4840732572
4840815728
4840756640
4866786507
4840581258
4866887614
4866735723
4866740295
4840449252
4840518133
4866727889
849354283
4840394540
3934474752
4840392109
4866728956
4866717646
4866638723
4840246196
4866554043
4840213880
4840206920
4840141346
4840071793
4840070341
4840006946
4866567880
4866451593
4839843048
4839922574
4839808314
4722041880
4866384975
4839844220
4866376101
4839806018
4839154172
4866395027
1892506526
4839779401
4839616152
4839592356
4866282297
4839504409
4839352620
4839507745
4866310012
4809592337
4839360224
4839292220
4839323965
4866263716
4839290954
4838921000
4866229318
4839106032
4866221014
4866216808
4839160093
4839089234
4839132835
4866126605
4838995442
4866101621
4838928986
4603741218
4866109768
4865967423
4838653614
4838699810
4838546172
4838631752
4838617496
4838531444
4838573071
4838430852
4838413572
4865906913
4838364072
4838307474
4865991946
4838315533
4838243582
4838085492
4838190979
4838179807
4838107712
4865914606
4655299879
4865853184
4837845854
4837840940
4837861652
4837840339
4837613490
4865704511
4837501976
4865650115
4765714627
4837297297
4865453661
4837309081
4837232617
4499597592
4865302017
4837106413
4836901218
4865199213
4865145771
4836700934
4865051169
4836728534
171705798
4864925811
4836570740
4836526628
4864934920
4836324372
4836422114
4864760663
4836237000
4864624583
4836135132
4864542831
4836221846
4864608382
4836135793
4836126241
4836014112
4864545568
4864408089
4864324287
4864410160
4835984053
4864319572
4835871458
4835836394
4864322542
4864282996
4835650212
4835623202
4835597791
4835503358
4835426264
4835453545
4835390774
4835386880
4835322734
4835337541
4863765489
4835165898
4835119230
4835204672
4863750089
4863748060
4863577205
4834962770
4834821493
4863373095
4834670095
4834544352
3701780430
4834533258
4863307023
4834667347
4834607713
4863320579
4834560194
4863379168
4834451952
4834538599
4863208929
4834447940
4863261581
4863176235
4834311254
4834296062
4834293637
4834095756
4834125457
4834110535
4833972553
4833829574
4862825357
4862750655
4862751609
4833463634
4862676490
4862678104
4862553381
4833381973
4833324853
4833172764
4833157094
4832822893
4832582437
4832424012
3526413675
4494849375
4799750053
809244019
4768785360
106813373
4855957095
27536585
1714391976
3605537953
3561494292
1095591307
47352905
4847881582
4779028494
3090187543
4161785544
2166948824
2899594652
2332686246
4800473322
4779559747
73782019
130274713
4625991374
2864915475
2949687986
260791555
4771006219
1365086136
4790538728
4795156754
353478518
16831226
17772540
4832284876
19299428
4510360332
2961591272
4785378888
4827703221
86356349
2817627529
447355139
44266626
396550093
71170148
50758311
283615769
48063987
3035879897
591629469
2366403234
22036360
126040862
67521570
4766294161
18496438
985236391
4812537621
74043958
4758027540
421650066
518170154
4700891897
37384112
1004102496
4029180313
3243045330
533815925
239222164
323262856
2196666685
3063762434
46686077
178286422
98723714
3293983392
372050829
4735949221
17444128
3743483233
2293710060
364738438
1244273449
306947160
3910205893
4726918753
4726629752
125524641
226304336
1345256102
231205619
4718068977
478791075
4424225240
351924250
2545977104
2642511468
4701074497
1468470043
3750537554
4686272606
2241521959
4698222487
3840202226
4682025973
4493102232
2872661847
35006055
1177128127
3774755536
3777384448
3774706714
393586294
4341911854
3061678728
3243438840
3367301112
28039735
4559988449
1390696136
4510027454
4303625772
46230713
3142290106
4652397428
512381337
24827451
4487536940
455525474
3614074577
4630057525
9434272
4624937232
4443846257
4596715459
3301273845
4387590754
2284640467
1540384177
343758587
345185633
3039964413
145071766
417625255
104459389
3159954584
3011652158
20808075
758876690
3005378666
2986115144
362746034
3653690054
3176874835
355350607
211649092
2300699310
2147850118
2227625236
28041855
4264932987
20617476
26623250
3153745334
282737442
360321873
247551914
1640397860
3542842332
4529983999
261446841
330641988
1594476702
93672217
4071750076
4445781012
2729157815
44498480
4335083292
2787142631
2351014699
2347374247
4374236053
166875312
189770284
3031606514
473170621
1968260508
3072389335
147215572
3311888438
3188262614
4234148776
4072779148
466920504
3110686554
3075079049
407146880
3022189907
3996274758
2153348802
1059860947
170447051
3003934221
2429412423
16650765
845014921
74772476
1365596972
1071936140
950321034
41907559
3705511275
35682088
3071508488
4326001454
2157890575
818319114
2335036972
4024132233
632350911
19738046
16189518
2473057831
1210374763
1935178837
213383277
2781042354
329237825
561209346
75085401
3556805053
2242728246
2693509696
3876549974
95995656
3280951854
1063211389
4260922814
193074189
3181699939
2282891173
39134829
4253845404
197184400
4243055232
462604660
2651680506
3468732433
24059565
921908676
898692668
519658527
4209101712
38419553
408229246
1553842850
1158234043
3138397321
2928471748
16554084
91439025
4195610845
4053914418
29772611
35594629
2287283786
73136116
4182258314
4116686877
4181342774
43446538
3252819168
622316204
4152737119
718957124
200691043
4168256712
72195927
3712105152
1059848784
55768104
2949393232
4159422133
4158579072
270767834
1284663716
100561544
480729899
288098027
4136597232
4116057073
461576749
110144989
3145239759
595189702
2987713942
1528224673
2333040390
926699558
18557709
380815419
3431679137
3110721811
52481143
3243592531
3865080615
3740336000
4106597714
2359909855
593226363
2211507505
19404445
3509747954
4093816709
4093323287
287254612
3268812632
2595398523
549091769
1443780102
2753211010
2693632380
2494691029
4065815037
251199786
4077522861
3426201286
1303692978
4069949834
280232453
4075415595
606163393
4066005734
3276386581
3277659169
189807841
27307040
2661171433
184594756
53428007
3313860960
820164344
4065367857
4053327194
19046150
3925870285
4040570772
4048498812
273013255
2508231434
248935169
355289905
323442509
3974249479
23652790
3906423014
1711246170
2447834814
2422690406
558030344
2241809346
3248410062
822004272
4033293604
381051811
3004382651
1703310901
834526411
188830363
2724981125
3569697382
2920641809
2160162002
3158013552
3942924974
3321694068
78701426
3931978514
1431741775
1961445972
58633554
803888958
3301093427
3916523832
3139411932
3372298097
3278699851
1247612095
274266234
1850806376
1631344182
2820375516
111952016
3763554012
2524108705
2190938768
19254979
2780278991
3948802461
35237247
869118426
310362110
51197741
3863501172
3441779962
2836853804
1363079089
3277949432
17064644
3263671440
38007563
3065919551
24717526
3222275192
3145499185
59384367
3025104766
1424337320
3723181701
2269464956
2717978351
78080104
2945772628
3823589653
1000996574
2595348565
136709880
2665391572
3286801374
3296952314
172159256
409641861
1901161675
46177166
429313500
158086026
465196118
22508473
2977796244
2871312990
3621889340
2904493223
1855771939
3763219812
1259647652
124484893
33052572
338680408
3296235786
3363204018
3098224466
38331904
3740982794
20095243
426394953
107858729
3519500234
3817075697
328759996
3396393012
355575407
1193538272
2998680937
395523895
485135132
2464855440
102439125
5725452
580958983
3498497054
3740212276
3280513950
33140490
74261838
2477515814
5871842
1711319179
357565003
3250824942
3645052281
287065690
3225580578
3643822212
3742736117
3518659633
33180242
1901445121
17641936
16944817
2992367196
3594446054
37145603
1355796235
2727320772
2374695337
3425664957
539596065
3254141551
371881449
35825392
2638661931
310402339
2457441133
3247209445
69681766
2486285567
17052786
31361847
3416563105
2638673741
3655996667
192252001
1475121637
1520248362
8820652
219149310
3422265134
18078324
1643303280
2525511703
20621761
289353325
37806365
2861231052
3499574953
107630753
318778914
3236371398
2589729396
2808388741
3311075804
514837764
161310396
397528755
2378259685
2978645566
14645241
911534088
3450979574
2849253043
3286877605
242002914
493160753
3011769512
3365246105
156692504
1556351978
2544316544
44073438
1726307180
459797408
3529505057
258652615
3156817080
59325609
40110211
29899844
3310643444
762660385
3416324532
2336144545
59815052
177848845
1961247631
26809616
2172626173
2679847492
3189838176
258002134
2788643456
2891211992
334710487
3102138566
3321754700
20079653
3249203714
2478831696
3286254547
63822923
733510825
285729202
232669453
2277373075
3241765928
3318396758
261526123
24884694
401645681
3435919089
44409040
312723929
3342974953
864470988
3360178646
98195601
100308971
1283453760
1321563169
20518066
3314995299
459557733
1602473053
3134291280
134382751
2886012021
3256077421
181644377
27071005
371479998
412809294
2584027284
3312648391
211303574
34352096
20721950
17342780
3316880935
1568479309
790515740
1437295760
3286790792
3305134270
213405403
3312575448
163641759
1118535271
18454775
2652218628
3282029287
2923012859
214343084
1577954053
2767186784
1564976618
52786154
3310802066
567203122
27540578
3305557340
3279785124
2802511533
3235390526
12886962
391791577
3193838366
1581173220
437123318
3287936586
15472408
3307398517
3075446022
90804614
2575657740
3231857047
3074394780
113699615
3307971432
3010618724
1026394806
3289427402
2327834204
16331553
14940076
2411543856
2924954364
3300868962
3298429999
1583526576
3226611174
357853589
3300799219
30666787
35901992
85506442
3283076762
52201787
529117485
3229929252
2920192669
183489933
3070184647
58980147
2546446292
3118919736
3298867591
15147261
3298204958
3002706594
3111714408
2613979362
3241904258
3087038606
3289403280
3289345610
2998574808
66480949
3288163771
257674463
3383782654
234799321
2409469423
3284261556
402835409
3129548584
3152030318
3286792446
3309322125
46113407
3285766560
3246214928
3131516140
3012728106
979602852
561552069
3280083883
2961529209
46190093
1268666641
193760666
187687890
3268263026
35033976
1315651994
193026343
1655944944
2966570782
77308668
70813085
3374563720
919612616
2704826316
1889168929
143336778
3138241274
2382519865
28838093
3269501682
3225725482
3253669284
322083217
2800194522
2909735347
592071756
2803048260
390185205
1092137971
3266375838
3267330649
318613127
3063550286
382882599
293905426
2774045154
1695314275
17995263
1284513882
50478361
1342583268
25188886
3072107258
3266332393
609441357
107910070
2922202074
555640943
143566953
2614228578
3265534322
3259148658
3247692176
65411847
3047246719
3257051150
116867062
134223532
196761869
2149637935
3261141006
172173792
2178952447
3260059698
2174112463
3234768620
107852138
2998572750
954345450
3008607775
3202286376
31048566
49551182
54662153
35505187
1150002974
2254070934
39545463
3158034402
732589452
2788610467
381040096
329354575
326942349
2564012641
1903643599
79890037
838468057
3204353901
1963330981
2205215864
2499512312
17968054
98423436
3111022121
33205246
1148479854
61328264
506531851
344892094
16590035
2407445208
101395252
3164401596
2566368373
3073940101
2478540078
3248544667
2756005604
121656624
45605250
2828331367
3246348458
18621256
91588813
765233354
2350893223
2905360607
3298694121
3139269751
55200566
158494444
568981657
2251411867
2933424738
1029313621
3238138183
3241707949
3126971563
36376355
2685751130
3078211668
2608084198
24956461
3193153309
39870107
2953985551
3236936732
399510670
3238682712
1444919839
14558825
1562599352
3189269299
2295296934
375789929
3307394543
38870949
199300419
17144959
601356515
388743840
3233235013
199567542
2839254596
1342575373
2980785127
3235467624
3228367255
507612628
247986963
48478571
21437820
16386885
141810837
2291585905
53275369
1659011935
30039891
1138249104
1858201555
2456193444
906109843
357722849
2885623052
18299168
3229925317
3221490172
3007583593
53241333
3230010420
2698089846
77124130
3125880212
1380614010
3288735467
180130189
3226233312
1428878144
3162790279
29513159
18454770
6119652
3225709687
3111680124
34415139
3145692815
2524385054
400261213
51128882
3211664276
2705397104
1087616882
2914822649
92771483
3130500677
15614141
139888220
2200541960
468791021
1880296844
3146500851
3100588236
3193782961
3194812003
36720515
17881816
2735781168
2838002655
64181904
116998961
16643023
3107886654
2652287089
2270733294
2401936698
16620790
3187078650
719701325
3192541148
3189922232
2342477540
3187466486
3241064919
254800163
14876571
3239935731
520333155
152512581
37474271
22693812
21001561
3239803535
3137663870
2884961165
47761088
290101610
171500350
2912831846
36995549
3149149340
2872342923
27089149
2777425711
3234811438
3070550852
1446382514
3185331702
50554147
589688675
3024290833
37205649
34548584
972643111
3168060835
3011893082
2998614678
3092759020
3225983865
415678203
3180846552
480500248
2431059474
34036627
1426850966
11856932
71555237
2329181281
284082738
29870604
16827765
95633485
3176870238
620361845
3176078532
2150232068
3143043709
3146545614
2986066125
27150823
79619155
80389998
64091421
633114487
516840459
853709269
2323119524
2792760789
3034783202
201305493
187967577
633287684
3145803643
3075813790
257743588
24058777
3157861502
2883209372
114161993
626041360
14220187
90304149
2875078760
259990509
182637351
553152622
101918522
152442757
177295577
357791899
863472282
3160294831
3032402571
3011378426
393149999
825988244
3112641488
91756243
1668683574
611817117
2382543985
3148277580
3145489103
16248438
3006208133
3153043873
186957656
3033845749
14325117
3070282122
257064494
926184690
16243350
81003321
291848543
3043219349
1533777048
2347889586
2983571827
3151873903
3005674038
3009557047
68335006
3150884671
2505956534
3148613804
80606671
3083474609
18257519
194240641
1623562940
3116553186
1611403818
2721344854
71109187
3134527322
1741626139
16788831
2486240888
2985879236
579925244
3145176620
129910332
507860527
57652284
3143375839
24226703
92922276
2349354854
36466527
17366729
1583730012
1436486108
500953860
28862187
1631472870
57360176
342865170
1671022142
273636654
3134136470
3121593930
1677904147
3132227156
62922951
461465097
3097697577
3124311409
206562410
494668846
2412857641
3070477058
3058894022
3108914754
69374857
3115765956
3122942135
370292071
2938606214
2972163543
309754118
554613469
3109150244
3047274596
2515856330
716938951
1811871
23670502
1039006513
3104181951
90955510
525882531
49969762
2149137344
168950762
2910699262
1727798580
353156536
2998663063
251710057
44192628
26769194
174311506
862461384
153250702
19518239
425509687
603804423
2893650462
3100207416
2813341285
818461850
2214403854
27450176
2799310390
2345993357
361020493
2387960054
12006842
876215430
2176984364
954409033
59532714
578221686
1250801178
3091726231
1192176835
1705699495
1035980274
724681146
3075391146
1282824308
2172449005
1470744398
87403396
35865777
37599351
992256602
1894209367
539469312
166776448
3085175843
769602992
2476104474
564835799
2991486979
3089395654
971935034
2829220024
23166350
1240945454
3068648792
46191949
68360592
61103834
156751592
244782166
2801075119
62144223
2780497230
612866337
272656504
333069442
918210828
2422783862
138571216
15936205
3073015444
437726824
537271585
2986566046
2916912450
1853324575
55613575
20006987
103984356
343398866
3037835693
361666620
118850680
551572568
1621850677
3059553612
594780127
3063062213
1695150564
450284776
2999757553
1198840944
1762019640
205865061
16914906
97810004
2918007403
3057141860
298858897
38277351
2586440186
160371385
3065269343
128094059
21251057
1686055496
2468622355
127270798
1120661868
172574882
13470612
1173266646
826599745
1888459855
2881805723
3047010806
404541390
2922315722
249887423
104064848
2924385310
56366631
120537835
166336441
2502926471
802714585
236662829
331279231
830397896
2870745171
225113821
2302638162
104527271
145691564
14392096
174044656
860632650
76714586
538587834
466225280
902123521
218341693
25472007
1136092034
1041324528
2659448348
74524374
23603878
2683534825
2728763873
173659614
66613182
62940205
721048885
2239453004
15245965
143854866
3029028306
109648235
28808813
1306369968
18294521
104262458
35296566
20160136
95699823
47258521
2679911286
190298596
136286675
140657126
231852779
3023261192
271962534
355117682
64129293
809937968
32148966
812426306
222248859
2613716480
1686020359
2484723884
129095614
2970687975
3000619020
3033608225
3018324944
956971248
516754477
16398830
3017684726
2883184509
42782975
23713318
42523427
1929921878
17574112
18184083
743871806
3019633384
80124896
15949157
2431136635
2998649444
2883251813
29292727
3016496992
2795419801
2326251715
2751059258
1162916616
561889671
16032700
1720268323
98703254
828126565
3002729107
78709964
154968525
2994965179
24457210
3009482736
2832339754
2908214599
40376334
2372834695
2954080174
1887304945
31696379
537468439
2933761872
501446456
2572023704
2873731058
52726433
1853264078
354497377
2738397743
3003985390
1682693426
29561321
2891155889
2493388646
18481113
2369035206
2788339812
3000256592
2251100330
731008934
191121196
1228021382
2940767678
3005493648
711393440
1549149769
3009839140
118615038
2978146858
330165300
2998720687
48248198
3003867254
2936408197
2830022882
488592062
460661863
2962649255
2996111296
108352504
3000039332
2372573407
412625280
2866878375
2992470296
2806252619
2881239397
174775361
2993024437
2940357488
622126843
2989861371
2881743538
2442750529
2995182464
1252781684
2995573520
20933201
594969086
142074329
384510122
2994750825
716314675
2925989250
606644831
296585331
2449247143
26140710
163653892
2600398788
47493646
415096794
25345777
2877880328
2965988847
1371268219
193095246
15236418
530858425
313881267
2653463789
551285226
114270633
609228835
233046473
286410171
256287748
139672527
1880533771
237599729
156794004
16034244
2982633095
2865290953
810040705
2546780878
443973902
2985604274
2984603660
2980595536
2850393885
94414447
49583547
1076537388
13167742
185767478
2397319320
42437496
2877319252
2796844936
450266224
2972607537
2793439757
2918270764
2857341464
2768341555
145062328
2376574388
979340196
106552516
799760874
2963589751
1542182227
29528796
423936363
17394199
494406394
916012784
22731335
2367998192
29876920
256168233
2772447356
54156121
70427888
2893178617
320878430
2422900758
18060588
2957395298
16804088
155441066
19670199
2790200470
1228726496
2912484770
856852033
136843071
2955610751
1369461836
38189675
454400056
36481426
2945012644
1468142624
2955878935
2432454890
2326137614
2758623257
17714998
1351971097
2776730998
35579450
2894024938
787845468
108505647
160467872
387998022
28878491
2953003198
15656070
2752940351
2949430671
2634801927
161281961
563898079
2818012154
2893319969
1862782592
2148365256
47447790
2950463467
2907577711
2946899830
2886003197
2946697586
2210017614
289526419
16431230
2944612213
2737670445
2941679895
864337886
2725771852
30376600
2930184332
2942981414
15918337
2420286362
26929172
2668323890
1646686903
32623564
125196011
2736687838
2938186314
2260150651
211566788
136262318
373458126
2823301483
2935602175
16977333
151865796
2350572234
2912212870
520562195
41863083
67123966
67770713
2914801996
41934372
2728254537
386062616
339425729
1201800439
72614152
1654054981
2751593024
1633982324
2874231853
569616394
2907392390
2807985409
2874494399
2746325546
15537488
2905559618
403942389
64116470
18906599
260590025
69507432
2930324136
79642754
77256902
14216532
2827867744
2384117868
2919371093
2918351678
284587698
1340217644
1372087135
15902058
2811681670
1362979364
870924822
2927269364
2878908885
49632250
291823886
2514599512
1640559985
120230031
2895141793
2566507028
2885224143
2564516838
16435451
1855724144
430203410
43579524
502202366
69741745
182683405
2489118043
2905433962
15657436
451868997
108804469
2216773626
2850970067
251897863
224007468
18588822
29036314
17354653
2767703644
2681156919
481808069
18445455
484459960
2905689071
2476951076
2742285531
515562949
21261140
220633093
6575732
2203971595
162427655
16859898
2899198437
27098941
48929200
51259320
2475899302
171486264
2909512794
151339056
2859838779
96564060
2914077241
2891934574
367418309
150832616
25281063
2627481295
87407492
254190479
918111103
2728301294
1177499490
160576274
31636932
2891554163
2494309632
320899657
2660133913
906782168
468110721
15561669
111595219
69298948
2908341618
23135992
2836696882
16548435
2874047463
14966720
2902377379
2838142239
2740139056
302112990
16161622
50302257
1519920132
2566611607
2905566955
2903663192
49749501
32646842
165854360
2897820512
2731986654
40421195
34032011
552221554
2848759659
2260783124
2880941531
288455050
54708913
2772335564
2222407273
42823323
428545693
14275430
501153161
44449982
291613506
31170686
577492343
1396298552
2436723198
17532498
2795303359
2876601869
548812331
2290044518
2882506794
8958152
2753365999
17002425
177274866
16734119
760081056
945114636
2857254859
1355237486
703993
480665740
46248990
2862948448
470749252
2483086723
227929222
427209432
356762440
210684204
227524165
2792600033
46499643
1395070656
64496398
2885549292
379765354
2870952231
2888031799
2638680850
2344624561
2367963314
2347744848
62577095
2638664295
2637227865
334312937
2868224926
2588230639
54597479
2640783613
2867770533
2354126304
2861193359
51822402
49937969
21139409
37775600
2545878052
2864986781
227707612
19948562
2864648950
839177102
2438805283
26575347
173533947
24901839
712878650
2364111835
2206227223
298651281
16795255
17875535
355065231
403682542
2820381992
2717835293
292582187
2860430621
2889533467
11722042
322835633
2859734549
139597213
1350739910
475473771
812495492
2533209406
2818936293
18762518
2855436929
29149041
1270988863
2858123151
449764971
2852960733
2339770459
2612266178
530916773
2209807658
2833087518
748096921
341021237
460523969
78397404
326579804
2784543057
2397759107
930843572
2561871648
2816527967
462536031
22274629
167848862
64355120
2704735949
47647904
250273227
1927827932
21769895
2737720061
487503522
225695514
17768038
2748826717
2209390885
19543731
2584581354
13186222
32986464
2842191645
2878401643
889012148
2844079605
30500021
58955560
1147961364
2874900656
21399457
2872502136
2738221221
20691086
21246628
1904423155
2599477021
124961889
2827810344
2871384331
22168688
334787758
855767942
22454542
18032392
2786389137
50211735
1117891674
17454421
2724597270
154374302
1935222492
2839105882
206051680
180577385
2353740331
445931466
335241798
49614615
2787207063
1115236039
2411624215
2981431
32025158
2835931480
69353880
2658815442
453134605
2835578724
2828542780
118134842
542106545
2480127726
2209560697
1932956023
2828769935
167669428
2817119821
2397123322
482230623
155927833
113486923
1284896953
59892031
328730264
150708238
20496196
418071768
2263338168
34557262
18738289
67644728
2745879361
2800041414
2311411861
1428367400
2735518136
2798793776
2821965413
354511442
46576329
48807726
2804358410
2800516648
49590523
847693844
526684500
36680190
32739992
481506608
1289679403
191610496
2818936659
2738155040
24932575
2799365985
2817052012
2387393748
1452638941
2826772129
479923488
2696883469
226717743
2815417930
2685924068
2617487071
25939733
1564219544
33961821
1078041918
26307770
9538562
106194748
199237755
24310314
123111424
1895306911
158494010
2394376086
2806689083
1403527058
2838427568
586038433
2626271828
25201128
2493702816
2839077104
1157717372
1658739330
2838054990
180084810
2187181592
22470256
16630150
2781344017
52820912
1584452136
2735810640
2830566276
2828930324
2185185540
147763423
629031529
29942733
1485531080
50777351
38983091
2180769757
2251930951
1499643943
2484664033
2282536526
2828823816
115800127
1344425383
39304205
84987612
50455084
2812105244
1480452775
747556315
33567749
2783190233
54679698
2782966281
499949297
2679053443
2426589738
296545033
2437438039
40414163
235217024
1876620186
384284831
2828182873
2883841
2748757813
156719281
2810035472
2821122768
2815637298
231846541
27697903
211937414
2561735078
2409506570
2622791164
2176263860
2170774244
2150208650
308724683
1967431933
2536003824
2815931036
40990969
2798075707
870839935
2617674554
2803486050
491782090
40342260
316529987
978684858
15667602
545732626
1325143735
2669877906
376481179
2460714060
320922702
1950653598
231851239
2223487082
317395801
385590085
2798144388
31656168
700087166
2731883832
2534951746
2769629481
16141860
2276675538
256791734
2307009157
604666309
607900422
251568092
863501084
2584412540
2800927098
2316452450
142293661
90272335
1287642632
2804267136
2804199678
2804051648
238486396
1371355303
2715233035
2748916656
42782322
996321193
2766704055
15771289
2749606757
2766088523
2167035300
162451712
2764797483
2655203862
2771063166
2762607257
441208038
32490564
2763450155
2461972087
27342264
25781930
25830667
2798210396
494479109
175177628
20484135
25317504
21485009
18337751
512593765
622296749
2544302717
28447850
51179286
98908810
191704182
2650061910
740037290
2763611343
66492054
19727891
2565483896
2324517655
2258282552
48647928
2701383980
2387842153
167200750
62541585
42558767
2716339766
2294922474
2325933284
122312240
2762041720
29546046
44952309
2792397025
2685459445
2757148665
22590280
2746409972
2599382089
2715937460
368130867
463912747
95832014
28009538
2717318058
2269219256
2750068094
459861975
527831469
164543695
2788759896
2777416646
37842991
299936761
2787256213
20221216
2649115884
2411685750
69849864
1513522105
46237849
54310119
400318764
2474625709
2746495267
2713669993
27188645
60677486
250916305
33015880
2615595057
36876839
24396513
39897996
2759833872
42948595
2435367691
253725945
197088219
2743329512
2652768984
1591276610
2686322820
1618253468
22831866
2767605248
2341153105
1023541448
287511033
14603779
201110069
499981513
2545219328
16475179
385267373
2269334747
462974617
2308964695
17187236
805230144
324014953
362951971
2342334524
2750552441
47680212
20393241
2755443212
2234681586
2745705422
2215772790
18487101
46178214
17517288
54154017
2578834856
172895681
2746351146
355985664
1309472989
18150923
106849382
35307867
74572654
17467491
2348577366
114592319
227711331
477981942
2716881206
622273347
17220643
285272436
19478383
91478624
1684468832
1119590118
192473268
2741673711
16644124
859420051
1118607666
12625922
1684212174
2723113794
43426166
37978773
35169039
2733063674
2382713070
2710562305
48049733
1230900500
1455109574
24980670
819898021
108760250
2726473693
2724982874
789101803
28249447
2223639277
1586837299
2446174537
88256866
18564910
293912768
2701728746
2667106374
716044325
58075090
364474556
1126094768
821919468
2241222288
99849219
103057647
2735181693
1289574140
1333561610
565206980
1918022035
242926870
31073410
23969203
552414400
67498893
38010330
800842230
2697197959
2615856414
2669945455
39747821
66173442
829171956
122975628
1157955798
2522755400
16957088
2546956417
2472552714
2614830392
171365407
2605953446
18398330
599777120
2731089785
1732573290
263411693
333552331
618429259
89799990
193014274
16657500
785448589
2423935956
2242756334
2688162638
2657559384
45436858
335743693
184108621
2728550207
36289623
1909857246
709788084
124285801
15358607
55088497
158031215
2342706432
62649932
838511418
418925845
1632939548
396980479
107501328
819582475
30064942
2567500458
116038167
459624881
2547950746
130560609
21397275
265939903
287546722
26587821
99414516
25009961
2622538260
615330078
2584709047
2290173680
270044243
2409284496
2595172176
2344442300
1836065856
250305695
16798451
474353398
2598335616
353115096
2596982768
138335665
371082435
27894377
16228634
338078430
24226766
2313699127
178393668
127943947
497525205
2568553388
2477490235
1365390750
15120886
1305063372
2616255114
473145488
29880152
2533027512
2418171566
44970928
376030588
289970437
57465426
210895939
277853417
20960156
582891351
2378320579
27360985
822938994
578773588
15369566
17194432
123709729
55474799
2301558918
2363131249
239599873
972902430
365067717
1707713785
1705912674
84458028
2279982402
17323609
22257074
89764102
18342519
1262588137
271095892
2626859497
2269315591
1524936025
11579452
719144150
2168759556
2557463984
125643768
274037697
15853191
314377022
1687283088
165121834
2610739830
1072956806
40043421
2475678085
2687645147
2493819438
348774257
545945369
37309748
2355413847
2681562797
2584643250
2595372098
1061195857
842275508
1666932853
1021411525
946761253
157746351
2238142711
199245508
173769489
19913919
1956352776
247457848
1617098725
2578955664
255817753
2623956885
47392486
1002684236
2651654686
633823012
2581087716
612364209
1884942696
2253707280
788076805
26330624
17563812
2540130828
1320984896
339212663
14326454
15471123
2263009081
99998555
48026066
2588961175
2621026205
2634237663
48505104
37573686
21910486
183449212
2449850100
120816836
62922877
2518129046
2352230796
2458731738
23871990
2584528267
2317928407
2398472324
2578841648
2166948092
2631880433
2475390432
92125230
87872151
54352672
29280466
1931702239
28608761
24543045
2547019176
531291518
1965960794
2577447882
2573778600
303587658
209352780
2341656624
85600592
2218829299
1589889788
2571615974
2571504925
1210086536
338627709
371244627
979527127
873602665
2528237528
2385517147
583403900
309512903
565702393
28368411
2248252861
15274836
2471877980
256377677
253317684
2516096504
430439550
376745760
2230849855
206336835
2545761832
87074743
16916881
857298534
1195840290
1431700219
2557980582
148011589
486757456
1954173318
258177034
2531427502
40455105
2309629100
1311174024
2577698937
2513467500
2339752014
2559644183
44183427
190486737
25820205
2362178466
2434664504
2552803266
131320096
18692842
28466237
1113202742
147860543
583215409
442469625
2419524540
22207127
703561088
56236841
110503211
1446313706
2366037764
889350032
122398941
2239783513
16694459
26088388
422014746
1548821815
26053595
1372413050
403875709
153506258
188536930
946541899
60140597
1618205504
59593456
2360323560
537405355
22814714
15039581
1482930300
93889726
51032730
2398569764
1734836330
46195728
2518125829
787964862
502301954
176468814
939449258
368667004
2409403980
2521166371
2483070674
1376711844
459614152
14333333
2188545487
620458646
18662787
232247584
714653172
210219423
311871466
429257846
105539700
21983184
21777740
431817152
1638430418
2399053267
494144334
386153805
617853906
146917197
372872095
59819920
207311900
1887353840
1559813238
1582007922
2411164284
26441555
36477315
1498582172
585229999
2474900792
2491354086
26547055
40614638
22851749
261434246
1305938294
607872442
17796390
14134823
1436889854
144986044
16356833
392368651
81470396
2387634715
2313947497
107583279
236293526
232221536
2384089645
2437551127
138626962
2478678798
27029537
489634533
941868056
2401261908
1449433741
292028526
505276314
2440910100
2475767214
2471314063
17326007
2372949482
549428607
2433177973
342813991
2309246845
836800363
2303936172
1710774337
189367023
2312494016
1506901754
2462785770
1436222558
2266106581
15915334
1414509476
779155848
36460096
25780557
2375581830
2422512529
2507765543
189800837
324516398
33566318
1636454652
540373294
19773067
2351849748
34848379
187736036
15596316
2426796463
598991835
1544689525
21450652
2453384736
2445793843
193065733
93943172
537818069
512618046
59167662
26122639
22154680
1964055668
2446076202
22076537
306363930
2448305611
1558940958
321801147
1120649958
217599295
2318278014
60708604
2442885693
133419394
14693427
1265770855
752212272
2156053018
17075891
2436414786
2432109350
41766197
2440797276
857090988
15283291
214332421
838239660
2215942369
25169981
334802994
1556449778
16869964
1662393379
27652427
19026400
2401569906
488725931
34040807
5391342
341919913
351936282
2149937066
612317401
1616346330
15655961
2434109610
2428157954
16018805
2420988997
17068347
17068830
2361515402
2467924797
14981370
637226382
2150505416
851357748
2229158467
173195235
2291472386
752369408
2419537260
95227144
1343103056
1552501225
158447191
22947284
75380953
277133172
2407713806
2298350149
14697166
1934668646
401704686
1616295606
1367159718
785217938
304159155
2377598862
510538598
2421744019
281793569
1608690884
59837805
22498138
1969228040
540032222
2419862706
1911459170
1907258395
1199695105
2398566349
149389590
2348871156
37035279
2414856020
18746365
2414007164
2439039963
2291700914
7917922
29566902
381576753
2298316687
28144179
29147312
2329098540
2310443372
18548136
26260161
25937489
1170178843
2408343092
306004037
211030292
2433389494
173989916
319956784
2334529255
1358478043
2405295272
422833622
2357145746
87300371
217446756
37404987
56488556
63796828
2424931012
151731655
1490691396
2253914708
119491086
2400207908
495230155
1961124392
1555938726
581207679
18365077
621302185
2391783624
61230613
24795924
497280660
1954677757
2372299393
2305670527
2273473860
1099850894
34109366
25744995
2341046911
2376104120
21219982
2312209670
2284500517
1183453633
128990576
111408078
1726675736
17925728
29641723
1071098029
33676649
838582572
2363281490
2295265783
15406924
257033828
18710937
427452377
104288353
2374753759
2147667859
1119471194
19560605
2310447980
2281707492
2312738276
930547124
2312596957
2312246437
2289510913
2229571800
2281696616
1166012401
259834782
2369778104
2373064962
514828351
475949113
2363777563
2374157960
2317382688
1392961566
2372125586
1909535839
2178853921
2359702124
455931635
360222910
25794112
276184823
2157335803
2287211330
849565974
17027394
259228968
47853987
1252191
2304130014
2178769652
430838592
33549858
57219433
631435658
2366124223
2194645098
2270741267
2365716036
34216233
848065747
2161751882
57081864
248361452
2216303802
2314138223
882557863
459046200
2338826648
38539327
22042296
16457702
2302478370
31663606
2356861303
1213765423
473235639
1477415906
2309158034
966557353
14269985
38215965
1584528546
26514034
437657080
89282325
33819746
266348760
19297997
366233855
2344124137
36485374
2353698728
2241470426
1633233140
62065736
138492750
369074243
1389977730
2308547856
2263258896
26246426
41899936
2326316958
1668489984
16054479
30744108
2349175796
712593443
74166474
52236245
2347941780
377183974
2241258146
25686546
164082082
774865746
2344311661
636933563
2301617581
1050645673
2204321059
1712762948
19413254
27951924
462794049
37109386
2279637750
2340940872
45964388
2300045323
16564282
2338778515
101596410
2332600880
1648410812
2337289784
283149099
25430797
2335390328
2329482746
167144077
2282160306
2332991996
304697708
581360783
1690017318
1961271204
17592890
564052857
1050494167
726894901
17480527
21788619
360134102
891869100
2268618061
14391098
510441940
2324161938
2270498359
2276920867
2329828268
2329728571
245460991
2319161666
105349162
68067290
107229866
1532793774
321631453
53553026
2326440110
2267018880
15891157
750387242
1323191594
339081661
35965536
2324814805
1016404788
2225730726
380593812
477590371
776402491
1692723248
15569691
22232906
71343531
15976697
2320311552
59567225
166169148
199317006
2312349549
2259287575
2310487009
1635821964
21896619
271007841
2240083434
29230260
24017690
30295180
55135810
2316042727
229155426
26849407
46157474
222151948
464939927
173002323
65741500
1108560224
130955418
1035277292
254573195
15671604
23532984
2308927136
88861634
133022865
20081089
802547688
2306858664
172207948
45336175
512329304
25329853
98974156
17025705
2166669211
2303425585
868459904
630008970
15789348
72474957
245477841
1403521440
1658868296
1378134554
178816627
28033140
2300220924
2228315978
53194355
409661446
398979848
1170521846
17334628
1960208780
360271617
249758440
184188919
378116920
532688889
42219201
89229609
403636604
19263251
80480261
21032688
2266727928
1957421611
403733041
1727086424
14432489
2229399127
1305994658
375175601
411162553
1355167014
2259511112
292083906
2278017488
17525171
356226029
1899905834
2285674698
85995297
29787432
613414690
927125803
2284053296
515405435
2180177719
355685950
943755890
72704012
1161075720
119732648
1439300564
2282665754
1634409690
518677685
1679490678
18522902
2267840707
263384059
595305232
2174317976
14476919
2280078158
917953850
2279615490
1163850961
2246600190
21765964
902913625
295363097
2268090206
1605160934
2263292234
39755807
1854729248
132336590
2239178896
2258928167
260290313
168931782
89123169
1420121575
320438282
21098242
514980002
1046119447
2266512716
36893865
1957431254
613034027
436927207
29505227
76984842
1499807365
2245137105
1413704815
758574522
2252709420
1871787836
30973
46299253
1613879886
1659175188
2232854310
357063500
1688829205
65758192
2227346575
1175752086
2222922748
22035690
259577586
50478059
16129615
378094307
2253942846
2213122981
2253425816
700003074
2180837412
2248231532
14270479
145385322
17392110
2226198193
1566511208
2177388295
1931371134
745841437
187775073
768049112
2246575579
2156175968
1713876648
174734131
1499772762
17049663
28526660
176540776
2229019982
57454431
76384556
2161491120
1935189668
2155429734
1899154224
37837358
20477969
1053149335
38725745
38205604
20210561
20343720
216577620
17163379
34106521
2239533482
613688906
239233506
36070914
41311603
1265102646
1504607612
1679376139
1383735386
2179330837
602378184
2235285637
40050955
599563562
1278195792
166755605
2225273600
204763388
288600006
2213086998
71469199
2178963859
18735489
16616716
264477193
218134415
18623463
1363315170
21844236
711531104
76403820
852156894
1969309663
515774075
33045433
1199312942
1483716608
595158336
1224716887
72026966
1140877741
480850956
1955172464
2203685185
1096278696
194658354
1553779574
1900160948
39622184
446568075
2213811924
187600534
70863769
224778322
133134865
2209136760
25160250
29930037
1979132606
946534674
85715107
20447228
1107747043
444374745
18351082
1202504839
394877488
476869725
1915412102
2201988992
1965744050
47454323
2168719465
1635943885
34896574
15937190
2182406499
317578491
333561156
468770327
219371427
1114546352
390569001
2179425648
893355055
2157298394
148461618
770380622
2194808838
2194493906
2194535342
1470273710
374895381
1383974598
54706446
76371514
316904295
818769584
203099217
2155778252
182118984
2161390296
2189661764
107463169
34260207
1608556249
2169048822
54363319
153656853
20932798
16638774
33254480
1184854051
44406241
227853138
18089130
1858145137
366987212
803119752
2158989638
1362636672
369020071
9864822
1965036966
2165122680
2165092416
1736489545
30761129
213399409
25455739
32399121
2173347913
2151976274
161220026
2161749685
311218846
621331756
1895140800
464138199
44416616
29917168
2167197390
36390579
354474600
1911972000
423898139
32937733
20111565
2163667279
563026141
110476508
1589571876
14059262
188573199
472739205
17054646
1612163563
1613677226
1952845556
36164900
860941944
45930313
243329455
135715728
2153752771
65973010
191517102
42664231
496049114
182127274
16882122
211758386
40729125
20603364
106255645
2147853295
17826759
55289394
1932210902
48008014
1457184410
1967210706
24015009
1571705413
199396393
18811182
1661592246
367756304
127637376
1408432652
17104123
92364128
579344257
1521063680
40128794
88780243
333667051
36755727
23134416
434275057
1952844355
85905794
912598626
1541704910
1949972496
1873356978
185064570
432175378
14765060
182270808
159608056
1732290414
1668225158
199893571
402351667
930238273
16583050
100264423
24806287
259834498
183623151
569363375
46480915
153671897
14947840
201412935
57074541
16312349
1908476779
545319992
365039520
37598418
47705022
339274096
19102508
25972141
871083860
16366318
35139587
631198057
1898951642
18783501
349749823
27733732
1831611
399541234
374166275
1876367029
63762028
8616252
78920367
1872101564
117574732
17158532
1472520222
35813293
59616526
106525053
120964238
42906595
227390643
1527207481
1247386346
1692456020
1877484655
634685418
1219526317
39444517
1726769671
16291786
1707889032
1140873260
1872773022
1861670084
147236592
161817975
1870640684
1019070637
67403244
23918506
104686765
1529801172
15257363
232329442
1849284446
195634812
18068341
314305703
1852503194
441275531
19955438
1671616381
17730110
108486292
314750354
738078534
324751477
979025552
36144233
189265657
1665835938
395976670
1652953699
31547537
221285519
23990466
34758972
1219417256
1368246565
1328186120
37034609
1458374844
306028026
1726331592
20072346
20873144
106535748
1104480829
987199014
1720710721
27012218
1672758336
1729936105
80881675
1317071094
22088337
150067509
182039232
224824190
1564637522
1723101697
1657380146
60644137
1136137357
1586767843
173973260
53218623
319827827
20462614
1710708882
1655744114
344161332
533761016
353829462
1648823088
18515927
364030014
150135224
15476151
1658778990
1702681070
231625449
1675769286
411871326
13986032
1668098474
305199168
106529348
155348604
1564037473
1645382960
1691780185
1689666116
1072382221
1687191822
935725238
1231563072
1687224696
1623525602
102760294
14678645
779403720
1246154978
405256915
787620896
28890490
1676146146
1152748910
1679695135
256848108
569663752
65161647
37690253
1528977541
17595342
369066999
1364858569
1660389128
33463529
31164229
287521739
19359212
95588426
1606466269
15171237
355838648
25354604
18777888
1658320688
244979701
59570955
377045641
709607960
40960267
1150021068
1176500264
1331667469
169227670
34713186
1009579081
72593726
36129965
93951436
1595238097
44201263
886057248
602283501
1643366168
17896426
1517592571
869952643
316601306
59851124
1509050101
613887336
1056071676
65271985
21443869
33426444
37984562
832605410
29871967
621617673
1357717542
913532024
1241751499
59249179
994406030
22727828
18775285
817825694
83708734
17234928
278660771
1416561235
184169755
458487665
157482773
21525266
1393705814
130657486
537436429
46425134
1472410358
61056160
21008726
256813929
116648971
20412155
14366888
1599309936
16636922
294130638
19256952
846397237
1531800253
301837607
367874759
68538176
494501959
1507056900
1466099298
1572418284
1531570537
1479494155
1581149983
40961354
1541874752
549761968
930416630
247990291
1467950287
97839366
1201863446
37311028
400494782
1569727464
273418603
1144214828
30049714
606548693
514976737
22836708
1433246010
21806381
844895264
358398521
314644584
346739533
53786109
976588916
68314877
992142846
16457899
1518185971
17609049
40066410
171564055
243033795
1428808116
1418448930
237459230
17052054
1403086759
851847836
85876166
403013658
860526264
395428319
593785636
240302345
43049386
100402705
1537443366
613070147
1483978604
17526643
229378318
582441029
1530955346
25362095
1526271768
32229775
292570822
1154710506
1377645272
360799036
71386852
19471870
844088203
1525341097
65640529
1482689395
1190612851
271141192
13866442
11282582
65176303
18336796
483056372
22659657
121892999
150525113
102893822
460746699
321162760
17812702
45040708
1512029311
44992399
77028877
253428289
107760986
20560854
22585720
23158266
349431681
30532493
208217683
42568365
1483510382
17065985
41428676
221125986
27588463
1429030250
132598547
100510530
39289688
45987395
15756111
1327027764
1263745495
1489114706
1075581818
15519740
18487065
47395971
183882712
16484151
1476132835
15919316
21487166
282615792
569159630
357266727
9151992
16810407
45084262
249783726
18600182
14088487
40495759
1012098121
69146470
197347603
15383253
73242553
169586790
18161620
1466063288
67817672
28517839
43417503
33534381
1158310718
67441236
1327858993
49443178
1332207120
31534060
98406716
1452628736
34750974
289160624
23380123
104229236
549521600
1210419176
1403839891
1269761198
987740016
45694496
276261008
18999261
534509437
1047193291
56179256
800834611
1421338693
1261516184
498073270
76205989
1372581830
613645000
339185520
23673058
1406437460
402934710
71623212
607630777
288715977
627758851
402403945
448349909
26522759
1058615658
904802466
29823937
77587431
314736450
34490146
16300169
238634087
24578132
17712906
34313560
596794134
422017881
1413851454
849270470
14415367
70552939
534821780
898108363
1202207102
1410769302
26580905
1337124270
97009845
475314843
22235215
1405503866
271763978
1258216238
19743584
16812678
1337074254
547016210
743565426
174421835
1362474200
1118597088
256169593
14354879
46677513
1250132803
457200021
714898520
17059812
1373302501
170971687
58543537
1193968662
853668432
374350988
1365595532
193074073
69513235
294755907
300369033
549120015
522648634
15005664
631711645
11442052
175184954
36200429
728884010
150340205
37519303
44427780
576788758
130753521
16164967
269555335
920419130
820622922
462038435
1287798932
39184715
118107441
1360245096
49408159
26296488
35231076
1340306660
510533246
15742760
191993508
28642772
21315586
874796203
54424664
29449050
18959773
1195585472
26758279
1267595467
133912292
396872087
1255880480
917216900
13028602
14433466
532016643
299846995
110570150
14572302
16221225
7614592
1275685458
30336219
1317698407
21776938
1088091715
18624182
78972398
107156225
1338369960
821708816
836385504
83702199
68877626
42660912
89537019
1331195221
107272589
15275339
115778072
401659534
938657858
63495076
157046841
387042608
38547331
36505684
15998186
108758511
18742525
1322147179
36447541
820459326
278096906
508082277
447624827
52616719
18043682
38662147
636300765
974983483
20074963
88704452
620561166
1300312184
14944091
27760595
1258772131
538353014
80644610
28601592
1286290496
22696550
191169152
530822405
413428273
342601720
261276500
46142646
26395787
1220285708
772731871
240935614
1180675897
330709977
824004972
122806158
15955429
96182733
369674280
18416839
1247119742
1219824888
20612117
1144043988
33605410
89768113
82980660
1237288350
18954897
19418893
125862659
17052685
1233811754
291909536
245839878
19562368
513747339
16724633
26834351
404248348
1176771529
388378624
885278112
226385701
713346138
45910951
61777484
15400464
585270117
111767101
84203708
22622465
26326062
620381998
69617763
182207455
68611923
94381961
1202427764
712870345
16518017
50967497
17004586
26818740
224812744
89281259
1146629168
49700314
108997223
14976516
19728802
16188892
16192936
21259457
790417032
760002384
1140064261
1172732328
325183391
17090144
230754027
15379444
280740389
40532856
59926678
16116879
1015453886
16292412
299955445
68727155
470521892
99214924
93945592
1154963540
17890069
128700402
332023004
107829673
611024869
16384665
65722201
1069208083
18842978
16723802
214629053
338742836
27906528
114352842
38013248
377010453
873896846
895937197
93682627
24376117
937081243
1109098916
15348846
1007645378
58844962
97117359
16930848
16531005
62111674
107161885
221837887
624241399
34116482
858514722
500139171
305946514
1093944614
346382991
34572304
56939376
558080337
479736735
23833837
858049392
152782882
38324095
18563796
340740709
357749771
928564105
399734036
37306542
29786650
132331992
16049299
35825265
19259832
1111800338
253173474
16729668
202520517
1034066101
26179877
165930534
180393200
50004610
474366151
859141956
605646233
465912481
19924669
20091703
21955533
209575878
22697683
903691530
994017068
44017083
28582351
20189388
17268481
261862774
193663528
68512909
757754527
1084750436
488736183
266967076
64260211
34740834
28217223
18697792
706495082
42951844
185727645
228982184
32414658
82418862
633442470
