398182076
2402013390
720861268848979968
61526991
3387100013
66693790
722180499733639168
717692079011401728
4837472757
716149548595474432
1175616618
3115077635
494773079
1702422277
4117731533
1046529014
833714875
520978968
2564566286
2564053544
288394575
314649566
272587969
43390722
329888323
227668085
970366670
717517026542149632
1370296705
718591992335208448
30175743
2841590612
3235306912
398845296
700682635
717610941987299329
1677796332
716824926989258752
714390596526469120
714377524256616448
712913940259414016
3342437219
188662146
3401675805
706228662924873729
2991689331
1449691291
1398845035
704475022237245440
2423581160
2800216425
1182485761
703302865272623105
1015050182
4917705419
967549476
274556710
2793676529
695280224154558466
134117246
2865779914
2251993057
3432447755
1145343727
4750650197
3033510161
4648963887
3810365961
2359270840
1596611485
4134496282
27266362
4404402137
4171819444
4607656695
4602428782
4209880035
4588870097
4468706608
1961010272
309637918
4482943816
3138108837
2542158169
2328733053
4384963779
175743717
3431730197
2879039050
4392208037
4383012508
248792627
4379325797
1338466668
2809346187
2705874260
4420041434
3281275992
2267000908
713568776
4289982792
182996069
4329390993
2420433110
4243081193
4018648977
4290842559
3585880155
4272576147
3524364675
3581299932
4077405022
3522972435
422918508
462142717
3240094075
3334300433
3122363127
3533678476
4221154821
3153382544
3681074833
4209879645
234304384
3807015081
3430378611
373900606
4009977040
2880602181
2343950174
4134538462
503118622
3599992697
2298871851
2375995950
4188303484
3427558101
2930382641
234443823
528250595
228101227
3248689813
2705528056
4177572070
101791445
3904343198
1153458738
1872987162
1141710056
2491872463
317192373
4163173342
255663245
3427231035
1223432401
2973394859
850856670
3073391295
2401184117
3976150403
4172309296
2424376371
177195399
460943563
3096527939
4163929804
4186138939
4131592768
739507800
4143502097
704414761
3082019677
2245418471
2794881450
2622045346
399669926
3980052070
4125205762
4024270235
629391695
616063804
3028816042
2344025730
4099179202
465704407
276812042
3360720003
2388968628
270546656
599606014
4088390609
2321833436
4083541337
3559562669
980911154
2449444975
534768757
2860046236
724370768
1253894798
250144383
3220691816
226901608
3889944508
4044717737
851637416
4016100016
3340899791
353472572
3985573581
3434836971
3434865143
3984683163
3939584663
3869416709
3917720597
2946244259
3891944854
1326473227
801097308
3827705848
574381321
3816259301
3525366016
3802707377
1649983477
3597531743
3525191117
843451982
3709821921
3709371737
3709017975
2933537244
3212109449
3669405255
311724491
3490996879
73108394
3512779040
529000468
18399192
226040501
1299317658
2326443728
3003989650
157472033
172885718
49930546
3019821617
3594038662
911749736
2849967472
3588478516
3523658188
3065293673
1317559208
2567945427
418111772
957361416
3297497827
3300383722
3131039600
224965569
320071460
3458615895
3438932895
3472798042
2871929253
3539983997
3073505115
248805664
3431511178
374349832
3469820667
32947008
3078800485
939602220
236307640
2728876733
1617316933
3310667618
2876313910
3428119757
141380072
174689864
186815224
362583612
3405439689
923716566
548053711
619831365
2754956801
3150982167
18548136
3302483703
289463265
817792129
1245828488
233111629
223324243
3425492637
2159638466
90682997
80087710
1914146138
86595709
3189479158
986343662
303766706
1728409812
2477993401
3138106745
87710468
2679223945
226565097
257150369
2789957842
250738105
355799840
618889971
441727946
294245418
3110862033
2971554502
1160917645
194671720
3408380819
3398509810
2663919206
1656943386
2670014906
3400156215
424711422
731987479
3344378895
1489546896
1513077138
262516847
3298054344
2726505449
2917514307
3003933324
2321016078
217365100
2650762250
227410776
81305054
3302990002
86512212
1119758984
2446985672
937368048
3181158627
351582135
430509231
2291896104
