718733618726588417
4831072594
4126296253
721676763625971712
721878227778600960
721870847850504192
721862896087642112
721880764971765760
1699588867
988373005
126247327
1685042425
721328015834107904
4678490953
721884429455646720
721883550090469377
704183440271233024
721882733929213952
721881371115917312
721881028495851520
721882320194691072
721879122541166593
721879676222836738
3132763926
721879598967992320
721878309185929216
721877914959114241
721877012462350336
721877475194716160
721876961153400832
706505184021606402
4255386553
4131671834
2266851622
3502908373
504008341
2893569036
911727085
3325477016
