3168185713
3023037872
719275711433940992
1202990562
722146585451204612
60317232
2906627682
874346240
4879620076
81839723
1442421373
592332729
3171803033
717895520400838656
2883275609
451765778
3141272994
1666326307
1447323408
3134037997
712058534519808000
3207558585
709843804497563648
2329183331
709441275322363904
2719611660
863598727
2195162804
4890218181
3008828711
761974303
474264877
2844722864
701804579739070464
1226327708
291832799
2320734221
1053766038
695646949165436928
1714020332
2931560341
3083294496
1723694138
4364693177
842579887
2339362364
696805562500182017
2475741883
2778409379
599631394
1646549010
1959684649
614110243
3350536067
4850780379
839010002
2468609990
1648589983
4830170997
739175360
3041974973
4293274875
1493545188
2869425662
1506232266
3215934904
4694243402
1672151276
772685161
3634391607
1438699256
2171215171
2736382224
2665080196
2708507704
772235936
162430248
1429339302
464472495
2678036406
3895305827
2883569822
4530967572
2940726389
4408962317
3241216929
778776182
1180219962
3437582967
3041938983
2695339990
907119505
1833846266
500968811
3206432819
2604496355
1062090565
1195718263
4269559041
4268749522
4267734195
1633944846
428728091
1941394550
4251400000
1075137823
2185547941
2413226040
4236880528
628764875
2810178340
4231432833
981134636
628707522
834582980
2708376992
1213912135
1591572127
930886844
1517477725
1468459363
390412775
4078680459
754594831
2526121437
69421956
4105480415
1573663069
2618480061
2631892115
3078779483
633433234
3149811081
500404294
928725240
421545550
1607152267
436178195
1973670583
829495351
3998064131
948987528
1287615534
1021102940
910438128
3410531721
1912833140
1598795142
631255831
2347705536
1378467158
878381557
1378382520
569683254
632195386
940016888
2635343621
248887508
3774165287
893742122
543898147
552805528
1111821294
1424209598
913344914
3222766929
1566209258
3364403573
3196727143
972311155
1188195224
2901994584
2321517686
278098811
113846739
3423878266
2858743292
3014848228
3015128122
3223413648
1189752126
2397927455
189484958
2312126387
210735868
911549767
998480856
1591303124
1519513189
420738601
2357048675
1528025904
1651860738
716489249
739175802
3298679627
2544378998
561451831
616597378
243490453
