20445067
4732248676
4699522266
4699763208
86595709
257969839
4699815672
3340920419
513178767
3527651302
4699823695
3293095195
4832234472
720308700859072513
4867367901
3041027976
553306589
717871562867752960
715597415823253504
715965868723871745
278673907
724726512121995264
512188567
209266133
36411238
376326898
157958619
4704212482
2943399955
724594786800439296
268500317
4919673389
4777187102
11965672
110182628
720297246869180416
2251125241
4310912128
3150531990
211800056
2247232484
707127421431111680
703888533816102912
349025969
4254342867
253207647
2264730583
190540159
724321908834111488
4695962138
2938949239
2926134856
41044925
4497640761
722887594103562242
218697713
1953922075
1115090965
2651465136
709829599669194752
266085784
205018319
433745301
4618727521
3321893250
2246562063
4365194904
243371409
2650235127
299900985
2246978292
919864417
195264385
133341197
4914600508
4884463725
1718448012
147253927
28130246
1304432982
489487400
461526184
4310866168
3303994875
3431953283
723792879454289920
3045674568
4753841869
270577980
723688872371089410
16529873
486760134
22742752
167080088
3759037998
136971453
1122284102
531723923
706149289815371776
2409738006
124068423
722377440971091968
723165036043104258
582762258
67310480
4029639214
2725716896
4867381875
186744632
2521532442
3133814108
788829128
2164888750
2786775092
713769417700716545
3340831768
2309070512
4316243533
3310992906
2510903131
3110775388
4873931679
4657689100
4567881202
714852160899559424
3793018881
882192152
2739659548
709826149279465472
18398776
3239109085
705103427903197184
13119862
114925260
158476551
244321682
3023037872
717589497546821632
16074627
86335582
2235082016
3140992352
4849289427
720204737312919552
3362580447
722079000810688514
712555243381342208
2732491605
718305785005109249
293338829
2962625646
715622248950800384
582685996
499610771
2651131370
287789223
2280848107
2855625499
3965537892
583115355
2949322007
582681311
4772964197
1601848759
168006655
721309438561411072
3317626392
70999427
2684288188
3233530734
711935087378468864
23777671
3407694610
53812313
206760268
4286903057
720141946824613888
720913691474939904
50418426
3032253074
1359201932
76242067
401506135
2949850757
4845991752
3196651328
3014241108
718841730590748675
3793636935
4794880585
4853250693
769413080
3650097867
531052711
297692168
720411626222919680
2159858089
719935453521178624
2440295544
712494002193477632
3320791745
739013040
3345886792
3032162960
1685042425
4818243107
706797594228305920
319075803
2899593214
611817117
1039511215
716781739167719424
4756693101
763866133
992244872
718540436441210880
1035366403
720063459841478656
4518885749
630247893
26081400
3078497675
710184182727704577
771136856
203001621
3309857138
1525689241
715945240201404416
25628146
711032614681862144
708911359061139456
3220668638
239591418
3116707851
614165574
417580649
2296786080
1138603903
4221997917
15696334
715135423039803392
715132563229171717
2943283318
711767461025214464
162016103
715248145488338944
284426825
334007444
582763140
20228233
20577889
33289053
705288395640037378
713342876768272384
52788040
3262676917
1538160018
4183963287
747284113
2689369640
3252969587
3359067679
2903055714
975156187
1528542631
582677444
4237475158
2190585691
1039144747
716477588642770944
716477774517506048
716263853311418368
4765755312
425989947
3293437607
887429846
3905055018
702552042699628548
3078137337
718655652864921600
3215543771
3215420957
45686597
2982461789
129802854
218423826
3215219800
3214235747
3177908844
3177863546
3178021596
85155917
2390108239
2356855728
2543686548
34358416
544459972
715239573379555328
713159166974627841
3202761856
355350607
2598126067
3608629636
717882932329902081
716699550711488512
716698571672829957
1685186760
2903513619
3593516892
716700071446855682
355986854
2900179628
3360051425
715353583236022275
717861316170551296
4722233181
132904520
3255699366
2717023570
110007447
715702161997492224
1556957077
1110736868
2352160854
191073934
858854640
4888483959
4230618075
717282315924344832
280621097
3004433079
704364422739824640
3064309126
47503235
362035439
4500409695
4055059095
3087896286
58005329
701439499050622977
2490060878
3066998664
3362275570
493120519
713235269575516160
3621598520
2369797302
4062564881
162069176
359426539
4919294169
2530830345
711832370324873216
705844098918387715
2720112224
3225309820
715990703512371203
714973703113744384
711715325453139969
700393196061327360
700394118447525889
446595395
106411990
712843145927589890
708993008260259840
2847563499
703385228648185856
93695038
107244305
712816736857358336
71583669
3384181348
718662654
715049369213517824
259502999
2369497658
18748155
3406699691
4845142649
4403821343
1907938308
339516359
3301723991
359786296
2305378238
272557008
2963298139
2431777177
2937323047
713931718223331328
713925510158483457
711915664169115648
713181599291088896
3035818547
3131066050
2577808241
18438022
2238051728
708619917696827392
4829221049
4787295738
4828923298
4828925032
4829130039
1917954811
4121445460
4096428041
14232619
781319274
18539631
453349307
845705809
3492857235
2796563613
4071667040
2817859764
4888982926
28893013
4567617913
2416017127
2958032893
18992077
28918533
2412406063
62868891
190605676
712840938582892544
712811315266510848
2171465100
322605651
711841229189849088
708549181619761152
168511715
711289776280899584
2978256567
19054245
24102579
2973712402
710218621339893760
2725919182
702594844716191744
2736666878
569409690
700405985609936896
3615235934
3164499775
4915655483
710837992542355456
23613174
201802412
46122264
709777470795472896
85089837
2460112146
3099782855
1415232013
3291486080
473651169
2857793895
3538652658
802175178
1583056988
4011485439
20618879
2796629455
404997533
3108771058
4810749894
710192774755254272
140571576
536870319
110798855
2284237477
709447706872250368
2373501763
3229682767
3375030736
19368241
709280805013602304
67156253
576375783
151079975
4426987474
2719640965
3784427052
709144223522676736
61373007
19566653
279441524
73986605
3128979705
108565841
2541575205
3010689422
4033231813
