721083252002463745
4894656574
2835946675
1669534855
4894607991
715157973467848705
3854038335
707102685821067264
4885388285
3222566306
2811917352
719660131022192640
4620106998
714074393975070720
4825057060
720418867042856960
718754554758762496
1029791660
3245710699
716311809838419969
935778458
714422922836836352
710764185051799552
3039057329
708041716385710080
4889706994
2895257367
2765239943
582673817
3100242420
2886334451
2940174029
4836896877
2185551978
2187937016
4275539128
4275326715
3155265968
3182046050
2393209009
3673858697
3681610695
3673671681
3370051563
3422840765
2894327186
3426447952
3316267453
3424438631
1108058708
2908517981
3264728049
2722951467
3311657983
3259505450
3422791725
2923913470
3311059920
3310226167
3422917972
2441069449
281175634
3226702163
