705781251139985410
718670109280247809
4868026853
703761807970844673
437085904
4861446370
2226706880
4020792561
197630685
3917281410
553933805
350611531
1230461232
523936733
1169498162
3264736218
3339759141
928312310
2393313518
890126018
88738224
503177552
496723277
1509509269
2790252247
22740770
2418088938
2692812842
2360920921
1950260676
2927206764
2228435402
2920860984
2874957063
2912831846
1855570346
1707431030
173468761
2933952690
2598707678
2668404830
2271019454
368990670
607636855
325299024
46597479
222553034
1921305157
462885065
751689788
1167794766
575816400
260778025
65637287
585044664
210876773
563316934
22853027
263644732
500381486
219415187
474302144
451431184
343444625
217071065
166548698
291579599
273439293
285423035
15650726
157558608
87577315
48743068
279292547
265901729
265900884
213705691
276705933
31210768
78041926
57101306
89735094
47891218
23452063
27889016
24695725
