1038064873
1036402249
1037588108
721873387987935232
3806030058
721809196677787649
261078022
721800453244248064
362029922
248989062
2314476326
226890990
1046235878
717129921089421313
709716938880999424
716429608111833088
4410400520
1092348054
712632668
712916574999543808
702892070290202624
318724106
60784269
60215516
2462808887
36395031
3284189839
747500750
3581760742
279212002
2518137272
1470591312
2218844659
243388809
209057747
86404318
506052257
151151797
239544996
453470052
234606339
234845363
397515922
415480685
415824170
402253685
361453683
137921335
98303747
160238857
30550895
