721021460844666881
1037788747
1038456618
1039246303
1016164903
959946126
719714711877599232
3746986092
1032887124
2425090524
1374928320
1018055515
2520748074
702685283452657666
1010690042
563717365
720699825122078720
1046763042
3937824208
218551791
2330961482
2838129363
2817700675
1272540925
1165218678
4788977204
718629254909595648
718627433969225728
718627324074278914
718627769085779968
718626509662134272
714486224115875840
718626128794107904
718626100516167680
3155660167
718624385532358656
718624895647805440
718625330672570368
18548136
