3948483267
3071975876
4858845636
15129772
719440982341595136
721187819939577856
53210455
612193254
574965278
719206512351133696
3272409464
410893484
2383789094
3002105033
2454714289
17974906
363883964
3076452353
218744359
4835498772
295374624
45138693
4745981729
4599484062
307162458
630311478
439594594
4182333312
417592380
3885620847
744095264
3133812102
336567209
3023382580
2399935478
3026695439
3193181001
867043087
1265071554
284324103
916896919
3026556028
1064582724
46871420
520655029
884715624
2819016476
1184251297
1939557157
509418180
2161693567
2735735891
30212068
375893209
64187476
2957531570
2947367222
1443315115
280102030
90966845
2505183821
1925258928
27463061
32142647
453600958
2846577563
2743288060
166628704
2818976460
448194840
783339062
502123724
57625403
720126304
510958957
68526509
1146028412
1660473788
308066976
1574273683
412803759
65383283
833634313
38279100
351873009
38238434
413376167
1368097464
1382107934
1480892701
2419926324
486189653
1202147424
45222091
512607242
1049091931
855519823
266765015
2308332100
285197940
1480192398
22020623
822157988
355230247
119536273
340003518
2259149704
598844732
1035377316
2260791704
427901837
1834721922
915862326
381712724
104026535
785443615
14535190
33730333
2158520374
2150361855
1922133812
76348185
278098811
620676445
549703062
1686944473
295657818
1242574296
1581075102
1486269217
1025667372
1599717336
1483884109
586710359
328099616
1056128192
1488206748
1055913019
277522723
921608484
1418823938
201363653
391030667
183434884
1307920476
465268621
395502752
1080827551
46922047
262139289
351772468
574923591
339989339
1267870644
467832860
360288443
634237555
710826248
1216700677
513194767
805357694
1038628639
767023818
955736018
287968731
836816354
824484595
287471632
840765164
1007639593
434247458
401524458
965128706
912891919
905166188
898977864
337201811
363379728
579951661
43389208
220877642
248507690
857266405
849685177
830943104
333042373
414253674
563186539
752259006
701191002
636395025
337224577
592835326
451730699
574778103
567378710
70073907
274091662
153962424
363922395
422326834
480476787
347897590
66876546
462308923
241587988
445270496
455815145
384033910
70595974
391370940
299875408
413217823
409999114
409978390
305230874
385084654
385127363
40744647
355308785
352781281
350449541
346881299
289026260
250622515
171156158
336609904
