712710044522037248
4855164370
3025928386
710150734306795525
706941585276055552
4712096237
3252950216
719373099351670784
4837917552
699681110574395393
709485719522295808
3299865200
3284031516
717867027973742592
856450920
712284591353110528
3040185841
4887586365
711320506394386433
4530490097
4803623476
4881453310
4903449725
278098811
4839640972
2886182291
4800808693
1492528698
2942455685
4224029566
3710364375
3202312433
3662537592
2302652434
3424849692
2232197321
3307963244
842389945
2687740659
1150053019
2180289731
3429191337
2342100157
3301197807
1578482088
