4709915134
703262847556526080
715215516072153088
708327165595549696
4111597469
2659696782
703323414715621376
53210455
720157580371300352
292184581
551442334
1122729061
3299869274
290929052
33160996
532400093
3514294812
2565659585
2717918286
3086058135
3384063274
139423871
3323806876
3241789020
3232215690
320524842
287885364
495780682
2952233307
77528520
1874046559
2951506251
2950647111
1877607420
2950728688
2985013655
26015134
125664751
99109327
3062356371
479584564
2772010364
2878166755
16519133
475763510
85782380
14136886
3022414699
2472683174
61180382
2993115839
2704486915
995324587
3040991110
2338590311
40329277
34877531
1541573388
1541614610
839321275
76988481
96744201
95689197
75965205
42445619
63118996
60803636
57623656
54113844
52990110
14629648
21460224
36910649
30665992
35695290
35409565
35146587
