4687147634
716282274715725828
243980328
3173468482
2574391122
716975850298720260
4795942815
4887392175
807184478
4057313892
2485858872
2485134702
4328259136
704504806979702784
360071927
2870927332
724688502034731008
3109224554
4927583669
2606375376
556168181
724649073278590976
718516302835490816
723431734822334464
4594773751
4340273833
4840770576
4916204778
334385399
720368503618822144
1155006889
305578753
722709323990896640
723174633696972800
176938160
707319094584942592
4855237878
1144191595
2316540324
2446241376
1637701044
2176055361
705017042898915328
3957855665
3415673069
3313002820
1542488305
588728409
2761859454
2849954603
2226057830
4158055223
19097060
3296643280
4826188312
3997465937
720778779589787648
720751602932559873
720168961661366275
3457299617
703695410179792896
3019709192
18408384
3274920511
721750551034216448
1472720300
2697743215
97782206
17775323
49409439
63262930
721567988336316417
3611272572
2890977463
2583039313
2190909091
3405297514
2227540266
3305541542
2409242904
629625352
2734687134
1149400489
3646468646
4158157512
262684203
2168408986
721987480027860992
2762645418
370151505
3437250261
15830958
29243214
333803392
2858886167
2908296685
3021829272
2894101200
139249428
2799117739
1541536724
3281306976
190589983
66876221
538399586
2338301133
2785730660
721369004540104706
718096693082730497
94687261
75584152
4154041574
704070213143232512
2771229758
2478015324
4884255539
3315069329
4281538335
4178723434
208083510
342894187
298749355
4202906534
720365255478657024
21753328
2365071463
2492968796
2465049607
842580410
1964742763
712555857620377600
708427353823842304
91704267
43949884
1357720417
718170196163342336
704340592717860864
30543835
711361130426462209
708826570983608320
3751309707
867467498
713705007594475520
288566057
4823732566
711496886679638016
1623970824
2990698311
2236580869
518718419
115599286
710549515690872832
324424967
4230909035
4175304800
705621138303365120
309954032
3192012592
2385598159
480571412
704808432994557952
4902985505
4924943625
703199035394531329
4600385113
303886108
21257375
1087610587
4827863691
46476526
4735282634
2363921744
4726244664
15866819
918196950
15425196
2565500324
2989825040
2525510797
4896190312
4834917558
32611368
14325682
2493054061
4784496350
3362512798
4804869814
2150249370
4237562359
2345653232
2945293155
3279019051
2860764241
1322996094
4451703863
548641203
3986507609
4821779883
4296445888
3073816839
3323594605
3362542547
4180589823
127328470
4745821843
595133564
2393063119
4755555028
1549582640
86643442
158069991
4514976855
48002760
2507967668
443086900
300522469
100170584
607863584
37274121
16266326
791291466
860434758
121773095
64804131
4439168056
30791440
60049419
4533241152
19255498
2975531562
428665993
4330929514
252656283
2240278243
4314859221
1631233651
855552331
99583681
1588123488
23448433
1072552128
54252651
454092616
3346083137
3074683687
557912934
2646227492
356282366
3094896040
2975520265
130981680
3994629492
3305738855
2792834222
4090547776
4074952515
3948587239
258854704
4067753693
3069160536
439533357
4039254973
37597827
140635836
455181695
3119049428
2953581761
3061301459
2776512980
4034670617
1570696459
45014220
16160645
2917587995
26099489
3970746912
146304562
30062319
2443823527
3953944812
3403722154
3599574494
23539029
3415385883
72836170
3940506913
3292064845
6217652
3904896810
256680100
14888628
3306897615
3894611776
1239487393
30600570
3900812537
38000230
708715642
3865232015
388095165
2939540253
3229182704
3832819365
1684604419
1460066064
3683437037
3763409781
3676280232
56293707
3166898594
240638492
3721831762
3006044626
2437010239
1063023541
137979208
151633415
3687293794
3387527914
3660599313
249620587
3635129356
783374436
3599556495
1092380456
435169038
3386168953
288557337
482012934
3178689536
2998755425
299893455
3403368253
2959949513
394364647
3486415697
3411553512
3502263436
57210685
3309080706
8527372
3445362497
3305171402
3326375142
3326026686
3074133490
256978392
3435076187
1093723165
3146165679
3001010644
308662025
2973944146
538751977
2467600752
249454808
3428888152
2757305676
3300586372
2394085628
133009512
1431333470
3426414009
19781492
1688980045
3250561674
3350910927
3240440267
2900876004
251841769
482538900
1897170186
3409145176
1491647557
3408955007
375320919
3361135001
139805629
3310750339
3105507611
30357579
268317306
184269369
18685324
3406909912
3306553796
395094664
578321883
222189121
3310887703
21464305
1283475234
16050296
3008823502
497946838
2908518502
3411076545
80068767
1541575945
3266771946
3196292451
551976412
22953733
3309319004
44876654
1029281316
2983373754
65201068
1854329280
3408804023
1537349936
458788016
1291838648
1149155329
481930003
257464491
458915085
306225098
3386494480
3342114077
3410365907
2485828128
1284826069
3376451105
1407596534
3337939001
3087151714
213422847
3164389349
1894739102
3310615369
115361290
3410146983
3074699279
15933518
3408332703
363773589
3308863728
2536181135
1511105448
3054882573
2482297525
3307919702
3202444967
2713018106
106226806
3138822790
3306377834
1410621624
52146138
1670608207
81744044
313951385
1726331304
2616190814
11823432
97573583
1707381144
40316421
2869249645
515008394
3376780276
351954431
16753546
3236074198
402070746
355140270
52110921
3187709699
22541896
2288799792
3222687612
144834929
286305004
259514074
400153974
847219602
97050883
333327645
3186456889
3377030242
10980662
3299429400
2440698492
3377450813
3296793780
2541677677
2183125767
3309910960
3294075696
1974029064
2903180891
3089227396
26059945
155065234
930699643
1556588790
2740872137
242600737
2585015695
3362943491
45268848
992426774
2283865008
66500267
2868065139
2326499485
3289295707
2663161506
3376751711
2906871446
364839389
3377164661
3387138963
2332421898
1663180212
715034383
3193418780
3377092643
92335916
383068709
3242233225
3102349495
82533725
1423605907
3257049427
165734994
3367249432
3256775648
14672381
2802391760
2464836132
2218571569
3351613683
1170713690
3167888415
32226853
838516471
52137918
307699811
125813716
606412878
91202063
3146131497
3384843251
2789984057
3377308384
743698405
14519349
3365975351
17033708
2840626000
3320575643
2619751164
1543379562
3183824579
3252960738
36822750
75823820
412245411
2648920604
3383368348
1629721274
3376153779
108752802
15921189
3353088430
3311267955
3029491193
3379269525
3281879054
25177092
2274049891
3055917196
143185398
26265519
3090973705
3343894227
3376569135
3282618295
445147993
3354984345
2521956116
2961400025
3282939919
17295640
3380875545
57851812
3376367031
3271396280
231241242
92499668
3280182301
426198905
1858763340
3374282002
3158377322
244098793
3133383796
3281833364
2966658828
3260030821
3247859462
3376858415
2784699815
382085783
3223304904
299595891
394250359
17191024
17001557
3259888220
2188717668
627015971
3377326174
3161550520
361454764
737358116
2281105998
570076005
2695516472
358196774
1386229279
3342217102
196624794
3279034002
3077080440
531517420
69782321
5846062
3376498979
365850861
3272401458
3377415634
2987846492
2400701042
202869198
2693577260
3280305733
549247621
45638836
3355054583
268583882
158353878
53794575
79206483
3280051038
3377478291
3211416892
454303174
3376666060
3376268843
1217149309
2884973308
3280745648
3081893355
3272438612
38666960
258387958
62332872
2948306526
3020745375
3246302780
260944087
595868455
245043956
3256815726
3236951842
3379499651
233353930
3266567905
3379191820
3281721270
3281904673
3121450557
2796361496
1929102992
21902895
270526417
2863950919
3201760342
464725070
201704277
3378213256
3355626694
248308806
3105920027
762909396
3295453631
41702959
1686887047
751707452
318064454
9464252
2570455734
351092944
1974090668
2563645784
360273290
2370950064
2806183495
720119066
2290177675
2615582354
14811778
3156373054
1557461156
3367906335
66661896
2464933328
524664165
2776808294
3015559101
35006071
606621769
52509495
533164559
3268506349
2316563648
46846707
3269500387
1606329625
712873916
260295895
223625172
3373598337
2761678937
157429217
418727455
19916303
3278997181
1625705989
257535343
55548854
3135683528
22745111
193161298
451528772
441864858
302448931
522639824
1422065479
301558857
3367956903
3341829315
3181045309
276773157
2393149859
759332726
105906217
849811975
48515803
3066846730
36157513
3034581832
3232851324
3161978838
1207165748
3277127407
828299059
2436468036
277334813
104369410
220501256
39235452
2496160118
2717327612
2920306860
95261351
3115242635
92445635
2903806868
32990790
3372753304
3372698290
534102760
3088098654
223942445
7839052
3167373864
56012373
2978819530
3273437905
3310433181
1548802860
8292882
343511597
2305593253
41478882
3060944283
114220957
1859856800
2252842038
2551200638
3274831868
242914290
2307572061
3277591650
2668628928
230950583
3276506274
2560198000
44265155
50613807
245813838
1017966954
3304804324
38800215
1606441885
3308940015
838873560
57554471
155360267
1302486649
216949490
750301771
1319546174
407871000
457006460
556046633
3259414945
288880519
46944166
349424916
371217843
3352463176
141195443
168235867
402575603
2811946005
36663273
3293478993
753921354
1125623815
602353787
2485384793
2920991395
2835607102
2801016401
2319979592
2572684172
744555542
203521334
3272698177
2351832181
3196744342
2544159644
26680954
399823176
19137731
2926166515
1618475244
2215913126
454603268
3268290318
324066413
704511043
226401373
40743567
2931949088
2268606133
2598636408
2875543473
436364061
72999394
255194715
37433386
128091407
478950813
3107539011
3149205531
27062498
836193296
2480462190
1025880217
3100431852
117417435
3308137803
1306185283
19619842
2443033921
3185136627
3077225876
3234271731
159147203
3246460891
16931785
248098917
1449652975
280113876
2678239310
1443923485
469623864
427966683
1464939397
3154640470
226286887
71880118
1881370987
323359597
66105372
17338813
3132637902
3290184736
3100014315
3153472518
2820505464
3365963303
847918698
555615669
2657401245
3290656347
42489282
391398317
2929442812
525927423
1599117926
2953090134
3233468115
3369214679
2359088255
2204957565
2570192297
18865420
2963602647
904920541
2697593015
61520709
2565948446
456216348
593479560
52441626
1858961522
15022582
57248943
214101410
627008087
153824230
272467219
26053048
44417202
3066050759
3272561936
3369560399
3102283174
50649498
505096113
3272655763
1625606455
561481127
344262086
63321539
3305079369
214790908
50671375
3369821554
364748574
2151529844
1598414899
3225162021
2956180052
330234507
2874592498
1563034904
17219589
2936400986
27923807
3272335639
2263923552
249845535
1872557047
28059065
2573681874
233741088
248844306
197017206
97756889
570413327
329045582
3144494208
2720553682
2694282672
877106006
2715331731
362241286
1469877084
1690727509
2193582751
2201361189
366021840
1217758586
2954991207
719354901
3132321873
211270184
3017711700
3041966773
117548805
87309861
3256207675
20895551
283540427
394229289
372579821
2523636348
549336271
17991938
67054209
3307134976
3327865456
217979137
88884198
1161769777
30359711
2193373608
2998711800
3362249547
3240198601
439661557
2610383496
2268449666
193551528
28205016
2237701033
3279276472
3346786673
2424396854
3109751468
3330394719
17220142
16262126
2820721280
829678344
3002345089
159628904
2878725015
2729463609
106354104
1183438255
402953489
3362356942
3184725621
18849013
129976695
495320206
126317304
89061138
297059066
475375313
3058686306
3331339085
16676466
3313626209
569960183
3248311951
18810387
278594100
2910122549
22573304
18227438
2915081010
20433890
2447975706
549738096
3347842785
26518263
251987760
126084397
2648290834
2702079534
177644273
3307911585
1933613372
3353695959
281364730
3356295311
3261132290
821536902
287575527
62377714
2855678516
792005364
28024869
2394475579
20417642
329850074
399649926
349865884
451927569
3198397731
462253715
311990345
87334128
3329793106
145568418
226534392
2343999674
322679340
28358803
981858932
146655228
2666976999
2767939182
3358193985
701193504
138154072
2932960388
18243027
2491131172
1357723279
349762499
3337907398
83446973
3214277401
91001770
264219308
3355915505
93796973
3182531152
722600701
320937846
728511396
15121707
1421563364
1198854613
19734468
15201480
774310080
2277903668
1335441528
373077255
597871135
117260749
3038081511
245951178
3297613168
42093846
1277686622
3365162001
3361470581
810079334
1588594777
156129761
496385078
754304323
3353368947
2820975952
3352228437
1267294382
3154414167
3356493317
3338514681
1250830255
23453171
2875700829
3356805514
2860380512
3270717872
362216131
2286177156
3267146544
2429278208
3258218844
636532214
805658640
39190006
3351545740
37110967
505059970
3251165070
2958982035
3269173801
1379071741
20959697
2732331992
453035997
3244619485
2279657496
3342178943
958253756
95736922
1643940246
1080493992
2864174087
3133237798
2431432838
3357492262
327384448
115580069
51047217
159192397
2793424678
501010881
2528329386
3331393799
3346368862
3344640837
971185669
237716668
50175859
170595725
3270157182
3359973742
345839026
1604723011
252896293
3046914284
80115602
448662849
3247359548
3028258203
55032954
544727190
208227577
3214329361
32780274
167562422
3185584105
3266672216
3262592598
81930506
3350802058
16715657
69641396
3051402986
3347525073
328876704
2803599920
3343276097
2982748809
3323102775
2427115734
120891179
19115863
336075571
2352982249
2959879164
19191229
1353554214
2903091518
3156993991
14827598
2394972805
1077392510
3231239493
460059057
3171773443
64309275
2841955852
3301055757
2212400562
922043059
2895021264
1023300907
197366901
772658262
551485341
3029142007
1330320661
3092924440
1887752443
19763587
1276262652
18857913
2233805725
26028938
260067081
1954352959
2894557803
1702689294
14246001
1717126424
3064631916
278459897
32244306
3168334028
18694852
334293929
3199945126
97370606
3191506678
1912837202
3167914200
3140788424
2786365742
304041323
2930216628
3167338007
36859458
467965524
2860591830
2438481840
3165913808
38072611
3181664949
481739775
3065049754
588670532
928756664
1147138459
3078125717
33341237
40899360
169137868
55687166
528476007
3169144038
3154180696
480176597
2764986387
2906653775
1548412026
3114224972
3169177986
2777325098
1452476684
3168956304
21979792
708165565
306864062
395476075
2574382416
15427077
3070781789
3014539777
245194546
1323147486
1576343292
2769040319
1113012024
3199670302
3150104760
3169346670
3067099511
3189899441
774427616
1086867385
74530022
62532975
47820503
21098674
2831128984
3068584740
89041892
18658713
19405971
1345320968
3174054845
15105348
481644054
2416476702
1563372572
150430393
60152412
27704609
461013813
25192474
83643109
2458811252
1251605245
3128084882
31189315
3104193708
501085789
2995045577
3106224426
116354172
28681832
751471944
424942613
2514559524
2919596858
19251287
73159151
169233666
3054340068
3069316448
38150610
1354670101
306314459
2785715902
197017633
121288204
46430767
1160868584
2971897701
3130721072
122386241
63769395
16878421
29436993
801363888
2732009356
1228164974
3012503543
287827676
2418194725
2436175673
1338889010
1315901270
19429492
3083654936
44649852
846347034
1210300994
15844403
1287649574
349393479
80451677
91044307
83613455
3074826093
3152987301
129344072
1061336840
235315238
2347827685
3115762359
1064059495
16343023
2357124548
225538664
2285498610
3049037562
3121649233
624807391
2996044346
3082923743
233300460
2927890620
58288407
2884767796
148891227
249449472
1491281294
16377028
831802326
2490727213
2992435050
98943265
2320812032
2992468798
3038554208
2856810896
1287489258
3053484461
17292143
2992470704
3026058544
2924382694
2610762397
2477061354
22889603
78042212
1472559241
3053953041
2991408913
2796450360
2341284446
14937903
124872499
3024447402
1666232317
1394932249
3015189808
29719549
26708976
18056954
3014648008
96484761
2940111338
805028689
1887560869
92316356
18647752
2733529329
19137377
15515169
3022655262
17136735
197464628
1576503710
36414087
2678275716
2969356502
2842002149
2986655176
353217855
43160205
10911792
15245483
186958748
1331899136
19086392
14241118
633912127
601651254
1349307600
886636374
383776099
24237286
279351897
322347988
72438653
15957908
17062687
1005718543
206959976
2443735771
2556960782
2828263154
2730067740
81093355
237860576
35102285
306468475
260595895
2544184916
705953678
2940725908
1534908480
106449368
56285800
2281683319
1011736002
2959325127
1412153676
296977309
2947573500
2565810782
848571362
66254041
2782800290
2888178009
45878131
556539700
20202934
111371854
2694233028
18861260
2815607119
388459260
327233964
477189543
2590249716
118483149
2757288756
14133939
207077701
26800591
2915855838
384100788
322211399
1912406790
2901096526
424793958
2871425883
69131520
15755519
17850012
1504963614
38236285
2630271695
836985434
2898787678
31824426
2877473457
982668925
105964050
936894499
732713060
1716908306
385721200
589347039
2764720327
2801920349
16181090
2800406690
522660334
2894257691
36487845
1530953929
431983412
872423437
19877642
345047129
46128106
2203693326
83354558
1163271668
365808890
2678149782
67330793
339447548
264177178
123662532
613431041
2906671651
67732284
46638941
2464861448
1075317547
65842087
545598405
18278736
565547892
44367924
385137266
2391466164
825995035
525668916
125822031
59235650
17023392
1127018059
2363238402
2397498728
401896879
192293250
935943764
1963315333
118920861
2364893287
354612209
265282459
239952220
2884647989
23632432
606569550
506327275
330479090
2904731750
35289139
2790641807
148737511
2641295646
321797391
20542372
2832536118
2894313667
22973101
2610394141
1480601154
329097886
2610373344
2788831231
17898751
264758510
43027459
2834910728
14606551
2480636468
812495492
1895455134
397247694
2823340595
2586277861
2855427539
1263442344
2735121265
2451497065
2573235740
1678009506
517029988
2218213914
2330788206
2468084756
587896048
37877645
396758220
76679711
309258494
14877132
238156532
321492255
2751747915
438563943
296984980
123261562
2365754060
11294522
216839698
37553950
29101097
1726172527
27971300
28610770
326819590
26493765
22314677
69844570
12874852
36939552
2866213538
333094966
1394990785
47225314
14248149
2732581789
569103001
41499744
555307309
2360782640
19684844
15747743
2866339563
2889617784
66914228
191479479
90776145
61787006
320819682
343208175
2869620765
2869602975
2869625830
1026661742
1449604730
496449011
35155218
432123182
2764544122
885237072
406777573
1053876188
86969832
2850994556
30783160
20691069
26503051
2302468187
2752111238
62533876
26829686
2574033781
1960443318
19305347
22827801
893796912
2858633647
2784785152
996474211
54362208
23341582
2340529506
401782107
2750158874
576303471
2564324617
19376529
2691593828
2231938992
1722834128
15725774
750030602
545927599
259772363
404247258
1362610580
18155407
1309190364
330222744
2588406417
57307962
533591792
2865109265
335858222
764600822
374682775
2529638343
491566194
361540213
546316916
2317674444
54791826
14828860
1542285409
2490378637
21952190
849692616
1551800436
550833507
175439376
2597110266
196405628
108729067
15885154
2374183260
475174608
2553364812
71176062
21446830
17522418
56197688
720486625
2200974618
2181373861
22136684
2577080132
14411127
2499977629
197056371
231653798
1441353919
159979464
369920990
2885917759
235362301
599323480
2842286404
50012438
848240581
479965586
126634891
34318196
754344864
2648100758
2312887004
2274831270
396148091
2811671948
16174267
907156974
40529483
21142905
22066634
14852575
71340998
171462119
44795113
709421324
2580723979
21050255
73133760
1163869994
18889627
1722208723
20127594
1541326952
2176671631
1902453674
140635519
2851671076
2607408072
38428676
2838704651
27313635
296583170
32773448
22541355
1266365802
2412832339
161073182
620791055
2831952844
157848930
65506904
2230408472
237716001
2327482747
51462515
2453141557
1262668364
395096426
475234423
334970231
493266027
1673283595
50447429
166755585
180047051
65056590
14368641
268283875
2856035920
2839868230
254219252
17212187
704646322
188879830
1151103608
17796461
19669293
68766202
304494010
122774756
15867597
1707221582
42076600
2468255672
17104642
18963183
519989580
68802417
2338469365
609237130
15084954
1441419714
29773638
53448694
729155413
1458390344
362099737
166551566
17876713
70464876
514609291
462104187
2875696676
2857511411
945949951
583489745
35347027
36376100
2855226009
60149638
2423015958
160960305
51418597
55659987
272070669
53120443
74838738
277178022
2886791407
1090352485
2879964494
15639019
845016511
37091961
2848842983
396636288
362242659
176816993
478197603
493744337
569240484
427101580
55868405
58975490
15451917
261712149
2742472647
140230250
2886204702
2854778151
18319690
334837336
23088376
259600301
783549931
2841063237
20192882
2204369599
16876906
232666084
344784438
1729921609
491789293
184211411
2171104473
543426059
18443948
414813018
1047978716
17188440
2750043678
2376568129
520495082
1870231004
300257013
140597203
52291770
2451191298
2172390720
2603045568
14441014
50200778
266420236
17100310
2572548821
2782347458
14660512
2654613174
16618950
328844534
2685395450
271007518
175514851
1444054332
108766294
617951926
2361810783
1119705704
72430838
287309137
2744138200
2272034240
15443208
161995094
2688539683
2745732502
2751038382
2733216961
2558692343
1316773338
179730104
44171091
1183589936
2744162657
364543348
466516404
9376622
435997444
529644670
845158560
2195044557
107250138
2734074783
829833392
15412070
2709994716
111225697
2194835047
2590752414
376302246
2556486377
380953800
275247483
419168628
370147920
2218868586
2428471388
62731389
1187578082
1012724688
2581223964
18280046
540267078
1866107486
1798062139
547170389
899997757
840408660
1940762346
133780263
2386271370
1691653854
322412795
583381888
74610889
147684096
480988276
410823160
32673296
29065126
41576927
550521302
84125367
361306297
2540336251
493352449
141189815
2326178264
2529000218
291328266
1705281098
1672929571
393980056
35120520
562393599
23546686
25281063
528896109
25169797
1295278380
1183009507
1901643788
408078595
293338829
16261638
569632498
207323988
17819534
187873494
285722124
148418872
39651447
2205897631
1960802108
269915866
726214400
108055839
33611715
898306046
1083429619
596700256
114767571
2302721327
747245726
1653254318
426793539
2178913852
14465607
189474615
2646513217
317630994
2319270278
126327063
997374590
2361907585
2671628714
2269308450
2420640673
33917368
161863791
154502607
2431528026
2288778660
854947573
386348118
14729072
2717469269
1049450876
457885324
2717259149
14136573
280826651
2538463887
2203757832
2449427197
25609101
53393355
147757981
408636148
35767916
491903601
2475316676
31776249
36836999
18491015
188068636
2234894348
486452793
452374361
550117804
2592262884
2364840836
2318657929
42332052
50100148
17589268
21635897
25362665
1005636943
411833310
105486948
2617178900
615230239
2519542016
143915935
1931270731
325291966
909278334
351129598
2533453585
1250630324
100322447
304399177
184193636
2455564573
17973894
2660618482
2358575886
1629189750
2481116335
456266033
529983735
2694928804
1856153431
28331933
2590559870
12647512
1919365302
947590692
2193523407
1322887662
2556950185
1916876180
10843972
1363151958
1967787210
1114836638
1700163288
2391326503
2602246040
2345915528
1894877022
551039678
16005191
737515140
774553951
233400946
38574610
118916193
14980621
975015043
22916999
475256053
46662609
202311711
2590930045
860336340
1117620157
74696099
217215640
801662892
368052399
43387584
66398295
2459844116
2482495884
243487378
2379107882
2169142820
326450140
33842184
2570274516
588652351
827573552
22542505
36759852
2577310622
296474643
1467553514
2472611958
1434254443
1451875429
194700150
2572502720
18880179
1112283996
14152805
489869836
2350106048
2459459894
401006549
2495425288
2291898406
1673243628
271875023
282063633
202094267
397612300
22176269
1657050432
1226554584
127958460
492723533
1010021017
27905453
19009051
9505782
179577543
2409526963
2247360148
2370939128
2392066538
18088520
2533752031
828287113
1554275570
32921295
2549111976
2370937056
2513335566
2447549058
1735598492
2517823352
2231719945
248468637
485138672
420831857
192160954
853150752
541279478
479946490
160550044
2308874101
35598141
2361402427
2372470009
18463760
39874561
2183869603
33192295
583236143
14079425
21733250
2305811305
33436719
23779282
382727184
92661727
439463451
600970489
2471288138
373677079
2574485434
2389753183
25692663
2351289902
21969820
431748348
17599161
849433286
2552972439
563941604
2337955015
2460500942
766006124
369145518
1920462602
1177441315
156047510
192889324
2432604370
415551828
236492709
2533198958
25310082
2409170448
17617280
238141187
16178175
275555362
64311566
2561710593
1088712812
2453508032
57143715
2429096275
2383642447
2479780170
2288213969
488120872
2363013698
1005437557
160950488
318546639
1257531236
49632486
69525854
1196227903
2480959747
23913989
2467453536
1232694348
2513321990
1696668403
132606581
43121866
625014045
2245464160
2436585852
2488536523
304921899
95906344
2274804266
622393428
215112978
365112885
15010156
221810696
1578055999
15110493
33643122
17621417
321573705
91944741
1013639197
330509973
229092470
159844557
2510733222
35702359
2186119798
385725764
2334563515
1548474672
21004002
2474424333
426138903
584102185
375368834
17095974
141199121
2417666042
426269034
863210642
2397996408
2398620896
55739472
2437761780
2417900486
302298012
702063535
2338324944
19403556
1093679520
89536833
831620988
289634551
2507463476
544487346
2398195062
632368155
56459846
871353636
1156684836
2510411857
17814759
1166911412
1485112826
20740453
26263010
107216119
2175799057
2428979480
14438836
20205631
2253668659
2164742724
514628796
466114985
1066126183
502977150
1059320461
2246213356
20185224
14786860
21500060
22674616
499089597
332664647
522369755
369863247
19665962
2453906537
68108698
283809463
304741553
1117472420
47033501
587922765
2492324899
2437701416
2415133327
98292686
712517594
731276185
475296429
283710482
2488397832
40867369
309455882
2353899684
42353252
2481369150
1411188619
2545521730
48288195
89246910
18381537
2169329578
2485770607
249618556
394796763
28866865
2473914493
43341556
1291365558
2196095254
17226499
395235709
28362228
18856041
2413554119
938335874
2183549040
2209397634
1378228064
64241809
1514600646
28486172
2414507347
195003412
339435618
2539661987
707848417
21539967
2486746766
310463361
866836447
636332428
27803877
507911849
22189929
2252643295
211626320
742095450
166986536
240100465
23490785
1107126739
1262791520
390276032
14237571
1390653824
229099179
418217777
88092314
1129798154
2390465396
17418337
203179680
363246481
413387593
61708811
1116932605
2433258235
2209505738
281632458
73422571
554379228
394763418
43332082
1411192448
48618184
17477109
1220263976
468603566
250276268
23622995
33243589
77141282
1267261999
752938088
126801498
19747540
2536409129
43935032
20259428
16615401
634221365
301819757
272733068
2459734807
462268983
17607548
194665334
984001230
2424483050
731006480
2459572140
586329610
2483192492
2470865810
321675696
118269391
16943688
18850586
11360912
270887779
46810036
154765144
78674165
38603961
582059216
2200903396
912175063
30031724
244520893
972101372
1350587371
261736294
624367140
1447294434
47515288
70476420
181257026
1580536446
317982779
953478103
33537384
69489304
52335539
635047898
14061885
36715255
174626420
17798223
69960257
267882081
75943946
20834727
27234923
15639280
1043152939
2516024536
1102407192
27246897
493584328
388131044
1540053464
636012756
122217164
62040755
346368333
2181510985
42934181
524598068
484886794
28147376
83674440
25196067
2287164642
613632428
549417526
284490534
29686033
303776754
1345417112
104949842
112408516
153163532
973096824
2455089862
29510168
277067610
162451811
1676003581
275203213
2271996085
2452845962
2472900662
1390452294
2449576837
2462361264
29603505
169218596
2350881398
325723207
361377728
92340721
1031288516
44695087
110162167
1712526769
478324782
14996742
850382029
118733300
24132157
75429002
475478603
2418005564
637330877
1645705218
16547087
432384991
282726250
136354834
2435692741
2421516380
21836409
2383997634
2413390963
16408583
1726371277
1604384239
1056273920
13216522
966281006
407433598
2443175295
34883744
2435077554
2385181272
460068469
1934933942
339277996
2435136620
9669942
2147994507
1913011766
616558560
2432905916
964141178
104959076
97886539
14460296
1658094217
2256904355
1367563508
2471539614
146880273
2460042668
2459863602
476329518
39820950
1345647810
18465569
15497701
1164529477
347664490
506421697
127030142
2367361382
14130020
28531532
1373386279
1648277629
69470882
95925471
2369689564
623354813
2463293564
719476465
334798617
832978262
392317531
18751508
31158723
486707081
2403090805
58723444
494349825
2273228400
350612831
324981895
49608153
1706035015
1035814836
2187566527
1000358462
21100908
2235472348
123828886
217961539
43275163
2299858519
341025540
280125890
2165350855
80993628
222831926
115481269
373836041
29266041
47435441
41512680
175829773
1230304664
1944460184
158250095
17240171
2471768966
41970321
19520429
91641927
164335760
192408023
333555521
139916467
2416242174
1534489369
261834470
2331694902
242431970
2444291900
418093603
103799385
55002982
628046714
412709502
2447363011
19544753
259449197
234620151
135164043
119047931
1938857622
362706749
25050214
2467216009
33346915
50796755
2515394673
84122570
450122641
76831283
1480474080
2456726148
501472524
193987876
143218178
1546473264
326755309
1951576322
209522252
2456691548
69924280
96337803
416623540
255399458
20805189
1488610940
84007164
191721303
1488099853
376213723
932914562
260498227
14184238
2427969793
95918364
44095632
2402198930
1037934955
21292439
404130154
2252563105
1511069400
558859650
358425691
42343588
704969406
2443523464
807825146
755714203
40152337
1865995951
701756448
2476452927
1143016214
598852087
2364595466
40975995
93325330
426553536
754136161
19629335
2497236892
131535843
2422349496
16482277
397554032
1329872828
2263394282
1429465345
7414802
104884637
89845158
1732174327
2503096821
601271607
158111346
259047189
984683022
1264720392
15459834
316305181
133391698
780671978
532728149
33659523
816012728
64477088
65145978
2451279389
945996578
2202231842
302197035
557229283
2438854933
1384458296
15638285
2421265088
59002686
508000939
2330963646
125602309
188529320
1170335382
60225505
46263791
19574701
75087223
171135072
1475708148
100599470
2317362350
38419284
2432431920
1162029079
227769213
574591083
2382491594
323580011
39888509
67142652
422434157
192878974
135579482
21127552
284400400
2306782083
2414818171
2207503674
1587619698
1534765764
621017555
2349390438
560469341
327052235
103982533
2411695891
791954563
2424841163
81211438
890234821
2393104704
242916260
2436052717
23700503
30627124
24505638
762429002
167912770
294851522
402944504
2458243162
1612622184
2374339070
2203577606
2391810006
1931119790
14595985
249651902
1059353521
276044136
44415643
2402035333
2385221005
336502229
1090607726
2298561504
24914858
33873210
2237138449
553079353
574469562
18325659
206812536
44264726
20060401
264465580
2159632832
1955762948
423814277
2434003160
215036564
2333358451
744093090
1544604134
197312764
1551276901
14747693
2444640366
312438468
2183024095
15433731
232931450
2444200430
2439689628
277548400
30008059
192027977
351666523
392514148
158403282
618694305
409636524
1129990950
347218022
552498200
60216371
20290820
100580827
1377248912
2202017670
59310699
1663685119
2254163954
257966815
2407920186
806788298
275575417
247741998
363500612
202281015
928850298
2354380105
368589162
14126760
38155735
397636472
1408428722
78038972
171112919
511401676
13785312
483630791
15832743
17972613
559254516
582041050
14061120
807454508
20485784
33617872
108450607
361592717
962557322
70446177
2393150803
15854370
518613515
2401994965
188428926
2279679012
2487287716
2292284042
404313582
1112343650
231842288
155386621
2387875854
2424620712
423879509
28462684
1611844424
2396965368
2265189784
2386125175
2354929825
842217397
2436385045
2442759224
37980049
292948988
73132703
193728371
33191836
383855402
41258849
1635390067
2262887718
2325817375
150729226
557835471
46893775
703561088
1883933347
232342189
216313822
564323867
489860951
2366036132
2386533162
1387470091
15117771
1260173024
30792827
531404531
30206035
449466849
15896379
105588068
390905408
71933536
52237345
2421745868
24478503
555524485
2216806335
1001949043
2394415040
609386388
16733340
2414929056
51258378
405217625
772454521
842861293
528978549
383468784
244630473
460443878
199465180
2308803948
233416968
252349048
309885534
601439264
31431054
17584100
792336198
329426388
1423114304
2238063018
370791166
242355983
1491893035
152954651
2373788288
18030041
715625255
65018939
225079289
1528832856
1365340532
409438586
2417202249
1152420510
612106280
1657059614
1579701000
470734934
144545149
130657643
2402135648
755404944
1584158076
242279039
314126663
240874442
406735429
375942498
2394149216
2394129812
263866245
916768412
574540977
80418283
1063208821
874380344
1556015389
2191160030
2396305135
296060375
517473179
97497867
171378430
77577120
494600779
2415734231
2266840683
1055318126
954588666
373763273
391676910
42015024
2377464888
2344818162
459204863
434265754
30269071
1891753070
152694394
2400584795
852145410
14662016
382913150
21960698
441444364
276575485
477674500
1871877294
2408783027
2219773683
536989177
2417152024
49977111
2364972540
2362448641
870275515
31504652
1397018047
914649410
720872123
31590830
151474994
1116741523
313643175
2182454906
132559185
2178954701
2289181326
2314208022
29142175
2305411946
755507652
2278239572
2305713126
2274783523
2285787799
2275401552
19426193
100044258
1647773804
288441311
348701129
1352658170
1009700682
108449188
32470896
2285745738
50963434
2375728652
2296550851
22334934
2362058184
1895327124
16557087
2372765210
19754764
864903637
874751684
114486261
2369191081
1010061763
2310136022
2233839491
1672106641
469857283
175655778
1360282711
280189256
2277684463
2316115075
39637791
27786531
607767601
372562604
240107070
228562845
2303534426
347833612
17796143
1067081432
35491379
344051242
1895739270
161729186
48933044
258619140
2283941480
327909258
315710383
94370040
2309597174
246122468
2166654402
57756107
28402432
101793006
1451518069
40797984
75218641
242528472
21834856
145071766
2252174582
347984381
256583326
252298148
994026596
353399303
1546899493
268891454
33017205
46649757
584430061
2349099470
579114403
1099423950
1097418152
29746614
97442476
976536036
45351576
2350733286
458969174
306254104
1852446168
2346002424
2345993365
2300882212
2348705574
144465177
2151570234
1283185975
1457607392
329473022
2346494652
108664704
16934108
323568406
52228922
1939427365
783540770
143553837
2340948164
487242656
1045823846
14404563
1382985312
1620386138
22170254
326728794
1311537984
2257133399
791803016
37787129
1458683588
1861790306
1447501340
1213854504
22506943
952299090
2325726008
2332088869
2163180053
17106132
532549397
303552797
1171110199
1691057221
84202516
1547325522
1164105180
50764811
1628589186
2272678585
2215108105
482590671
2228469313
1228709365
1363153292
1939051818
12084422
249454006
2162561843
1375764217
323279437
1040554722
199786717
787752866
599579949
1588087394
1915585472
139277358
227428582
190711905
23008136
1960983132
288951069
365002441
516172756
2263208731
2332102951
136780298
18362951
262350459
622910069
2220211187
761861736
368041747
25386341
16797966
15342350
46836253
440432970
26198052
387194613
1110252114
38260502
1725651607
1716429744
92856382
339529477
22335390
365183043
908678251
18764375
1040300640
162069888
2171331630
761679091
123535199
72118272
384392209
40869125
18910842
2196855312
15416938
17530346
1418565871
9063042
285788681
1072697707
73537528
1656000703
706309470
22544744
35099387
35548609
2293381748
25477045
87125825
809424288
1667138216
1383188269
1950956635
17342774
2257429609
64819048
2181055649
2320298334
126620831
26803180
1170457952
516076652
2218136948
1878057841
1834017710
393153836
350965204
1040666851
1958990479
1202647436
78346312
761006154
908732125
170350008
41076710
24412566
226471781
2230865580
1527195589
33528792
16301758
1231325863
1596819900
905565985
184363776
1338115832
2229439886
2275359511
2278553124
2276895127
2278486260
2314218546
14370442
20822107
2276540767
2280889964
2253718746
2278643695
2241829436
2297750324
2305701260
2231048466
2292882019
2280246494
2299933496
27746176
14063631
52884573
33666509
310070791
225991719
18645413
16159326
613080414
157326922
614615317
1195712305
39870103
2285898973
2218410282
2301469231
2287371938
2275353528
2302385934
2305506890
2304711158
2286486919
19286635
1603926578
2278641691
249701024
2309073169
18306336
2276532570
20016653
52225786
2284525759
2241867553
2229589454
1553656268
2278566811
2299939501
2273451463
768572748
71800603
24213245
28279957
1968086509
18631342
333228332
139458774
1319104417
2248778884
476190146
259288977
336796736
1045431726
1548056719
249459369
2294503790
553140451
380949349
2303327288
711830140
2218429010
18327837
2292162876
1260848610
23070814
2297685451
2285970260
2302247113
137182317
58486536
2303729552
2299198134
56462308
14241251
21448143
1849271742
2275355630
2276875866
2231051616
162891066
344443005
2280056089
2229586100
2285785820
2281898629
2206288683
2275363579
2276531808
2241849739
2284059703
2275357946
2284538582
31200136
2287413884
2296312273
2287436084
35556619
2287376635
2256162563
981390350
1496293794
2217369012
2232909162
948701149
349119824
2255183038
72660638
722461418
46045385
19068720
47164345
17071254
1857717198
44958063
19467693
898369734
1342556275
480034493
344982468
34534533
2279010650
773545554
1733029736
27642150
2250608286
89687980
186295377
136909410
22022600
88528024
237955684
28096002
33051685
37648639
368068686
15794549
17293115
2286779963
110726396
2286677239
404453492
17261805
1537258710
721235088
15166294
35478097
69174161
2218437349
2289726655
2165370968
1933926097
2275349467
2289196387
2276887633
16911298
2285971777
248759796
28052044
540445319
518603645
28675773
2286480276
32442205
720027191
2297985361
2153641790
353476197
17013243
594233520
284066023
149279083
1897823318
45050733
78599372
1553088109
468476949
1953783422
2296450369
2171101113
2214405848
400206356
423173143
230913792
38638418
570489810
401108633
39262155
249626222
2229160586
39635263
1215283952
2229323096
752116196
938264233
156286207
365860893
1025743764
281138718
16406487
245370164
2203356342
501124742
90878833
14246295
16482311
2190775614
2277510296
601836047
190188907
2169635514
2279400236
19206730
2243218526
1866302887
1348356140
74799323
2267901661
729744181
193514635
125225263
114883320
202884682
753415579
1546339063
1020619381
2260524714
57722830
465661872
1242855686
147046548
2277920680
2254481138
322094237
2225388367
1283789678
849521148
594587528
739221463
180659589
2151795059
1633588778
412417004
241183580
1738949167
114255998
371311477
245493741
33066127
202418640
25398103
520273824
826519753
1906376688
2235123410
109146291
1379849731
1482255157
1348015375
444708910
501178941
461400181
66307592
1228249850
2152906289
450157910
58181991
118757621
2271073329
587702023
180793012
1879453106
809572219
908532632
26603389
22555433
70767247
19707929
244333591
69169493
14664989
454377597
224959986
593284612
41469826
2266848781
147979403
19375556
2270796432
251225169
1161457548
1187920800
705621384
198227482
1905965150
146081042
158380632
137455878
2280400626
21194525
106139377
8071902
35923416
17388508
2217484500
2209913275
156238691
921698317
1873440990
102248780
14632278
2216456917
1891922298
2257161584
635619620
1732079208
76815141
846576042
200442887
415136239
260510643
605767948
541971193
201539220
28297018
159495728
297241331
57221341
2207772587
246613868
2209105877
15863803
1130464824
16932389
317079008
117851344
60630674
400237767
1489638156
2285826296
2273889341
2286024372
1338024746
485999745
2191038252
1663206924
523378089
121463598
1226196548
865706912
548021922
2205912880
56594393
106326316
15577785
17611152
22828932
2229951470
74740850
468069090
704365106
28468897
14896687
43228702
2269590054
70451572
21960493
370402148
491532618
334635522
456004521
1352612618
855128557
2240473428
537481427
324219998
615731924
2273629113
158008145
37315316
1584988032
2270880947
901448352
1552188427
16142506
2280681007
32896052
456078617
2263946194
274630018
541543008
1681930574
1908346692
2275766245
1172508902
49346115
2219457148
14173980
112787419
14914337
343710995
76118540
2150644470
36805871
458335257
610176107
147394073
919811263
1263254971
17149320
840588307
21303548
2213309971
2256540824
2243135282
37931283
270066363
24566926
2156090451
83917916
421650066
596492009
2243584622
619572094
265986952
529534933
1586064660
244985882
1433850084
1474856946
1643546107
1416354811
91169450
32282418
2185438601
67175124
17162042
500461649
91685435
15175673
97476190
357886046
21567887
273717225
124152386
197149502
33993445
939214735
519359237
361859989
1352350981
657703
2254636806
1335039469
579633239
1643432540
494060612
1844657196
351327565
32776582
1059041126
318024826
405340586
374922594
18239795
26870971
235558393
2224558007
27342946
2249657112
1854261271
122938426
354563830
2176973327
179234022
231358023
118257751
1640136530
354526264
986106360
72768353
2234256923
609351846
310284391
17520580
64696716
1623201146
1674155334
360743741
2204551584
453597302
172200611
619440438
141153067
2201414928
1487396677
38270666
1969013130
1942302469
342473597
1400473951
14802657
68150610
41192729
381300691
1869831630
505950794
151432384
304512686
2229325735
34709357
16942019
2249296352
538501608
2231416951
2192960334
31324587
1965052753
16952318
2183040144
49623973
2242358251
2206895537
57007193
233628907
18624065
2226675243
1476353088
1932175855
116484537
366401072
20475685
277798989
68775525
271099084
1527933500
1345299372
2242903526
2221999388
1660654616
405696619
385865253
398949425
17214182
108518396
569480831
941648719
117492923
2186369040
962863801
745749638
16005929
1848995545
76533080
2180091062
395657580
40112115
577835257
2216447916
2166485073
20395614
450106127
1164612824
731898637
67220609
184913225
1074731996
2228903766
956393767
110547586
2243855586
5693822
378974800
56080660
916156766
484216283
475076599
213235014
2244400026
10968062
2193141499
966833839
25552536
326097415
37836298
64315032
15397465
139957163
1254945793
2244578906
415498527
831936469
2245260078
484112767
2224268241
2148238098
1680656832
28427111
2232048349
570968854
18752026
1592346978
130497196
183493120
2227498724
386942480
57707225
49719888
102760534
164603512
2244807864
204934845
36766429
2243326530
304536282
27792600
306567856
2244897031
35056841
20896657
289653656
1401324482
1151896633
39230343
1348103790
1090560374
255745255
31229164
1036593998
271245546
814854
973099784
17175619
175513722
15515407
474246365
363778880
468549130
328286885
1713121602
15029598
1155103962
73019186
2232333186
2200298676
349268384
1280423600
116900499
2229097892
2209314937
476541647
569167478
184184690
938699377
306538739
554192995
2238478495
1727015172
504876586
2217888446
2212780633
25031312
1608210661
30487687
1948923295
325060180
221509706
1705217779
34096744
166691048
1856047159
1329929646
31314235
2205266645
2222218705
382195874
2167118689
1639023956
28646967
2232921931
106605644
378233859
2196285527
333377157
635513216
103390672
834265304
563209227
348202084
28609576
360147032
538472093
2205190982
262766375
23025839
24875173
214526339
975970603
1674544850
2230288422
2183119376
122552256
21088358
452499494
269025882
43914751
47523318
292089503
495228226
2169023652
2178303956
549333008
2159657083
1332016838
1143512581
1475708082
278075983
854498334
2175170185
1177625940
2149990111
312480764
19974521
1577973536
42561132
68157410
317625336
42762837
418330361
823375303
2200335193
43223912
1940059196
1931214738
1923222152
1943740538
336860007
37806365
301124130
1711165759
64184004
1315091682
25362922
52603300
192413051
148093058
1146027373
276231038
98134175
519754362
1141549206
344300644
596780999
578404014
2167561700
2155044116
2179366766
1733660425
464022222
1697759725
1673843478
2161181347
205530374
916679359
2220708960
448206544
406824084
47043221
451829853
17569353
1034790062
59491764
59618305
139928461
256806161
286495102
27910110
538589671
36536146
14448286
2216246131
1405093207
2155922023
222338801
25314747
2148654276
22159926
1965906932
1494885601
279713592
2177353310
53539033
19349556
43467426
2153432804
343640855
1518564092
379279989
14559092
408165972
610541473
1519990998
134434362
2190816177
1852510165
783275869
1420941950
259226744
19667370
72576154
633899914
7369752
16379217
257083750
597660224
42536914
73830660
17781782
14764434
23012791
2192271978
23968214
19395303
21211715
474680268
756390198
62412623
2193225414
61577214
65248549
216875784
30082318
17298588
270913052
136849394
2155029858
17420951
1286167441
966738836
1696459435
26264281
109428475
45639926
1665459781
78285122
154009221
2172795558
21461064
229215391
1279727088
435395293
493354392
815855450
1629488768
105491314
248392341
33521670
1421947435
72246017
26028214
536819366
631315475
330455775
34619107
42728966
1974229201
102800004
15076193
915330565
20196541
81085889
16725981
531553862
961645530
63987834
569800374
9198042
103052169
87487714
25720325
1529735881
84940370
69333058
38139626
30106482
247339748
596043504
49746356
238670454
624911893
177054804
328735400
476424256
631996083
17983854
105287977
17060028
66783916
801696312
205350485
35511013
364894647
160771387
14058790
284133245
762908870
59020877
18906496
54294588
92018946
233780504
238766601
280310929
22536636
1479007597
18711115
293198360
146725830
34489838
551527279
967553359
424501575
109441206
2196554780
97963881
292437286
1054142286
31573179
42552069
228730108
266998799
17244585
1556429616
16509228
126278129
338588950
30225801
15431860
291888878
16383523
50094643
63900752
41758974
899208931
89496720
451071328
72941135
131944435
195598148
417403077
20349670
93657802
284660660
24305174
425254840
905818448
563142582
1638248971
51457532
24941036
50075539
1700808685
149315713
16982010
15724460
264268489
505054473
315878798
10197652
130682105
151606989
18375069
41786127
950472888
2161366296
23147281
76129914
2178456379
2196898261
304212276
109959761
498368414
173344920
80472125
1007810294
2189635686
209691289
319908301
2187711642
2174226492
56858980
1284758022
1717321848
1127795282
509193999
801078121
559557224
351925935
17289644
17694633
16741213
2162565620
2170689817
65257005
2196023612
1246524756
37552991
274582378
700332435
96171549
391865117
43387586
16249432
34986129
408945280
392541529
1693594974
431374029
183269203
1043235794
145806066
29469252
460611314
9459272
2163621726
896140693
105798626
251720945
21040094
497824141
1446967430
1320831440
2156663380
16691596
1263517346
328177861
1261754004
622245065
47664156
576850197
1199614334
727264026
231862589
132364354
2151993546
101363067
294139572
63851179
389954151
299701345
1482731778
231173145
15480583
14896492
16172577
25056702
815781468
341218150
1021232635
1558814714
836000570
139906474
1901137021
576302782
2149229983
22999594
46309880
33292083
1020249594
45938961
2186477552
280346260
345822153
14192558
531086673
259927889
535673706
1010658780
1202899920
1075295269
1965348276
186208349
236220378
1126761985
1938788335
2192392334
351763430
477378394
2188632558
1723788258
263514331
412491357
19774329
2149164474
95523951
17076337
113043855
31278641
14871561
1402909867
1968630416
22642225
369721247
10648962
20740139
1908247759
1703622595
21229157
1976654522
1348527882
723214632
322135391
33931794
635464700
772868034
18087450
399654268
39823631
2187593516
1606757246
2173906535
2165238765
150650231
18882930
954780048
1334126606
473092880
293694527
1957035685
33437044
1669274960
1923780673
29358530
528051007
2190785004
562319139
42362638
1071473030
112284141
15572516
1735264291
1854688885
2165973083
346563853
1687536504
61033732
16808124
2177371023
491821813
1254429360
2189506567
78972753
1872876938
1075041625
28747874
20995879
15663193
18673603
17095928
1967554729
2148164408
2170348338
24828873
2172114111
20698159
1246308289
36357054
1962742789
1592453065
426569705
1904942034
24883107
96858246
1534439125
2167254932
18477508
274405627
41618611
96955525
955998452
933692113
16162850
329323059
550614535
17064421
340633888
19473452
193360380
18570358
368019231
296570275
1938736058
462877474
516099394
36715610
1059758594
132377834
1285895952
20700232
18063057
31033056
846430350
1553199884
1939022256
402098023
1037537101
944641554
1951107200
1932693151
25665795
1473404738
234926462
19730399
383927760
1256276882
2155806158
382299843
35842750
192044576
15853842
388528945
19618219
270713764
328941240
75028720
557035074
168848032
229519262
1442629976
486751995
65638852
1662374898
376536568
50434933
324510403
42795554
32553313
44991108
361810355
932080784
149251898
24959680
2166799240
2180680375
62511148
169426186
727411927
568277402
202943374
260301416
436592966
291510900
948060018
64844059
1554279516
405022806
1869916651
56275477
14212447
18485106
1195643551
1448986688
23907702
1920118104
578303951
1900805552
1424543774
105151988
23501944
430669314
1946997871
572240596
123694443
2174778414
92381311
36969560
348705675
36586495
524534398
403171779
1341827388
283170559
48829629
37235719
199116093
1033472498
1679413254
16458758
2165609366
24785594
20633472
44634129
452706291
2153126812
2167145103
1258123836
18722591
2167438723
2177196530
528460026
359176077
42552146
1590846050
1592161380
2180407753
1058186814
778476145
713497775
1430349182
459337411
1539816253
24827553
2162723013
608578659
16168388
37085627
332936866
20086994
2173638243
468969856
845720863
28918971
287955883
1068159979
746077009
1851970364
403796213
583893956
905308778
32261842
1637632752
229528204
225073316
415166782
1065869268
1412979978
785648959
911714264
67815565
39445118
2169126661
19145050
55590458
20349973
1902736494
19860108
1723049575
288556689
457615326
586061055
253568538
887438360
277847562
39047949
28413777
1852723730
1339502906
452308828
27339507
1220487619
500551344
1888059348
235590453
1262808104
567553841
25421386
1032285714
572149925
19699833
57865657
1106748097
50305913
18220809
828449798
808022562
63710781
486939784
431754564
1702748504
88819849
14371388
701186426
23317476
204812348
1438060758
406019879
385460980
882419407
197826876
876879456
31281673
384942474
1540162742
2172515511
1115195462
84913069
15753922
85554061
93324564
80308457
96200100
1320854401
14633924
1118221878
364465366
2181401514
1963991660
484987293
776889680
15304141
1967767177
361468994
239265999
359723293
266675155
2159854733
19278179
550343940
761589841
283830150
1956503606
1628868444
364449502
332322091
59847052
633887100
251720863
110086211
1188170083
14340895
1145834972
18181085
428348168
312149882
1349173934
53171878
776278896
397709150
1161914514
1348269650
549433536
837875156
24367434
891993769
11025992
178904021
1563790843
1380909158
1710387696
16296867
1953467072
2177676492
155855838
146911266
226456509
144387166
1922288552
25985265
619519073
146685046
179348574
303175936
246469622
131597828
39288218
1577792898
461437275
2171062394
17257957
122435949
591213311
1362079669
107460271
1881882476
53687363
1687750309
257494103
1153611876
2165601511
14271037
186071897
1253899183
109192303
38795821
618020212
51323290
1177286227
295965706
18042990
61817371
1725465096
101942899
112929124
1215764640
21518676
2176735544
58796191
288612563
29794916
2177268079
1679906738
16403173
706596665
346277785
14392269
134698640
443871304
2153387550
392233671
34996923
2177313582
1848900235
22588981
1643457246
