4893587633
171969404
1772606058
18718411
634104898
703027967514034178
722133213368352768
722743226113867776
3349687523
143078689
2999232713
901586372
3854038335
3023037872
2336027965
322758107
1175342893
590632692
1416121592
4606298297
3180303423
4460194753
720682738429403136
389131019
348135286
2455446848
1057973556
141983142
3033631905
2689615243
720190712168464384
4895009223
719989582947819524
41403043
1181634696
2434282090
404764547
719002528872947712
3529383676
279870172
4567451843
20847124
3972727641
2738294901
543717819
715881177052233728
716055898117042177
704259305999114240
697812749317853184
2202266144
37094163
2227723832
596901227
843798122
710337565555994624
1317475729
436144868
703786678775746560
862494584
587064703
806100859
711792608855592960
710687037968375808
3335765709
709843106435305474
3398040316
4902667893
2318614480
4925149654
3207901977
717071994
709297917220098048
331313724
3305112267
97565310
2869397607
2264832193
4846250373
708163690143416320
706966258563063808
2447857141
4903781170
3244074664
263680408
3507573016
4892121195
704060966305034240
1521250819
703045003673624578
3313469529
121158213
3040454524
700943737556492288
3927190272
282912721
3148891231
1194921799
25783736
4709427153
403516106
4849277866
407426562
701419587892432896
574094259
381182427
115637932
403189561
945156060
394253657
208271500
576674014
405879768
471392888
403813357
282274717
2254466076
4917297352
2495087503
18503803
60328114
322776413
335682119
31234575
4794661016
135082653
4789693342
4886269985
4871563947
4657661774
4870832770
4889319358
4716291017
3494630905
4794623894
4775552174
4883369146
2198407377
4861639362
787099945
191777992
3313996819
2914746101
201768863
4871021171
33160996
3630758595
4725318027
4866929795
4402672634
599746635
3473843127
14870804
4860358445
3209073718
1233232040
4415483532
4855058175
113149166
4828872593
4846931577
4133546734
4810522465
181800015
4806088213
4768523603
1202760564
135826193
34418161
4021391055
387784471
4749350892
4784550889
4829144733
2887561887
3081056819
4770773125
4825577001
4776622938
4820770353
3912034594
4761690919
3115745191
331819766
827736498
4796240367
4801188083
4334375777
478511753
3068891372
2176731252
2224865970
3111708908
72581600
1070582400
281074174
3269578556
4735465238
2434061740
4744247775
3954209414
4720715035
1577316756
3598894572
783853466
1258063765
4712793602
4688107166
4710702788
3389340946
4706349643
4700257396
4700377033
4698043369
348856964
4692153961
3164895834
4693212224
4692230197
1895173938
2257184242
4660785699
4618107015
2236392785
4629291736
4665502898
307265339
541273265
3606610338
4521503308
4407260895
3070073576
875967086
3279339284
2473872439
3387467631
4540971322
2361264892
2505580309
4498566279
2460708248
4316073201
3768347593
249326493
1157158970
3188567614
2638660811
3166868602
2566393907
1268576011
408662592
4458000735
4456430056
4455987383
4452943409
4450120769
4440088283
426868308
1656244819
3307233824
3308688020
2980520009
4433507178
3407024027
3938130737
4380347302
4379481021
3401772591
3320552203
4271183534
4344061522
1423572240
4337722101
2356684838
176313309
4323026667
4317151523
4314617837
627997859
346872546
3873374292
4239912552
4372487479
38299655
4245010995
130024491
2878322028
1688707722
77048862
3921867641
1579718485
2848024041
4221337289
4283683093
2825561605
4222504181
4194982756
4214518037
4105165094
4207954035
4206757589
1330302997
4198735756
4158672155
33923443
4222559593
4173285970
504275687
2705518291
55182346
4159334903
3623633172
232765946
316919032
239339998
4035234593
1028501365
4149800383
3875671407
4127338753
248249278
4108953221
4105489221
2851222724
4096909392
475140088
4087946548
1877259637
528718571
3402065523
3300052239
4038137578
705166574
3639902779
4041323841
1656473094
135274180
475680927
3974042594
2857436288
4008192724
2957490940
436086863
489500494
2584491750
3976821670
3974722349
3969800169
3897907220
2445064535
3965126361
3384007601
3902384465
3880552513
354608477
2964884914
263310004
30238852
14481746
3916467905
3668591772
3813873499
3548623643
3882524788
3866561187
1436029274
2884541146
3762861981
2975461658
3827590533
3815928994
3815601161
3724408693
3812582543
3812189595
1492888340
3690173959
3706948398
3786657082
2301815870
1523158783
2519037994
93731991
3408145071
3298347056
3317999271
1583015262
1649216052
3659532672
2974768095
830550692
3444344354
3421282546
39735982
2862951569
3324600732
354975082
3631184775
439038283
3612951374
3703175979
3593826552
409433232
3696133457
172857071
1638059600
3517389379
3486286281
863393935
3653029042
3652954828
3490838532
3546248355
3520602312
3510404772
3595749561
3595050557
3487986492
479128818
1630872228
2762904095
3293959107
3458892792
3377410306
3552462916
1962117006
3382299860
1472640991
3422085793
3419179513
3513748275
957404503
430807856
553319275
453635256
3409809013
2317549068
3001654882
3299074442
352427970
549336355
282052512
596069558
454089202
3442767681
3341844734
3440529443
882358921
153741528
629933639
344435258
535169825
2712887071
3319346768
620324733
3430532579
3319064270
2780198875
3428838994
2891929222
3428491397
3317177586
2791951987
3425406430
450950666
3315947046
2916411448
3421681157
3075221853
2953191751
407577607
3311714142
3409587989
1002296304
3310954483
3402105904
1367082170
3405715107
3128713962
142810240
2904326823
3253963417
3403822761
2549650423
3301291772
3403389353
1213853216
52728464
2575552404
852090073
3398350462
496349811
326746118
3301537592
1325276166
275702039
2722657507
3296391829
358811285
29168312
524576445
3297624780
3374126243
2853619473
2688771998
3305191721
3351644139
1055409697
2218649714
820697588
3288614486
1322707795
2346098161
3387217595
494507634
942450403
3386784244
3386317833
3373298488
127692117
3286579284
730401121
414725636
414479964
3384639483
230002972
3383685532
270102905
1252789867
3375739745
187433929
401764507
400582340
385148006
435862734
401980501
382362561
399726024
1282954651
869989140
429370510
430275660
3379190411
408991808
595613156
366705267
3004933893
401983823
3281288420
1964373470
403892963
482299648
399402435
386815583
384696573
484274083
368607015
433341762
3279796938
398416148
378913103
442300319
367927280
3225254338
3225705477
45344327
1646463426
55351601
3374074947
401060199
430255487
66382193
383056637
3369593716
158961157
3371274311
385395252
452998445
365988619
408939507
3271798422
397042361
405229766
361597152
403776853
400503752
365970284
376537733
2229813278
382141038
401846513
384580051
401729060
428046272
1466964632
586162889
2569553109
3136400389
2710931075
352824308
414413191
386791382
377496001
383468602
377778208
448433324
380179640
401735514
382466972
386456375
3359045385
2350839066
1398068642
2206093506
3357022684
405358624
466679885
1881605270
1415831041
79747392
3064331902
3351044008
442386410
3257241948
3348214623
3347708422
3347564398
477094919
1075033309
445813038
3111417596
3346079123
3346578765
3346266035
402707790
2168788047
3344317043
1095627048
3254310416
2290115181
2761074959
1257673657
1942251588
2653933598
430302536
945236509
2975672042
407519555
3338344917
3313972427
2431480947
721533115
3337032400
3335794540
339741884
3249953118
2914078570
112309158
3167003249
3248779027
3248705930
445197651
24715833
3248245874
1638587628
386810339
69945081
387984725
355584314
3246139831
3245339522
436381100
3323332805
3243365808
2393086932
3157161303
3316275911
513533758
172202547
3313934111
3032181923
860492857
3240051692
2280405094
2203433061
607772894
3310545407
3311255764
373548537
3310859104
2517554893
1396083138
3308548967
394168011
3234924702
3234757225
2249651360
1181194238
3301140136
3306105945
625250746
3228268332
3304122064
3303373869
261145586
2367791203
3230123468
3302915236
2748870694
3228612312
625278772
3148799108
255132057
41666503
3225452400
3223621381
3045849412
3199006640
27138582
3293408153
2998833589
3219191815
3290748604
2260885632
3220708170
3290495883
1398194666
3215537174
2391231929
635260011
3198532957
623925299
2457212743
147242547
3195844998
3240413181
3240351369
449511992
449988562
450062494
2446520208
3192755107
1517270864
145858120
3233774493
2946248794
3190023206
3190278506
3190037456
394602801
450036961
2174014634
3063168611
1220437981
3237922882
3237268383
450840514
27282633
2377595848
378018255
377093827
624312316
516769100
450063376
3130040451
124899765
3075173769
351715105
3233118425
3184877850
315819845
3006009161
433318261
2475738373
93654069
3202433081
3228654239
399677625
2832412363
1717101966
21479705
255517349
862297158
376216283
3180240050
3178139730
3221886297
828075391
448393529
170696916
436971898
459740491
1909765459
3178720124
448375733
382153761
1513360352
2904773071
3140341828
393575622
424694326
3212848294
3177533029
448877463
328015282
356902031
3207645453
356923635
113416885
859027357
410366165
2722134766
3197868166
21456730
378080398
3166694108
496261485
343698382
285506169
1350805608
3166123867
3188602643
552814742
2781366652
2456223144
97106427
3168054215
194127589
399404877
2784268331
104116757
3138689069
3167640850
3160005084
3160157192
3160155025
3174343636
393572354
235362301
2732632859
3151010517
1561266817
119111624
52582047
3153776496
2848999046
3164310940
3152216658
256093536
3148802587
3158294458
2967249163
3150079550
2490501234
399213329
435203041
1682094372
306975776
384349917
3125595917
3033578281
2979782355
2911569850
3145465026
48736766
725983519
705218146
438298773
366869070
1391445277
236121478
449338862
378420031
383572403
326482452
265068904
376318018
2155278485
2396084040
2432000084
1335700849
132170344
3054113316
399671223
355581263
3007386739
520159719
1362381114
1684972338
2275289564
3127922052
298836564
3119094260
3091636851
2443854342
2712909746
708597749
3115924784
2874138924
3113317538
3115478682
53740848
2845484662
3125107768
24576355
3100074980
3121992027
2178829171
3109316502
1405991960
3105779616
2298187741
386059943
3024514884
460492915
311026117
2792125150
3095735535
251481689
1973033960
2958758181
3082017045
2879375585
3095926360
500059480
3100214371
3100165667
3099998047
2617543465
19137935
263536857
1591261609
1051714855
1550939868
3095024354
131681787
3047720275
3089144180
3094374272
2909370348
3044453001
3092961987
2446052287
72843487
1554222912
3092614980
3086870930
2314591447
289273222
2887563120
163640587
1679138070
56885576
1877332530
3091496137
1381426176
2337475352
259853973
3072003062
3086952787
336814641
3084164773
3055877652
3078685544
3081023796
491798656
3091530609
1072327897
2162975186
1216472568
3075858218
2802840518
2263536780
3075035954
3087964665
3073512948
3071920574
1268370397
3066097388
1028663724
2973463625
112028018
1616854021
2550408666
2360349440
531772333
3077868801
3076143119
1307474640
370799175
81854777
3061237729
2207694687
3070733553
3068708296
3071223245
3070004686
2547205341
2860809501
2928185134
245634061
1016121498
3010538474
2160994571
3022372342
539469328
705446680
2928034658
803236872
76421187
254555232
3053582633
368655123
2203785523
2982070972
3035824740
3041851278
2770906718
3063258345
378956675
961681868
3060531202
473383710
2985376600
403681434
3038817104
2190950498
174900545
356207540
2910334250
998014920
3029738553
2994847356
1657856437
2940207337
2535220456
3033357793
1023405374
1269795258
2801000986
3022916773
2917060999
342601720
535695255
3029086530
381270963
705406875
3020599500
2762177181
2952265423
3004665263
2351614481
3042046577
622384050
2825850988
3022573705
2854442200
1862607289
3031158965
1594761320
2950956084
3031694787
171830509
37073324
2996523584
2776955920
2948754640
1651015424
2922483382
3003446655
3019246951
1430990886
1473720872
632631235
228562387
2806433520
157566290
3033527163
1280010494
2291738849
2993999665
1054817334
3009956019
2580727979
2571227322
3017063293
196400106
3032102795
2347284424
725253876
552200622
2283153157
524830584
1152302977
2318236032
2822459192
266834692
2745877299
1557570876
627909345
98513260
2799343832
2684958278
621366905
2874500669
2313004928
83169325
560147932
2365228714
3026998547
81007455
241660320
2927103654
2964786413
983815766
2919253819
827941837
3014136723
579323412
332110424
539876330
2864055934
1596603049
134185682
3014436860
560020487
736490442
2410432040
3027338255
436726603
120275932
2951424432
3010591500
146756912
1420392794
503280369
1009680378
2266768616
1262997480
2981585419
471410856
323218759
1512488071
860265458
3027035505
3026940341
3025544685
2998813090
3013066058
475575885
416423971
2738228768
2896920065
2991417844
130748033
3019958609
2257348118
2467883700
3017964695
834122563
2458600345
161863534
596677549
156882157
2885270751
1010474484
1317108769
2992357547
2836982702
1040122716
2179797153
1272443216
3007289688
2738929237
34186715
549225393
453433808
3007820302
2389462369
358580476
3005916981
2997341650
1090774831
2804674823
940471602
2189698500
71487982
1924822363
3001566424
2978824993
321532318
2763291050
323478138
2998034701
2872405959
2990028866
854869363
3000606562
2236746304
2884960015
756539881
2996339624
2941216357
624958369
149264229
890054690
1405561819
2734934548
230938506
1689123372
2995439370
2835316471
2416571683
1429504471
402218084
2991194553
196828021
327261120
773613098
1010085864
2818263138
1402623438
2989864085
1645640172
2737570438
2986502224
49441818
507966841
500968740
2783783613
137579583
333748247
2903513746
2984854039
2971679877
986508691
2430729972
2777582972
419686238
2987534652
2748344949
2986627590
564895544
1650167209
2985070910
911702352
2913919811
1254806323
2424732300
2976010293
295924147
41243726
2793529247
1734971490
2945636542
2954347954
327842258
2975095567
478102038
2961860558
42763301
2971725238
2835378732
2971612071
2959138074
2594063342
2926865385
39770655
297738027
968720059
1031826498
2967670332
1108011696
2968854177
2952963688
51384403
558189428
2959648249
2595509833
326724619
2906818607
103259414
624001579
1034075898
2818074835
267556590
2961239321
349301385
2943351419
2938368233
631748499
1264282129
2265959966
586332558
883070161
1323068472
2919444822
2954497916
2953750551
2954071614
328851914
2950411469
2953011672
2944338793
2943459227
2713197564
2946469047
2531338800
515196242
2935791189
2950849912
2872288398
2460639966
2950608574
2753533965
2950505338
2951227082
1909335331
2949798513
2950332484
2669778410
48938313
118282409
601327599
76998790
47517778
1498784454
2926002712
2467007382
2863460563
798442104
1541570654
340551103
497343675
480933492
2945288487
571835621
241654709
380253609
2943337344
1256007282
618918687
485422083
238015840
2937735724
2942666444
2940940078
2941373679
334272042
2940422476
103631801
2939580231
364710041
2908344868
1479448752
2757193971
2940847392
1625940396
530977344
1401101336
122834776
89667571
128372836
2512612789
42298715
2931850825
2932204918
331941361
323550254
848374830
1578903800
2936487164
497022919
1384371390
43270350
2535099186
271763265
238219684
2895359119
2446597458
314675293
381074519
2227493977
308220668
1084441861
173961022
98678111
1238543329
193412942
2906615060
2300486438
2861085550
2775969766
1906136005
241230893
336671368
2932791848
2925598269
2925454203
2925040084
2770310114
2925250445
2552870408
2415477444
999974305
1372670376
506628717
2922343540
32210500
727629872
1384196887
239076523
357048819
2869476782
2920819624
2929043078
2883825421
1485804074
2246500441
221411879
2713602152
2916985541
342470601
2906541824
2722720271
2304115633
913792248
1475941898
2734475856
2907462111
98045232
570114059
2799794841
129238912
1037708479
2548526426
312122739
2309259512
2926875524
2511111099
2847339513
2256030204
2230351929
325067021
2867986411
823476536
2926444160
2646159188
1084885578
2219412358
419002106
225660702
2781319513
519161691
2164726537
1853186688
439196703
244952659
1338791666
1260400440
612701277
392175340
2658589609
929694307
2392543433
2887470143
2813770729
2655452101
2922324260
247113440
1921693124
480488488
2908014909
2696828748
2158036154
601476083
2473080710
1930557354
1580417779
2907745001
2906761395
2919099960
319802592
610642479
1252574017
328236125
2906012919
2917024087
2473768367
2918170272
1446141686
544569368
774525338
341878825
83860206
2903054920
912754279
2871826598
2158118922
2712381402
1413834554
2917129321
1371996126
298142854
2916386737
2590076532
2876429776
2893860592
68610222
2349025335
818979108
2902071923
2916117768
2898412091
2798409359
91135616
560868112
959986405
135556458
573653900
2908748736
2300578410
986426533
2899726769
1378471387
148872920
2778663954
588137175
420061948
2897874328
609869115
1566172160
2893797743
2301781327
1262929800
2910034574
2896101575
2745770084
258958796
2477590044
630569461
2258456628
1584361440
2626354474
1961477864
2726478789
2893934710
2893843661
2247173763
2850809230
324762065
2420633184
2887522512
387299057
474125719
1598448456
2909635213
1036127527
2778211892
2746809543
1061131380
2710722272
2681542019
1967842226
76794315
2887805230
2874425351
2907738919
600652829
1681716223
2652592681
2906712985
2684665372
1246668937
469041994
2905509793
2218627800
2906193356
2886708021
2237343262
2663935176
2901495241
200996860
455737789
2658612822
925481047
2874290470
2885425887
2904821197
1637397084
2753440416
103006031
2885023287
261186818
300518277
1688298908
282736332
2267397897
2191631785
279680514
2854201600
2882887083
2866330500
318131959
251225221
403902885
2437334672
972412477
2718590770
2827603475
75359305
2879854469
173329132
2225306227
1333089488
2275302215
2720174381
174625062
623239986
2782538554
2705910714
2716417939
2181958087
622093949
2874625533
331062696
2761615015
2601546056
817785204
2277928542
2561801544
2334300596
2744586739
2876178147
31640278
2887577876
495930932
526082733
2874697149
942109135
636556837
54714586
1153778670
54360220
2654810515
2896677984
2873078565
2716141041
2584110465
1339999172
2278317301
396994253
542037570
2428128286
2872665892
401450654
2726077379
407982634
2846715339
1877754444
318858398
2871200219
1129009309
2871067222
1064027119
559988342
915486072
475006036
2810748076
182913387
273161915
945314456
236133753
191189930
2305928983
173225642
2169068232
1149982482
282936931
2869420269
31523742
2868904833
732519068
2841556931
348271362
2394939588
2844567526
717772747
193285166
2440033698
396728692
345584059
2780016832
1237168219
536427154
2861642057
1355388042
1384712624
219992878
307684863
215983753
2224180647
2334522132
591442578
2862854207
2815787950
2890879693
2861815875
256104823
2890302516
2861860289
2884181822
965604883
2449055673
177687805
2804553748
2322906968
1180604430
1891920925
2854366229
891814351
120476737
609338381
2591751717
378199395
1620157363
922906676
2856923139
1022491016
716989489
2871571872
1960939669
1415639545
53586157
397988957
2854678719
2419583112
1413810661
2785466463
56954303
2854995814
2732083322
2186636629
1338181566
56960711
2885717732
579059244
2834423350
384501860
1184326200
121685503
1029971702
2849002541
515877414
19918657
2846724778
2198022614
2882761141
232236853
2882599100
2882446705
220527460
290192122
2775992951
2544024064
2842737617
572958819
461777869
409640467
937729184
2577273192
2754103414
1098429217
2880156679
2382809466
1262561874
2415357991
2847583445
1440106310
752055242
379172971
2847299398
635288133
2506680911
521188564
2878855826
2648423254
1041006674
104469627
278096906
2878547227
2395772301
237138532
1652748630
628400942
1405615039
542102652
2823258325
2876577709
1061227470
2655091136
2762054784
50173388
1035213913
589157911
2840793784
607581226
1453898022
2867677051
2692722081
1590655574
2874377184
51111243
319872446
1321256959
2322640976
803331062
2654249681
2871873038
2465335692
2450810010
475978649
1350254262
2749614099
2355700831
713735762
596089002
2748487088
2369592694
2260607595
2376138956
981319146
613249638
2845651597
946750452
2823998163
446581631
1711221673
2239674608
385602227
62903209
2523597134
2624355509
2851361856
2650750159
2872190828
143265377
946800841
1833243294
541320183
1348211214
1198771382
1892357617
902282486
2869575158
2869954976
445941280
2655982479
230774821
2728252679
197936946
311705237
399014396
2457242828
2867059388
132370882
258931512
447405272
243624530
231666618
571273162
120293835
188119484
855512586
2789558163
797786161
904561201
1484325001
2690508194
253592246
2839028495
499825639
426316635
2868324474
912950346
1113067178
2863562838
568707311
2248640310
219434438
2260812745
2838503049
2789580503
623228286
2867507598
2785078376
429220743
515471472
550800240
898440253
2866776954
2341050931
586580498
2837801559
1012748534
2866238240
278789581
1626821072
502392750
938355763
271515610
621182952
2865468360
209844278
890184180
161092188
2863951148
2574339547
33134481
355885836
2344610886
2863352084
619393579
447247027
2806537259
41029808
2862172969
2647330016
2834113418
2593157114
309157843
538422044
708261679
2861088486
2210439419
2251269746
28458449
130919060
2835183286
2727921179
965275622
158545999
2752490716
1513304732
2456588433
2340133604
512241702
2300781905
2433229495
2853560552
2828915590
560026099
293234674
2701547118
2814431181
539641063
2858440387
122670494
2834181489
109618339
18615088
2722593753
2362075995
462606155
2579143801
566585145
2828581481
1349833981
630399027
2832409509
2595046989
1622827615
763521763
2738607099
1458706807
1332936822
125481913
2826276285
899749723
529277668
564554036
803551981
89754366
2677073351
2324769925
329111408
850343383
1056256064
2270812332
2364490689
286807811
2829601247
406392379
244125438
1622873510
2753795803
1351755481
2422714900
2364204203
2829087887
2849049002
29245556
522347806
2227324040
104013845
2417807293
24366412
39256921
1144097502
2328386296
365210831
32681531
2827972503
2854886924
258087533
32154983
2853795847
2809553902
1148838822
632480267
2797769338
2827773700
338801359
996175244
408978808
852868453
145079967
2330225016
2766425073
548323892
371716461
93957158
2806810228
2208061033
2853677448
581649278
488286572
2398043320
394245301
360679631
2531645048
2825479546
2264931412
335325987
274970025
2811750100
879018768
139923786
2826530174
1289665242
1150268478
2852810334
2238200052
216835997
1895381192
2429519244
1862757306
2563847390
590269273
2343951778
1015024892
788018400
713087286
2180931668
2823423879
273039550
2819992869
1253285564
60283714
379892264
93947456
1173065094
1102516009
232437147
525338980
127545303
2295427759
1581360571
2849454571
481741888
401064732
2766331847
2610186314
809754056
2851314397
2457762548
2256837025
434505342
495385363
162870147
2471015491
312456961
484185863
2818225322
76499279
209369910
174063788
2364886272
1146500504
2663255107
391748962
55119739
2816404731
1974803966
2222658878
42511094
301786049
327416727
2347342283
318851679
2437296324
2814779525
2310561758
140577515
2739212639
2849578554
2445512239
175915932
557733855
417533592
2588285937
220884260
371543158
629644232
1220239699
1339863074
2369982962
1049294306
1315718096
310526677
2361454292
2784149326
92144023
2798591231
38284418
433839169
164445409
445662977
2285488164
832016029
1388172271
2841656570
2495118167
2848922910
915304885
282007407
2846928139
519020618
896471678
2735095346
2728400495
94234660
197277955
2194935913
2493060580
612983498
71651608
122069697
4449031
624549831
994611026
1462785200
602095377
2750224101
1434206881
1421160216
54026412
2563927100
2392244413
1680664538
1251971797
1725553506
249792315
447536175
446836431
69511783
434570231
126645041
467433240
813792810
2526632827
2834379590
1700668645
836351012
731898660
2738054956
592568662
328401820
1663325857
2227420034
2465539098
1443075786
335728466
1782127298
151834652
1146325250
2444712398
2295114205
2328054375
1044043712
2324823811
2424832105
83778192
520415264
1215369649
225113083
2347411976
2270950860
1101681036
1880963054
2816723662
2741910791
1034740580
90875975
2732837119
1648331318
806807928
1133130624
565376630
234973637
2681764244
2256752099
2826429372
494907541
1350618390
2598071880
2815363792
398937317
466081358
2244005680
337158183
553214290
340707317
2646715664
2453700029
40190876
2710768229
293312196
307884027
2268829889
2452939996
2431931155
383265449
490381648
547326829
2457488371
386202770
1267370712
1905647394
2620347985
2444627814
30387315
2272510862
345541440
295114680
768652298
1073551836
2497473896
1955854914
2845609267
2381486593
2784604021
1561308998
2653923145
1582208791
412789191
2288808662
1156847575
626259990
787677715
2688588408
2799212678
337771205
2409253746
2837908009
479873180
21663665
1957668440
446461700
179386365
1693380050
436710911
2246511811
436550226
2447290234
53808544
2695916245
2531318102
2414787278
2382429193
2444428666
152059540
2161207506
451680384
472262096
2468081922
1971602658
453024317
2763672215
895974636
2174244121
2677474878
736895732
199670571
597509500
2316297861
2844203870
261868433
1593805795
1650568686
566661230
2601658925
2783626359
225622283
749935723
243236462
34938642
299373968
398593112
990092329
839418744
2752832171
2171740638
2543948849
1211017860
2571641716
2770300415
2293993450
2730976393
34727147
492063412
2176303533
398897524
471398672
1247185585
447304848
2533314190
1679211740
2607310942
1699811288
2814833872
2844479912
393099265
594280227
1970375550
2334282661
730112796
615082051
96351451
311846147
577500999
358806731
2783799157
2460127417
45572151
627188406
2584253673
2736541328
225999557
2240825931
2750078982
2271077292
140800215
2761592973
963042812
391869646
102536864
2308396808
2759950421
2760752235
2762427783
1440534625
33965916
151969040
2524416553
439253194
799981458
2720150013
1164329690
944254026
1141372316
43014880
49491387
389697367
27653373
2746523263
1891854750
633359933
2836046036
1686641060
925416020
2673626438
2600566565
937748677
2751320709
1606981746
471773305
90466601
72912318
472831544
2489043254
359446944
2789092779
1498436624
316159322
2723365889
2593177345
451404583
2595580598
560839011
468008911
847610197
589370858
2551789842
169143289
2363027452
424925228
1242472272
372898418
53235219
2324802130
101128588
1325676732
570752375
621040787
2500132182
438538201
1279008560
233231248
1938631070
1407701041
59122699
446487355
618110210
1401957444
320626256
268848500
1339978062
98482579
2456663557
345767870
1152044352
428458182
250244711
1322350465
2772843166
1574385890
993227514
2542257364
2262794635
349241664
470703367
1385781002
465591993
2643593187
377381225
2273092763
457855270
2383233245
1141136432
2680351572
2436023424
285710148
2719153785
331654336
99848284
1668143898
420821490
2744273543
2323949496
1662567181
450074432
601172721
2302439942
2549144596
2301210632
547689999
1480253622
2512871147
1271450760
352827786
518166466
631144995
487096491
148054825
100400289
568617671
2370789073
405294835
1849194372
413555487
2214146345
2735718923
2718151779
2495666678
328602596
307527483
348918506
46801794
42014554
760839901
346752893
2737963531
56851791
57480942
628063502
289602595
576311583
52146601
2469456456
2811495171
631087220
1978844964
2374062562
2225383986
2843193972
2418907081
214325524
1914608394
2381116505
2605949052
1360787136
2613085961
953786329
2333460686
2374949528
2332082508
112800204
2614772357
1265016564
1216807778
472497720
118662701
2655307873
1452788635
246627103
1490055066
374195389
2699182902
489282648
616635764
599989040
410025225
2485900178
1621004468
2494835820
238965331
2668259465
1370951960
1251535248
1407572406
2184370091
795026479
2727725259
2259309547
2767680400
2780276815
1348155048
588262380
2811212998
1364557212
2749220373
2841157249
2504226601
175141601
2782697279
2555789788
1272352148
1912491750
1948336345
293742470
2161162979
292464594
408329366
123279772
283632745
251911540
2726593550
2201960597
920562282
250178247
168738216
2532732175
1044647006
2730390149
494949207
115774744
384891904
898071193
101329818
634846563
2493827454
2461990333
237909719
1638062078
19329416
574456591
203092634
2341501790
360733906
61196276
1684248516
2236610565
454567793
1343460456
1577883236
2266498372
1060193785
350214186
375999819
736437152
1653484502
937767991
1285889430
820732837
924836647
389409640
544239233
1188234181
521396820
2599559790
294328880
2440522441
2240226764
195448019
2549122290
380165349
913114963
213461572
1002020532
595051807
1167443947
565873361
2809435822
1161477745
50438983
199836309
366337256
858115142
1550171515
67426849
2338639927
2272307763
2292299184
423199690
1372978314
1668958021
1334976265
68179174
2685228010
824079325
482259765
289473552
320148911
2812200698
2310462312
1126720424
1541504052
2221090873
393095303
565438320
250249442
1423903100
561669683
1274539596
2512838358
480077521
2426216191
1408668920
74493872
321322645
707271992
2746396878
846235453
520882298
470951635
1003962824
2317206032
2800271103
603187632
2236587398
2739891207
876673129
2725329504
349347371
71135264
351672464
217714797
1037393341
158802538
2807670975
524671632
742913412
1106306304
713396172
562154957
450244197
427452468
237113529
356569575
1028725831
716832157
441353376
282601873
976774261
1213803716
389526864
910721557
1311493693
342000182
483145238
319160496
2463151416
1351566878
194175537
356479235
206507402
339902468
580798637
2491425970
557350667
245588495
572138237
597960521
117435563
492889194
188937564
1300077967
1323977390
246014329
92989965
387320792
206875234
954318097
757924291
235409036
347666679
900570632
1279426080
453473154
28695692
585709639
503621759
433900834
313727251
299153523
588869575
472379669
797579744
274749977
619334024
719505164
2266195920
195850785
1183579213
79849992
366797616
2458666721
473191704
2482203570
238286805
2717348483
963902508
2798076478
2840571997
2768197817
596331159
83819787
958524872
1282744999
2755884652
2683243016
2267008682
862683409
300656744
2241266328
51709872
2804592028
1346718313
234140188
912987578
312300161
2803611021
1473618288
2363505847
246645555
75460022
333219427
212349333
1349603072
75392618
1268346625
366080141
80956282
388118030
1700148590
535912061
2284240230
2290976039
1868277720
919189352
109946699
807196736
2576520721
289121516
256508028
2451237546
165515066
526846868
1620286716
154465139
340228256
1261850214
2838615396
612251216
870569551
2556674176
99318787
2838489806
883430299
208832264
149657639
288951896
2764497041
251809901
2470842950
1881156308
783504750
2297250414
1406346001
32610784
2492350556
31415501
578956229
2817310177
805066920
1235845321
300517186
519548153
497401653
2742258328
782471005
435601718
618680377
519867307
2784616671
1560348428
38677662
715094143
709900543
292986904
1635730884
503754855
375462947
2833120063
2592605259
520411636
2190286053
2172729650
881385625
68525024
1430043132
109645446
1558373731
879950322
573836113
1109839484
860882388
184202431
1286083580
840346765
795494330
2781342217
421481674
718835901
800536657
358684055
181439792
1476843836
2294532910
615664497
1012318098
2291713972
1881393937
211428163
176703410
311520043
2786521381
356469616
1128317899
483651149
223165505
503808392
730191709
2159391002
527126931
2836095547
2796993171
89873570
2697175591
619606364
281611622
1267426664
347102039
565790869
1945496658
2469319356
52668827
65786174
2348048411
426224014
269533808
2675128207
189953396
370331696
876910867
481582282
65294169
306586314
2230901350
633374886
543937192
2570109989
1431420733
2638263370
833147624
2225936987
289653949
400887730
22166762
612989427
957388064
537649461
881472012
519428748
232815816
508921816
460158256
104454942
1541139541
88435654
332138840
1238998189
482373769
349663665
228959987
489753388
2474558497
743389346
1325274192
175541231
629343761
1316943516
315657902
381722561
557802104
608301742
1658636251
2271624961
1355935981
2206255371
800684976
1823240269
1105109448
207215330
946451426
295562961
1404889879
1370173027
354287269
95955063
1140608298
215501280
590666728
388965305
355341859
1325495414
583147777
217811792
337834757
1367398093
385918118
547237101
454039566
1250314477
2661795755
946320804
479210821
536406486
846019291
369365947
520541576
2326732093
443658886
104559871
74657842
1215061274
140067874
806246161
1212303968
264835539
172568356
1014211885
1282183346
137132560
109749506
76249548
388530379
335212515
70874227
1359728443
480119775
312133389
384578986
421665578
893904494
528578528
314936620
2634243895
350063116
109936371
71916550
718578986
262474442
348742644
229077516
563296671
433954181
910967647
1321391330
486982940
236222357
394889116
222530340
781368421
581444414
302948780
197100754
499357880
417645027
246599198
449899705
2730565764
89266411
618659918
335727444
2790616318
1321567044
1246509247
2707972209
591539385
208723385
744503192
627107017
548909686
564750040
473266241
424632378
1291456153
711853153
1206696980
599535120
255767719
2212229636
1253312322
705462662
985261466
1167492954
635891420
566089165
816887754
470751996
867344966
1005877249
296990134
940525094
219431977
47777247
445131050
145077693
1253186851
1304668428
263839758
1187674394
421316158
2213261413
385751548
926045533
2781341911
860721236
1376773262
1592202996
2809643894
1950120564
2187080911
1043587572
983293891
2793147436
2728616280
2820215442
2787186629
624835351
2310042241
854534388
2591090972
2218222078
2792333021
1948053115
229680188
324031213
2545093006
738516552
209858746
98034685
2293140121
1702088953
19329854
224079418
1446356682
593739987
631693291
2690711736
1977390655
846971150
542055364
1084563138
269164100
39581250
316152810
505218080
2558038519
2570065975
2787944411
94621571
2773599378
2760950777
2378845021
333125885
796887686
1243059595
275736512
2536035455
413500906
610515412
2432387489
2790034624
846209845
1031278879
1575699192
2717902918
242829241
1393633536
2452550282
2344494080
363371557
2742383284
199218691
1025471112
2260047364
406473607
2589100448
721270187
2489478013
2745510042
134838249
1113074725
1102130996
52619958
821328769
2692048040
2248804535
2728456180
2315739788
2500440698
2464890198
108741038
2389892109
1256901072
2595016751
2788918618
2188848015
2723256262
2228583379
48890723
1179004734
790980912
2571885970
1385942929
2402907168
387642285
341081074
1636966188
802619958
2438127859
832215258
2271881259
1548655064
902367475
2788475098
836525718
2211879342
275553246
848280738
2788448962
1013492952
240958017
52750781
106119835
922185031
38768669
2761549524
378444971
2461893721
118276656
237342856
972784032
2276857304
326177013
1907974046
100085171
1491382638
2482452534
2779861397
516776970
2680234582
1657316052
925452548
2404784430
2211965720
2298888338
343654183
461530983
2596719548
381194307
2470996200
865068188
490705174
1416231966
1382093970
195517288
357908876
848280024
767750912
1593833221
1703975305
954325512
2730940455
2236916304
620368853
2777780881
944601535
400891355
1382976960
2278817431
412741627
559914974
1945367118
166332370
1447116878
544737843
1350020443
411530733
1385059554
41240869
480865805
2572369414
245162693
357821318
2384548226
318042652
1360715358
2228902784
637352239
129839979
131763728
926755723
516517352
884192432
190764730
323626247
274049671
1470668755
2302459233
1214642430
1939851246
169739242
355796849
564905536
786375212
985139281
557232218
384101227
2630378336
608712012
162944045
1661074196
2301035991
2299268052
1872866959
2670385005
583099338
137785931
2230910743
1165852652
39333872
895413026
2772367348
613640114
572145018
333127001
1541336563
256038222
561401767
2612686530
887068530
2232644285
442166165
579398666
1565695951
543120951
1399373418
141105713
1346859284
2419077830
1303980871
2787050584
2741901746
2762018217
1845020880
2723411988
2359668048
714041611
429513837
2172930336
366778345
407347743
2253564975
2786814550
2786771333
539320109
464249160
1653376482
554788747
397910972
280702522
1470353407
2712486590
262616871
1612032373
2779630912
1334348346
472495711
2334732062
2536270889
2330964038
436326588
1662400429
2481983875
2302053578
1357977158
2434229653
377680768
513576589
1271294917
2777056270
1887526699
2610964111
2264931932
2428146918
2563244893
344199622
2625305044
187014921
2785903096
371207574
2737822641
781301894
580265521
610899220
31457459
479250511
2782308594
2833150219
2165756032
2456425771
1377490136
1291659894
35325314
2303632956
2690091402
836695033
1926564798
447428099
1691361535
1315114212
337409391
2547851041
1488392160
575205804
2734343584
2430443852
2547565911
1587212293
123501223
2459589461
763640941
2153260221
2776295911
1336773020
2476315550
2172688170
800911591
327877241
1302285624
2808735295
1177200085
395389821
230098407
2604277718
1020780302
2405597436
31748562
556357317
2366606579
636664667
2706412130
2784950013
2524981630
1950580118
1091727889
140215076
401183875
1162574052
2179286065
242577582
2319216831
770978125
2765149264
764641358
2770389063
2574147973
341910451
443334095
2614409328
217254974
309066737
2610501034
760880694
2699353465
760474789
146709302
230343039
851855479
2768480780
234950159
562930220
1613812698
2726313125
1452728934
267838556
2418577443
723114020
212398512
192760365
758652450
1649983861
612927979
900161371
2475044504
2455811064
617975412
2661451591
2654184885
1875837751
2376647346
1908480992
258105681
2679593546
278545681
1523924780
426282552
585852729
2308782098
2764414683
2707215548
617417400
1694205043
498125696
283521421
2811744853
52499617
2778283350
2446252928
421328625
246590475
1376309918
297951319
1295933106
346437645
145022183
1610693442
1700608098
1972727227
577900094
2373771056
2730256983
2764047522
718479619
2727955012
765570061
2787656827
1653517411
1730134747
1408602464
390268198
2724361149
2271689085
1866515611
2567910403
368109164
1405881709
1686351720
1677717930
2300234419
2316156756
433357673
1418900990
911957731
2564177984
2293567736
2717605980
2355589346
2660084673
488604733
409256126
2393040373
2483069824
163559553
1427013054
2810418012
2726903675
277954772
1692277368
2733145172
1053808626
409170046
2150348244
304085060
534950667
1275084810
2706151843
164724320
771288949
1440289724
2648389097
1677518587
142047479
468374166
236013842
2773798479
330400945
143332973
887672094
561363588
2779941765
2462423088
2774244250
439545194
1722655819
2479004924
2454968048
117260243
837932252
2350971330
506782673
337515987
2409531738
1700765334
2731973433
195538134
2662473352
2730606467
68333288
2285378682
2379095252
1141714909
2490285809
63577242
2774933753
2374540548
510419216
2223743212
2247739864
935714088
206796848
1281644756
263881397
2808633247
260496214
2723202892
2491982486
1702312092
294548962
1736603814
2207956189
2464702800
2704201422
2315329311
1046768563
330153699
940812301
2750323021
2349572208
2648063243
2310977902
2404593892
264189966
207863434
537656434
1974939883
552910969
190752195
472637437
600464319
2759147442
208910888
2173081874
2394135582
2800593571
978094256
1566233922
2234940865
2583856142
2427842560
2718675221
2746535454
993659708
2780897204
1721325170
2494247111
1958850884
2430442679
1289847157
296675538
1472560740
2351598487
2580875762
22246194
611394318
2555992403
2564803708
2782114615
2752770394
1066447458
135524571
579981643
361639294
2780387786
57842689
266994662
2246626402
421417932
798688886
1634008104
2342668147
477448193
2772400290
789374250
617450529
457765156
2805891786
1093001304
541699610
2180292022
481316065
2280184402
2212867274
443513355
2830959836
127371105
2311131565
2480122147
97531070
955591524
65754004
286843039
2316855886
1447199665
201999950
2571583902
97141325
2501972695
2716322358
2286833311
2149031913
2685754291
186689383
62354663
379811536
1606174884
2571609260
253168724
1415524338
2737467519
2658981787
1583687342
81896656
69065888
433422060
980338585
765852612
1234735579
1519559070
909491347
1169023818
2245292276
265027144
460615419
348206363
2384433811
2620304875
282058156
950716513
2751240562
2812244311
540831668
1194564168
412171650
630807234
335080607
2546316369
2157771805
2415273854
436339009
377698030
2553646586
190021783
316766413
2440823574
314800479
549760381
636177686
1366259624
800570724
1290597349
565070130
2357590580
962250380
1452582630
46529351
2698356578
426910309
2203301665
302092261
2766710332
2452257019
2683581337
1975248415
616714881
1481421918
2752079098
342380337
294883585
2168218346
558263034
2260040343
2783369131
2654199771
827938284
2510454301
335046053
2266791188
98800813
2368160973
1927994240
275704421
1333968588
74301523
2396206949
95320554
1352566122
369174094
2380173201
1047039488
2723757587
1052712584
466865674
286981089
2620465337
396345572
2505377329
331360110
2616004932
2732906090
2326577749
217525046
2757442260
866493552
433699725
93212394
2557338300
2742652045
785570695
135795665
630354363
2746711823
493853929
1305595644
743887038
2737589627
41940403
372759199
2642985492
309482544
46496907
1410373165
293048501
789326948
359507283
567436581
2530376167
1470669936
2810544055
2644355197
562164073
53070170
2256425833
555556096
2506104371
2485677534
487205098
2393510791
2453787684
616651999
359423104
590545750
2828821345
2798766116
1347764220
2349791173
2678019870
48575505
1587167504
160026653
1723303993
598689423
2337150155
337329815
557458348
2417460781
616575227
2778948714
2222382060
877672711
2421211503
63346151
266247291
533819032
254029408
225172450
2326744536
622247588
385984958
2474785761
1216738526
2760387473
326336192
1041654158
222281412
286398373
2758125941
2349570169
300620452
161040911
2729306734
2566317585
238644179
339544207
2455491248
132299396
559500568
424333645
63741388
234145401
125755707
2769217216
2409445756
449860592
1137903602
550877810
1367978431
1112631722
475661674
1651272444
2710100378
1029547020
2309425094
2811990481
217766625
2588860333
35680745
2307186306
2174883174
1623988975
337442991
1635206569
634919452
2803884212
2699308549
2650051435
2797067803
1615863624
2789940180
2735868855
1644217177
1463610638
481258736
2318059211
539583430
2754754948
2671503805
410060062
1363040827
2738031015
1318551974
146059439
2263905782
324980390
1966033369
2600734952
1653578736
334977804
2785191025
2803996854
45194747
219853646
2420755806
165319748
1148593140
2358164638
321500566
2729795926
132680040
77521791
2744621608
855134527
2623880673
501102677
450306902
1556604289
2482402146
463002272
2363781364
2163802110
325791763
2774891442
2177991789
379774749
272118449
2754497889
907927382
57885697
373124788
864887040
133011405
2754576606
2737930366
2149942059
2273425897
2712493740
1873227042
858241212
1319173062
2303626905
114680616
737402892
2757248139
247925626
819259867
2725243486
2615320610
580788175
2717233223
196835532
1767661322
545952907
748137210
1912654470
1909377356
23839953
2590032620
2370828133
724787360
243177998
2294679505
250754984
272510380
1939326283
2679010006
313075759
2319666600
1363590624
2766824829
337802328
320789821
2500012976
59883650
233027132
1639055881
1666368336
2596497416
322815109
768050509
1721020470
2718432969
970818192
1138648130
491231593
2354503935
946337178
376628343
2429835459
1226689110
490808840
2207545028
2758367891
2765245911
415978937
1601322516
2208537032
2247132800
2714136829
2731251388
495700143
1599363451
846243409
2289167562
1268015664
2780407495
2781193266
2781220298
128828220
2638793669
1726932326
1566625596
2782337877
731532577
2767848761
834656958
485678997
2258608532
996160134
231130749
2579435969
333473282
2695823648
593618602
2814087235
937624267
518406146
856203768
469385043
93494578
1394089747
581096139
495693594
2695388712
2695935221
448071812
1368718640
2310845631
325755348
2769392796
325658080
1019089490
2784966109
307102365
2764314917
2810767999
2152430557
23246202
335704830
2781998781
405854968
2526609631
2603626411
1005619628
1081240236
1371542971
2718398459
1434196362
2708747897
2404998176
477003966
805389576
947918107
855481980
2441256522
2257255954
1606344290
2285570376
759121266
229579541
307145202
235474805
278290661
1135363104
2498967990
977630984
612376428
1041266779
531611929
304833609
40507925
2417530620
728732468
184273402
499323723
441585629
2465543990
1863496094
301789157
2526071126
1829065092
357113635
2743316913
514595971
63804940
2249615259
863435100
2358986017
1397417100
396606724
2471459748
433517004
980682062
129106500
2408950797
2476922358
2311548074
453396244
1670783214
714979292
856158732
97772711
2675911928
493211841
771345283
612103204
121780349
539639939
324082231
989918010
2706175851
2711409415
406705412
997997239
2750271002
116376876
843964081
2482742594
2765126447
250838247
2470861855
2327675346
2612069550
2774246071
2740347747
261143944
937957632
1323603600
385993028
712778867
190220130
865600200
2773761005
304172936
2739758710
38376511
846302270
772238239
166295668
478453270
602809801
474300350
2798884531
491492944
343452040
2511107339
451154216
2376436052
1485530089
2561575594
2562907596
1424685266
332953808
497380005
2696374472
558177531
257715778
1229345803
2369116492
2750288663
379555903
320416264
2514186777
2739802391
542829225
489905135
366281138
520554534
2362203343
33703271
126868798
2735893732
1275460698
247366798
1171240436
299308033
1024299126
963045926
490006276
2444600383
311668671
192348857
2691080436
2557592912
53124469
2333813543
2675168189
1875629184
619479232
818384616
194814834
2600211445
472986256
342510522
2280083379
516133771
533711324
1234889329
1083546259
1902850752
313578331
2230598423
2411921998
2544826344
2605658324
366671377
384688247
327105717
322710830
2472479889
1404879270
2646081144
2495724601
198400743
330137144
2397380787
2455839079
453704899
517993468
617974225
753656336
811259198
509067091
522181431
625988370
165980333
636471377
1908952328
1632777912
1027760802
1900372020
2495557969
2556654010
303347833
2769314915
1147540957
604625410
204045061
893356447
385533526
2717356609
66979131
1267153741
92872858
399895114
148451161
1356403158
547049466
169440519
2720736075
2406431843
2620085763
856421780
2736863165
1438295570
391842328
402793600
55333891
1421874637
2531199561
59887943
210272329
263750421
2384361294
2230717725
254907582
1908405146
2660186440
2762020816
2310717450
187147472
2743852037
488483379
159205205
289550137
581254495
126787545
2752845045
743511157
2761098478
29991203
84458965
1621147837
1675121845
145245499
2169386312
2255507257
367187591
918493675
1965454921
576619581
120977780
2742483227
915739063
2714225628
2729454807
468595874
2743666300
402954320
505583975
599537886
356336680
564860865
2758424291
2565420316
369731487
2374054383
1732534940
2335082714
1485807793
2818173625
2324500081
339912252
187903975
1067661410
249882150
2701821986
300477664
2788487191
321092812
1923061100
358051984
2737583464
1491326767
2794851217
794959045
935829320
408114693
1850011520
1814256762
1465355401
1568696012
579106562
2655218356
340781494
2773395435
867964776
393633813
310643698
290530481
294319051
1182507828
160777453
2396934812
2764027425
1541544890
1712399906
786302527
2570871253
1302548857
974842524
452747005
464318555
2780996483
484498420
1206896468
569288836
2247255253
1633702106
2452158086
2823467395
1469061463
467187206
2583375602
438696649
2182430789
601491911
2826337231
2814437540
2826286046
1590248622
2720839797
522478965
2826835423
314353634
1066666158
2826740479
2769673287
595768097
316401278
2164212691
1604190061
561864601
2768272384
2779174295
1102925960
2757724846
135764831
2217101520
380827509
2521149450
573084681
82254980
58940706
1600639404
2778347385
2766081766
1045337430
2384763739
2777816922
2496140047
1926988640
15583326
1253402425
2687753118
1111942663
594277212
229095704
2431273740
2481477323
416005359
337447683
739544120
231673430
2779294061
413560568
2725937685
1607956034
38523158
626792365
261066169
1904394757
2824453794
151628858
1370934956
1113389155
2778878368
487596507
2460553033
80682373
415724260
2618390391
1723108122
302475878
2599982192
2518794481
2535552240
1897778509
1501932776
2791631870
1216502370
2800829736
458462996
1628161382
2467732545
2333447550
560756669
1728396170
2697498672
2798806370
2313123151
1714026673
620307518
717748809
2647165603
1941816572
2483918784
1112785620
1309878476
1409535054
1343286901
2757721321
1317507588
2409909018
2453336793
526790348
2291048414
2691365383
1397966035
2293488513
2703695097
371438024
2546930066
419197499
2748722644
2373936894
2738835682
139211751
1396058652
81582655
1318934250
472243309
2776582307
1718632104
64305530
213212566
119947462
2652327457
2419224625
2786064943
2760659901
2210069193
553562174
2654641916
938330827
1672377583
2785109905
2594304415
2347876870
274315017
2384349901
1051646598
2798861767
503365118
944912948
1267147380
2211854389
2418773691
105416697
1624895028
1338080233
2239955136
307562675
2252249408
2324430240
2686196534
2296842382
1390955252
41985059
587137803
2769560853
2440017374
1602054530
575860725
273040662
277261039
2691462754
1381163785
2675248406
2740903383
279325619
1304893530
612658603
178789313
2584623476
2250773615
380969263
2421323017
758922182
2467210578
1708463779
2767459001
1557157362
157861895
170093453
1404288354
803565318
567711296
2763336504
2665995735
144140599
191661328
2778237051
1110353707
2588730812
2693056357
496664115
1885741561
2557396311
46715814
2305853275
2396085616
2562826379
2444714268
1075357844
27756078
377746648
1563716366
622354714
2749049471
473005681
137062257
2798776050
217676615
1236715352
2511456727
345642942
553949102
2564444471
2467938489
2594065379
2688610135
1713141230
571755161
2565870309
552275686
1464055350
371824589
88561619
2707961612
244579735
2735862162
367268898
2568151148
2684460988
1035566786
105298651
2603825888
454438272
2457398799
1252441632
2580666173
2564125094
2583069936
2251219583
2418070211
2813766492
2614384820
2695296725
1051683469
436955279
42763090
2348260546
301624067
2754516334
2621812858
40621751
911615672
1406587512
2265099055
2770983694
275766221
735996751
212364066
368081877
1671640292
2744462613
1947450072
2749884525
1206119227
966623191
745812103
2743362424
1705463594
959818735
2669855979
74265746
365798474
1137868688
2572345191
2319198268
2642219968
1348204812
545533450
222064065
2792462887
2597461537
2549910416
945994944
846170983
1431026767
339761152
41060476
2728794501
2444969514
509470226
377577234
1658611974
1411335378
2705432389
27593575
2662432588
327462598
963338450
441478809
2291794258
243850666
2777337905
474192657
2777247315
2608506542
420322378
1519942357
2731523577
2590046813
373905257
172853166
197282701
613463380
523993413
2775439007
441604622
2774469623
218899550
238041756
203668318
94917979
734611026
622213623
1480681021
464206491
809931000
195777420
2269266207
2790707017
28711686
467840280
20019407
1381796461
119687400
2784572444
1114924478
1555598906
619362935
376840094
1068145002
278327128
139439539
2428392447
366420724
356512172
2504355031
702118543
437912285
2676230272
1388613320
393248252
124959710
125664249
334808444
1674394003
2314840280
2390563046
278212859
1920736544
2455927994
369195750
946817587
820926679
512248360
2354183078
2669945583
1301776532
330873331
2488288777
223627105
1027377642
477440000
1601914596
2522019995
1017682596
2746137912
262524821
386202477
481345010
2667327055
154963150
47194067
1223585881
27846020
2253014340
434383388
1340503272
1138830462
147258677
210990485
2592306463
711214794
2493320733
2435296543
156879717
318536336
448396680
332142437
387476392
2740445212
29172699
1338043754
553064065
899136504
523937324
57349533
2697447373
176368188
64944260
557344346
577676369
51290573
389778791
1052993814
129256962
325873794
2459761794
383514691
2802651962
457515190
2739296005
39365070
627722124
516747153
2214055057
305131829
396154078
193215014
110329070
495941713
2460352819
375849294
892017068
2396241815
90210223
523974428
2411661864
268162197
714938236
594110189
2424809953
2624939225
2551360596
458048590
1365622104
2497151066
32158440
574987938
1176521600
49893736
1474703168
2321771417
217960625
2225399017
863183611
1287352352
620717571
400978907
253355635
2422250718
2736749591
1506686810
2257588727
2686051700
2764002815
832275810
487045981
2635162284
1567212630
168267383
1976513893
290530944
577968091
1360835317
2691988613
1287596180
710046188
2547186895
2760788434
1628555186
2567153468
2735700910
881375161
2180360554
2772530391
2350854351
2231931533
2769074372
431032667
2446562210
37894435
2772344764
2777365579
2699468868
2717429840
471519282
2594975875
170747011
439041906
2378237463
2795582324
709465448
2759813287
2500668016
1274928415
362145573
2502624628
2541466449
2563854641
506398176
558259596
2762735570
1116095798
73999465
611844356
371179861
872871762
2755342304
80269871
1168713366
1358633185
2690091775
230569233
2562451622
2758934861
238779892
2717603260
2279342634
77510468
2659226905
900617587
335930999
1050215275
2415207741
2276916773
2482475300
2570010444
1389265044
548864152
2734005737
1582379293
223479586
779923098
2767220010
1520732695
2760687945
2638152522
2314400420
2500541791
419008847
1035205447
2374803024
2346401720
293129897
1623677792
1153861302
2234242255
738996721
2380187032
2743873546
703103780
504702348
1025733176
2755907554
257308821
69388502
2570498263
581479113
2367730664
331089870
122319722
1641536443
353951852
2151248112
999568860
2508826514
209410598
70462850
402149881
2483858455
311769142
2386317716
2779514900
2516684089
323310322
1555913142
2663606196
1391218878
1301346614
1623469693
1833393350
2438906488
