4440678868
2659696782
326940107
364044843
843929460
2564059472
790327058
205957912
311114401
88557048
86818044
397774086
713426627577950208
207691734
20781546
223006236
188485024
221099334
2439659456
1572781033
1474898132
2371485878
358345895
766502664
2942184781
1119796622
612627478
873822462
145404735
533825772
2737242771
814008000
206032800
266840503
335764108
1125931446
93388180
197913301
4844915026
336321931
1051666579
4659441331
4524758476
1686790926
4147270757
71312878
273120208
2434136873
29582551
303356833
613404095
3037228119
381222256
394788148
3106528509
345741108
4113604300
3914970135
612793515
3240963486
4061205436
427897560
230895204
4010445440
3919893492
3029360399
57838735
2553684901
3675927556
611308415
3644513177
3399539441
3401231301
3090763653
3518478256
3093873058
824288648
98921968
2245324209
2936514911
477226629
3031822485
3339459131
338107529
331108872
3313450323
369778914
3234708954
3045180797
2589408725
3230983650
1155670717
330352254
3158269100
38953127
3062111269
2370437844
262325568
3098148366
520583051
3113571705
366861966
3034394187
3078736291
3070419137
357211398
3054003444
489632421
2971837720
406414523
392408032
2579505199
89068757
257165591
2970435629
2969715005
418383748
1929221102
177017863
552267568
2927991041
415165709
2920890748
2741927680
2912433539
465837395
486893847
858993858
281180092
340070410
283725432
318092591
2395937387
858148537
377557280
2859218743
309946069
2822236477
513896601
220047975
588258425
319373023
2765228477
554662797
389791185
37463062
21249911
2762909241
2734920999
249870792
406643614
292105657
348276126
2756568818
2742294051
399570543
400939468
2706021322
427618496
1447188187
159936870
542180644
226226727
2626945840
470715303
2573961715
261428657
862060904
811128044
974798652
2583297892
734027034
261085069
750534277
432181680
327432111
443985716
1644071233
2480742164
2400485715
2294637250
2468270324
842022217
2444596764
626427110
967263228
437012281
964925976
299139051
214206606
1212914082
483548962
538428475
433791247
442194611
525910959
18601528
1322523176
2351049079
477059880
2335967306
915036600
2329415636
2317308025
2307652952
936147830
164314552
954117186
490944899
494590112
2195214703
252274497
2263627062
811514461
1053217494
1105077474
1438466150
280229719
2240093041
2240029224
370403748
2211911060
2195053854
1691978809
418763893
307367503
2179240070
1210599391
2151907335
2151992599
711076786
1470507696
1908092894
399803508
14839618
1901661506
310561003
269540362
553710224
27469238
1473156955
1671366738
354698906
1679247048
432942690
799572188
1603792292
1644000114
555573696
19321330
1578294175
17199609
1569800672
242986851
1488364298
1539260864
1206102270
1316942922
528024916
564927743
403147923
966543746
1317443726
1429038601
1393840783
1354041204
325588295
836496930
377659884
597544982
399037758
1365091927
401366254
906125466
341705049
348700826
1330437799
221244766
792496268
469755241
1273643658
405267987
288406151
377738828
367505338
309440125
1216408154
1210783578
376581270
303508476
1145372336
1161879750
1167287690
573310257
1146897331
1146755239
371311689
1120901744
442167523
33540668
1129750885
536776356
820788823
381155345
384582242
330762004
217279114
1112738708
1034983418
323018658
1093443943
488102764
410306590
805542056
351332442
1077423558
264560753
295193955
51910792
365743044
140542291
118177137
371326196
926582929
34027990
308724507
457789762
1005208580
168023911
413593897
378370110
568611791
297448037
564955664
359144862
952780340
954090469
307932597
557358860
295962235
901792346
305232417
936042566
380597046
926501803
441391579
924518688
257644554
367387035
576799885
265115230
312926219
412706723
513702598
905418859
154985526
199064531
392292812
338426607
836453406
298827080
832244468
276642493
301174709
853983349
632742001
844670934
452637183
357913664
777340153
637400838
394968482
416446608
803414076
284798529
444180389
27537086
395586406
770270119
348086607
768367562
370448270
340702050
24299973
373342951
610403123
243884884
729196320
721198950
585359036
419143152
587919002
362804659
367238092
629106762
234994719
380003374
620143227
611757233
417243658
432865531
215781520
332944367
390524748
365009135
448756629
38509258
596939503
387369825
390534961
330511819
438008066
459663229
550654629
346577086
387280717
379505936
220045631
318194616
200870942
277188761
137525177
487223416
344932400
286386225
488965998
53225876
355591189
358874694
263930310
464015250
399798196
368156555
399014202
450957441
446364115
443376804
323557172
431233332
290311276
82776879
316123499
426318235
377671265
409503565
377736421
251270172
384634155
305322521
367390046
308671443
360385233
296031361
358360694
347362923
