705849174458290176
3300980769
2973436750
67241392
3160070316
4260465417
713018941166247937
2757763619
4832262809
580895618
3106265933
179111246
3300330087
42921732
723181563895267328
310333445
714206932
2444069855
725604139200339968
1360985298
73149120
725522806239301633
4695852696
2468638002
64149083
4406123056
2882053900
75347723
3351513202
14864273
1967939774
720233980189097984
2244710030
28364759
3662943738
2887674984
1691708658
4002287627
717044607582879744
2835313796
208568172
4304910747
723612764216930306
4462700352
301925151
700711703323942912
716235796722819073
1142752532
3179021480
722090225279889408
3422905191
708309592250261504
724629006956564481
303341829
702928433794256896
298484176
478157338
1085918052
69081227
3246251654
3293696029
2184846644
702810418335449088
54731290
2742330374
157525835
701505112854949888
405524103
706367259510444033
714990365565038592
401691611
1692289705
386678085
1446731042
626681544
3375705093
3130840091
705149518384406529
721467910498226176
339527807
2748239343
722294642142633985
724215867505041408
252403780
278910442
3039899252
849132114
2543875482
4318122035
724123528249925632
718514363691372544
722203738656632832
724102514543480832
98569501
724064827967152128
724055020757508096
718509341393989632
423870949
3154094410
723266268585930752
1870598342
3722109315
718977140314779648
3339769624
30889876
713267493041782784
723794263285358593
718338778939703296
716346875520090112
1685834371
4887546071
720524010719748096
3244382080
55946105
4096548433
723692874957742081
1249580660
1130138707
523269695
19405166
2337357451
3389476694
3424993733
3299583819
1024784023
197042316
4899784641
4245154159
2517610641
709989518934470656
574143865
1412244187
1347447042
262356227
1423482266
244159902
3156883590
1895922452
261991181
713378560375820289
722739560044748800
2539634563
721901874182356992
233149192
3036413223
718802367970324480
2503665762
1470457687
2924957874
46218803
3300057562
2415294659
30607214
518160684
546016228
146204958
2456942821
463100232
718596543956316160
599099414
75450286
36508795
4790863467
2319339266
14221950
10207502
703788786854010880
720623978134372352
1657924784
4083971602
48205983
2385586606
2898636656
4785202752
70298551
118445716
2208095516
4739845481
3271255423
1833228726
3837213803
880237465
714806099711492096
812323508
84712219
4473224954
2419671012
300553060
499537363
2354129538
2352826016
782953080
3980710576
246372265
15082919
856317967
2592025530
123907274
366057020
416831725
416514377
515122825
619264288
26066129
30654983
718419057301565440
2771601152
2906382661
4821135339
3108359848
68031935
3152525286
2918607348
2716292122
191311509
4836393909
394430901
484999518
1357216692
3273444259
2510362008
913138123
410356962
4903822932
3259903489
707378551964758016
1884962527
2931191885
1859264712
16916866
2778138823
194334739
4890564186
707397068931907584
2257469654
710276368450322433
323547899
539228827
713456733994295296
56158499
706170317438324736
258003493
2741204973
1330679042
2241400218
2997925069
2986897612
3464860760
2236913876
3905846198
4007921186
287891346
884304968
2957862936
4597479507
36837132
712367412826546176
3409361223
1329337628
4813881008
1157143663
3275089140
74664359
4106472489
1125250201
716795344131072000
4095481996
3018923810
2275211930
210076638
400303258
812027468
1094906196
4872790336
3396109186
711527045939875840
717749684480122880
4010746469
293301097
24540039
341478564
2390147893
1676066378
717079079812468736
705596919016329216
1551456126
2750458639
154628765
27548008
748625558
717695969756848128
2349009422
4845918463
127827605
707691814052999168
3313296693
2309050320
4767310839
333964316
23250259
703325167284400128
309421866
3101613139
1124939838
1124956459
1124936376
714012159362076672
717555312027439104
1124947538
4271804783
717500646895841280
705804187221807104
357831276
714643054993350656
338524096
339098067
339100504
339101947
331473856
332967610
336747657
337270881
290705780
290704513
290708309
392870890
392881665
375156989
375364309
375868065
381989040
382000554
378164633
378278429
2826283687
3122585936
770363569
2208910635
700426223361531905
710660735123193856
1188310296
4719585373
3592225823
4491139932
36006150
333171968
2400989810
99012568
2590284493
3246380390
4873544379
4049730256
236553440
4305830954
4200499040
706587350562832384
716104930252210176
3430734761
1554271129
710820059602497536
72966788
4846717070
18703083
16226179
340404705
986949786
3418975754
65197866
1553247115
717263197443604480
80097549
2788780487
707616830639067136
4104684017
49801453
3315632782
713421680878559232
13169472
1165940521
637050407
3324001880
1124950777
16881249
1124944526
1124928408
103440006
225104281
4858532641
2436370514
1124940877
717087618819686400
1247950627
2573412175
873030792
55679024
474482133
32536026
4474867225
3246222061
4832975093
947654702
1604993246
2274217153
711355716422864896
3257412572
132148649
2591017772
4258887497
2913637711
4624887379
3009278973
28420293
709004694904041472
3296911292
545699462
22690639
715170951608971264
2563888068
2966544461
2456673463
4474419508
2557299571
3636512775
3381459743
2477309605
2677349780
119167052
256189619
15188999
86563355
1898544654
3272245003
716825547444064258
299158006
1168546968
4064963119
33294477
1600118011
334854066
2522345664
4703778148
1124188388
1124146717
1124122513
1124222342
1124230172
2321499234
375199858
260293411
1124236363
708243517718417408
19099798
3878782814
28941641
3031282747
18102665
346301995
716732108652224512
27930926
1107724776
1894507494
4561245854
60570706
95949665
199020715
544042510
432359430
236174788
3827499554
4351904843
705187500839448577
1918673160
716775103338393600
16319449
4712098036
58596444
271078173
570592587
2992743949
3410649920
4837787685
710626233566953472
2956476380
4810133054
38038635
4075782508
196472708
700827334379749377
488079793
3007040298
716696816411127809
710900817637806080
4100953924
301794363
2918194159
1436652002
166725944
30001692
1209274076
710098347751682048
711243106268524545
1921208365
177295167
2364557275
25199993
4047126201
3245219875
714672775605198849
3130600240
1365791490
25439814
715520693496995841
206400747
70702689
1382771064
711026560065609728
33596934
556166151
437482967
708529504923295745
4157896858
738890215
489899893
13563542
80989211
994465543
716465866393706496
716460074529591296
558230554
38535739
18619428
1124083614
1124237432
1124241608
2811558903
708967228599885824
710903794071179265
2275603428
705585475386535936
318589309
2213477286
1124092910
1124210119
1124122968
1124178168
4777408261
3397015079
713963737724485634
1124115427
3650413155
467117088
2606615821
707158168112070657
708070688997961728
706578311682646018
698386555434594305
65409904
3910444192
2729852322
3413534620
3240265566
3153120137
35140741
2790117673
3591446953
4644882808
977796926
2903732020
1160917645
19039844
1108733322
1387033477
250738105
1076394487
2971554502
294245418
3438583546
1345530528
62273783
73083154
162826916
24816651
2300329224
221921956
3329273532
3434946258
710268700440584197
35821643
184093024
3242481642
2448199789
2288125733
3310369111
4876735967
4515181515
3248253901
1678921122
715031875765604352
3505770013
3318313118
3416127411
135937171
715562535194374144
702296431604985856
708423532586229760
378492428
239096197
71538150
1915456375
2193263234
16248319
715454859772878848
1382430804
39993489
710838373246738433
2655992880
18359336
141310023
353977399
2650532750
93932974
715337676493340672
71555146
3984506594
1386007916
1598815236
420672428
1261198122
16587840
701423806754074625
3408777862
1694945094
4081106480
3145984662
344228097
709978021445427201
504501654
711580790761660417
4870026569
62423267
714444135726465024
708580153186721796
243725475
1401427106
2272099904
2201830874
2235143354
703566430256533504
713096489766137856
19856974
1563831092
711924841495011328
165986330
2851555575
2995259958
2489309209
2495008712
829813273
2463816464
3217196792
2715146462
3193134475
2802420492
4826594934
3266368706
3581997375
703350681101590528
271585326
4710558715
531162864
770822750
710208747633823744
1170248005
1849187293
263402997
2261081756
3194674370
376541591
3319581313
62157539
197846545
2944440925
1523766667
533862157
4386204891
3171731383
1658456676
3300057522
1727583067
3308871775
710569237404712960
708325530546741248
56714539
700907496857153536
713195141700403200
1256763644
2895343425
4349866993
484398882
1173551635
93130885
3254736337
707602780916162561
3237837521
101411840
712813516462358529
4893347592
1591998704
4400832503
2584220587
4386201095
713412875918974977
2901295389
220235040
2731137517
2941303256
2283385189
2936315618
712810614985338880
707975049005944832
2896987094
2276659063
2724268872
772152222
4466875994
1170591913
713216035105730560
4466374512
4382705663
701154805633384448
203105979
3350731973
1453069399
2283944448
2854871104
107452461
134423150
551936398
4765457309
255301092
4567816593
4567636281
2597131309
69288023
3003674910
2169492143
713464409855803392
708626960629555200
3317261055
2361707564
3727414763
703577189619335168
2363407364
760320062
263945584
713002824481771520
380066702
3144485328
710554932391186432
2353743709
1729427100
3309406214
1911447014
710193996073725953
3586847901
4819035887
704338769953038337
2601610790
1675006460
601918256
1056333577
4914356667
712616094121459713
293860122
4851263602
1623579806
4890576836
2465095492
178483398
633651881
4831562937
582687460
2561865031
2369367534
3100600641
704584110350577664
2396777448
889649191
3270891763
4798940961
1026795493
1545323400
2896485946
344737789
708081402114400258
334870308
713190999028326400
1465683324
2269507968
1554048631
2959152312
4020533855
712783682616971264
3367747443
3091665790
175790482
220955172
46476526
3112583032
3415498041
4207838419
4430404642
712356278094270465
4086893592
712473326162206720
1090496370
2450343931
222937587
185307442
4414069169
302364200
465639101
2355207128
706807705659416576
3345837731
1579593937
1520360419
4871297973
4192099654
3287412806
2881304367
478713716
4806416454
4887131753
457554370
3737618664
97327588
482701186
43565249
4596010762
3229472356
194460691
265113558
174727277
22171033
704026610798718976
711225311631962112
3071570673
3347348889
3074080577
3306017569
172863320
1599543446
706447435510321152
371911278
782931
703675451126878212
258383982
4690411070
2423876955
701138025506541568
2402201132
3404941634
4541978364
323948266
188136610
1491145736
166938112
2796334454
705268006943924224
709919611915874305
96896837
25160855
254189414
4624298353
1580670726
709174446620332032
2379032293
1512335233
708380508925915138
703627989473488898
708985970855690241
708975729762025473
78134431
22411342
1117635386
705479143509659648
707887291256057856
2202680868
1359566197
3616401019
4295989479
1524791898
1073887874
164133291
843134288
35767916
3345482157
203585237
176484554
194705638
111619222
705741949970440192
3167111368
2578976952
704387337913028608
3387851020
185834073
705415095594196992
21526388
91321145
76689333
15688827
707166634193113088
706769413165473792
131398400
1562097877
1446389574
214975484
557824942
126312438
1265560405
705815483484925953
2292714896
26812093
142709983
256801938
4864936728
94589368
4690304480
408577471
1687319527
622437626
2302134816
2761284038
1490206890
55049389
704467192985886720
18524101
34000178
46138375
19798881
865118112
11571282
98410061
54514059
4671719293
29351449
3840995233
706220423277629444
146256159
487462530
19097572
851316548
247424391
704278242585243649
703675222126419970
1107398995
705406475821125632
279774570
1056456007
4912533918
253663760
3217691656
225624096
191130837
71900977
291859435
376020193
114580903
413496131
3885494140
134419657
932897408
3473581813
4883700400
704406548072828928
698529779973279744
2910585926
578381246
1880622289
292728979
704976539931127809
4904188569
704899131983134720
4876609759
4874654517
704238413122129920
704296754255142916
3139058037
4143682696
304239390
18189173
703863441505648640
4069648034
4891257176
4119258561
4170638315
4867787273
2248056890
3413994383
2171293961
38232966
851378570
4793493750
167898829
2871703397
27010265
4119222197
3307484687
16433943
4881201946
391589976
703881037785468928
696495741003554817
1194863629
342525574
3534739935
702800020622417920
2257889272
4877436899
4509678795
703560258803740672
2372345574
596234961
700535307335180288
910219340
401025491
1635520849
457699330
702992452852928512
700689219673411584
1412461286
702590231145521152
1583056988
1871051971
703803183630458880
624157704
703761350674108416
26028938
29555795
493082857
2478282920
3676449633
42723788
27883144
877527739
34791820
4831707322
14725538
2936965923
2800026818
15747743
3792861793
241664127
304074119
2174652042
197222147
694620313733074944
65659391
2972758531
4829213290
222303171
700761203287703554
4591690821
239958983
54315557
1391608278
4836419944
2832706584
3235040300
65723783
2202329744
2475626801
18239795
2247558186
4137583516
2741347908
325303168
460943563
3001071588
498512169
175855810
1492449175
317079008
1608470197
886964850
2449650492
83185208
4895661241
20817660
87710468
399616023
213295687
60037279
32896052
2748603250
119173181
14547171
4925771158
50850618
1249685305
292819455
27647532
4901728534
4756582596
194452972
23761484
146260795
3112065278
714457927
28240302
4883384778
3950548214
39304613
36743101
38452790
17010913
83475212
2398394598
274676491
601066975
128073024
367362453
341587981
6603342
71165327
489489799
4879247603
474564094
15702490
4861548102
937291016
2714661195
864868976
396321737
3240835252
2400745866
223709915
4593088936
46492634
4694146585
849342841
200163987
441063307
187513512
4715790075
177996463
42985028
971408630
4698391652
4800170477
1020649591
3430726985
112921460
286369245
740685530
153266090
3273810738
1254510643
154327202
3288425121
3758570895
124275826
201022691
72747524
22639967
233308113
15257975
3159359069
76066972
14261841
271184587
19346335
3950481494
1323119664
3101447178
69475311
2926001759
244205405
4572225694
340474154
3325768404
4531053178
15416990
4421439796
34796337
3385781962
2837244053
2354199187
178485644
3408800658
2169629337
4528630774
4060096933
4527463997
3320031418
1378787306
1325044272
989862169
499164190
2225372987
464111805
404412022
447611603
2743837173
70110045
3403140515
2997583652
1665600318
2743935769
1032968448
26104383
44158488
832283071
1938824124
45139723
3396250415
525596984
28247022
2324589151
3657057441
4416770236
32532071
298740311
18176907
34586234
4124371233
503559484
457077916
3435558551
3564342076
4040288939
3910408899
2545211268
27029657
3403110485
3687828496
2402636521
274447695
3420958773
381263696
613537486
4283100196
204641673
2341282724
42269124
10318542
73520822
4241682080
4190694130
1156101494
2375836994
4241755280
3102813521
1736240941
41826150
3222386452
870779977
2422223292
548834190
4017516147
3458429001
388058139
779241350
1308779473
137795889
3376242297
4072976182
2586453937
344032029
8816972
3309141732
875627605
556970613
330588760
3920116393
2473143948
456891130
123752501
3733054397
491958074
3242841195
328867674
183219822
298813796
15011794
3863077161
3248383347
3832189516
3828345732
60306758
2830182411
3022467496
136237932
178530377
2686050434
3646610243
266278469
962366786
3786934572
2446527511
2202238298
228839686
3069188386
3163728203
3856379117
3689688201
3293723154
2621561669
24133282
1191473448
128568247
77213716
2181059152
2817577869
3642510913
2974877313
27128887
259447555
581439114
128696124
3127761035
3697495408
3223350005
1949787924
107288906
2905453719
901878739
226060670
169309323
71368596
3578591253
3224550018
3507574155
21659682
3347929187
1909401134
2334517670
286799665
515664415
2312494016
3537471563
1554044340
271423461
231249014
3218827484
3514425447
43587697
102888604
339982612
179960431
175961584
3194707986
3383317218
2904170199
111989286
2692957588
1626131478
249907182
754587144
3434334214
151240990
347968044
16419853
2179151312
31539767
292645699
38096814
3134822601
3379019763
50894474
175968806
885218232
3420644451
3293258420
3386241058
27536457
108508777
28477138
253343991
3146875664
415551828
33066401
3081194802
267966613
856850450
3415816288
387984736
28421005
55173745
316768871
379300173
293862399
100006314
38229606
755756875
241984365
273787769
3164195876
3400612547
465304673
2254287108
3303865121
531596283
1440250423
1853261750
636581374
576667128
1905388502
3344312086
3285110376
16196491
3377564487
883289545
3348393455
24899281
3410238699
922610642
2312476450
3286051532
931286316
20532568
34323727
3401294529
3074699279
555329991
22977151
3295780981
3406651811
14335435
339013466
439578198
140685143
730493394
21307804
96395310
3340198221
3230848594
89081748
27388735
3389548923
3294225400
1092370398
2580930620
43179814
3040433945
3101136377
622214988
344422372
329303064
3012937436
448552877
3291761671
2977453305
227777435
193407189
1363142028
15927167
798701400
1565439104
24895551
16101215
3309859269
22505450
3292308034
2450712144
85504445
486297827
450850639
248989511
103986130
17419587
2747649834
3244817246
724646094
449117688
99425111
55057502
503871439
334778854
3222266234
3335987327
3358525055
334396731
2610474098
19572710
1558219699
3317839822
3353106887
2723979736
2283914652
3342246165
904245811
766075656
3305664429
15649662
3321744106
50788695
385196144
92834879
214306077
2303396929
198147483
308580883
3140617297
97808198
193112695
357688476
3290072632
629684066
486028829
36112645
808980764
3165315995
124202189
330583299
2871206969
76331866
135256704
507493632
412673236
30082228
52590698
3011694814
1440993990
284820717
1884372222
136960197
2753487567
550553011
319989501
820885838
520005874
524687425
1049105780
423056158
378896167
739448563
192309444
1903033555
1607615269
398873798
573386451
2505393873
529678089
474880584
111734940
405309633
340171764
1498618176
79574434
823522651
172882885
3341833030
7208042
194767465
1461609373
3185811582
512555987
171959484
634982308
165236656
68838326
2793108226
1039155176
522899324
224839004
2787239120
413745849
407834921
3317359997
720028913
312648240
111430748
2336076210
383835253
207815859
2921019188
440281755
329477470
438553424
2963504170
371484784
94835728
979613023
47151744
340475301
248977854
2763668981
3090288237
2815046638
3248002014
3331733002
3250589510
10782182
3337878298
2749918719
228909663
3333394385
3241679431
53690972
2981150380
270465333
24185163
304061569
116328068
22191443
576927922
2883526043
496294762
3094766461
1239543974
276216744
73986605
249939065
579192733
18977132
58875860
57841256
3066081011
3078576123
365642077
65130125
305233456
352104368
2826701054
1898543311
3006144243
2899659853
1405554822
301711926
2178344514
413384908
216175447
25159346
55010973
447668255
276761913
2328014348
31160007
1473191870
164123356
385601032
440149844
466098616
702175691
419337403
598933378
54405818
38199595
24925606
280780768
29603022
82390430
111753677
321090566
99707252
25619415
163216659
42201317
185918292
57408901
307693850
478339889
2934065304
2887546107
431044568
328605589
804598105
279310417
1705933632
2834201967
1565961746
48423457
2815616132
18498620
22195441
51150640
1334893310
2595301982
14621634
2562437389
2540145019
2379192468
1272436700
2472296408
2512426713
628934428
35487028
2422505977
309258438
131078479
348926432
275352067
39107457
296478513
380764388
29929535
2330840858
18241308
2314927205
47731313
186551314
23890230
42510654
493772924
1184669826
114492820
478300999
185953391
1904390664
2161813082
1849088114
1457263021
1511379709
153009448
249782824
72612038
79553878
216218320
24404318
18865411
18612063
141320749
326844980
365107023
56395379
425501981
409658459
139877090
1551868069
211747834
301037154
979224782
107194472
368644157
234191736
460709028
938015576
24310782
33063645
1278614712
1180276513
19691048
33978114
1154346252
61034069
352452671
355887119
785044878
755744911
255755910
778727352
772513338
552061675
522592679
408955970
156222826
377533897
259906312
545439575
528831773
26639931
42221360
42926351
17310917
461582191
68776731
30167524
230907781
237165966
436933980
412290461
275087639
38980521
15357574
26139809
15769694
386600996
36821803
179622016
182231944
68301570
388279571
67129703
223597755
178142922
86796507
320375199
288847697
265708146
284638855
14441774
282798207
15804837
268351315
253810178
209571673
260469566
157433460
22089103
119063035
246530460
244156056
102837387
180069206
22948575
15804811
70882473
94746440
129723244
16702771
80235246
133830737
22194527
14435889
19258333
113992997
93104364
47162938
23398228
25837218
22699777
19386860
45296639
20715206
92090425
23314787
66579580
64734501
56572272
