3437993877
310539942
3047469236
701238419545001984
130265828
14425110
321324433
1543519015
722207707957043201
3016141855
3023037872
3854038335
720326434930077696
1041158402
719963128788881408
718391484152692736
1373608543
721477990576689152
711313550891855872
718166072487251969
712430189322641410
711602599833632768
3431926468
1866009638
2894077732
3875804962
4796854035
716660048504684545
717931274732769280
717921618333458432
138837743
710549152934060034
3240606957
4901895321
543662872
540271328
279224826
392438488
2478672630
389647095
1329552146
3178486511
3290831446
2994910073
482444257
2370658256
2268218570
2242591837
578610141
541065621
336659594
1109826884
863652470
182669467
341842074
113997962
1060888886
615693284
978494646
118845174
840836059
995122194
707096592
1004632020
1022277758
269575639
188765064
583436023
1019095994
627730968
1007971698
1005001898
264950596
601006669
898232256
436291402
30910339
195483107
93921759
902370624
743604752
754351334
175311156
861453374
609117352
581220043
528937787
141384595
56518185
422218788
