149252376
110772978
42070873
4731907950
370034671
75742264
2912754262
1649898038
1288747266
1039291135
128044290
3361516707
717079235140124672
459350894
712227842231144448
198483889
362243369
374138602
21728125
1312004155
3022045469
21809256
1958915346
17384380
2465239620
1581892651
51203205
17463660
4087488072
3995587719
431071870
388501905
3123166592
292597626
211154075
29015085
3244881562
1933042237
207312766
550499771
2804304182
3144725996
33014441
3374664437
172081908
120903579
1110662156
259387703
3066800573
172042488
26635704
3318416972
3460751
1522181906
892019648
420678292
14770568
3432952967
15784302
76966092
2894446163
1968638208
35486742
2837892731
2733614824
71766878
73112403
339832905
18006839
20267632
2354367164
261749735
347627434
17796143
3004278676
53210455
2365377655
2902033922
2285681216
26113992
2902062601
2477390162
3335187400
2902176931
2902156208
68342564
390356921
2902046294
2902167817
2902168621
2902150645
259649352
31945778
2309000456
382991619
2517928877
49081015
128824151
2759081185
2341658702
3145628577
170404126
1629244514
1347416785
2937115031
5548212
37586034
45167431
322230095
381108914
1200068564
2287887180
3244938233
558856151
492833134
2893076684
317603970
172825735
255797769
2742898305
153966123
2484761868
532285060
233933230
18892022
77006409
2997283160
37002670
513704992
120181792
291513513
18863455
93659262
120207925
1051878806
1493298541
2916205321
2902162645
2916153444
578321883
73774016
2465245849
80748815
1877933864
59386332
1877047560
2951502788
2915210476
2922656249
14645160
2936691773
42790254
17881816
2929259194
885721369
787300813
312209910
315832030
317228723
16273055
2915258680
182384817
578162124
290124485
701615468
1116218244
87403396
1631250846
1255214533
631214173
932795072
1121701328
2572844671
1645239654
2285738774
1328498094
2446713998
253016732
316041486
378206995
3132829394
1909255892
2224239914
3115901112
1547722903
316283375
2507589385
9270142
16667912
315842982
316350874
15088481
316377107
43799171
52264221
18899750
403899803
190406668
915594294
78995203
10207502
23195603
264009740
37599351
2406542961
2981474962
57209758
2406838442
1356992605
60784269
349584581
1064362644
170392030
357270133
2388494564
2733961215
1429717153
2967229294
178294420
341568620
3077869279
2866665512
29151815
412701523
15219770
379962842
208083510
2602526600
312108588
969632730
2570188605
316275567
17971747
1368673981
183036873
2432476699
537971595
1072225812
259001548
1712960263
2371885128
79527202
457123526
240107748
2202072314
38798514
2324439229
553753344
48029066
