48107348
275276082
2941051091
849862741
988665763
292590965
3277908812
722344200612786177
46302096
1537114890
3314535722
3285819409
885733974
2149465998
2943780644
3136133931
212023751
3315855847
396046166
860691823
1433427858
92389320
463342844
992799000
1072992504
4154041574
704070213143232512
2393063119
2368624716
2588109960
17563445
715273665823293442
189144166
1618641848
3307496768
192538987
4281538335
46315077
208083510
342894187
1555331312
107012365
51838945
3298437757
4513070533
21651982
702712957315067904
709058589478903809
26223757
3316868654
2717698986
10207502
1099909921
4448848155
2429083328
361662654
3288781617
16703058
3830823985
3146447561
