2930714051
161920107
3664566496
609383115
105987197
724941681884315648
1192771225
202774675
708113106782658561
724843863114915840
380292977
718761243830534144
4883953534
596721526
822716814
70223911
2430388483
1342441064
4640368037
2651990378
700901934157447168
2952648470
2936685267
298624874
718478285857021952
3327008523
235253377
25111462
932383850
1721928943
550877109
722568201033400320
3212479115
301925151
2184363610
713996118233710592
719984668335058944
189693636
719620013095825408
719173552486920192
703982486322331648
721392480151691265
4708361495
2660070536
628829283
2975627326
545808541
61522100
2496141104
3230748448
559540556
2904389591
618821561
2148393399
1131580350
720714604352053248
4458163521
2854769883
717645031746576384
3226061139
719956723616849920
715284984551055360
4233406222
1897363916
457051535
174748955
395547928
77989112
718422480658890752
719028174080843776
251194569
3225947763
3014405673
1362461280
721580544765534209
1343645053
717982757532672000
707465080464674816
415953853
720378607080591360
719780894618345472
701383599300468736
123251977
277805390
2787717220
394991330
717935124734676992
48424239
574431103
3017973344
59279047
1495498748
384144238
386185728
2341695409
4410744027
87710468
457089647
705668088918749185
720645219373477889
719890867524407296
713759695647936512
1141710056
207392880
718088209977053184
411107661
702325713072889856
344226268
2720627318
703616221405646848
1575497244
3414195111
2392482996
3222644552
720041879539224576
2635372961
710918857083330560
160047813
4177422849
719917383847178242
3861345801
713646169017200641
3110775388
135248849
1455594732
2836795494
177968469
3431879661
3018026119
2458008015
2723095414
322172027
717512835350335488
720683452643864578
4007138533
467842861
87008420
1369452368
3025900581
2405115518
4873509268
2731791215
719481919080017921
2784170003
704789352866582528
2322937225
177412700
3246251654
1038096392
719672310945419264
1029738061
2316321936
3481983196
3293696029
719925550924607488
3015031480
707080628282499072
2827785023
394970418
721033552536735744
3319467948
329780969
702442438
719845444000616449
1284506150
713694601937350659
1707214164
4210798444
493097369
4786284459
138526255
817792129
3525064461
2459993453
376723047
317198401
3101900813
3346788563
2732596504
76074799
250738105
2401184117
3600375976
1160917645
3189479158
302866385
1037485254
1596407005
331452391
973704091
1035621271
1033097366
190589983
4122392560
175463356
2650725518
25634203
294245418
3065453737
1035673723
2971554502
1034487560
4721433361
720668517494865921
959030396
719057793647403008
1034647758
4104090856
3818052033
3751854201
710124615348183040
3293917276
711636346
1452505615
1139883696
700453359401246722
3523659137
2596250359
720231094642155520
2283337030
406785808
2545256236
1649983477
2199226404
1490244812
4714791640
4150832099
1033020187
1032887124
194671720
247436406
2719333221
2534750436
1046796469
1316117460
2951593792
2562509663
380974423
3289719005
861730880
701472403872997378
336510037
1018101074
4068007514
114278022
826537184
2901816414
4285527559
347574650
3216294274
425832822
4415391075
719300898607009793
608212695
719296262412111873
1584327181
2812428534
84291780
3407694610
719285031789858816
4252467989
257150369
2904732797
375790689
1498799510
393474189
720337367354052610
1734842364
3217967691
71475684
40955185
2392559728
98193357
713173846979907585
223146435
4297205954
3063880865
718859544038875140
720336994816126977
720336418615226369
716399679307714560
334090532
2413245777
720020707896385536
