708800682241953792
721798580403585025
715578002860597250
1859824981
4921386472
208271500
233483807
722250603070664704
2460842042
1555970131
2659696782
2824857990
1856474107
3279283689
1307031638
268344663
2888824408
50721043
1390531496
15344867
270534568
71037574
1147057118
184092429
1110724236
1007360112
47813792
973238844
593410164
163710379
624434363
337269093
343165611
799693260
290837549
65576553
510958585
308295838
301100686
195559104
581547664
92619322
36578175
571900696
545616922
34100993
389922068
351106619
365767008
246106800
63476596
339391974
28628094
278906245
497439226
25964109
481020683
414295416
209633139
85462283
445815919
44531790
299216818
374610117
264060718
377179406
376358794
354507652
199603967
349772499
245536285
325306561
345567163
221154873
33644618
301251361
31458512
35775981
26325309
239591005
245867882
157919289
248116270
37061053
15042296
