703825649274736642
3023037872
3854038335
722207528893968384
599099414
262363044
775803895
3198180527
3057842852
706907375421104128
436697973
4927943795
21768429
4818451268
2333960522
702976185861406721
3150177589
2319965522
3168005965
3589004654
3811802773
2336088685
3306480589
3366598343
3014912463
3012962084
787930177
2617406833
2386132880
2382590193
853396321
224743066
546754436
278972976
155296795
448687757
452632924
272150816
226828338
409188761
44212632
355870216
381180059
348531575
227086753
