78926214
33079769
3074958632
1655711514
720698706551533569
4860951737
718523017597489153
1133110230
4519042760
375208857
1525342994
2797970457
273589659
4431119807
4718573833
1703915882
1954991586
4134261012
2537781000
4883104838
3482754682
4715056767
4647354508
248848548
4306801098
4230702312
56826083
14945339
4031852067
3956236577
12434342
3459000556
3804112522
2422339784
44526335
29724534
287894865
3480388277
268607705
3492526036
3315887803
3314075137
410760516
105661623
224888212
19950029
163582516
3346760608
57569717
56377143
462346027
96409089
2372518959
14539503
3162986227
3166244399
601138550
3127684884
312211666
783158646
17986973
3102822892
2226816644
2279210012
2763680641
346246513
14232442
308242361
39341558
3042022369
1507785949
28963959
15652015
23484734
26489112
423616808
1877002296
1275965161
1434066492
354977882
19287492
1735168400
2937451838
2919672983
21138736
2905115178
2884518657
873201
2871731007
99981665
2871503817
2346038562
2842353358
2840067574
2209613319
2821229753
2820057927
2817175485
1523126509
2844249139
77394232
2836265006
2794362593
2792021603
2832143233
2312484406
2805024450
2788587708
2797883624
1273090478
110782268
2790048019
2758120241
2782472971
2769114260
253006858
332593492
1545922723
2712863724
2594953058
2613951529
2616534996
2610924452
2591765977
2514084547
2640642352
113180383
20164296
2572671515
2549422447
2546698141
66951077
169657549
122363423
180035605
52145644
2535691942
2450580301
2475265128
108070964
2492611918
2433308058
2488499423
90407075
2457562965
21329095
96329538
17115425
2409037209
889788565
2163900656
2334530239
17067724
52384491
821351011
130226160
17626358
82403285
921898033
869003148
18412903
21924346
562096378
903633529
20024042
57319372
18767206
19184939
18080955
377778615
577298855
547218997
515497040
464214604
412464282
395961026
18767872
348467938
326760200
