3027052225
27789999
2805441837
31231597
4867884322
713653360033927168
1499387467
4102376488
4413119360
4838886755
254781503
1971512143
568419040
4616956397
3547782507
1038463668
309423606
4106869888
3238083894
4101327580
4062929962
169425386
3881467514
1308400050
3688534274
3333547780
3389621352
3309307539
3323083761
3395510705
434270362
587851071
2752017312
419067735
324120566
469664855
1462974452
2168047227
2960012680
3078707679
838564849
57831230
347597267
253323153
2327907456
2832262359
2610938700
479833835
843691188
1061795562
1477920860
439346813
545633211
450137426
2577587443
2527694798
62619960
2529111639
2457284859
2322270044
1411664396
2365764831
2155013217
715080359
2229091267
241259077
105337318
2227256798
702057396
1721839862
998068308
2182536025
546240398
1436963784
342319971
843718074
1895842266
1878964770
280238729
217261308
1695326587
599024022
28015154
19946090
365816213
534955323
1519905560
318633045
1452177590
381748059
1419393361
1416561098
68250940
205450900
220847323
383528705
563814433
509273679
1075342062
754413949
242059080
701805524
804670578
346717838
753065148
272941612
383551703
1093326637
480543424
28394916
489010823
1107986731
759640142
365934038
494369223
314166296
1253203207
30585492
427049401
1234909368
1231460838
1042099045
353244436
994280209
460584448
1049255316
1172978858
505245821
388594744
539482804
399587493
385178789
412578794
1083794299
1053975710
508020956
983784876
393570111
432688749
958294087
234209816
554819676
587911083
779365093
943641277
941884800
933044720
937242246
540226674
595905640
915877970
896065333
849986192
37513653
822355663
570601523
551433467
608181821
630732570
590047982
500002249
742071637
735914034
429988065
707333119
369164505
122970878
430296573
338577898
432090353
558372201
15112249
254263509
539451625
389128948
514733012
488385375
361482976
464316603
284637636
467544599
387912909
469712304
377675091
458909707
425858719
452519159
434723633
423747834
274769772
368667082
436175824
201328266
259846794
258995521
380643044
386878589
137115204
63870576
168660671
28245852
327703714
358540067
286985103
355251232
277789510
338249519
