723207766408499200
4837315805
3854038335
3023037872
709197413714698240
709705544253071360
348060093
4902218794
890081144
4006702457
1564844258
299338116
316445072
609206725
166864292
347481716
501143246
347003270
258594745
3407901045
3416513842
1262996077
3369884495
2214938844
3346493403
2762576415
3294767679
562493368
535992765
3199687305
375726534
333132902
3137990606
989718254
2556659229
16085723
165819013
1864429976
413413695
391452097
383555985
3022348030
1606883816
349339591
2982625839
2975612855
1135897604
2657679660
2924637205
2598078210
1604635951
2845370182
470740096
379169935
598873041
2760863529
705264553
2822983196
2777997173
2765851625
2279643936
2764320388
2759833076
1852122469
1237914152
360383727
81001901
842073908
2621962234
360422230
2379913478
2618160777
98740577
1270964972
564887719
1865913606
2522418664
377777660
585754558
548146401
446609075
766737966
983659082
1363179594
2444101136
2402272644
2424098269
366958643
534172103
106623754
2374092504
405877635
880665932
1267142726
265823954
423665514
2350258074
636777540
2200723239
416798284
309147644
275332630
1021107894
287011115
304783168
355073875
2261338209
397529497
443327709
1711519646
776722441
2246637443
428695844
444926638
297730970
127643172
751914032
553125227
427075374
876369324
2239852911
433838752
606812333
415189690
263315632
251854856
621272502
257753548
414479374
2234980382
1084558903
447247720
480060397
617696644
463329691
465285935
545463577
486931534
412472094
1892298882
954189440
963662442
386257095
234163633
276245627
1027709256
1513395960
609588414
434646842
333175650
455203094
331185112
949257624
142195539
889691496
1902650443
272922614
330491047
1687199904
1737049002
790761709
538635493
330095045
966228955
481555998
49977558
377713329
59338296
266843862
72091642
388512989
1429020338
898995152
1035523807
580117882
617351977
931060477
854906640
328252827
902715032
1426502809
1411540699
553276296
382361456
1416107533
929848454
459789423
416689299
351839226
1288669405
548004719
1040364187
171213576
325068836
625139182
110173154
346984157
465249996
78350259
605755435
1132537777
285784175
1170653359
1124849424
416069724
606422449
544658057
302362713
744390732
411673695
590416909
195193253
1089320924
273153840
919732435
1045365942
1040327839
625214970
1070730007
287479126
535907102
415167236
331167860
838828406
1035965082
243887712
1040515094
836779178
176906385
377717490
977289091
399775133
359567636
404917129
358415396
475310554
355034439
868701661
349391457
242064938
451191105
560912811
470438370
455455185
624923054
253853696
380039050
612170174
377705120
234334516
502541318
565594384
183060856
377670414
287271371
497285725
531597031
327174120
448457964
167196478
527047465
441476292
467894951
211267796
405234432
64796525
446497174
328887181
376486955
120844252
304603669
377440614
350088866
344936396
300884636
