94818581
3293741005
4771593853
25477701
3125314505
718527061871046656
724533422308364289
1428794820
3029140895
704215172236353536
4765364386
2348339620
3744122597
2245899935
19454371
2581758266
75736238
2793018356
2478015324
2588109960
719472067481980933
3284950100
342999231
2207780696
2808778740
356244482
3282821233
714174540796985344
717354453490249730
3184471478
715273665823293442
2272092822
715496304777015296
199909211
480500298
270636028
1393877221
1642303326
322879013
185635130
1723376107
35216399
3709245494
708697173689413632
619345580
2350377564
208083510
1575689569
3107470439
2903166449
16177626
14828860
903377622
3310255544
4547869279
721279807233900544
108698830
893856362
497101610
3405669239
71720602
3379125117
705002791929049088
706361107649155073
2198409439
825501626
42224694
364844072
326441040
3711628096
3081440697
4064624112
261749735
3836008983
718244298991497216
4154041574
719125463499685888
1618641848
2431253425
35372757
3284112337
70156027
4795373414
38282770
23258472
56449803
715204731782561793
4822536123
3995952972
3271255423
2757640832
3104545022
3309169489
3293195288
57058641
2818344550
85099597
2393063119
16710420
561654065
4624500980
716466583812440065
4861280291
3707671576
347627434
3389073989
715035176833839104
711422143553097728
3277814538
705103783047598080
708227058393030656
336638653
3031838684
113527917
581381843
4510849520
124371986
713445404847824897
121656624
4596353294
3107840826
2335992812
19341224
4848127139
3886472352
3641827512
1871441173
78194344
716266732877381633
4671191282
708242179278249985
155718531
712674582902259718
3005762823
710990834972233728
3968544013
2252839610
702611825540669440
1011231794
