39510422
4855164370
103066878
4409304540
49452556
719535575288647681
826537184
4197484935
724893189560258560
743407993
3435940588
1299803965
2786464631
2416617475
54773913
3306629815
3960275320
2511162391
4908391490
2980186012
117579289
2162637748
428508202
713874298876796928
2477028826
4579423814
604486877
714395530558894081
275276082
3808196833
33270656
22297480
19341224
2397161604
4114148242
714410850463784960
1606194716
711393889731657732
1396364528
2319339266
3184840243
235337115
3422158725
4858938596
722377761633927170
2330881664
722264871383879682
76938950
3314535722
190685485
519175561
1594497559
4734316675
705125671635394560
3248141375
32509625
3182887447
46446875
4235375603
3427182407
712391107439665152
922279172
1666504591
3159852925
1146579649
3377100196
3101923807
259349567
2354367164
3311722862
16513416
334623796
1375084074
3364589120
3380031165
569501495
3709245494
2392651969
333564244
2952719616
154350597
1903011139
714943862549180417
129480288
4822536123
885794358
347627434
2163043872
711119933992665089
3280018782
4015919778
2887967069
135990201
1641677016
1957490102
4270060828
721081786332233730
419095470
709046708571738112
4226557876
564947756
261035444
721188040060764160
4765364386
339832905
2500587222
3772895061
2500199586
933693476
3950481494
708160999400951814
44135635
23084977
4125875653
1105527368
3115816309
93506338
1493267851
437556559
163340416
4182380774
3990155837
845690522
271129162
59868822
121656624
2496032305
3548005397
3635832455
1315711784
2659696782
2546186313
74662993
3131586011
4525101569
1446411870
2588109960
4726128470
1900685912
2802062539
722195754727510017
292590965
25596707
4345523654
145856687
25990183
4048852873
4265996255
60667165
4417894992
41919896
4506804387
718527061871046656
706562279282761728
550506140
702194839241281536
10207502
466721200
521761797
336593448
1251812930
3239288246
2402232991
2547127850
3296504462
33811812
23433605
704889875212926976
704383743042015233
37267814
2909445756
3951302129
720927815206641664
710037060321546240
18993272
533712421
714816875784380416
873009750
3396282117
4665987910
718466041446277120
827926069
705506254500790278
2663115926
3277814538
4879404219
3410689588
3390129334
565873727
2369640619
349582502
360640666
1928043908
4538011588
32772630
2582449201
2796694542
3411140663
2893768217
720947764071436288
2368480255
912720674
3951491722
270679712
3113652247
3178355009
61095768
3642515717
2386029835
14346664
159122016
4837004436
2174509045
22335360
3294627524
212360464
503246844
561654065
717820719942356994
4900537223
17723632
1216651544
33079769
568032922
43196336
2431253425
2363190510
2938070348
27541864
1219144500
1415594922
185425059
4145603123
267443407
909429824
4786763677
93104217
529555835
4873283560
4761064634
3192848121
430118889
712772376870522880
4914539795
3424398718
3101613139
3293741005
3034782866
4479812413
3674359872
3140890570
3141816748
3138755321
2384601098
722589641740660737
1393877221
1020857448
696911869156708355
1072992504
717814454520418304
908203088
4513795767
67003795
1853428015
733326702
3808350372
537904539
709701668737196032
714093549214572545
898564909
3753356896
705441494698762240
720602349505351680
2975468251
2434306537
3277908812
4562443628
186587664
105295143
321982863
4691189473
714920195400269826
3879759869
4440678868
4358227407
1191779618
33946024
1945076263
1206526830
192538987
2764770081
698562318351863809
703365492996759552
720797084178391040
3285819409
412914400
4500900136
51738464
74610516
1468917816
3290543735
3539369717
2874359694
4338733993
1593917364
4430503527
715944316577775616
2922237746
2161721138
44382195
3250141399
484999518
3020455940
51757492
2906655619
606430813
3007072406
33529092
342999231
705452397292720128
46302096
3424711689
826608434
4423704915
4784596178
720660111161630720
704682505052422144
2943780644
2169041336
885733974
115681686
205644304
1496571493
705083633812566016
25692368
3184471478
46537726
893856362
94620467
282197266
35216399
322074102
3305657700
2845207617
573649780
57603422
544686866
3329715436
272918023
304061756
208822341
711977155542921216
717627639159128064
704017048792268800
1072022695
14828860
4257110325
3861733523
3364824651
705103783047598080
4154041574
704070213143232512
2393063119
388441407
3309169489
71720602
2478015324
45450902
3261827681
407490941
342894187
748122990
709175213439627264
4510849520
702239073746837504
720287751120093184
3053280354
4785202752
1920826459
208083510
719005967493386243
4891473419
8866282
582414063
475158308
712367412826546176
705574114682138624
17798031
135416205
173621101
703614521693315072
53400136
847770697
24817294
696724741806231554
33579552
206335804
2245899935
3303268660
164269050
3023863007
4596353294
717966899796185088
890497890
2648103777
2865930995
816025764
49013218
705263442307854336
710117252339781633
707980992569413633
713214519867092992
378438542
557840546
4703317886
317561814
2310288379
1516626181
4658381036
3091373190
70156027
125471278
54769979
28479533
710998180117159937
56449803
3950174721
1548975014
3381845315
4386686182
1159630152
3271255423
314547496
710656531906371584
4598034012
1575689569
903377622
861554198
3106534151
406483952
706558548537270272
3331835352
1853228562
3284112337
4102376488
705902960967094272
718319754
702879461461659648
4817759658
525713285
2637943344
4513070533
292777349
702297745181245441
2252839610
3316868654
4530031518
4802634235
705446574328057856
4884052625
4909691868
4547869279
85478773
127499705
4236806414
2546562188
3310011989
176336596
3573243193
2511584504
19173608
833963088
279134171
703318843385585664
381108914
3836008983
704812869393768450
2906962900
3018793935
3592503441
4237606394
3711628096
4828311314
2608409504
701818127865278466
46315077
4874948752
116512229
3410076227
3149673442
2942333789
2994166129
2963997814
2960932505
599799236
38438044
430054892
450738862
792836346
356486207
24744035
847076558
794187253
466965691
752428070
28639375
441362578
496211399
481792337
501014218
225738799
160995532
