508475795
724893189560258560
2904777957
23959776
826763876
722983121713401858
435199092
150916084
558319650
3160977746
3031393280
595069551
4623612199
706148685613293568
2236248271
724618191696220160
3410820538
2485043923
3001002012
3435240317
722188613883183104
3447047295
1901923446
259689332
723160058704498690
716538623118716928
2485542240
1673457223
724069488660877313
4706270920
705475905246912512
44135635
4701597606
705479758637879296
705476576759160832
618959808
3623455155
229993663
1002943212
855911462
719612857818591232
3012631793
3000576040
723805851270688768
404407563
4788309576
3466388606
2530135165
3400151494
3094014388
1641677016
1704609019
2610985152
12975572
3244187212
1017975104
2885956865
478470201
3586703357
723424195263131648
2311623008
2792276935
705523366803988480
711873183310290944
3003865756
1035557730
243371409
3475182432
3316868654
4085110516
164352727
1493267851
4025092757
601093406
715705500235612160
312291374
4811831893
4440678868
307905024
2344369580
3246407640
3003812475
746553744
148057283
2961850033
717072797286182912
252797422
3106777747
29856524
3255233419
3049436197
2259088369
716997192284839938
716997846701056000
78926478
2666614938
716354776267628548
711558148255944707
27803293
544459972
4320512237
721615802131095552
109200080
1728775675
149577603
262751002
945214747
720949511225503745
4756586472
4775613132
614371192
94029076
705539789085392896
4839993113
719923633850679296
723401274792669184
723397034317729793
723397381287354370
723396697347358720
1035518462
3572342894
1037209027
338577916
2467794883
721505300247760897
15473240
3153114196
503713093
1351242206
1959309264
559027733
457361103
710874293769404416
1894688378
3839884229
200607519
2511560550
3314471551
702594867835305985
714416938009694208
3016785620
503640860
2471460294
2179670814
1894436240
709497411144523776
1656493574
3399134350
1893884196
1887512648
1531192957
335957195
227496525
2359206206
3715345160
1351232454
473316619
1037055452
1046666304
721403270648983552
1675593236
2337138992
4910203312
722446766755442688
385502044
45012573
2413244948
15852410
360122150
714790083308576768
182265955
826537184
16710420
2463673080
4812240677
830208763
765071010
721736643196162049
245270949
297902468
56381545
4757045574
2830487135
715035176833839104
32789366
146546297
2975468251
570823044
54769979
2198724478
3284112337
2478015324
4102376488
736532467
1783235371
1351213393
2913668454
2294172385
629227908
322172027
262807140
1430539482
927019236
742045236
4830969914
1650679530
627341799
4547869279
745198171
545167166
702002542885130240
1593350862
282210653
35216399
4460150840
3498940646
3201229743
341492327
1038096392
375903151
1894651680
1284384336
3271255423
2253943347
1372786812
4631859285
4633434442
2951299415
2161744693
720327251632529408
489592874
2609532976
4318108153
1569653948
3481497028
3608549896
718921888056086529
3437793436
4862018946
717450593481072640
4593574049
111369184
85021241
718375101687861248
4593646163
4592572703
2985971338
4593443021
4633269651
2439858878
2435277048
4779629793
3115058151
3105034108
4633290617
2461747441
2285425057
714407621709729792
4633289913
709952516767752194
718916061291233280
211681206
2735489127
744158084
3994742482
147246476
2574538969
3234467952
275391345
184477052
245022080
29206074
2889094860
2377166582
718102989291003905
1039533096
1034549606
703632350878507008
2227586551
718120211233148928
714781573879504897
3979562926
2700790178
1036798058
1615741063
1035673878
3334279731
1036613557
468188253
1037736517
1035547646
277073102
4836225555
2995363010
18684027
718569689681674242
2211711599
348696586
3332690950
1038176922
110039376
695231855222611968
75110384
2407396324
255803389
4721433361
719057793647403008
17944711
253392641
2445680719
4715396914
1405749889
1038992773
1431975529
205297373
2419572438
1033300962
12874852
1671537799
3469263913
2334022201
191289397
328242929
3425365385
3824643148
1038184795
591212935
1898424662
1037534011
3807902595
220998153
3807217155
2343938676
4859962674
393605516
1394638951
1945272390
98241264
905713380
3807467842
851157680
3589753573
171125421
376849537
136764060
951015428
2610772087
3139026646
138277882
1747333177
139260984
707858878843609088
1268240036
1197659389
762027056
1705649064
2861605540
447401314
2904084543
116474987
353397108
200774115
16248319
518145290
138018060
161451061
718721440393072640
151070271
710349613408985089
718716359132229632
720237198163873792
349816850
3137592358
361494595
1582385430
278837445
3194658332
702943686620008448
155781696
718681019038040064
321324433
1039330693
2615264234
1315917852
716283430934331392
2175938484
91942071
3424028231
3426049042
30357579
1046649744
1033831644
3719230876
3025946908
3292222339
4704618805
4704764942
4704894056
4727314095
3284419992
716103207949377536
2937323047
4756495425
3656675357
141310023
353596408
4726564058
2600578056
3025792336
4698679226
2420801396
2880602181
99820682
2240064865
389263463
2910363013
2960167596
3291043658
46415654
3481317266
15645871
116766949
2515041779
4749760936
183660468
3331878620
2962339076
3282679976
18149467
3905978372
2817315970
189770284
718786741319163904
232693651
965215567
724508209
1036582981
949970136
334286825
165899886
1973280253
66064952
40046671
3998320205
1388445793
712783670579298305
1033204970
162501168
1046616702
3198796656
3151976582
4227475792
260773927
2450706354
35563232
3073611072
2360953631
2489186425
2172812246
3329432499
2621903625
2927347724
2583822708
2715866440
562094558
527972155
706809182033485824
4738489289
425732815
3400577325
4849992855
14870804
29271892
4030576216
2465279120
877122703
1033292605
2585940067
35767916
1036561381
719082251095556096
307962807
12014232
83074433
1318167686
119389774
1033815937
2731791215
3116070524
4185065652
473285651
336593448
1033245991
712329319209693184
1535284129
19979956
368625908
2861584107
63284897
3910326382
2178846204
618254752
3751593441
1709360119
3246984275
717029126406680576
1370890770
2461329171
161710919
2273439079
2164048153
370282004
700505606109573121
4535640737
104070078
716952654258110464
862101078
2405115518
3610142235
1526530770
213848364
1036243375
1035580519
4173164477
280469615
3040064230
375219108
717113862839992320
2609413166
718047308626026496
116049408
395547928
715314001085902848
716567650365784065
4535102477
2283188140
3393734373
520978968
601155149
564595075
4875896817
717649528610885636
424321753
946295767
3314580727
2974375033
2727761257
2920243368
134122720
706633879369728004
2400319137
714862110421823490
2672511628
4274270835
26865708
4281555256
156932272
416759360
1182397682
963102006
147829684
716843336800161793
2398708421
770542034
1595581866
2444379314
463708813
95459708
244280163
1434254107
3326010071
349033427
249096055
413929358
716790485772341248
1426632308
23160310
4647605608
4590174269
1333998096
3426199005
18839220
2210466629
2736216297
716836454891003908
177412700
518340481
566470803
4828056587
1668546120
716712275248287745
2439452128
4855085037
16352680
3010020951
2422484312
541391090
484999518
2776177983
844507268
704207292196003840
244039683
227331578
2566504330
2409267594
552974473
259369118
576533446
584001292
1489703012
404889680
2466408812
1681336381
706880504751112193
2945274603
3382606467
4771246579
2582775053
4724517448
2849679863
2188105306
119175403
1467871814
703541668645974016
2809902013
703808188462706688
3284537496
433762590
161049517
1414116312
1356237594
555467320
703543972430360576
334950418
715666106724196357
716091306854879232
1579047140
2563882801
3139386230
1590960259
2784140700
4825978686
321119470
711405374323052544
4508385553
4725681196
833467099
1016226307
3688190056
1075231519
3623658921
715988125110112260
95000865
1904969683
2916491297
126162675
3402693346
2888072800
4355169676
710059038650687488
416591068
584317032
257301429
3006647181
708344161452335104
2755916025
4090101192
956041362
620220793
713028003698253824
4030469894
2794082170
709922061590925312
3049675615
100893218
4748896155
1463824196
712412267120365568
3033327539
2533858286
4260465417
248818276
2531368206
709662856363565056
2155527097
715179306117414912
2227445549
709959188122877952
3399417612
4708690721
315343865
372906053
117735127
2738963948
3241134459
568610858
1600397563
611959284
550850113
901643749
796940767
2242201154
711400709686763520
2340810258
711984379581566983
1043915424
15372749
4475590517
2455604239
1472560405
3311608698
709610554193801217
4056258196
714572545903763456
408477890
2226004940
2341695409
708918555085905920
182730874
2192826226
1413416460
3094985212
3405582261
709935244783149061
1472845904
57904105
2490395579
806584704
4007138533
1043578903
4395139295
3028273941
31281605
2522167833
28507777
3066133977
333975406
2804721640
2449427197
715400072486236160
112934639
1327639712
383434892
3165084495
2362608330
4490651362
224746389
715506734547222528
715485916286980096
708259187432693760
4490736377
2452180884
3316199844
54731290
715483893881638913
2854017803
829111760
207418549
2779112234
2768282010
369653609
1601578752
1857469146
715468288822632448
1281793369
235071177
3246251654
4706186249
1855569433
1330955659
4472431407
2885885932
4846829793
3305445513
3230537372
4772246720
4257442943
237100848
2868160141
1584327181
1187603324
3425763790
100338893
2458008015
1301064319
938330827
715136090277982208
1707214164
1464756709
272790201
715446988389687296
1187707778
373095486
204848909
887253937
2836795494
4386491669
715360653356048388
2846884924
3068859281
4864567780
715280348448432128
3571471586
346000823
1892459072
713152345736146945
148063723
520982700
3154094410
715144932290211840
908120269
122224436
305169780
3002173912
582384262
163564322
120873942
281679641
2262466525
2277519631
3336773267
2514476635
4851186203
108541384
2393335814
700648035739504641
368925921
4395630929
4786284459
3240223393
3883831636
873265734
47271556
4899651633
4818183153
889991017
283660297
3104652934
4851978699
714138715052974081
489825492
299097727
1053501108
1668526932
28427441
261335998
735716539
1688138041
1066812326
713089309868298240
708101769906298881
1075697161
3861966735
4709172861
336511336
628936977
227088783
209193517
2413947780
1365596972
2799926731
2887968749
2423539862
225883554
4766443910
1472998945
2155481809
172397445
1632258367
1325709318
1549329612
65754940
50093457
4850953684
1418166697
2376685540
3320976388
195642681
4802056928
133333528
3032397237
135248849
714811605247197186
560507396
3968593342
4875059428
259292137
4847369320
3014466380
275415306
233070040
603585249
709940129356521472
714680286177595392
709923892660457472
709944500848762880
261680103
2264953110
161871121
708346368163717120
831945828
3396113699
704724352529514496
3354337571
2322937225
599456294
2323150141
3405681075
297626273
403026859
3293454098
1049466415
420954282
2542131216
90645586
493097369
3293696029
712006364755845120
4701081037
2720627318
2604380670
696457534010359809
599323844
2912575948
922847460
1894632373
532876187
1109858767
3025900581
2923436311
4498704274
3309146742
2635372961
3481983196
787761434
4744284949
297613787
3980453945
324150541
2419371762
1902631015
2784170003
54277659
1284506150
501199483
4820942596
3707186472
4905009387
3015031480
2550858750
2827785023
566314923
3006680892
4690349072
702442438
703616221405646848
4750305000
99785482
3770780235
2525224598
2837359818
708604391499173888
62671696
1638148770
2817516622
4655710660
3728710096
14619266
3241732900
704291539304845313
1180862400
1362461280
1827176334
49592004
3486963142
4795684076
2817700675
3221311420
77725938
3560126366
3032544990
4148221516
318383192
2580851720
389637601
634132862
2387997061
232905913
437691294
3017730435
2520677515
2520748074
2977527009
327844075
192024694
713180466585681921
63823069
3951276755
62679632
4011363040
2309294342
338713421
3676767073
3403094734
394970418
177968469
1460950916
360375358
8860382
131323158
183808663
2580505256
2484434800
2929616362
348732783
713100920175857665
2352210296
713099233570717696
48320268
166246775
2430925976
4817540233
623584562
713047252768522240
1583197964
3133814108
403198173
3247832175
713042177140588544
713041635450494976
3478669408
2171469757
3429054603
2780453191
4429185521
595604269
19572710
2754336931
2213545872
4400398299
2521494768
3148918078
3037618537
4252397663
4234517393
251316725
1679516372
2923312745
1512752294
3954549314
2239692668
331624393
626995484
2511707047
1466744132
3101958110
1118028450
2721087810
1297443408
3751475536
3774804263
