713916952306016256
714073365573738497
956820043
719979992055226368
717014267992604675
719938398547480577
177241999
3311055708
385254067
715963427877990400
2941676047
3362673494
216810989
3062141430
719973043192389633
1037901722
86177206
717056665145749504
720898954267795456
715597493564735488
715282432300331009
469205619
286052811
1652910324
4440678868
64414615
810841860
713846882573746176
24255681
2659696782
722237351699824640
4320799523
2231482578
3260489892
4911353391
492690089
1018087592
320307758
3141376806
1037170068
708369474831777792
783523904
1395053472
2899944748
721263023164239872
707202438361686017
1649464285
721126045391323136
716366359979012096
714547367215816704
719975578309275648
4515370037
4447450156
4785398768
717497577453662208
4836844822
719385403250184192
1046683800
4891005221
711393185902112768
3331868583
4888877211
707662075800248320
1857346026
431555922
277887525
487174853
156456449
717110869235073024
704382306803458049
704385367970029571
4889656355
716833170298171392
717598458643746817
1035735378
1041569498
578659380
2337087786
716085524918763524
1037213150
90570778
1034822918
1035292141
954169946
1649408736
1016228574
1035017598
530016087
1036840472
1016077687
706415911398297600
1245266966
3141282020
703587139477508096
3138252223
4677631705
2964003557
489059640
716696795749945344
4283832854
716695919694114816
716695182113173504
145883355
711841536007245825
2461968937
716295710660923392
1117885922
2706962660
4866697684
4410397514
4786460659
713754969497665536
706666632462991361
3225309820
4859045538
785258082
699038834923712512
4723785494
3232565164
1004013403
714062726880968704
4362480077
2160766172
3782750118
2463668270
701283829919514624
268556198
535373223
4655124315
219708585
527112838
2387926482
2812933177
701439499050622977
706558679626067969
711479631099138048
711098353212329984
237833319
2938876100
1168334353
4739235434
48674187
711109833827680256
380039700
710456817126674433
1494684114
710586080807022592
265889696
415953853
710269257590956032
710110669056638976
2888010557
4771735056
826404151
468071981
1432245480
708589049003442176
325284674
289297812
54246981
2696137130
247471139
276382129
1633839500
1962180578
331367074
2176521647
708258027237810176
1569144055
3130862871
703164917658955776
704858610061307904
704965127288688640
4375475910
22955329
705653981133959168
3273720078
2683455800
3028225141
4888296629
174953869
1163832614
377427858
4848789987
4548894858
4539187407
702111493630926848
3433445954
4687710122
4846732169
4898183350
3318306469
701495156760043520
4923671635
168468083
4860330336
4925739839
52574719
1232597202
4647940212
3901195934
4911047772
247330109
2281286816
3229657602
901254169
4843798508
4901042532
609872301
388747454
3449731573
3349634659
4837852729
3991364712
2573841657
4153061539
2430442939
2902483413
349404071
3220081894
4646602634
363686763
1592535942
4844930485
2311063855
2854323336
2579211440
4529340434
3877576698
3054605080
1710143251
1664249402
4849407081
259153904
422022681
3251723042
4854887789
3306570240
2851581168
386791423
4145935214
4058590940
4066110975
2605077521
3226822268
363479577
2848117398
4605938174
4736058614
4801798513
2713731887
4742645785
3429612766
1146033374
4130748253
4732053198
4358291472
4743364507
3756097452
4658717173
2932443236
3226817023
71233908
528258674
4668178992
4014060326
3987421573
2647451170
3288569886
4159088420
4043553913
4471781681
999462631
4199372134
4461680119
4408317493
4252237393
4172038343
4466609353
3305084839
4465309634
3800518872
4409468370
4378379418
3844905145
4342727714
2857656048
3777375794
4351406894
2223583466
4228043469
4216690966
4251231617
4171995754
3470563219
4098223700
4190222848
1017612049
3668323408
3515804114
4226961611
4079484012
4077662833
1383713988
4064363594
4190051548
4071338772
721637534
4119147074
4250701392
4112542994
4112530034
4112430498
4169728281
3265681394
2715994353
315577308
4222918334
4111799780
2801297185
4170761897
3864349934
3849787634
3844171229
3138897632
135675990
4113427512
2787188622
4113190034
4160465243
4111257253
611817117
3466451473
4201505785
3075079049
4110528373
3014433091
4199608513
2589434346
3945607873
4192591753
2388670611
3999907348
3126282769
2229531338
3200005267
3575288898
3847546753
4109783627
4107300380
112457047
3554699066
4056974958
2393133530
4081401373
3239732354
3979916785
3973559414
561172216
4089710352
3743588713
3390659054
3970518740
385550681
3845354354
1615653907
164471866
2606165318
2491166039
3411781525
3683172913
3283733786
2991344629
782059105
