2726794564
715735144200413185
2536557991
2810395536
3023037872
3854038335
722207528893968384
704091322454376448
1669212408
765077011
1223729767
846653300
1323602762
467088824
4919791614
585892198
1445113536
1118089032
588100152
505069476
300284077
386843128
2916882463
4912593458
2409682866
1654155228
150701650
3069103351
4769497393
3127313446
2159510533
2619067319
4646746790
2309420360
446047028
4560332236
2743751769
1361097043
554961150
2998832971
4488564432
2885353574
339514607
3019355202
1877900628
355130312
4427818393
1559137682
258148757
2783030734
2362120387
2321974333
3988531272
700766526
747027648
384108790
3263122622
2222779220
1895312900
3222827102
797578712
543933840
1891776000
2970379975
855162462
1378108652
1021402530
3575970018
1941698563
408879929
3567519979
1058423328
2813853703
3113156691
1460506843
1494299539
381740556
582147294
398512946
1240575067
1491201522
766736058
393696258
389813307
936029232
2308429135
3325659344
348288907
391271383
1581425726
1429404396
2995257026
417256776
3237269533
3163015345
416026169
2744988039
366959011
1564041025
532781062
321634176
1499335111
406666131
406012722
580570428
260540694
2191538804
3796046897
2727763176
2331195379
1403606142
387353949
3101892588
514731362
322457921
