464361232
4910801009
2749858280
4479562812
842580410
864755268
714791179158691845
1858754570
4636949955
180986738
94818581
23691853
200797360
3329715436
4634648774
628955969
718823260725645314
1923534468
713027853583912960
4351402587
1161316747
4898429954
2724735427
3592503441
717554036510068736
3331835352
533712415
2434306537
310548781
826537184
2478736706
4044673514
4170920232
718413398422261761
2431253425
2438724661
116607256
39997450
2834620568
3319254798
51788651
2478015324
708063091418763264
715461259362242560
715459312181706753
715461272750460928
2805987963
4893125805
1007990689
32861990
4882331579
2616166573
809355458
482077328
23258472
3430176958
3392826359
717950516496445440
3367987133
3407695755
38903298
