719507482910056448
701847973324521473
1556329207
4789693692
721540348829241344
1654728380
316480752
712440839751016448
4591589174
1510498146
344572486
707862135305609216
254426702
713481198765522947
3145236652
716057324511571968
1039483962
707628489806127104
1965251923
949921830
724427644889079810
4257921399
603986609
2788748360
719994713324068864
724428246767546368
84959120
705495775812395008
1261977386
703940652657156096
2742411774
475452178
3235679450
2400596150
3934519576
705476576759160832
719579737723502593
1037200501
237376748
717014920081047553
715500137804652544
707950612923752448
354637239
705542887635873792
4798310669
719929693890330625
3001022988
4877086203
148540366
717077014793076736
717072797286182912
2521852081
2523883465
715499839728050176
716997192284839938
705512823712043012
330791427
705512515871047680
543741654
4898837141
1361954390
3184913049
2962690182
702496606684315648
719966439273316352
72310257
1624920037
4898813884
3055405878
4140709092
282569265
2307371252
710668383965028352
721868967795666944
721867525491978240
721866436512194560
707623837576204289
719882294899707909
704416026394501120
704053627506266113
4270114154
474808412
721153664719544320
4235658400
713996677200408576
2977327401
157969662
592848274
4754151209
3121786742
4903947446
1665404540
3305732650
4902188457
65661646
716511922481278976
40004518
2939395528
443048776
2768763255
3383611814
182661710
3292888241
2827324314
2454714289
2370811735
1342465052
19196148
4418025973
51199921
2655173983
4114637746
704381037225181185
4254978672
710229642095886336
3219552020
3229222334
130676806
3981134897
2491715414
189770284
701618813465309186
700721074405662720
705860867150188544
3307458466
2871222532
2937151900
2473448816
579284990
4152116834
3248354205
1434254107
1347403818
774349638
1183982257
292328929
1686829753
704697518299283456
704696179007729664
704701852487516160
4792102032
280192615
3151909278
2229331530
4068784355
1033720026
705297237778178048
3193400459
2422603699
4707394624
582679358
2978144827
4715292799
3285188551
2600512969
2413344434
3238884193
4729902781
4693515133
999357428
734014040
4797780509
4728300568
2900234074
1140183055
3304171890
2662067264
147748928
2533468014
2990300915
4024141805
4107791117
280972688
4116553935
3849171681
381822259
3274666261
3219691005
4073449397
479230472
1940648798
219496700
2331783755
809202434
2253627049
700611344
3534124813
4696815552
3625037787
3582451216
293204776
24958827
1187798647
902556770
4452663927
3648933144
3281332305
3348910642
3960401855
2979133647
3475541477
4499766678
4499772962
4499770033
4441817833
2454428588
3035066765
2574473100
3393414891
976602122
2817932364
4501843752
3666889216
3693914056
4494773232
3627121576
3620027533
4100417357
2986094564
4406384348
405022806
3724135041
863950651
3144743403
4285571369
181632314
186141167
2298747133
2766768008
509854748
3115551491
3151936118
3317343716
4255098922
365286240
3931815142
127213408
3386533813
481555562
17663880
3810843794
3810607219
305791165
4241408173
3580292663
4188558315
4183580543
489230499
309884586
589604733
2153203386
851438874
4172160313
3412005412
1676972539
1638230485
1049910877
635747164
43549515
3309883792
2991948728
4020058661
529022626
1402637503
1919959176
3195971894
37285980
3600777254
2197341629
3634061241
90739266
100303513
3397853656
2367734491
49153071
612699715
271588095
4024427175
3152215202
2208111937
4071289523
1676327754
617679722
4071504915
1605523920
3306907419
3315458768
3010523034
4020491293
4021765998
3524527455
4054408399
4043745022
84198176
708087151
1452288157
2698732891
4042372452
3289574020
4032370753
3418737388
4038746952
3435306603
2806432708
340342748
1362857383
4054087337
3367023237
792946724
2850292725
3280221524
278271624
3242616004
336814136
4048310002
3452174435
2459642186
2662728487
123233142
4013744614
2672986432
23456535
2423732082
122741723
3695303592
3288370013
453176164
3652767913
3059948490
4036158616
2161977426
459789426
2269798785
388744464
3976042942
4022797637
2464740318
38535159
829543868
732912756
511686919
744828458
3245046448
305946536
2871238994
3907796954
388819788
2659097834
2683312537
3428611659
2664530719
1684805186
3402507544
3165366946
3816496578
749833711
3653874621
3231483839
3507682154
