4855164370
4904573207
1037446080
1033278890
3377421972
2474908909
2405232342
3223726855
1895192714
715203975696363520
3324916995
708175574645153793
3626936535
4674785575
2670967458
3192285433
2751150493
703096664823767040
3314633196
3098503499
708873944296660992
65420742
3252126696
4898923530
3192806871
711888502699466752
711736756312256512
2825686403
1426718035
3273912630
2186713015
2500563625
512696125
4879042865
2900711571
4876709172
711852261111156736
4646641100
52589565
952719090
3634170553
4236973692
234159978
4893565025
708534046477852672
2556816640
2562935021
2314649586
3102988529
3238304922
708762037632045056
707964719747833856
2891461274
4875924558
310370832
3368180002
3140745475
3270113527
3183551400
3902790881
900836636
611959284
