4623640453
712797375232937986
720262172941508608
164593925
348317838
748191865
4758585968
2920201736
399793560
2257381348
382374639
215843125
844446318
469502908
942348193
4093950381
713072200283262976
212011016
2746200792
287305535
519137630
607583623
4460231954
50039679
484444026
452745180
837721844
1000734439
4780034309
701453057213775872
625965827
383260008
248960286
284754651
2193033046
777460020
45039830
82953541
953727385
276226468
336198120
306353204
321436826
2426508528
4372391174
356274671
3461969594
1311297918
2343448563
2406267934
4063439837
1576411884
240939421
1188564031
3889786295
408152575
3734351663
1027654081
3645642322
3523131196
466040926
2380613187
403226615
2316325232
2931256827
3411509625
3133765429
3371214485
3017441669
3368385653
3262556160
120221535
256320813
3312177989
3332050953
1678941206
855453266
3324789705
3317496515
380025786
451571974
339038249
1373888149
3294046276
1939079389
355046020
322387820
285307254
1118201930
1439916829
2195053896
351091194
384653681
3167576853
3000239587
376447765
511203129
427749345
403391036
1661421446
3094903948
3099801512
2443355359
2518334138
3044523240
3031982461
2924489133
2192152485
2976362019
333551166
91049780
2270800215
1377975764
396865634
2904583677
613913776
2890715968
1358234593
2882774626
481572289
504905011
1945501982
2861751329
392162177
1160763193
2819589465
2837382656
322936160
747521174
2819652373
2773799057
368659088
2608874562
494291380
355219800
2369602650
598909521
1421153197
578980953
512245709
909493483
499336428
2711640954
2730703335
71465523
2194667043
2611675375
2597206718
67464965
2584327628
2572875024
2256720117
129988524
2593630870
1494254280
1228658965
2562253295
1421145218
2558847274
386784973
2513010158
2512859695
709960494
819914678
2469850670
443387942
1463194230
1373345006
90509650
1228817911
2450638375
479171793
1304590033
48693981
465650571
364259318
2466436635
858758010
2402327731
1202436115
600398381
2403762664
807888835
2377083736
2363719077
2282909270
2359935487
1047632905
116438290
1132380955
1382468850
2342227185
2335681709
1665938286
318177693
2303926499
366295274
317774228
417533248
2197269533
2273441061
1712909132
460769881
622902739
983197357
2269943534
380929207
2234933279
574868769
2244489097
372787431
58119655
1384877042
1044032491
2153799246
1149402798
2171083705
851032920
471101727
612621830
2151468366
1514850654
391503013
1107661939
2149878101
400320976
1973732082
1392266870
188158855
1918585740
1500022424
1928910386
1671358315
476239242
1855356000
236082823
1722682909
500323732
381237465
867847956
1636870015
241258422
883514048
1586633617
1564431300
860551452
1541774454
1368174534
1152533467
563173337
338127943
1483048548
1411471201
500184828
1432138963
109849942
577479700
1374987450
563998860
450576063
469864634
832143175
470812592
450366364
1219528220
525473424
1317555386
309904985
1228556864
454333117
940423597
846205158
1262911314
818161783
637120270
1223434086
1216139150
1220328211
798370514
1147205382
1184331044
1167611996
422189310
1095792968
1128616387
1125963691
1118051294
1099386031
1076708647
844360856
1068430519
1008815029
633513867
1043703625
1068311564
848065340
714841316
525004282
908182820
418138115
970547202
308177748
396604646
731173728
716198066
834457946
584676650
420842233
275023417
829206606
366361614
460431534
123853988
944560514
852369325
591199824
946453718
631397867
369780292
840646260
950758040
946644865
603138750
923937637
743763930
379832155
81385365
938285137
930886141
904633555
844621838
806967882
889679227
911588418
132705183
829986492
898102428
876735524
280812942
495551934
414314482
898769282
269518270
882673430
380332538
756086515
462538664
858600726
444063599
887479974
95986502
841960880
871199653
878408851
707433516
398225405
472183922
860268487
58401616
629020571
629519686
857199308
855455131
855422971
850224110
812082283
844147700
703427942
834031124
477376317
829742304
296550240
451125626
409497379
606738772
623590981
323396836
595994056
363169416
735030025
771476564
766532670
763520558
398349152
590927251
743640858
487965519
601499140
732111139
264669060
637066571
293225475
347304595
262889192
207778255
629973789
307056600
622601178
631320723
602142704
621514736
452654568
618483314
399032899
420048265
454605890
456454400
261758779
420552891
373894889
420567764
499251493
561663801
395952519
322036664
445806596
409522286
378266375
149133465
417590953
229667797
542945891
536631921
398359065
396126254
315478146
259488119
531773263
341144258
518827938
305948402
388061897
423033429
349891387
421282425
36817471
403804609
321074709
385180241
382366689
