721778554632056833
721777629372805120
2659696782
722238178363621377
698109776752939008
4901119906
1698065990
4321996815
4322108956
4104064648
4104440955
4834341748
4073760538
4103720482
4794742471
4322109100
1018095110
2186755171
3498755835
3088349419
3201479722
3207906329
3088275786
3171008994
3088321286
3091979406
2616018914
1022012929
3377322237
3315526886
3171022790
3383367161
3376218730
3207878164
3176174840
3383738147
4686361448
3088277106
4444289352
3723928397
545135615
2898282325
4275810383
2951297236
2355320449
2715030648
3854676447
3518336592
3131113198
4188627437
1046892991
2737590191
4058319377
4066844967
4058430021
4059467537
3288409437
1606728246
3242156560
956845177
3975164113
