722180499733639168
173606855
702071838080282624
701715919228129280
284426825
694913306868338688
3285835676
1457166564
4763980692
18500852
2207238986
2758289535
3009391252
4121575939
2961223817
856529658
2908774370
3233981407
2963104731
3303748070
716165609
3403304919
3540233842
3538563375
2936016933
3192104783
1171041972
3668045428
387380333
1645613460
3138263119
2462535170
1400317796
1330095020
58143605
105314717
3847877482
1411676395
2989859221
2915302088
3100207514
132533727
3877170018
553306589
1574204340
1478740284
1149439183
3232372769
149376770
225629875
118456108
2890808598
1037401650
2901960692
3576245174
1935158072
2970958312
579284990
3942067935
2163854034
1546929224
388475141
2804208546
3875591120
14619266
3032923308
960744302
1045136922
997827534
1892233141
3098161925
2852548852
3548618063
3874394969
3817438419
3370048462
3381915286
3374369303
3298594740
3397728035
3302918910
3288050832
3253014224
3600364935
3285972864
