3917608992
3301028359
71354943
4055573603
280826651
28022257
213239757
4113957912
715619596112363520
2465228118
3854038335
2784080544
49848977
4881754935
130753813
969353352
4421635337
4762093520
4712088914
4676869874
720579054
4648676150
4508664193
4487901140
3106092601
4206030975
4209295392
4111120752
4140645492
2678105245
3799125858
297272494
3713049013
3676810942
3543615974
3345151878
701271978
267611691
2285551098
3312454196
3296617789
3286217934
3280185259
3252503040
50258501
3231981421
3107620689
3234815622
22108455
3192419833
3191600851
3004380199
2963202738
2711662939
2991400748
105818488
2939267667
2896073109
86674990
2794978981
27822553
2761773470
592663049
2572243088
2485946360
2540607620
239307730
26783919
2277454426
2246400032
386353336
432606302
1654375915
21926992
1453754226
435721193
301422925
514025525
802135524
552592099
498892369
250972725
201234362
184288883
168509392
109444606
105043833
1825281
83969874
64482995
62158712
28340494
15123614
