720946727209947136
3106505014
4440678868
3950586455
3247545687
4896228718
2918577640
876805928
2895049609
580128900
2185284414
716074850612326401
4432018156
704294207394021376
2322551882
4852930401
407421907
711235715116367872
2716394305
462432065
706978592723308544
706959002190663683
600415013
703646703438716928
2907316666
4915629335
702165133032873984
1345805850
982689284
3343385098
951614376
4900345481
4784678356
4888889602
4883770773
2355663788
463462864
3084095729
630851001
801598573
4433692516
1164622548
1682994361
4855527855
3384211924
512494697
404456032
4809845058
4842753699
1573527890
3245733082
4839300525
3418920671
4799832537
4835294501
4827307943
278230188
4756088660
4722598138
2312881693
4699641636
2988710098
840668851
4697484692
2267908427
2831291834
4660265002
4673796672
2300194783
4658418110
900853783
4519458639
483540182
4489517352
3702895521
3743751137
4077982337
4324392448
446759807
4301379928
4262589023
4269528982
4350505272
3127996215
4229568357
3794815216
2660732715
3161597875
4263355874
4197891759
3407226887
1568930293
4116130043
84833028
4144262397
4169069546
4140451341
4124619557
1042772294
918053953
4099902820
515949889
2486582832
565939944
4063621203
3691575381
868797661
1467823370
3461058315
4028044348
2830477487
3691214416
2734631659
1355588886
3961837319
2439184308
3354180239
2300527868
3918546873
3910776927
3892261883
3799215074
3872511867
727604527
1368250663
2495479003
3824906555
3726869550
2897772518
3773079819
787778078
3766053256
3732886576
3719347829
3676739613
782581116
2346110503
3704731455
572697602
3698562075
3690183136
3686253016
2292757526
3341583209
3412562146
432884754
2853774334
3487947013
3563489175
2323886102
3558781635
3437535472
525680350
3517623616
3431666974
464340508
1368429008
2676911109
3442912276
122958422
3439512892
3436665977
3301091295
3427143081
268011550
3318081393
3408237700
3404916453
3403559933
2949914567
1369979360
114563311
3394502049
3296527964
3295565600
952487966
2493646295
1476502188
3289975194
970071822
3385361753
400170558
2318227250
3379023957
3378390160
2764405365
3363104668
2326374624
3352723139
3352629971
3260765934
3350149641
100882056
3255929412
3342263031
2239395164
2268428006
3122678113
3234466687
2615985339
922217671
2925091291
1366215410
3294631749
1029242960
3292603577
2259550320
3277394967
3254952179
3247066240
3242350889
3239256821
3185582124
2381201069
3225882538
604940704
3215279338
3155076773
926899831
1306612254
3127698137
3127154041
3110463574
2921077178
798754428
479776542
603863789
776595288
3125506661
2882111636
3067558996
764998956
1321182901
186931935
2528783070
2841543051
2277800833
2538316141
624556771
23949957
2538320492
1023005102
1280704370
3041565143
3083097459
2755065638
3077760856
3073346242
2900179523
1239766549
3067970073
801061501
3047904266
3044945342
3062173805
755869314
1645915194
3056833503
3054442354
1898003646
1177537644
3045024401
3027287377
1084021332
3033948898
1317594102
424519295
2471673109
2202250897
553612595
619440260
3011510613
1102680080
1321629762
452853423
2789889671
2230759843
2915199942
795125767
3000156433
2998827964
2326472467
2983281412
532199768
543062479
2350923162
2966569235
434600139
304102734
2945319159
1451704448
803460362
2948562724
2946470661
2946287152
1660839914
2937874349
2925361605
485347119
780843349
337527283
2915194600
1850194117
1909240244
1208737968
1297113222
2907125327
2905895001
2900239103
989908213
529495146
2893235871
2892483629
1523888995
2885209671
2835753941
2881870792
803686242
877725866
120828302
2401045405
2836712525
798863179
1072806038
104358108
2828322981
1138074823
2823039449
1144293086
403817576
2218138227
2833692438
1214288618
1154839603
1939846340
872755028
554887218
2779860456
1280515758
2371337168
581392668
811284662
986724943
802885891
1202810448
1974237602
1932553604
2341623661
2760934775
2783317669
2782622089
767005874
2205728779
2730627930
1698176654
1674346524
1267734889
823237514
2351108221
1965631303
805313858
2670599492
2583266922
870224840
2718526149
511249828
365514150
416775380
2352677858
2698845742
2501917207
2299416976
184053539
1444429982
2656880302
952502306
58985074
417516160
2497467506
2575530236
2316535393
969612638
1038309602
2344028654
2607741477
446624639
355714390
1515006559
2222325404
1553306700
2523616891
2519207341
1918362098
2434753729
2490998353
541894861
405310500
2482626614
404587958
2469962756
2444568445
2468200392
174926868
2278427288
2455361383
2321747954
2191642819
2309679834
318856285
2418056098
385630942
364648759
273109806
1876785624
408827921
490077312
2336041898
2424589927
616795468
2438171896
1696720862
305372798
2349194833
2262209701
862093034
2371141310
459414861
1699470918
921949970
1560954763
2323150312
2385897246
2395146064
252381651
310280957
2362915334
2339877077
2378019336
1433758238
1947765578
2329235976
1535764033
1623606372
2324780780
484131319
956278962
2367815431
2366267827
1708173654
484341105
864010189
906764869
548614248
973874180
2261502678
529006430
476399029
2231048960
2207915444
1589053706
2238488058
1871710328
276272704
812328961
2321117212
2278024162
896338638
2330772811
232932080
2315835206
2310730568
2301568478
2241333632
2279617098
2318254884
506690591
436801268
2285951269
1452910832
2261636948
820165825
2300642875
632864489
170939808
2287247004
1706701416
403928088
1083804127
2291712312
1247414324
239144820
2215020126
2254199282
567674544
2279270808
2251102976
118901327
274333210
792277286
2266544257
895568780
2254429920
870208212
2216188503
1261917276
1686804162
322119403
840600229
427537005
1253287585
573091503
1727039660
434701762
1195335840
419977826
1963741141
527699087
705029368
547335810
1634312845
628697217
1132181636
18138092
29742925
1681373682
1852938223
545421356
1110407400
712868030
883397660
583966572
757558310
1670660054
1665993794
275673044
402733218
262482267
425201553
1380792336
255778212
228930655
1258084584
408220808
461651930
78991490
402743146
406278457
1368886387
426910734
416508619
626588747
1587831332
1594705622
1498560926
1532202038
1071690320
1350190939
1564385396
1564130628
1035861858
1377284917
792746868
1539799303
1536527832
305979450
632700920
516638765
814566817
1528925023
930720703
328070271
1472712061
388667074
826384802
259513948
1499627052
1489429632
458670143
732410106
962995172
1331680351
1090707961
1472122939
1255037245
451863227
789633582
1446357343
622161226
711098072
920154475
1408778228
1227105337
1350686370
952980002
1375412173
593382973
1364925078
1375907353
224636385
1360836685
1110601650
844259640
1355016169
1352928091
1251830898
722365368
992047639
1341955652
944454625
241368524
919840195
633270304
398074260
762556248
588774476
1105247995
819736544
1300703556
817283401
1055642060
424632240
1126930698
447565286
1270788258
533032075
524631497
875682060
1247859842
1122744936
602380928
465269719
1229904582
340420972
592845730
787974835
1046513221
343648329
1216735862
1208718146
463993734
1202895187
1158121387
1188116496
532451158
1180540669
280749186
1170309877
400415722
872691272
367486795
1161904170
935495136
1158688670
516105873
1019934685
915471540
1147077960
1143805934
874208088
1141430232
506308947
927852786
493667579
1135526377
534818883
406680265
482581593
946865484
301766152
431129158
1110144637
961665175
1035605636
394774454
601699431
289311835
512622271
857086496
55769816
535975863
353078022
1087632618
887499331
1075299613
848216755
1076420798
1022805624
1035643280
1075010491
1072713632
1072132322
103733415
1025141581
1062186522
1062260612
1062262320
1062201276
76222014
952894549
1054529112
1033022876
784818907
810248989
617561261
1043298158
717696662
608713958
302484326
456120291
778933572
825695257
1021242169
1003174298
794322343
973224572
125749189
241675905
403719525
1000565352
760104570
35582587
790899961
913594314
400201430
994226468
958937682
485170034
499072569
989689814
987988465
67173309
923693192
985981945
985746769
614805574
609728909
405221461
890149692
550447135
863700606
928750099
493708787
788065074
87578699
908405929
394335885
938194471
407434458
933409651
931562934
585104023
857132180
514595919
914839602
528921717
805900135
599059083
839984958
613720539
458713235
893712091
891977401
534837431
456201121
562489627
702561349
863680813
858628153
780616184
526582835
863918144
756231325
862076197
527844608
860480251
804636800
857398946
62878623
715217538
850943936
314262845
369826905
589362875
566488292
807860436
727482998
627979149
709759422
787368750
840520759
379467461
767846670
829969944
608616281
789551162
368091066
819636902
409600494
625182073
500238505
739322179
757629564
554484358
487199827
801011202
612289176
349801596
542208545
770242418
629623923
407139749
714642584
286320358
411929931
635706008
485040047
580371457
169554603
601280125
702075330
586973701
532129983
742910761
742846634
479084074
738035262
737851214
306507482
733583395
599879963
733416092
630570435
731302464
625993792
253768688
612045071
712587956
723086676
378958519
719110039
568151414
617698255
411724100
436151315
416354861
498328701
705362292
625154563
634973946
633143027
633392867
333534729
633136411
481608264
613967159
630712284
629873545
625621298
625165581
597925318
469480808
343118082
451071900
611540052
589642506
232402105
589357310
620669817
620399108
619563284
374183376
609588959
382865978
564195686
614024154
614129661
576815151
384082733
604042604
600426335
612329088
611375974
64502079
423074579
504139171
168173322
472359590
126568570
483983905
523861219
594344178
591886291
548145880
581754757
536823176
588778513
346815994
372511356
486207466
555441823
568724587
249900253
439768127
579735055
580340219
579888980
577102514
477433350
181751018
531866761
558202615
572737000
445972670
567735261
571344264
547841186
540390047
515639905
561679717
565799667
482592187
479185499
537288565
538760019
564207296
371451831
542125881
429426779
321145797
492746434
451625635
403601979
95046936
475188454
554025906
553311640
467491856
550424344
548933192
446740305
481671822
485378201
521843386
423674578
56748229
524343861
433854933
528942853
166793363
522803603
453323617
66045002
512019117
516635513
517772604
467060545
512508508
515002079
514963247
380088046
51871417
436920599
482160803
436936372
478712986
503713832
502520310
449393955
502121850
411992616
484447752
498488207
451710818
470463559
413630066
442291519
410081087
345443706
481685963
440270550
479995251
398305790
403693538
419145840
330525298
33337803
436653782
424542029
459430971
245903057
440939256
426829614
253876476
385781591
385106445
376482608
450402075
419161544
93474571
442973477
366131688
433059168
430224696
93415352
349466535
413251443
397684946
192504608
193937037
404867489
402073156
323075006
389382258
398286487
397342925
223863032
389217183
382793050
387522854
