2364648582
2550649962
46302096
700698868799770625
704580311095443456
318182225
3224850985
1895679738
724312332080271361
4775336477
3562823234
304061756
4413023532
3891703408
19173608
723307674331418624
710037060321546240
25539759
712872467438706688
715480007359893504
715472411747954690
2465239620
2481937027
53210455
717823894711902210
381108914
4876162073
245176643
718244298991497216
903377622
717462007956418560
2434306537
4895361413
2868378630
538547125
2807346802
3307281698
123999849
2867038848
15303650
67567510
140942402
22692523
2245581841
634874508
1661261150
1592984526
58001139
56371591
1045052354
552461336
842102682
235457454
242047380
51982024
22455522
25254805
37810951
21731499
181982696
53399136
