4799527574
2483891426
4851066371
715916490713784320
369041420
2393063119
701668389811519488
4843461960
885733974
4372494585
38514688
4208721431
4566401183
3795006196
3625459162
718360624141639681
717417357560381444
717145639927300096
281892256
183936339
713168774254477312
22201085
3278805516
2306355745
772796570
406798570
4798648121
956660922
149972960
702288427958583296
703458916189995010
702863791755689986
4760886265
316201833
580128900
4738721201
16878325
3358983526
3016907801
1285092577
4698440022
26304307
2182295198
551525229
4423485987
99863892
2931763703
3317518506
86849006
2886964503
3386362546
17832333
2886886809
2655509965
1362857383
3008345417
1038978475
2396777448
2325756884
2465137639
3197846393
3410540698
246415407
3040306176
344330068
86639997
1488755185
2474299088
1116139746
23585464
3307702756
1854475308
3792960436
259666947
188525525
17804823
972311155
93892964
354379925
3162027038
3420665079
3377679394
78195200
1283877764
599110041
32258396
2693524934
544689839
2936390919
2763465173
3308370166
378913189
927133489
2437662536
356122401
1488970322
2285681216
147802808
3054487418
3196713265
2323123946
2323123340
336104329
3056406404
2323120716
963319344
283177805
2431742793
317579505
613916296
1000889263
3010702098
108465379
3155168506
551337757
776968879
2282843738
199042085
2600171851
284450117
381344469
48572412
2411828940
275437324
3096240008
18539631
1954975183
3072235824
2845924565
707980194
2918056465
3094278138
2305821942
293939227
3089823292
3085283157
3098399796
1442421373
2385739904
1242466129
3029034593
3030594262
376439115
261082427
465204773
1061076139
258769859
616353890
171179590
2983443262
564294293
250018736
2637582152
2870832198
2799101929
123294490
198581601
110828406
248887508
248753137
240943061
2870093259
398281686
53773883
2495624913
495597712
2892879820
2892870160
1368356988
131230908
720666776
2850838311
2801701843
274510502
2775680165
2342097266
1448345688
2561312482
2359071002
442357364
2331777819
543226482
226252856
245998293
425243987
120264811
2344344505
2249098778
1115969912
178329247
796915309
1088980615
2645795433
575222052
76348185
470745777
1265375400
2476931024
314638373
2304714421
359863584
19165557
966547274
371102093
2287288586
187977409
2387777468
479187781
1683260238
406377638
355917162
48031466
501293027
350416866
204194426
2272378930
2275988898
767663611
239651283
86167133
31560937
164303067
55456930
1041305912
412813956
814330039
2162327909
237420906
1479964616
510444733
249497995
1894206252
368555393
257317438
255263950
371397031
398038218
257261719
263011929
1372640107
393172649
1307231166
1529640656
614853124
59967630
1520520150
1520575374
462653426
979295444
173362197
156031685
528028942
285995005
265580308
263052778
387273725
485402537
321173782
1342339195
241221242
1334200376
392489593
758667986
1414491169
479873831
341695696
635467228
243196773
272645460
552992002
325688153
169097396
30542830
215422514
377217588
574582525
1323577069
275367324
56746564
204497520
39888801
345561496
882840852
580015523
514952412
555976871
90134232
469387244
25591870
58612305
493886926
131983893
449112888
418301719
