3854038335
721483829836427264
3682126458
23325749
35827953
403640912
1909253311
301188489
2191371774
3288533671
331299961
336740032
4427177113
25826288
3925572554
270673047
590784862
3905251209
3855602836
739579820
3404154334
3576846141
3328934276
3394765503
3408955007
906188323
196825605
15291514
2778480713
303508565
3227336780
69745849
2513452608
1067546689
3046517736
3098138172
384999123
545408861
296637116
597023549
2975416781
2958248460
2832174779
2750138589
2615786925
19681240
23349039
2263856335
2567456360
234638686
1664732695
376310746
454360012
2520442986
54536253
2369120100
2352238488
591432528
526903947
2191415114
138401954
2160011372
604795300
265643659
1631563392
599645585
54596885
1084216999
46293713
235643910
218779849
29815399
606339018
