718818344309231616
4910801009
9376622
4893125805
4063985534
591349485
204132287
2886469671
521298763
4765364386
4784596178
705001163301715968
23433605
3296504462
2226722576
702240933413257217
2534195028
74760597
38976390
4821135339
1125953346
711336112883671040
3034782866
212543625
3284112337
3795292154
34704729
3424711689
395693272
715944316577775616
3957920723
4914539795
18993272
1674283712
716801976386920449
4861660360
199909211
207905734
3331835352
3541140436
719690579395928064
3979803552
706601723067015171
2938799271
707101101451915265
65455370
218193050
3126780107
4865218797
718488158845997056
500805074
2887967069
400510686
2434306537
2321078092
4503606973
341601545
3257412572
456733263
4746074508
706232376519761922
712682112244137984
2835240663
2434786939
3949923793
704383644245336065
717462007956418560
1542275508
698562318351863809
710566737566011392
703157869042995200
3950174721
407062584
3822233052
368545981
2331911006
704211325619036160
867074707
3314758074
4802019211
26538104
908203088
559916871
2749858280
713925255828353024
14875642
2357142594
861554198
716306652169764864
4658381036
2831146381
4883035583
224732878
3312503006
294799083
709384608958144512
712290195903811584
714878737381101568
4833343487
318044919
4862761480
1960785660
3430176958
3356152332
185635130
4410217103
17010913
4449511516
4404669132
1025062951
3982213372
18087450
712797643496226816
4513070533
712495647857844224
4502006294
4872183652
709046708571738112
896972016
3053291705
4827282714
712718690953732098
4836424193
449110269
2959255763
478148698
704006675213193218
29476670
4517617701
2581758266
706845290016464896
703394922179620867
708098284473204736
4444519815
3161660191
4102376488
4129925714
4879819876
3293741005
705108555288985601
3709245494
18727347
3659700255
1020857448
3744122597
229099779
1575689569
336638653
3788757797
619345580
709566087185231873
163340416
902319876
710828435044696064
711515429852676096
2716245706
702297745181245441
842591886
378735981
4471301713
22887909
22532718
488756617
2984814863
1074083041
704119598845538305
1657924784
438829747
4248620772
153224167
2771601152
1699588867
704523480755249152
703661055835136000
561654065
4847520567
1675606220
3314535722
261477831
2286014678
3861733523
2446649959
4901489212
2975468251
4913049794
60784269
4778866114
4714948245
2252839610
710288878666706944
4890336327
4552434832
708634288648916992
4584443975
864172609
3316081506
438039367
3005920144
754288945
242618658
54065567
708849462186147840
3885721520
2402241228
41884145
4896903928
3309052040
893437514
17327882
4513795767
189186078
2346138333
3953169433
903377622
145797835
1893836046
3244962238
708323430555189250
2208155130
3271255423
3277814538
3415716123
3585255254
705805045913157634
4895361413
3836008983
4220373573
633875071
19173608
1965481
4100953924
3017677312
24600120
704459368323006466
702541133788745728
174618314
4752380063
4754692215
4736336123
4407240695
3345800926
4816602984
3024535378
2742394456
18772468
477353838
833963088
2547022171
4440072978
600580221
18492940
292929271
4295782760
1870199869
158060289
1284877082
407130574
460848476
288629888
3893162519
785830202
561802635
708522042
750703231
797557909
620451650
551644827
2505217933
290097255
1370971824
4259296153
3234108048
2417844248
3420823341
585373512
4149586624
45641358
2327706199
196576780
292051966
174316096
823112684
373018802
885794358
208083510
2478015324
120181792
732980827
2167674121
223709915
2316563648
892071500
374138602
2316246829
391529784
1939110636
3011540220
3210967203
1715591142
2864045942
792660210
3163001474
22335360
2354001630
1376536146
3161518505
3028727361
59461030
1961424312
3094773145
43037025
349582502
112562263
28443923
2889274898
73774016
2871828326
164322849
25169797
428081159
2635125395
65025846
23084476
2651114049
66787369
65284422
17624647
16957815
