2890233696
4804982384
2781967390
629919217
2425990958
4874932016
4558617074
3308792556
391189171
700905520580861952
2535956794
701890194329497600
94465451
705827774292824064
716941148217032704
2426029412
2149858680
705542964819308544
2434060802
2424677316
704866465288200194
180815465
475202804
4889749033
61266621
1930762105
3076998132
700428965203308546
702121363020996608
4861657128
231094448
465616346
3192728081
4751047214
4754108388
4067115334
3877970315
2602882777
976487708
90449152
1343184980
4094553673
4170786939
137136848
98485431
3760258272
4078914626
45701526
68036460
3165406830
4153758200
27487493
234263168
130676806
280338555
401300354
172095160
2412888067
378146316
1036362109
2595962054
4039212914
633031199
250663296
3316894105
1445551171
1373334506
