3110353779
1542335869
1618641848
332900949
2384787996
114747177
2641993872
2434306537
3592503441
2327612304
2497273052
2313737328
1976583307
86177206
2548733678
2412309752
1967132304
2286808357
720811727256973313
2271487502
3321869792
4823315999
2641505999
2991948728
3293741005
1706354377
2883123176
70292462
2316338324
2288474564
4898776378
1910105990
2422598718
4471662207
342894187
19341224
3434215918
2480730702
17278878
2321157348
2342049092
4547869279
3316868654
116994131
58257242
1543386072
4288794313
2994201421
2903166449
50462805
3367987133
722249943487029248
718317235777978369
2328772364
2587418538
2404840614
3369371241
2176594453
710101797642346496
4410317544
121109844
283641695
15845307
3420677049
3431704833
4079308821
617369281
8740252
4701178942
2900862015
2716417939
3836008983
362035439
2378422220
4799481614
4876520899
459271193
599181271
3179909104
35359528
4136117243
5685522
159334308
4339754593
702285854
25632886
25119006
168460805
4858343003
4859302527
3937203585
4701074941
2401045405
17182935
4075684282
2205335803
2293197505
2418098766
593569309
4680264817
4838481275
3184471478
494682105
232649695
18607390
4538160754
4415139382
3291690983
260636618
4319088279
4732504692
3864762613
1469761489
4302483207
75975293
1186986127
4053376048
3439371275
127989448
2556834956
37776701
213291410
16996308
13670012
426115813
3304438500
4122649459
18004330
19337121
3167738742
3894247215
