4894591780
720432033051340801
55622484
3154339244
259666947
1723526731
724305214665166849
3838021994
3219657061
253351311
17850785
14763734
2520748074
1468484904
512918737
3631847235
702415154064052224
182483642
231588643
20067531
3286140643
3238295587
1955132936
2586527221
117722586
19206552
29719446
783891168
4411253472
2400494312
712902119548780544
709922203362582529
1220300310
710394753951649792
4861446370
813383917
708475445407326208
2666995020
525713285
444940567
4915501350
4760753052
4694715486
615010287
22209201
4785034456
294914742
4697990209
4864435479
17536486
3230296510
398105585
16087140
3161033063
415953853
2418088938
4822376723
229385617
2879118658
29789545
4708346535
2232129848
1933042237
20634668
54561889
140565292
3269972053
4522956141
45038044
21360280
4038150621
18595693
20318104
4267245256
5548212
3909888800
3853567346
4199270134
4171882637
76966092
859087807
2771570276
335096438
3000024728
3883686616
3807648253
1284320682
987840104
3611030057
3590646915
101834088
3386880112
3227963852
23857155
935601702
525814032
2435140771
2849176637
19807527
3269487428
3369181511
1707857599
3376063925
3278773746
3264736218
3031527998
347690188
355866118
3268711520
3180024733
3044604178
287885364
997631328
3308667808
199848914
3304863028
551258104
3248971055
116512229
3026351198
278098811
405068858
836510420
3136382792
1569596948
3138086216
404327701
498333884
2454751844
1645975554
1374937189
3180685059
840288038
608469433
282243659
61096700
286845821
718313256
2597268782
2504819123
3127902861
309932612
2915258707
983094980
567500500
3082218458
540487860
2451166981
3080191288
2436300499
433797810
159693786
3071568082
3004215292
2507490721
2389980116
1154283396
150654783
2460029972
2822763188
37518513
1646904421
2719085075
2881348260
1695662876
980592169
2978460149
229622235
2991101956
2991080817
610773848
2957578098
1070004086
2978476834
1537478390
17152240
73509664
2963062192
2967140745
2279397661
2810627068
34436190
2930371767
631797154
2548228166
2901759429
2814253929
315538876
2838243303
433581301
2861707201
757404805
428436384
2841911857
382415634
2790511923
325188655
2779819649
1426637382
1531934660
341287092
601336820
2745721150
2740556810
2666916673
2731123745
1312506090
52257552
2720337298
2408294324
2299026884
1630953452
63321746
300446347
2291945611
2340274810
2626705121
1112028870
16275936
2548550688
17137254
2445464264
48826136
1881433501
746163026
2516723498
1497056786
1452326815
858825444
1374929048
2274890209
2304721328
2283995538
2319429140
1979257260
2445723622
2415145172
764368770
2408274073
841106102
1161665664
1094143946
161708615
457248662
340602733
730006688
263899646
1869661477
1573339278
1714135076
2361158148
136013428
2377227404
434708641
779527302
1815922022
1464454902
1835021360
153629442
2277011735
2170974128
2253272723
944593610
2178825007
2218314188
121525803
2214343310
2229185401
1590352723
139478841
2172573796
1940180958
2175217262
2163775224
1262425807
709401083
176957530
1931472956
1192148059
1857635324
1660981633
1638222966
1596149432
1700626105
1694712014
135656475
1681511322
560058485
36931424
1613926429
41466378
1465457966
746292829
1655751151
1444128289
1648292671
314311593
554215869
1602269401
1571916206
1320771907
16579678
1147022346
1584230960
418160385
1571283847
1397747874
1559590705
366068915
1541716568
1547553385
1548970248
1461217759
1537034004
1529452621
1523655637
282847249
1342976822
1442189772
1422150506
1423855141
1043723413
1419129247
1398202580
50200578
1399538208
1393556096
1380205740
1387423286
1388256841
1379377861
1374562357
1109873700
786939786
1374845197
1230595662
1370579672
1275998678
212330432
298226058
1350059198
1332974443
841981400
1265656862
531860562
1340493025
40687378
1329556212
543670377
1321130527
1281849996
1279035782
1315464218
1311901500
474461437
1291799004
1271136013
615454324
965372184
1027897237
134330901
265547767
456299541
62825505
750517094
1146524935
1191202716
238291746
554440630
1107823838
96219837
435479065
735596268
622414026
1146696109
517722857
325977676
1137181928
861307028
198315114
1117799370
777042031
131027895
1090984044
823977889
486180160
1092167150
246540932
189588617
477895273
570468208
1083578155
179315476
388111877
378219232
100256786
553141496
903071124
483147643
846312360
259990446
539321689
759812173
1018534880
950198515
750103812
995066310
98772121
65471338
253585011
30231855
203230603
928897460
397016062
541802049
864077485
528744142
404783422
706979539
907225734
900982602
882181308
864694921
553559300
787741705
380124782
743884477
758615251
231963620
737836639
505274167
569493470
702300818
606826690
582994546
521819784
560386875
49337717
418082212
502323710
305365613
460434738
421623200
246771265
421966690
259048570
257552717
