362474297
4298198865
2166815113
2363933192
4723115892
2250125215
2950765643
722699196088913921
4920472702
16067908
2337098846
50680922
725326125925326848
1192637712
102531069
4918766620
4156887100
2250800442
320098547
723599172121841668
3297830715
1566756188
724311709196890112
771683413
724416040214601728
718017698521882624
1450434229
2432682547
482886499
207825349
2942528129
260994884
1462864016
1893500400
709792529475100672
630437817
2832378726
718916130107170816
720618035829207040
26505834
4828898272
711922682519011329
1708059272
706562279282761728
2861254218
722256566905348096
361449707
338639689
25439814
723183201561223168
3124867528
2934275751
2895789279
204473433
2921981104
717288461993119744
4709618715
1444155985
1649412198
697134885744615425
3137674366
2848641431
2819362954
153320881
37479231
720385177780752384
338443164
329967590
3368768899
43565939
333989891
251801984
715736699058434048
722069648695496705
2828451182
717113709911367680
2740750267
204466709
1114119846
711705939414544385
719179550811430920
557680951
4898453465
702838482331426816
504822070
3035188057
721442444240429056
18102665
2596250359
704611102571827201
720310862863466497
2744902664
432029072
719898824903430144
259752397
719206420621737984
308938058
2560472472
3057041147
1630283514
716178360284684288
3248714151
218112210
2340975708
2343165276
464203432
264974354
717482902720786434
2882259310
2340718820
168102806
218153868
338360979
1458204810
598779452
351826787
509177646
267711963
1458117302
21577728
2339870730
253651874
1032832332
217836474
1458225506
4437102019
4764861619
457574630
716339524305944577
159226203
250691608
202074780
4827647241
701008325895389184
101151129
715562535194374144
3992064233
1567222909
708230951814488064
3373849985
710838373246738433
709004694904041472
1054321404
477079292
29456128
3389233379
4348538855
4733512244
709460670585114624
714866862199320576
2543304654
180891469
1379515698
713805179120959488
71222458
2337561036
4206866834
3234670263
43940665
2962537687
710208747633823744
711780038887260163
134816729
3901192085
2762672971
714737066802868224
4859718849
130090686
3336834499
2769743156
4864497489
2865134756
1464284042
2859470438
2880513111
772160551
713635354511806464
3979844193
4419928103
4420727866
714143473948041216
3458123357
3140251732
3908533036
3316070638
3843311178
3906256897
712303534843301891
713186856926576642
31269766
106277327
4909990162
48989774
558545453
712263410369568769
3233015228
197961004
3324057947
4862343389
2345305108
3437167443
624047687
710428808537579520
2470050001
704239618711908353
707895468127363073
4802556204
707877790616526848
4864404394
33857467
2515818373
712449154094477312
4891346371
4783529192
3317261055
4221520816
4352405895
2901295389
2220966752
712037715466911745
2418979002
711882685430571009
308178350
2560420130
710074090581848064
122455775
137867311
2397152479
231329778
702865611383242753
4863633911
2477241933
3342562415
703522593446477824
225022289
3218837148
701352167022718976
605027603
105853172
99188590
2709206875
453418311
1521965306
3154032388
242009106
187567153
2377533684
3231047423
2699730193
4893020894
77525513
802611594
3185339978
1170248005
4892188762
4870678797
4250614527
231746005
4713269652
2378413496
2724268872
2971630906
23844102
3251173953
4879018733
246951376
62157539
129766669
17146147
376211514
4718153236
383283540
7228352
19368241
2977820507
438649312
4773863241
58539535
4348076237
1538783557
1101965430
2517481039
4658774102
313955490
2978919205
2898944526
3196726653
4827679017
2648449728
2340947621
3304179239
528519874
3075245302
2574549652
378998958
3352965973
2348807660
4605099755
3131180381
19765049
4319975232
4306801877
2742718759
4739179361
2945626975
618614688
3418250860
1167554012
634113633
4594677824
87018661
380689475
3310778887
1354929408
221873827
4661415376
2969987975
54387560
3064941467
3579474374
3897405799
3406646699
1408286173
1218345500
760320062
3431878462
3112174984
2318263513
342922739
2748857230
90987009
2580799647
2312781690
514544721
599842327
4008232033
2364557275
2597131309
2177189719
4516250554
4706258975
116531313
4245328816
155569740
1056333577
327594491
4622808622
97631539
2693838144
3667945096
184064126
249766755
4461419488
1175222210
155632971
2331785027
4449642139
322464591
3722840427
4018237379
1928262752
3313860280
383538204
430989556
166566384
3043780485
3272824730
1719737784
366747527
1078123537
223142310
157773436
266196733
278457232
2475794540
1975653444
312527402
3181139313
728156162
43906517
538188503
41434611
2869533161
230008780
632368494
991671998
504594920
416882089
250560344
2187108376
246235525
929658816
303978658
1676625734
4252491647
172464433
391701133
2325931621
3056486674
220502992
1607979792
2328273317
134115641
1012893122
372297996
500252098
191882063
2920436943
564343342
237511197
113015339
4310547377
407063118
310793136
140008092
1467656022
254951780
106450654
403442887
271432789
392691906
1331102970
2774242581
2186753874
393975088
356816232
318518855
191976435
4415068348
390598578
807093745
167046680
4547386173
167013467
83843921
1882738404
1550546372
1976572111
503465225
2307598439
1446756198
244920243
3064316578
2783917344
4368233952
788865566
993086641
183396121
944510166
1235679918
615369798
3964021872
551717761
137260926
3292641012
3003098776
2273517343
252025778
347191922
498780628
145871394
2425872643
1320755040
388704518
3070149884
3925395987
591838362
893215088
78729345
2152925894
4212878367
3042053004
1974887737
1144826156
237833461
398252406
880957854
3678571174
1292972756
1087175336
380063255
196654237
137444942
2496185574
925908344
294143953
2398521894
76909980
860613176
517648228
164793640
960898652
313240901
420071246
160702247
719595787
2347143496
2365974464
481950989
320635121
842483750
3901892057
3298845881
300837633
4324355600
2391040797
950555462
246654241
156912185
1066625354
542335270
748916851
531973157
811547334
411646336
873333462
256661590
155191136
296237155
2520975843
477176785
4390536740
587727347
492984003
412346578
365004552
472372358
3012441261
282997289
863090798
190293536
409979753
1875634668
251711598
148353569
4523778502
431547774
321017770
910058696
370823996
391662246
552417940
781220773
573795832
1356173030
4182035002
517752426
1058962298
520032937
242226534
595766316
142205551
363770531
494861384
899739799
285011190
420417647
523877395
3079094315
876292596
1261843436
299834240
1275031501
2281987312
2521351805
742397976
1284060242
357043745
554641299
1026469538
307416143
2810753597
490887861
149976466
339974951
31187820
897430399
422969867
309335591
2452913986
3035423793
239541525
703597969
310235793
441842051
1354434506
2938873499
1191367466
811651826
2151640277
1452135055
617428393
228229690
4534011089
460179220
187331943
138114244
2278287631
517009071
83946528
784652690
471105517
1367765406
365076981
128004642
603595153
586682248
733169000
224600199
537379149
960372408
750144704
36466287
519281343
354215770
429272048
3257654462
2840522298
266556806
3190860241
840595620
341033548
452419769
956039040
2897443559
3297752143
95212193
1220878326
4029078087
592028961
235957400
3177680051
505786854
2335672395
2325404821
208822747
236974546
203470270
434205543
450809277
618591987
403887223
631124435
966573728
528303078
4069562548
2204918638
350260184
364480686
2869234721
413921162
130049462
1254515864
4073880616
744690554
303106253
1684196341
124557733
253505603
355436149
468193457
56335204
225485019
988490078
90469487
3294691036
266812978
574984401
2515476146
51171437
3243298080
597805301
4544684541
876397908
946218756
255382903
356275554
2401636130
1090709922
2885718783
273133171
2233463579
2864515781
4087380134
790111940
169446015
3107774933
52522918
593129382
234098551
3903421279
364283914
1687955239
2415903110
3375722114
225327298
1236303859
3149662973
2364742145
1734919825
4003696469
467780486
440129147
280208972
366038590
1166662398
1149483110
263647808
2344166776
347447699
454832083
1463081628
3796130721
1426203661
2871738721
181194055
1178785908
1205889122
2448265533
233315906
1228628935
2544832415
497951479
3229173905
289556093
221869440
328524829
4224909039
2510926512
552609539
2343420198
3255556705
330173137
3179029249
383435046
384896353
588150321
1405017493
296373207
4056909094
1210128206
1228416211
231897672
3319646011
858675031
4285660719
458424447
2279679733
146975077
3142972785
428357795
2566193560
3255681310
2273512669
472852175
110186092
276084376
2163280517
2744376262
1306342861
299510670
1093327194
1002578364
1255998374
3248781419
413252383
1723615393
2931833823
363646985
1319571398
3201084875
360572124
373206002
216314120
2404982708
4178562322
718120570
372762350
352986037
166258040
2356208052
523405532
1851940842
915242022
1178935706
2389118418
1530014240
1340046264
240374238
1917154387
3293465537
801217770
2675187082
3355171573
3814286235
456905589
2351247114
308057939
2375630633
4208431799
3436262111
1671960085
3726654073
262726379
117506202
603542097
515678423
1091335230
612781332
2842866995
541094578
3207448305
3345978974
2231493316
1512065826
790149294
1024253292
497970574
1007761896
472789869
4046816295
434950318
4327224915
114564139
1045284284
396870585
589216143
487118889
3513395301
469159641
3247532685
4106210661
127037679
266764133
96977513
1387463521
3151085664
972178760
398406691
1898823752
451479517
3700477943
35561703
3372421491
265508457
469709272
111005406
907849220
553371242
1216358454
889994364
2982102204
4020154402
1435249202
72859046
622643088
149629275
487754597
2317666939
1157091480
102816121
505357603
170039514
3081859966
1643770056
382718624
497922618
98959429
143656949
317056499
3398758432
329115722
954523514
402109435
1524648085
261864260
73851300
455365942
344787677
552555958
397263207
521837777
106111553
235471787
3288709306
1172761346
412223247
297875816
4519278875
772266624
587798421
857071718
396156602
4019668127
599406259
373416766
783102974
610676531
1449871680
953190570
68665557
2992477143
847353776
275938327
3482544316
1045095241
226306004
1216725858
2414179585
560514520
2845506684
4479569182
235731691
3322955111
184496876
3332819319
2910390877
390338329
139400162
421111427
3386990697
231568380
3399174412
500836549
2274984452
2938404513
302938827
129486910
1146426847
572507845
4031586623
251472270
469705040
597765965
4114332347
16360777
2515598200
1561245847
112159652
3369210927
464696862
371792116
2584098218
1977735110
2718950739
422226292
1930664714
562680748
572018955
3307291124
1389201451
256050927
1007627755
3246686716
3017113367
441311623
149018258
624149436
592653047
866331404
239010135
405480019
1070567420
1319192750
444335350
482949537
2957991695
396964946
591982062
800353447
516636725
4078665435
870120613
3939724180
932848818
2285067151
2961740135
908708323
374030840
3231618613
356172646
2899092952
298728853
4212229600
548366335
445343602
412429423
126597906
1274631782
1732451893
222565693
143923789
441190850
768493310
522363199
362787198
973151496
2524897921
886331184
305176139
1289826882
308141211
250633356
1311576770
266883805
1692977743
2225400586
2906888297
1617916970
287265500
513333870
1710316008
455714797
4475014275
885847172
224182727
255062659
2443748164
450955097
1069336856
2443488018
4403851096
431478606
396562733
3208960702
370566037
400223233
537588954
3329863750
734352684
171479998
193739449
540773533
4127157498
2998387355
1695033578
579305705
557932594
449952119
565427804
2338376983
703818872
1358456382
391525587
503251692
2598151813
291916018
2942657741
1650413239
323416238
105781247
2287301473
3378807322
598697461
843970507
189701202
424458148
481162315
2859372761
997559696
2150954276
1201382916
1615003813
1129538443
545931129
275518750
1471800031
1897113668
3922429576
186904304
4044909593
2940679937
2398194338
354044648
349568841
2206324882
191048752
461570916
151808029
2196497943
1222758894
2699065940
4149094702
3308494247
1006068678
943042387
2615068928
589253943
554443359
2895945096
380227279
560331345
486501884
414072161
4321312433
1858065860
977836952
287645100
262807266
410060212
1220152982
105737071
1863857011
457456137
554321237
528747370
445182933
475818287
225503607
228363694
315408916
4328219056
3508836795
368841064
3163938013
295108032
1407781574
4037580561
203752125
920890692
4320557799
2234747439
173788181
479137484
46965573
307485159
462039063
1014940604
294163532
2984583581
227592840
265739651
589959435
1418591420
360890199
550937089
1164883562
540419592
405127480
215259461
3701604953
2766446068
91396366
230510275
606385385
2469395442
1493294839
587111040
2377170259
3012907437
3860645602
4178083331
205815547
1603235628
714131394
3377948146
568509690
558150801
507238071
513846532
4277513656
455930942
3790247841
498349566
4150496013
4106853675
312363190
1311328982
476151399
569454253
366698511
375006015
365887205
2764604217
170817679
2974843842
1264415509
3822860359
50836391
250903264
1304829740
2810808169
336577051
311442617
841559382
540760061
606527638
378531012
740241660
589530009
301718396
2567257831
2372989389
3295711727
628002690
2161025651
3248613759
3167902392
561443804
4211126663
2686675045
1062960878
1473407966
3413304568
1504248212
2361747673
383910909
2983859817
497290732
138501454
55884423
1371723320
578114924
572204136
206777734
207432425
165423235
477597856
2513541120
586229547
482566639
4306150577
490644333
288430477
2329435062
567593836
148795787
2461045209
305949358
3142374075
2848029890
446129067
103603109
2929025909
804218995
3128414193
218965168
1298750192
2215099676
3339981221
3300668452
539934469
334176136
277992353
2767275785
976149632
398339281
2734895535
1890524826
415771421
161376956
219783032
394188729
2243094213
353744825
4206915461
1073895804
2995528785
1455216582
305223328
1429588322
291003462
1582022197
331675079
122695762
4040094539
1492634112
867513138
631787515
3796570469
1309162910
486818264
934095284
1914478506
852272443
515681407
508792593
3559554974
4185029938
319063955
3256699318
266466206
4433573357
3520903817
970329800
190708701
3847001292
241301851
441961682
431804176
148330317
382230811
412476305
4193293960
482098912
554692363
1014018793
245027015
3865826969
3191374504
389036955
559969398
712382707
210775301
1096045508
329246779
2444704096
2647931612
132993287
1161118956
3130803754
101093258
237008299
4317031953
821865516
1161472518
269246912
4305132615
3436260699
4506413472
241709161
1042356570
856940450
109361824
320203714
2904226570
4308531574
997802551
1244098170
877469916
4390645877
311480480
384979930
3919564463
274472062
486732075
288674321
522174824
727182012
799160864
1638974784
80419130
377455635
578192943
816060020
3632305274
1087194470
3352888023
822945188
209022071
315534165
201483478
1523104824
3421639655
256441752
1419304891
3030751043
396932893
209954035
477547235
1241975370
1220849106
2844534713
63461023
703289736
4391621537
913033963
486881276
273556029
4036939343
1068940195
575982229
358877592
837367045
1368055890
407103205
59069452
515679443
1947197467
194951181
966241446
242762551
1190404951
2872600489
1701491996
894842647
2318528798
449682610
2395726718
204420279
3136385115
709094616
139688550
499701891
89180859
2241354932
381401702
296238175
1242263809
1465209049
288252708
361816259
428462637
1112744682
1153164102
1017006152
2171834123
3361258835
332160740
791775164
313811095
119818228
1381875780
4316912117
454357882
326749710
479368212
1133435432
2518206610
433978248
228468190
1012792194
367631690
1628939155
476570516
883633478
279484105
426872228
75098493
1494729974
296196032
1271244764
1411662840
2221812993
4361140696
1478087120
786650275
1968965412
2198471919
296335208
4462708342
911422760
465790563
95916917
542793459
624021015
516451372
4187361329
2164664762
59563274
451322929
1339408526
248105986
1331646252
226986456
3291757605
310768418
272436642
415121311
823441273
375330703
509260469
74386271
956230934
432923670
478660516
895343756
3869079933
516091023
743362284
2342413352
258913517
923321448
532704680
558680195
1260007370
3370774168
255042735
393652980
485668168
268505647
3892356136
820274390
607779093
4199109982
844983848
72343866
101485217
20144198
637029363
422184332
1471688340
964801429
4330037428
903741499
299164506
192557677
925558694
1140613993
567095205
167924789
981648835
195743450
253490855
92710812
517985720
2433165322
360507074
801316088
1727027431
887293994
839136804
794059496
369607283
1201749541
598401203
125741767
333597994
515226738
526841756
338385790
4440633580
2979912049
505843732
300128033
1423662583
48049702
4182943937
452746481
268293280
345402419
4195587515
1566349327
241975479
1221871982
1245494839
3087338476
738348080
1268088067
1219634826
1107987482
1032652453
88592875
2832989269
1336742912
376501944
395911845
120467018
407978553
4302359176
464552411
248835707
528122285
1103731153
540902743
713135781
330499439
581710724
269038650
3089793384
2175104468
2221139144
1627385851
982909040
190556498
307567042
1376330371
1169833242
100279195
462353832
1104785072
420153821
3343793667
1308858919
410940011
594135372
82448592
183705962
1179288116
416079023
447032644
2326981365
524653277
235154569
2546982955
2190845994
317810582
148017796
297510332
36066203
392896566
2460930795
2886082983
303597328
334623866
4408347855
1517446182
242091292
4365223936
2194665063
4153947832
3369792087
633376871
603452396
3078345235
588393266
983429120
349672937
394276982
1524625982
171934467
3363542571
565264329
1024914715
330315839
1598725266
231594061
535909374
232223366
88100949
3322536858
3685410523
4444193598
1367045774
139123638
251342479
2578622497
1047528804
895635697
884065483
302620116
820252087
382279374
728507526
336002595
3186537661
302861521
324170320
458452216
1066800709
1126044824
4571275155
460019036
324570082
599867777
481174506
735814225
1535351155
302549110
3698955809
735286387
329669752
1104632965
244865715
413288878
2196119563
4345434916
230682899
387040606
60602756
457056091
728527009
792103274
471412741
424162508
580820484
2176313053
234799478
4249186607
1566284587
171353070
512442126
586815811
306433954
370825847
1416880046
629340443
363687848
1189476217
99333801
1496480090
1808285906
570367475
4260542033
213012191
149612686
428095664
504358613
186153851
434328188
235684010
4295643322
859418862
1324995841
201219621
4577739093
2441480622
705295105
2601559767
547253670
578156959
455937308
778174784
103019680
1297573981
50754947
298549159
2350788837
4324289915
536518009
2986270330
499951036
3065524084
393264204
378454582
2270338460
826806396
918178465
924006277
724465447
220926716
264859222
215312063
137715777
61511918
335872790
635241686
1337381400
455754442
498747891
419441190
54344980
2294334641
770372574
926084490
1731979981
394371754
956374994
509243725
624538694
3230509917
422796803
571033750
610770715
610758524
615976878
2954058519
789276782
2707507469
700720074
165179875
415148183
1231603285
501685055
1357925880
494891148
2998926503
505026452
550978054
157950326
398769434
224815299
190058695
1075298779
3322468561
92227541
47427810
358782625
808866644
422772248
1291970137
511898033
1082870184
244696115
537660516
2576083698
410546268
83670252
339052357
636933940
475436906
3338981914
444214502
921713598
436539794
56456361
3228192912
615898446
289427142
77695249
214555551
553975779
2332295394
454947811
240345832
574277207
3315418853
2249276820
560185574
895245679
160267882
248624941
214007373
1220968843
1368407126
3177597456
269725918
1052988624
1320944298
3854488156
320249759
1524902198
3936937574
200551406
431803399
1931430390
399250736
1886545028
3306912020
4143862541
2199895274
1886624911
3208343506
529728163
500819335
39732918
4474416329
1249582202
595020003
551023460
2511344912
3387015865
987600524
461010250
104644100
393785874
316631964
147425785
186398824
354152900
3663213572
1974589128
378736231
217324934
591239968
45399828
1515764623
141705868
490195820
283652160
980432815
400575046
311108483
537389234
379732687
4387697320
567654536
836041705
135125351
3020350043
459645400
629685264
407959248
1043525348
1033658935
1362579336
1191558187
509187221
337729406
396520933
548411310
3397481182
736448382
424692500
598845124
2843072302
309822199
807460393
192566910
721386870
1080608274
2877995327
593719290
554012207
1276524619
4304315056
86155122
2870760506
2156339541
606190875
596071770
355179021
298495537
1112070858
1617559615
298070599
285095984
618850533
1007046337
362715446
4079863455
355705972
351898149
910519428
271186296
1022822120
1493983262
321298536
991827444
4041493594
331281648
476251927
2522316104
553431297
133993037
353706081
409605865
420203615
524679758
347729287
82732220
926381364
254963289
132474722
207101097
305640897
246784567
633996506
419356043
2932722192
1227560509
447961870
598229904
79232894
766420886
4289405655
126751961
1548517195
247727071
1274725183
284394189
239330739
129445078
313485385
328176182
3085168086
2366903059
573609105
4219390161
2446387534
46406061
168067922
3996623174
2724586001
2453716633
3996502647
1389499369
3822298162
470961968
484925064
976041276
387835681
991651598
3423722091
555071775
435119974
3761267786
19762341
2835151433
780309228
337001832
610438356
3303490133
476040855
266494805
308343221
2264426442
384766084
1402457269
3715259602
636547134
738324408
143745923
617794412
255267469
1296135199
571784256
1458887940
1125132469
246314128
266520976
872442396
1442942898
1029135896
4070153549
417397865
184428627
250639833
342889912
563925863
389473088
198416847
209380675
313169986
3079869967
1123683764
368472200
231473060
477941028
3535578383
4419149717
203478573
3263716655
99321963
271296833
528832599
615692929
437063688
1005304040
500653369
56539683
373750504
140816199
332983966
47309417
256656332
553517643
20346124
136283042
397064317
432516973
368559486
549870314
352644349
616238622
3907171520
561926028
423778879
855003396
485502770
963204326
437882926
1951588052
557007684
166570067
2506561615
2789844001
199880213
2174688741
512355987
882084516
2805239458
134468760
78637829
2324335270
891208752
365164964
420339189
292223887
522409300
2396806004
1096317494
135418118
209879015
454335090
398005517
492396234
121504118
4429440333
194291450
502849469
3667567395
3668841013
331546329
2410148915
437679662
840525884
1394170212
2911854964
462230757
597476275
128268844
1446782006
135340259
326620482
294163598
306988112
866625500
1477307216
516302928
2824587980
326186684
1585021932
160201108
1084211196
329981086
397444324
1920019512
55896606
425280639
347720443
300298138
2760658546
573016176
2231219673
416412230
624977117
621145645
159148063
546931318
363356829
2874992883
3347506210
871752500
299327127
1952513516
1575083167
269058832
1063523809
396684473
3889879342
462829759
2152468262
402596107
707112473
41297181
145185505
183682914
293463083
195084610
1110015980
287526795
304156418
3709399162
935506394
1040417779
389653833
956691343
2713615623
386034429
2172100481
233582152
431812549
342112932
361066932
98388695
2197620788
159489379
358208024
888947035
501400238
1084058654
1573452182
208497007
266710398
618220709
570692670
297449529
343337273
930431894
2180950814
23585763
1192534256
3304166961
401911404
307621039
127815092
609646917
396370831
3300695488
456221677
1324568833
332799146
356290466
571395546
792884228
844460672
362054366
254199261
3296563941
299287693
203683988
544306254
2717317809
887721306
506470402
1061491230
289568290
619052966
928061990
2359199334
858737562
85104240
303186546
508078770
214424784
109550465
863077183
205282408
2348921481
93856321
146237255
339112118
251198015
2522739377
839232612
475624665
2842639341
209724409
316444128
298662827
408091293
416771971
219951212
300807416
435659452
1162217504
470932478
4167054389
2257119525
137064489
592303221
471810676
470993266
236552185
2762980632
355798314
453311370
104631105
395949816
405784510
541360665
438604643
387837282
473268713
2180692128
304970852
2265804692
394567042
328426859
497050945
391598768
168710713
229847135
320350826
219685122
386697670
47608352
3121821147
2447288515
125513922
250561630
338631902
23941020
1392194977
476207896
1236034956
286720847
634448729
859859390
1469760552
517718466
396781396
520740082
714697818
2176774998
582799007
298814703
2256943219
45805752
290897540
462809650
617407964
344372998
302755343
2861131671
2860315881
2697013743
505289584
459337407
631018052
173056200
157392908
558875496
2317062014
1320468654
767588078
3233648427
2983154108
2286786509
159503579
18758465
718953654
1032833876
440128847
317125775
414992459
426516038
158694325
1329333206
138028931
587693201
32127616
516845561
1539368107
717468902
203094617
292639943
338992555
3926513290
336217405
306967841
802329872
1065797768
384514550
2365499161
611709407
876339517
917121728
332754711
924119461
74603231
392151885
176573063
496576147
115086578
454055298
113311608
423697284
202081512
1267479750
210683462
193802799
68977406
129766180
57320748
583548217
190776955
2907692386
583588181
133645570
415398476
489305980
379674128
144441901
218254435
249814826
191010608
3196499737
249227446
341679072
253261899
398616028
257562707
763660650
258455005
635792295
4192618552
775515096
595732135
3655919115
63660388
1228109359
534493087
2178340347
3227827776
2398388833
87131795
885379434
608238295
212952932
435265058
2700938833
345231832
1055099586
2190094011
515993499
43553322
309610618
122760045
1360210256
417425397
1006001130
148191230
234779182
3899105182
2871973203
149802877
154072329
474122251
281782764
36628398
2342004666
1680277790
1571191236
594262506
1051629188
723999751
630295100
3552613161
428383249
109293403
700121548
224255304
542850807
111703073
413943438
314021850
1576413642
2284005048
330241016
298907822
852485880
418877095
1615465148
1908364045
307327314
254827528
705990325
374140905
1423350450
427349323
415144902
816121015
2998322825
1339144116
2887220609
448886115
339868415
1059878460
941316121
492615577
1489829334
554153119
2732571527
418946175
1300904532
147304494
636829586
44181828
394006276
115775180
213362483
116042805
447397591
405718581
575995642
1053114632
1397599428
2234420025
4385295255
285843836
132212190
965925534
61187365
386112945
133252226
369678866
272529168
3353229353
2377365551
290924920
239870054
2160292161
2273855704
770114994
1338736681
388196820
1076756887
160921488
222605620
398751850
610845122
421923951
735435366
2973581710
444540102
1434340213
784362254
1612538742
1427741593
197867354
175363709
70843129
221822830
1246495459
2758431549
482160588
1940640614
4010220441
547252227
3985545507
542037132
406270948
508519684
347054200
313483595
2774070973
147166240
455625237
248552596
4494786039
361504709
3185092085
613578909
2468174380
156403858
1061124506
376453167
2909374894
1324853024
101605230
363014410
442222328
2780228523
981184116
350345934
1576171885
301007424
167483714
2226585942
343274086
2207004633
217350115
134887232
417703456
2331785956
245956727
802296944
70653851
4462387163
326907512
179930340
527112695
459346400
62283883
487001842
237877926
2458166608
568919971
598394319
222252916
1452515954
219793034
524815994
339009974
121606163
1653168378
870514640
2895367189
429990905
1337420281
1952447142
76913135
195372501
2338102562
257106585
2160715586
3893558489
340740544
424365157
3082573865
269040280
110169146
535406869
4457771535
395214070
409283821
1937256704
900245498
372294554
252225204
617087367
477926494
433601140
1558670682
417457149
3959634075
1087700982
188117370
1876024880
445011745
2989355709
4485110001
872802535
185402364
800064966
425740916
1612804116
1421773399
1109131902
401071254
455695844
494772434
3321914903
361080262
1203746353
700882026
1638768529
1083720290
173496293
3410688287
265399315
106847862
123517127
513670048
2946215787
305738752
231411921
333565047
395889089
1638221126
182997129
310360315
2498347644
1668687612
2381495694
319606863
1000214694
925652928
235657831
260221269
192251887
248741219
229053756
3074030550
2230497800
855055159
361475039
3015569951
388447222
273972563
101078094
343524237
429393951
213761499
588594937
16685877
433424253
317207080
574423040
433459030
3351223629
4054819397
1146066907
1894358760
428122494
2788836334
1212162810
398052524
967752391
614337925
630399076
442190378
408037768
4062396316
502990662
171387261
74832103
740792983
93946078
779954900
765494065
93568396
405444019
2148886615
843986370
158280854
167022495
993180614
565492886
477057586
453055518
125357965
340155931
267129025
2295436341
1225800378
198441727
441814047
787803361
3749848589
414037691
49364306
3110419186
2921832965
1470122246
493521587
106327023
176338125
844084128
254651913
181428008
428535856
238146030
157244284
1108391179
150946880
1351758696
2317826167
294224646
437075380
2149014351
115074448
322228536
3110721035
2956492913
582219667
190536647
545473815
515720429
1900012459
584007585
107305929
883177056
734586900
208151059
266052274
173842895
511512562
413130606
2372409518
562802656
480947861
363600754
732682890
196870873
119643561
589365905
1872468775
1595854200
409416453
611693206
863295402
365419438
190744595
114363039
547616827
232922372
444882632
516915775
194576135
314825162
2445295095
304339267
462221129
215454126
220628658
154604511
1413461936
861845515
1101774692
586915284
309109899
20244140
345676464
4321553081
713848723
1405713216
241847608
3060056050
1377719575
319228450
3293648528
378158777
82271467
1315672129
591800701
1379395052
88693312
1186986836
87464833
282663478
1624342536
156862893
418172552
419946648
567121081
548757496
11452642
264258533
170794667
350885522
225488875
591552535
127338878
241041701
152114549
88761734
864442735
621372290
2389778982
303776326
2715751919
519742787
120073939
522152870
424414126
294537928
843628891
1556552886
1930426735
1169054514
232982351
536208473
1164249055
439364437
860332064
2211687438
391076742
26124624
2515964499
402645816
2308717782
243664104
465078008
1422703946
550325644
621999864
3434418945
532087096
2870616855
874372584
1894126920
245054745
1106640456
3334238063
276243459
318988860
2526806078
476226412
3396873761
82331767
479921914
472196822
360215527
288883332
412322100
200627931
390714460
187297756
553128788
865926174
371166250
2277469568
265441707
1148829942
111683830
98137458
1084002066
339122304
4244013269
423565009
2172035926
143029039
405774562
2221862165
806909821
171656660
1689564884
4420203495
2867467901
1270310478
619847916
85185399
129444395
203567050
202829791
384824919
2976424504
405882308
47900039
1608990296
256946680
1169096263
113467761
253118218
426117922
4188031516
754254308
12485322
3116056889
2256419287
274719720
145940845
3235553776
246702296
401243324
116261305
589655951
276460675
261435834
325462594
2787861896
272435760
160202824
170203389
134068163
339514626
260456499
484139019
225466408
414803875
382607564
315214140
531802632
250490664
3310087462
114645066
1239173460
551199823
423451795
4269066615
3343858349
257856764
2341953418
550810826
249610837
1488980881
288927027
497041114
3337009023
469108108
513444153
586692119
389323600
310429635
2513514372
519996743
847958838
571100031
271584639
2211318139
1558664845
150602833
4032038541
984999709
555066670
499825602
709666173
570204613
61705507
1153152210
421302475
90765449
1033819218
565263768
38743314
162329355
270402349
1952520344
1656070471
356865915
27632718
293842202
279726775
1375350314
215019845
978791232
3043589335
477830329
2332090436
574416231
1916209070
574575344
339529635
349872935
572885178
4363423879
2351928912
3059584115
264232285
406270618
546353274
358922217
61170565
2566531080
614362028
245736394
1263437767
2892458951
449684316
68675315
498979446
483812184
397526547
2830077629
440409655
1429231056
2203974911
850571588
1093381304
403283586
304754082
973135154
230527465
3436639036
154699766
3146391737
76650395
231484006
1537013798
564716427
253345613
1216177244
408056314
198549475
589963195
2587837538
705981625
226267733
939030932
487617485
540979649
407663525
2298189393
299092990
985484864
408994459
2604989868
186383559
52672109
251270662
276932417
751157557
227726755
301741904
416367940
4067748982
121680074
427108065
375300250
1310558113
152355345
352996992
199732559
495713450
3461774061
2440868893
37180624
235550681
586541743
366197959
497487371
1313218790
1036916581
2200916159
552855192
225835368
2582693701
967871720
194347263
3372496684
2969428539
2222773604
1592845087
736198022
456873595
1959413443
2303652169
324557306
314539557
494224902
4189189408
563891147
1148880319
181942689
950579335
259620730
720220844
1848173016
498733976
798646524
984663091
499273846
1861366560
484850254
701371803
185805692
346727415
351456331
315719901
478600975
396514063
382213104
908816172
1970901283
261888570
469508535
1378394906
796841359
112401355
353597375
1723150130
1445846426
521205150
464415970
144799380
992922877
1214591527
1957019131
176898883
396838180
1420687934
3410233247
310962552
972974438
3920711615
318629227
193464326
201224196
857961782
2182922956
500584527
2973778114
1093303682
1096524973
402097103
75516516
190287220
288449738
2800120298
221111274
390350040
59500574
168814189
556443708
393913141
1199524753
368472117
1165857704
533620896
745719578
1409984084
2757521913
3165088330
429135759
522132105
4352185528
455961655
166523677
165367655
123838717
1065098280
513037959
1079919690
604824553
400646881
3135273534
4455567435
238962114
2719505606
439048056
2194160831
2859384130
749883709
119883372
1142509896
3031535336
216629832
806101092
63139477
586863650
1630248620
449151205
208138356
2284308197
441982874
3982178115
269463016
406154176
625531978
2870777578
1358028488
3979042457
293633609
1054463232
712630763
541790312
632295622
2773532201
637167853
135138048
632356735
622116376
1285561176
357121694
2168196399
2190124095
446310089
2323345328
221086986
1202007625
228578892
561042618
3064925823
4727406563
559481932
293801197
622062012
349142896
131700725
355114046
3418180558
200515759
602961613
1048058550
73347830
119874423
486874559
85006562
1067794740
119784994
231954663
624726218
486062296
177685924
461499810
1481654683
3170406381
911833268
407190773
407967138
376703649
983963792
2831332901
487959342
908385858
222086854
1172944412
14502418
348314188
420371171
440728533
392341765
2808138580
3432694889
184624605
409165344
2308138467
397605814
2325899807
309849601
566393214
1067172104
1533139632
480101372
817829052
1364416154
1262094384
1161207619
964995403
215976274
4700602174
2155826895
238920577
151922317
2590706784
292909581
902607936
519793239
315535009
240255118
202334488
2386110963
791903048
51810160
802791690
757251223
1607744106
775896560
431073770
558817111
485572233
353266014
610982559
209192913
527966654
1944343562
280678064
3081363615
562676135
482271710
368454053
449082811
270024275
617099871
2235222569
397190887
1364483496
473952339
189627330
22616663
2342122068
52570214
2584542006
521793375
634798186
3836280454
153345154
2474180507
417089142
286891855
256144088
1370605752
282654569
389114363
1038389150
333039652
2351938604
340900992
186765031
1882817070
2878644751
29504393
2512198467
4128010360
86913240
209242317
411588490
304776049
578364055
2763331266
1008076184
622156144
20277358
1034841702
594912218
4382369134
960153980
1394861827
1202039078
809141377
40232627
89483915
204795697
221804438
804075458
3216683686
1274629478
399073307
497999480
442222697
185231910
633301954
98564319
839312551
1698743556
1009577616
198107630
1120292016
261198648
123789422
79181589
1027510075
526283699
2797981535
456185739
806231281
581443099
185130403
194906481
292364313
379871454
234962265
2361428729
255173091
1657080337
2547899580
54855659
560648415
228068978
314478458
327955624
2478398195
851974820
3330500115
265317723
730859082
313632408
328836935
4425477201
864440623
4515941302
318076002
2151650037
1209203222
702811730
507704817
143282635
1478261305
2361461698
776332435
4250648661
1025023940
363040402
483574490
313874541
167210712
266111042
563934397
271596446
2694712563
1680384817
1688931222
189648609
120203592
33779598
196785533
436652319
2973768479
571667407
554390725
560237606
2858673439
186446060
538563198
1500696410
3077940850
4461820934
176506881
169827624
221020569
1328600647
262353116
527413928
275010025
2901543626
1069082060
96626822
1066275374
1545993390
353520485
381271417
1267133048
192964531
519597918
4259566156
236375057
1082738599
349597256
1494213054
769932342
570844044
443648741
608388983
164224325
1914811080
4311568335
84706988
234522565
273275338
428185390
227420610
435132774
449111962
837514140
399036949
835285208
1029343069
423644453
3220863760
454172318
559644151
556385656
552256955
573876504
51682502
2543126706
4520149100
625010814
448897441
450948945
364557980
378910338
238074889
864218954
218725836
471910126
148338802
389664070
222599600
3324543612
2983614960
3419170066
4211354380
334690733
86358057
300153747
1710198276
786879085
449048590
204314971
253509569
2240464741
195645854
1591733754
1398452900
133116068
2922424409
788297899
729144582
1086849266
550842234
273128984
4171715595
272920897
636132848
1288208047
474913129
1277038178
2253732276
202334138
3342055095
478534656
275193478
238626511
3369437709
1669382744
274675377
3171526875
2924785089
2499162895
581210816
212784114
585824465
306413758
2971071910
334955607
833173854
301554950
3435913324
536458360
186593096
4599946932
323009963
287916650
2724943965
1040835810
424417735
560173691
3072857777
540894856
506446943
92789174
352640019
403654411
1391479159
511082346
472410112
4412455701
1168755409
3231002511
2943636611
2905628567
4321648709
359453792
543652720
80427796
253907083
1899636247
2411861034
1959227150
332860260
924094104
2772104823
436900322
206729081
826125618
775677840
580812504
624238770
539063868
1869712782
2215418718
4244292820
398044287
403610335
2489981305
366803298
3336973871
634589729
635697311
83370476
572912457
50389166
102643923
136410596
605660650
336878835
457443054
604305582
1000209870
2868947326
138308290
18316517
1019995021
236752415
423133463
38832930
2267741728
1295515699
4351114762
3049577401
951361117
1722725862
144998630
1394087490
740195718
1250300527
419026573
273438437
180854341
400295411
4272720677
903784658
588272683
1290736016
213226737
494262311
4283209633
582072140
792546782
2510454977
250096182
325242136
3362599095
424198720
4190204536
4185328113
2879970406
623662661
19801743
419889674
226806165
94375484
339240993
254767723
232791147
326075700
231714828
427741437
374642581
817009340
1239288709
253785377
3655066515
211270583
3328698856
446982564
621439101
954910284
143549950
310321374
1334800448
392197900
289290857
476296866
1555595504
4294128443
243826107
604721987
218448079
1346536652
245435265
3001392382
498085946
1610305429
132699573
2340858331
2271756532
192559000
557521694
50285493
598613700
2978235279
1191694945
469620805
2575622116
192874985
512020118
323553736
98323929
576568387
227315302
999655814
1009740770
259918956
4375691860
206049612
867519163
1321093190
2595276049
3360854163
2474704668
420442712
1839082639
155226960
2210380027
66357821
267219990
225758263
974653062
2935753292
743931308
371829288
580339376
2421093125
86466835
1121860880
1543500252
720314623
105650282
4385173361
947211415
739250826
561876953
580894632
417744697
127623648
209867027
602111921
17677353
4330425766
276549680
344684287
194323095
4428630873
159855892
2394867733
107887897
2290019203
3084241293
2878071820
2185643134
281729964
971706626
27334279
4122497714
307188942
3919073842
2305121659
552739033
18088623
2191137865
250075717
515835143
2781710499
245850581
1070458195
4416714868
3157769098
72867742
286790633
1206674299
4330091172
559248938
2401917397
2310799355
358772160
741500796
27368258
200147363
4496452900
1011674130
1398260946
1417607395
349714533
4227058564
209456013
4277976621
785360390
408777578
255215821
514113573
2447945918
949486921
208026335
2771567381
148726767
305101102
3491999477
614442677
109516616
4056311711
3292452869
364825134
310033479
584093455
520363473
99998527
400841819
3558380835
434008748
418293878
190196996
185662606
4313826682
751553972
379330523
2744525117
2328665784
588298628
1704218599
604806527
105213986
716454524
1362689724
1160577036
753689102
378526753
355136934
31919735
92771795
417285966
533921925
252041972
460625560
2793347197
517442401
287909481
1319012047
4551446956
624137467
157955893
583658880
988104114
3990280096
527814207
56228707
402229103
149604067
461284670
250016166
1316447630
143127875
3641703083
544641747
27420044
1314821125
91445963
2951467900
4262403263
456758545
319743966
176916561
1398404478
1566886573
1534670196
1385332086
579616015
382630986
1082526182
472951655
4578103392
153464890
1015973498
2160967496
1515527274
235906043
1157655866
1002236180
718578342
497921155
239746813
2438535323
3425786710
377219593
256086065
247080180
527469411
350250314
2548576123
427105577
59548369
228224544
276565469
240565267
1254442556
2342039216
1799414274
560214592
266366410
756886436
1279858411
1357985030
263813320
1233593191
478811580
734736889
293942316
758964745
1191072380
408846985
49001874
249680866
348777636
528903106
912851816
14976555
148513974
116465568
47590434
243374744
2488658598
429074757
1392068274
102125559
310346859
2719771684
498388431
342115939
318400205
253233698
320224632
48287605
247021316
633592795
51525830
409945760
1281023112
186638803
2592449989
442082690
226708333
388540681
839871420
1123508136
388163300
447152115
393696459
451869353
2884897609
18503321
1853928618
1187822108
1365095089
480234858
565370167
2861215882
443810991
1376923944
2650052284
185772057
208111515
590146586
476798959
2880430112
366677322
1056299640
1125376837
232540856
2945120567
3372654388
3288702652
1439969606
4486147821
156681213
4539762868
263661237
2940867033
1000567561
195191548
885415212
3319479785
393881200
721582412
962617356
581908647
74971672
482967998
2588967266
430844559
48352356
416443096
386012245
444938317
450634041
1031696784
59862815
319609515
2924908421
747021942
2676543594
349150880
1350308437
956165108
712370546
246808869
54846897
2826980273
4599217096
1241783160
338341024
4596295407
244271746
1855405369
313385501
2967725399
269512463
314477780
362554400
424209619
4606755194
1357854816
557861965
510956872
155305917
196646848
4471264600
1087315088
74163977
331900088
100704097
392991447
1616980303
3253025387
2356405089
102649819
2871874637
2921670003
3313569040
2712425237
778925798
628735209
144607172
1109471647
958868947
811807710
281673756
2448949872
1027261838
588659672
389628888
298202495
582190487
410202835
197276265
311733749
953404261
258440425
494508564
327196374
2398286575
1191149083
420438520
2229369316
83788688
163606584
2291911151
1228091676
2893246978
220389403
4372078048
310236073
2758874036
454269238
397400171
901758782
375886825
2645329436
200198618
1121050170
1354111434
1731684632
2887953221
475139116
3059406642
3863329061
841799737
157355886
2417138100
893339239
126336264
1296377173
2970553949
317684130
364175542
849379644
590234336
514634352
901434926
2166959713
937743806
1409281950
877519603
337789161
292428197
833945450
370656174
2274186926
961269372
4103299480
214942942
341291286
151067979
4549603042
3057497440
186583676
299526665
4472367215
521589178
3724833799
347215315
742265292
245058036
246509777
492417943
309997181
416186966
387380474
89695562
483028935
47152537
3037449694
3437161751
291936051
58432189
4426356682
221733658
3093078473
520364870
454067716
4586253854
2215650972
403618762
561207888
624072049
2761379809
39519638
797659106
2525946407
2222091298
1860480331
1555416758
1362448849
51499742
270947236
203823846
827091506
569830029
1369213784
124428790
504924664
220673149
249534838
2831858591
43021612
365542482
784422823
233992673
545059238
491200147
309662093
135288726
1463452782
569041126
2485625502
1115312676
320200761
352597635
575869129
592511540
598148060
145177580
244231164
385088792
1372866684
37877525
56260950
1526420706
200129896
127424948
767851728
943362295
334085146
851281436
711828601
167583222
823898840
1315117165
723971010
2768801813
1283454138
426862492
3089596270
998871847
3438902385
1908410534
2259595413
217783267
388041980
471005540
351564341
4396217967
3032819177
504976786
621624924
299838300
189898763
3289083601
467318469
228490902
401783058
2874157283
293121796
184793133
337090995
2915629099
3720922402
1003789586
897400584
195083239
2416233628
4320595881
447627534
91061071
1067115522
417366496
585671109
4341586426
151495260
3447887656
598637091
318094384
885531806
580755316
375542559
76346204
262807665
21792707
379085638
461014464
733521895
1022611760
1169485693
3290190969
431108877
489421291
903545808
448995426
264067477
134507753
740391097
1285860890
4587571514
871584222
244128644
3526340176
213342076
403322120
488505696
1276169634
248559452
1090524871
1905134383
3048312323
1589863939
984695293
2274742610
207244194
285657485
1186342056
265923609
60378393
559244566
2983272915
238315204
2749209356
226724188
381578087
4513438335
2258171395
2710410727
56504370
531471279
202700452
469126979
940111801
24998434
1255584811
285877142
120462449
4134250875
2775697629
138457509
397819730
432443629
3568953796
816425394
606485901
3381125374
3064993697
277411127
132160501
1904697493
196994748
95181743
152629971
91791260
936996180
2560850644
318383874
169590332
554704694
968475198
974420605
2578141359
489664369
557085008
607555684
406563508
323299976
716628012
464748151
3368407906
2989217488
991343977
572016099
476714370
329169550
44784980
2259680521
2390319380
341519966
551984176
1372664384
1517631109
4602679703
1552210200
427508779
362043128
4558343131
2328461372
2911647615
318512821
3300582484
2872999576
1208944621
267778519
434136676
75355637
294216677
2572172747
354006927
1163240864
1553140364
3295438976
82768863
24227616
508081120
299941370
250119037
4009216996
422124895
233765548
599945137
272408531
142232495
2342127152
4257289473
268723147
2585014420
1975902469
124207305
946606465
110233170
469725701
419733124
66368759
4298060866
240387979
1452020713
704102383
130959460
302792293
1373970253
45816639
1457041771
1351493892
3360408454
201996078
629734778
352535445
1482149731
2223920817
241942717
194496439
14786745
307487002
3321589457
399192707
838744633
984241224
318650759
799027591
3225643906
865513681
1062604938
363297529
300248737
275087481
1244667594
3023250677
976509782
202790038
1538030983
111377889
3403660121
209440300
128175798
1872502819
430388958
630745533
321019599
709827555
183048817
2210163810
2756249839
436844241
3078937137
1026249188
347340038
792806766
532208330
352960385
230519076
3978614477
202911300
489641240
1089577562
3097827538
529370081
495995625
92791571
219309355
175262511
16614616
317615896
196730367
133610458
123395515
253231292
33762344
2387727571
915449136
281752514
1090124281
483050998
1284968683
209909448
518556789
2756741625
871281613
619749302
240393585
394758767
107160942
1264970059
4201978990
181222261
251832400
101791449
110409957
806687490
1703548242
260115031
265054782
868472335
432270774
2685619549
4558978468
1260047046
48950534
2616290108
1289546544
2530861314
311685449
4453401382
603751913
2425375541
971284124
123647859
366485930
593890183
631171408
541293960
192367614
1335048553
387251235
182941764
591702040
581143201
354279335
2164773661
1601733978
467560291
109566029
423535643
474022368
2421402776
371514050
4017978437
521103272
3291069061
971921486
404957571
249366108
4149932565
237920679
1266475196
93550071
368296781
618897777
1078764632
4491317236
104325942
825798914
194520724
484558370
1013592919
4448041163
1247224934
468151993
2894570683
1662424303
4553790923
458856335
370266656
1150479775
3300405551
391212739
3045078292
523916544
396217894
1399072974
3096564993
761594930
585801996
622756443
407756496
4487998393
400859961
4581827914
4488946659
405163503
392627646
3333427810
899698136
2325373808
3137845057
3331332539
1108044000
2882338089
493970163
80547844
143815145
3422037759
99975780
123864459
442891905
478104910
123622975
436551779
239912383
4331147325
606492378
4519085296
1354202988
3044665306
854783611
898118784
2652887202
271637154
1059039919
1190324748
2333605549
630626469
246580392
3020075807
186962830
149991574
238654675
196599758
3864720617
3172373970
298503427
465923025
931954464
2725006593
745720484
462348824
212665896
171590648
217470274
249049922
176812412
303953149
992252408
935276822
4506421935
749926076
424130659
739428774
862278182
90037681
308630908
359554268
2331787287
406594336
972672098
282584023
2166780212
1109837616
165784319
430977757
68502520
430475004
2253750157
1642850780
261684409
732297548
1096046970
582827923
4212055241
226534588
600030635
294009497
305721926
431537701
798903482
452063155
1387339988
24419031
327324508
947970320
317825958
2975717825
460401453
2452776409
473334357
105901369
2575693705
4546704857
4377434309
558946667
1017442345
510784315
1044039710
285806284
423855886
1596593744
454064741
4417738455
2193517209
935376812
789715375
1066904238
623882877
462352503
474472630
1657786296
1089971504
196692525
473708909
3088611607
489119538
583710552
49904764
3297446771
281258244
2743166652
544366442
614663697
1622528520
371590466
140013233
578293706
2277469904
72607641
129188644
1136714646
3050395899
637126346
3295386483
2766092622
4592667202
272415414
355884912
490596101
3160126584
835362392
208860641
231032981
137078991
2645614099
819022645
4090007325
321603878
966991710
2952847103
376431998
2503210400
70845908
4579840707
560661724
2150305485
802046617
61474794
1297232412
64228338
511174876
4157191337
301687358
270932229
198003836
67367575
366565641
4460820677
190680240
1900865826
1356500034
426155129
422766566
255758659
377040366
178383217
314604098
140731123
157609982
400437196
136357353
34303217
377433319
90456281
145426271
2203253559
3820796117
167198534
429944319
1158035402
141712683
1009271269
624003931
590381279
887471648
2591070642
1026216330
127184942
468272826
624749760
62491749
87416260
521559187
61713666
2423189047
93622502
233963337
1618304857
999662808
620907639
4352611533
561937135
475628989
62367976
1105371038
4589210182
4494402809
2317762326
2748442478
2407885056
3741577529
4111539613
1040058019
3243416296
451522598
3244780216
1351559310
320800859
2574440676
2891293457
222796286
386093643
81975634
1543146314
2394540912
4161059362
1218285295
2934922507
753821815
1195290170
53287535
256084548
282960586
321512316
2917440981
1440676286
1546668474
4513880800
580870102
259971334
417338475
253510593
3513799093
947284922
1963238569
786758413
211360869
256166576
1340117282
4058706312
371702596
4595739073
235239338
487439251
1030603610
3930323662
390931926
2179370138
2435179501
2277868688
2718033760
396538093
4576317075
74796664
425022477
2894901814
2348303148
471583260
1970957232
318601607
4463009440
2901682667
919936694
132537708
154316600
2447375569
348631996
597258364
1047460854
411651588
319407331
407543420
842048515
224494788
821762208
398059088
2582587856
46968138
1863294841
2536458895
94292571
3762318557
445035057
252082624
3245434648
479660724
4342586483
4432637233
1485492996
242823261
1621869415
1079257848
1314421010
1882041678
95684013
791495196
1289831660
1231578738
593637883
499926992
3794174008
295483696
1138052287
171434370
3230069597
528632308
346489245
1381373545
438681672
555338211
4286560468
2932071917
4525556962
225834652
1595414328
154308726
280845877
855397302
3243351658
4505491349
3787877475
4503911663
136334835
710288922
2548581625
715213162
528738995
416395131
210483277
4270361236
585094424
817936194
340916398
4352149221
2154132677
4287413073
3044982923
893101424
105852777
4348995076
966798662
286975463
2721650286
214822421
2748295973
374388328
338956279
2733531929
3238966002
178785957
505068982
755243947
835276070
109875417
258247505
558929890
2652143143
248803078
609421971
922807352
582329634
574728485
329544749
2345509585
1047927504
3345069231
435138468
2398588998
2274243168
3184460136
1015896702
791896958
342567929
414259677
4332362116
1587978337
208024112
128060503
554995864
519770283
1341862099
960267762
968805241
408870566
1250827855
294742909
2604298543
100574027
4641004987
3094106185
2794823269
4384023411
844817366
154341603
629652556
4347336440
599311890
252915305
474798043
2500639392
213410407
258939681
493143435
177544385
1426590800
4498022183
221465289
71369854
1454008880
1976076630
400718106
2674957397
142248218
91349195
306912606
900839208
3438514463
2570823288
250212735
355480696
137025469
259713776
467379527
251253911
4219780449
4458711854
3312966827
619885123
1254796927
