22148079
725717623657234432
723585092254191616
701817226693718016
40637908
2353463048
701665260147593216
704364759626330112
4446911542
3682506738
4921295044
130755473
544118748
129351882
4778020058
4757329525
189438767
422267519
4696514532
4647149412
4503505513
3023037872
49906992
313753991
2856968166
1695676026
4475861472
769126219
137656151
359737946
307502514
133438604
3105442115
4349618663
80117412
2870396971
3391294452
3341994254
3833765660
3827911634
3814120578
3751213099
3738324026
3722590404
3722371274
3676478052
3651816317
3510963918
3357934332
2722907858
3264305712
3258507500
3258057306
3248389454
3245915112
1051871672
3233445523
253994012
103839036
3185086908
3183609709
331483317
3181462795
1688782958
3157035217
3156670508
3142482410
75745945
3109724742
184474510
3095438192
3091423008
3073220329
3049203446
3001565736
583136021
2982332871
2971257950
2957979122
2451321378
2939450540
2931295674
2927739751
2923807261
2920561226
2901817437
1210188499
293970413
2889259640
789356706
2871084804
84873613
784897290
2789611239
2853378458
2852499536
2829420254
584433289
2812522345
131461610
2594733066
2747373584
2483435353
68424177
137624341
2387194337
2462778343
466232169
439064694
2375200987
166064952
83809552
1913734027
86237627
198230963
1567985534
1379175414
1012652544
183946653
1215724328
270514835
1190121944
77487075
55209468
392679124
184862450
6635152
166190922
134057936
113230690
106075415
105153023
104131199
19253237
84043162
83850807
55156039
27606899
51745498
30916100
32609005
47041411
46316076
15870923
45752647
