39328908
705255253197910016
3015548471
15108801
2199524000
2154475518
714192332577501185
4145449946
705100897555185664
724477610655272960
589118341
28580913
2903843159
613288371
2823589099
1345320968
33906521
3308073874
35476723
1250691337
316539582
1013078377
192749697
3251724617
4641789446
706735597877116928
711896460850282498
107523645
21052850
218887142
700406537819418624
4412122152
446506935
1964282761
145600904
269379159
4710348917
4532178749
3017905708
4491437592
4924371526
3043258660
1964256980
42034114
3020534565
3377235892
2865681305
259666947
852361434
2717277082
4031386445
30221862
1933042237
437650573
130079738
87403396
218847307
1008059347
14645160
1516833985
76966092
47030292
3024491309
538564952
3991452136
570281457
4612453529
595473415
718762070
2863407432
278947272
1214852665
2765459437
4269714794
449515907
33431049
2325351036
2477521214
4395759443
3287888443
174617940
4016332273
39770849
3036455649
3301619366
316191601
153160988
3026604299
1117177148
46792844
2311357274
24436600
3071908930
29789545
42465797
81019673
4157471301
4266124241
4263366447
4363138934
2913058284
3031836255
23935538
2381476016
2665593223
2841326331
3629743634
1715105173
3170253906
3221693515
5548212
3863752873
3363034691
402070746
2678090893
294207022
3403518634
4024846213
196415460
3100903058
3072268903
4051826355
4037618177
931560564
3414516687
12975572
2595599688
108192135
3389134263
3998447295
3580609157
3675408974
3386956007
3072233629
3133633698
2833026068
1194863629
3323773245
1961218116
2425694990
3307238620
1665807648
1611000890
262749118
30767290
3758170289
302731548
42300159
2377179667
88837987
4131910288
2396354906
316165142
23978832
3068885323
3933799335
34011008
2429806784
3711752182
91942071
2395268660
3757787895
179211372
44150150
728250140
985186471
2862728909
2894952171
2908100457
2235577028
2892515153
2936225242
3004829255
200583835
3107949071
3131361046
3091345535
2793018356
35767916
2970628554
2980960895
2394694183
3309086329
264831110
160839944
338941357
3308473913
4043507053
2497402308
35023815
2392793436
4047249072
2450893848
350186157
3225578360
446204862
3021404016
2940103081
1676327754
2884912787
800271565
36753533
3511541834
3963221235
196715160
3628136293
3858246922
3978106167
3783890307
582667556
24415700
15884232
40486747
93307107
3219736970
3293095195
40933275
1116884995
1004821596
3304735397
3227688771
155025150
3314732959
4066446323
2573590968
233483807
212005766
3063418949
3133814108
4056910095
4061274973
171039387
570266167
62554155
617595203
550422544
3383275180
1104111013
3189550970
276372616
3809614093
