3114133972
4088517076
23959776
4500409695
58559649
4723581259
43570256
4635165732
27453762
809904042
710050197561352192
14560373
2821283781
718035122021384192
25537232
253207647
540191100
723931638929846272
1916363274
1543941277
1648700838
1536566076
14256449
168314165
2305566168
713373507430666242
252689363
172768971
4765249692
1486567766
324995747
18251105
632388280
4466581
723280017556398084
2814963707
202301799
705886796
18460854
31552423
19948499
259613476
191033726
15830958
26391721
62881043
2379152083
718842975627931651
2656738956
1870053926
32947008
361468994
3249634939
30414789
318898025
713817417676234752
721067762664255488
705528024255442945
248868797
2598801918
37391190
3394229943
16192261
14810783
721539606722641922
1536571704
708695776831086592
21448060
722454991739478016
3130073651
717073109543727104
43192340
1191901488
443885914
4385550995
131609638
2670892573
436475013
170404126
534465693
119377449
1242341479
16126416
488397340
697372826156863488
20482678
130866926
620408446
1375860338
709858428462694401
309676673
701886827846832129
495242542
419648971
2861272265
41281473
25127634
76689333
722351263048982528
3600222856
14348345
30249176
16261638
11669722
280501352
46996676
315083853
1358616876
1549705375
29868985
3307254529
520879578
24271399
700459788916883457
14870804
2205388728
2396324803
32517594
720656693714096128
718571839845437440
3854038335
29273904
18478886
20819652
433935266
430727193
20371802
19929828
11092742
15676278
2997491528
50712650
1640448739
3725701
456105047
601196758
14690813
33702998
3326902801
705460460720660480
22258945
2424305544
110594295
2848182893
713381653574508544
17643369
720725077302620160
4903096274
629558842
3352251133
139056911
762553158
4257763159
268953614
157910872
118934833
718843517175533568
259915295
931147914
161081191
2249838878
4754585577
708862030363566082
164716160
281374774
24958945
15747743
1468115904
4876727322
2838248122
2458137505
494840190
2682694434
274429543
1595675316
2307419720
431104898
2777754274
204654086
515908116
600075716
2596520868
2254118916
98782037
69773983
3309610709
22216521
705574492844589056
488171115
4895985635
129493385
4893268714
709391126763966464
707412683109343232
4233879868
717925964790034432
707197658239209472
859939580
111345440
18239795
120962152
2903128459
39536941
2654806152
281203528
713657388180570113
3115149137
4888265948
20660609
3401610543
3073710994
20422657
4316507773
21432029
2896702848
710899696500236288
3396963323
1246713732
708364857301725185
3225234441
4858041287
276960597
2731675169
336623662
2383498635
707603917488705536
708744710605639680
4876688469
704031965280935936
1650538020
6869732
708719450460176384
4890040222
964399585
2364629384
244070445
704882007260528640
3056331955
711395901609127936
707350629132402688
716797316338950148
710196775907422209
704815680378544128
598929930
13375112
700694239101857792
3279175471
2919131838
18403847
2198891972
4102006877
3057102561
3036031456
4813310838
470685780
3066998664
702550044705222656
4118492358
3420920369
3302820825
3366296171
3299658112
28149588
2554716553
40765245
701167870718431233
2336706994
709776187615223808
3072257107
85405175
2233337731
3234195380
3590541375
2278353632
702821000552038400
2420543527
4783928095
3437459054
846837289
3248059677
2893751387
3948020953
736223888
4221102633
233704078
3353600783
701210752158273536
4496058148
1379610744
2683935116
3028685259
3311821726
4813798483
2868206727
3002596352
3519472632
3912978561
2362232605
703604373016936448
2794135052
1081099705
1951473206
575469891
3154341782
485979243
3471156023
40963080
9201982
1871178668
1353036763
291426842
488525361
272082507
1359957289
331196606
23045558
51086809
3434721310
4108162715
49481301
1486159278
512347628
896580876
28264562
56185636
3690755006
1154688066
3250032684
508996464
2186219078
2398008150
97513774
30072071
1554824533
1531636369
1519870388
4880788205
65688891
2194203456
54676504
335006752
266013989
17052250
28547974
27279975
603392450
702588128
74778098
617259829
23530717
276920786
570255145
89342305
393356453
41334479
465227268
403827539
47560353
46476526
4008635290
218337260
711367399
3581410168
4099582694
4106359214
3966564618
2915725929
3349697058
3793248623
707361351841226752
3690337278
55021794
50582574
3223949819
214345224
2799607765
70475346
3905690652
3386977677
3905779940
3412920663
3575500634
3699618267
3886002382
2398538804
3437940707
3512537176
3712314377
3581428457
3893223215
2902313304
3904592180
492258734
36125098
1559985972
2287715045
19287942
2952296785
3311095040
2357280020
2858137946
4876478674
2514493207
2946583691
3319531649
230633255
3337098611
4911746953
2396443404
4350847995
2796473751
21122065
290249034
4222893197
2613944262
3390747035
3411778633
253047492
3390792316
61517781
3394665313
787241814
18247087
4730127670
701400413304709120
1012322880
213501214
788342930
3328559857
570006223
4820225080
3225100755
1935716222
3321714401
418211666
3292030203
1003736526
3360951089
3262714393
299385432
3367640254
3153030292
17506774
3352209617
3341674274
3342730474
39911883
3255175363
2928365527
4446308981
3299331796
3304004929
3306535600
3192750472
3309719231
2573620752
1857633319
2956055760
2986756450
2833310511
3887212094
3303925890
3312812984
3307074629
3310563069
3071799415
3092619282
3272373332
3241740251
3234667777
3226699730
3328536067
3242303481
2675957359
3252759620
4903957718
3293279498
3276885486
1239977432
3160398038
3233617423
2904292802
3166426636
291859435
3228241749
3255626028
3143166128
3241375902
28022257
2984315373
1494845682
14689894
2936208109
3020909466
3187674324
635688985
3038305377
2904434885
3027256561
3038433103
2899992724
3015502625
3193856672
3194373422
281874702
2478867968
3259318724
2916559859
3062663707
3097888264
3260517430
412379846
3184410926
2938013986
3103796427
2937336541
3114533462
2914136985
3012697149
4820966632
3243898105
2901980352
4894026672
4890190355
2839924631
2839671657
2319194739
607196867
2391815167
2177577743
1943721805
3360347423
2340861157
2824585218
2582543506
341861552
2820675258
2289783168
2824360602
2292531990
2516124930
2284367131
2831785538
2830789950
2816533323
614130005
2356808953
1015667804
2413990404
620533
57373540
1868277332
1276567154
1551723853
2640533061
1406531311
1662708738
2888942986
2228611131
2786730595
1946746616
2163909969
943518991
980608710
1876883209
2423670138
1732849346
2888507784
327170083
2886302875
2167780788
2766634147
1418662136
1357976521
1928516036
2202427232
3124349538
1648443276
2755209415
1900812589
2787258940
2721095793
2439874768
1849226096
4217378939
4866760593
760188223
620921057
594054036
2934731867
143411806
4858958646
1603564927
60349138
615264853
1216507230
584407103
705019796
15039436
1646616271
578130374
901709624
887202210
771464304
1202138436
1531052084
1225074468
1215874082
615293559
890408863
1638929774
816488743
1522614612
1630543472
1572197269
559433003
709762643
64822954
2375645934
421068885
33373093
309316104
1851923676
458030641
430434865
82700719
264440033
283093810
4826439433
4259195194
277536708
117828727
19274637
1269318320
27306396
239262710
234765931
278372684
299357543
375694046
362499494
578985992
309295250
307353602
254486987
13832882
294157475
36755191
337746520
228462983
320032090
243156517
252543053
919818374
110363115
58932450
2420918634
4685071447
129111581
150935310
187503400
389297073
27494240
154786914
1699140938
4452406101
196042594
4519564756
4818630226
225192390
117479471
55121922
217950186
103458349
455756240
4261634115
47384889
174335051
29975960
61569000
2340382286
3098561263
27374820
4826228104
378737569
172307522
2549658073
4636568902
2792438832
70985856
172913542
223419787
39810281
345738863
178868840
122045393
220446802
190647257
190279655
192576405
166572014
252921976
216958671
56292408
245164674
248605681
248896092
81097500
40482230
246921779
36969951
129825092
118929461
40455142
115689360
271261645
349274681
20620531
1127367420
83474462
97261336
74776478
74547938
23370571
68253868
39661496
13426662
58263126
4779280043
110525198
102935933
91324121
69406802
77932675
97303210
39709597
101399012
106373587
67144062
3040714439
1077644101
14933781
17783611
3589283533
1607159594
249022028
32258236
100969905
4405428732
30281123
21993564
41559225
22391662
158755697
173122580
272986801
144221600
150055237
166371277
20074976
210100911
31815657
41765253
24845371
16105939
19290654
24031123
33371149
21141688
22481482
21675241
15246286
47098572
17802553
33324789
27337770
18635065
31712631
52156100
4697401783
12074392
4335351
14193093
111743
172526954
239979040
275861599
1327741579
317172279
1921114884
202434433
4223947039
224836884
99065298
621464045
199268523
189700598
137092724
239576675
179118739
133327870
84259947
128532211
108086446
102833978
509120455
113602644
114497980
2993486251
80119196
25533508
4604893813
2981362534
2273305118
3226336393
591226553
42300159
38778822
1685881819
388205040
25319791
14877167
41464883
821135460
4428713195
4103542167
4497525269
464857068
366812553
2596974780
4498377919
45391422
40226602
3395399572
200760446
3311922212
853668180
18806575
56397886
36769461
17351674
2743673996
3427639090
17937909
23350990
1537881823
344831073
122625245
3773362288
211213112
3018102469
35657282
2231818460
2412406063
48651569
2468069323
1946673726
31139756
133128555
4397934292
26018726
19261284
3299299935
3073289823
19574047
3456533002
18335849
269513390
3090387975
2907304066
1191621930
44655067
3041649421
4442300592
41074717
3546555618
40914030
43207185
2170783556
47202256
555233647
4341648454
337907841
110808343
24541599
2872661847
3017783983
366299480
4012032592
2401380768
255671708
40533705
551594389
31887675
29614859
216967420
26866209
4294382729
28433478
3153033371
261252118
22150200
359464622
29042794
4033012035
24727865
3115718101
4287387972
490382157
17627305
18548136
26079533
17264826
2958384779
20567743
17342880
20097628
18276009
20199590
153420249
26427831
55207986
2837223479
4255258169
16942907
3317081748
1906594148
1077087198
4317292278
7494942
20531376
23200135
1550866160
73986605
33810128
23277851
3688874062
3407172082
17903183
21002166
19401383
16879661
37272767
32242383
23055566
19201426
18214891
14785887
4208288129
19850906
16424762
27046044
23101455
277704684
16580053
16574491
422747503
458201679
3911997312
4259313259
1107546272
19342190
3660228794
14269982
14081681
17010913
1943403672
90582230
3307189004
171785957
224345727
997529155
14580046
16429672
578202079
1929008383
3319311656
162395701
2780023884
4186017843
115637932
1585902536
436997012
1563468739
563274866
589787909
4165145781
1296731372
532779124
436517322
233632357
169221926
211107818
4155568589
3900242123
286247277
3405529469
3272538375
139485648
2868815223
239189992
79888432
156990111
24668344
277518236
26576655
310423194
74639644
300200860
318541567
178527524
51394208
304365776
249704264
65167510
2958410730
561992213
137735281
187047852
3959724013
211810106
3288208454
141322950
3771923129
4097788133
1172831232
2749927406
3410998885
3922168815
604419466
59378275
4077697222
3558958998
38243896
14449681
149704799
3024493076
3675862034
22835456
3389555236
2816797930
3740798482
85860280
24302700
3342829492
3897891492
2358172304
3503274622
84057908
20465326
18690909
2163064513
20874877
3103983038
3147246544
580854383
2361477985
3300815185
3290354376
2790291620
21246227
2711039001
2527895574
3805339212
214668754
2512855513
2451694110
2456453786
1451384306
3058118508
3328926194
3320679570
20048706
2696726760
3850134500
3083493439
3259128978
3863077161
2170755031
2350045262
3134706301
2155397520
2224919274
2220416131
3311775542
2966307915
216362696
302648874
16914122
357221279
256109978
3279519842
431477447
368662327
998273186
25650538
193641010
1104038689
2723702615
533882439
581535437
797499746
635005084
522296142
999535140
370175852
55143572
14254065
3317351946
519846142
342896431
404564569
334471409
466958405
413310340
504766853
602984614
44717106
38352503
216115775
107697554
240226460
32933628
1342393206
269948102
203874361
289708622
274447695
103566417
178038651
178688607
123799298
24134009
3166029703
68753753
85282123
91737570
80013339
100834467
8273062
17851561
3890989757
3070611050
37797367
17555015
2848333232
18828429
21660985
15641180
27103529
47880944
2290612849
92777444
34623988
18689663
252260792
1905131724
45113003
578797201
2792485118
2696608866
15202252
532463307
427573632
118686706
531744327
133920275
3280392472
2744005623
3500089032
54954746
616066580
3578163016
74461252
16727505
1920433284
264366845
2799027009
202813872
15290803
359346445
21347617
497782703
184639523
3373754782
49020580
3319672591
24089562
1325326728
2147828821
29248066
599551521
3403122617
139675290
28895575
147518360
554844483
2801232924
2975200754
12464312
2227403576
38479607
67606372
3303020196
2750615800
142599411
3394320568
16172577
16300841
256641040
2447971867
68465417
3291150246
31464418
3287865488
30093396
117513054
2915212603
18855892
33444566
414302666
1891409898
51556803
327977281
2241126942
17137013
126699645
3377376005
84390559
17596826
16291639
130274363
119427066
3273856682
3216593392
735032683
1498689018
528159250
210290073
35360902
15678918
3298054397
43254906
879129176
1071701538
3250026878
1388895348
286309576
1851535981
2181463766
2734401527
275667200
304087150
620465517
15090888
57291085
207997186
1205554615
234771920
312181834
19220060
3240298927
1362107238
1455659052
384779649
3000958967
15078655
386526515
148339405
26741979
20550809
47754870
14946397
82073658
1668903854
14618277
1581105356
609667827
3192261318
3065341602
592478834
948145344
15174373
2465117191
1311129864
24701997
18848687
1877592553
2950768312
36206471
2951550864
22514872
401103629
574711627
104037789
853150952
19090219
38893331
201684103
967459314
54595357
3149520854
3003890810
2394364662
422739172
218323966
3142743840
3006471027
820505634
239446644
38958910
159671793
23333649
73686689
121755375
2384229608
3121982215
423131853
314411289
2200199941
3109443547
3090091610
24551605
72324154
3108896170
25462389
3090328933
460756660
3102142853
2873654467
258613874
718096863
1180935283
1912936262
220261362
32586353
323485801
22261641
104997163
376306134
3029615871
1337341945
236986649
249142928
878588466
334645334
1267992061
1614488186
2600982205
152053850
1154859271
2746244549
1398692076
183143136
239965839
2953541926
508131338
17357101
2908521788
17308772
227318549
272603480
1090866056
145666021
900068124
18083940
2813218008
13636482
963240954
2356775839
104317865
2163149096
459554650
2566027578
2464409912
3014611498
49026202
244562209
2993970927
224372148
58816172
16428378
1705291788
735760928
24050109
47668178
2242572240
528082960
380931679
505264203
163023740
117882783
2984939884
2401885358
2982859059
226823355
155310595
321555494
2162761443
63742752
31461853
14234493
249908876
150787621
394171681
2375378733
2944839748
52063539
21138291
30575491
2955026087
909199116
396060730
2947842499
36549144
16793865
2664367348
138618531
2283251676
2419195512
102757421
568753120
2943074603
1409411858
91534739
462921515
2854656204
209056262
245380515
253950036
354712312
2453791765
15838764
90422075
2914026263
44603329
188784529
2653744644
432078723
172431591
18008409
105325805
2819102578
366232931
1615360375
308095970
2821645031
599418173
2830119779
393813932
2661612570
2895165470
2489175218
2489153952
2489160685
2489125224
1962082254
848092742
404253378
1358277500
861983414
17929114
2452236686
478209219
1369606141
250718146
1473877963
153275481
2820113915
2528081528
2303990461
51906733
2249441437
2836151468
1641413623
2713532150
35395687
1618706707
17711797
392035054
322154302
2729635005
271550324
359762723
16177427
415602346
89271400
224410857
2377706491
2804537292
282381651
190683172
2718180690
1486881049
2729510458
2579385295
2760376444
2802081248
2401697702
2777578069
978628982
300878504
739423296
16677120
582168787
224437216
2445452624
262309544
2761241802
20951143
17049198
2737590531
39791829
71634852
701202822
204974634
2724574789
2656488512
17503360
155695770
449949763
491383739
73117116
127979756
243923675
14539489
472592404
55380513
34953168
2674234909
47368139
196281219
2714854479
456793885
30405504
813855793
16418946
2604077755
2168652032
15057327
17123045
910490102
192122715
386137171
358156015
136761735
1364487541
29598281
34077370
2623964092
2564258690
330794954
2391370068
18176040
386763227
1488268560
2498180047
2509161003
80184762
2390258726
29497172
104996292
855201792
96716908
545236531
2355518137
2212467777
826087046
34485812
260395276
2442687338
102772144
93175230
2423263155
276327241
511198781
424396517
40286987
14069586
513788949
2357418649
267744566
135969828
851647092
349296993
370418079
2418226165
52149883
2414986339
2413606843
603970101
532442951
2402528892
2374228536
79055346
17602355
1964436948
2382612511
2382405049
1323575078
337974826
2374488703
42691641
950378090
1694318424
141353334
90963798
1951935116
163504400
2355006056
2218334634
10613112
2351570388
1439827410
61063108
27159837
15386506
971472463
1969425469
2316395196
172974707
498872107
1513154977
392931966
2288961523
519341841
2300688596
285545305
1559617518
41346333
106729225
126077997
2165567665
1923353658
348497483
580219082
30559278
2293426933
2292081420
38274165
2291463252
1119751356
2253782720
305721193
803815220
133061169
971532554
600441928
357318514
301609470
492517836
2215593397
26391723
66488442
35273279
21670055
2253936378
286963004
15926724
472315039
1356697346
2228172164
38232384
2230442514
41431102
463078956
14632278
1180949084
501137931
201578347
971551477
524939106
119769755
262323150
353990826
577810815
412813168
36870995
19980527
385982016
226821422
1094037337
210135609
410721232
2176970891
295950483
144675151
2173200709
313219470
483541070
46002458
17077835
35312144
236553073
22060528
95091507
755132310
28392815
2154763217
75612668
30354828
227166308
1122215167
126979461
557606083
1078310990
217358752
167095789
183025395
90898404
276834682
971524057
1954760989
390186368
1949449032
1945443482
1788379388
41132891
278148708
1937919283
1033812140
334922222
850331743
88516924
1916070822
19365652
1912512542
1390165782
54355926
1853403774
92151956
54660754
1631551531
1737023376
499127806
711030151
24390945
38427383
42330033
944943151
1621693411
272968066
129242856
1122901783
39140799
378989032
849779251
14115587
329856483
422282342
16651436
15841258
58714633
1671308767
1656560324
26002191
14362746
1648111430
1011727734
15777852
1638236994
60666160
1603587960
40802311
972430808
944814229
256136019
1571876862
40705345
18179908
16701788
987634694
948371798
1563602870
479648607
38306915
175616849
1544194898
56222991
917590446
1515659833
34091610
78428148
266778016
459675875
759091574
81865780
50200155
58230408
1461068965
107460026
455492037
1413892290
117499879
82126903
1284364279
1397646144
318229164
27273160
26738433
207149610
1215971983
21946863
1411041242
80194204
859957969
795219510
1261876122
585703247
1196702509
24775490
1359794809
12506632
1355288780
1343600928
25535846
16580490
139483624
370040783
1344749240
249001826
307058679
19732969
25162358
560790216
726452322
1218647882
250229108
16029049
17245284
790123177
1262314735
144562118
373648119
343832834
475364502
326998395
1201848121
1180286798
1167704220
1179569857
18041717
92607415
175111389
107780633
33753366
76675113
568000513
1116349849
1148158519
33990641
1114146168
800716405
141312906
1136067840
190365391
884844145
18883106
281711738
1117125019
415808201
1009136299
95809796
542346720
509179087
33148595
1093128498
468920743
74190805
1097181661
381412956
1056315715
61058776
461367787
50402555
1067133535
216747029
995492300
29736012
49481562
449038901
1037260566
287146089
71407677
883010905
1017724458
1011133754
797390360
411913187
15073237
570390045
543647242
110775943
948690205
70786700
27022403
950543598
219363121
25294886
861738091
119351681
622600917
883799587
240836834
161814734
259997145
27084825
972159740
465945503
478615786
952360874
436684473
802915580
561612281
501458595
59527583
15331890
144363264
96043471
95746929
547688098
360913793
44578134
222912713
17272416
18066720
47106882
152477718
73404030
733764384
464235060
488646198
787171062
44285581
776421199
243255741
67390332
529538396
583359929
69374297
18486754
547366362
635486432
459542027
298291281
454936292
736928827
344594026
729691412
25634045
731053003
60974634
391731280
570500391
19503859
62318708
320498669
21594405
546359010
314463874
370237824
429922358
16522482
142066616
562311118
18940201
393459125
25668317
79092514
49768232
426315098
598066980
46888620
123943056
52215481
67005470
514501344
29238171
25325712
100521093
144573175
191052439
30165792
16014035
267335180
339712067
581058170
413326749
16490016
80346481
517799788
31254104
14208310
28156034
62714207
209696219
314776333
374018121
546201394
255738052
204044957
474793856
458400101
20195689
36274414
22011230
17480533
19658782
17068353
31301038
59179220
550254594
17739723
21507883
15989069
65577676
278808590
19478383
59298915
456075792
301702844
250954153
303513943
57166036
93714741
115997064
286725188
110906064
32865010
29584963
15310158
72951132
533662456
274593329
170498683
29907891
404953809
518822938
243350465
411332292
520957545
17381290
485903044
177945000
193300481
475589065
89081091
361339174
150352000
344358013
27431846
15732121
5916122
82864539
494788180
291702563
48257467
157406004
22309961
126414610
480493048
435310079
470843720
11673662
146395819
501925334
44557177
366734991
19497678
461654936
106323404
376955532
436885070
198328490
436886644
466318440
316696403
169353845
470892590
36198290
17823505
16388972
85384707
468578916
386070282
22314943
296372804
21119714
444185980
490705155
394086094
16953049
482103963
226389551
393675936
15309682
368918997
221829336
468643430
16087801
466308546
443012111
289492578
477935433
464996414
292218745
255638853
314002073
21813844
230587567
466187305
192938724
42729984
331926375
342472946
460985458
21882648
456015299
26676715
21467682
376372026
393597192
144611916
295341951
89697033
218531101
19556802
113707997
18506932
421403223
359512460
246872779
254114458
389566676
142011472
436161822
115111281
210876123
13287512
70882089
59000794
173498320
231950074
81987600
327111763
252370946
377353141
292552317
352795212
137678484
28965618
353206908
107464467
402620540
391151142
411543959
18773924
17032807
230813568
27187587
15338217
409289022
381074579
20349439
406086351
391110551
261887070
404956094
15397465
397485968
54777198
133471515
355563830
269763555
381783790
273159953
83521795
30966541
46661144
226502397
392866342
39895512
120661641
137506355
370565173
41476863
389635393
119839178
217447691
15469948
388671819
22684996
385624512
22586544
382807828
15867421
161684466
48902607
214666185
297689711
257199402
33989329
345244529
183425647
373472137
250791038
260249001
194946113
296652087
15041636
19586694
366126262
20977289
195453809
121168260
364714851
37898030
29130682
360445731
323131502
362665266
338662512
234533220
15175458
297056043
359964172
355320980
18809578
197271216
16338963
137161054
45514030
21726084
17779100
301768008
286002846
200309732
304689025
265764934
16885342
86980706
109004009
85178684
19047089
322163475
341142478
329003599
166688300
229143378
14872030
292836598
17267391
292096258
199356683
289484522
193160294
240281013
181397389
23032476
8820652
19042345
334728595
253827101
12441712
15551294
15744924
52840739
210806083
22100978
17000922
188491349
20443359
21898912
156755429
6670372
14711675
18267263
236432232
90910442
12500102
247106946
14251373
16222574
55347680
115033680
21559219
111079720
234217297
329271660
326299266
130681031
213206668
229675551
270611565
288879299
18617522
130223483
23288038
318636493
57758274
22123485
93836756
19533332
266039285
22441068
297015979
208091657
322801936
240743394
23203100
154280473
20175700
20654981
26968563
65657717
95895533
285659333
26557369
158838694
102223153
278553035
288972022
297599782
261773006
20720626
213767843
26669198
290091474
288131709
289109548
75371195
285801359
111637192
232926746
280369968
21846385
52702376
43127508
250906526
276085812
274513581
27858868
89927301
144370477
46404471
186509974
269712352
41937319
257099601
117038157
23634835
264115192
20678540
263796309
145085415
36751660
258504238
15120121
106210507
90452494
33973800
254097057
253029374
2518321
18035373
83661936
167495881
125962213
54349822
220816612
180891813
171774871
228938298
103455473
22717241
15122420
134528242
15759513
20177741
22715184
11891512
86887644
17841727
13337292
16503449
234490564
17109064
180219957
70082619
230984064
35863564
130076170
229148384
228758902
205949838
53259289
17860978
121567111
222264391
219375823
17057376
26329192
74938023
219021141
220355556
82900215
167670570
38606503
29232281
62913492
92162702
154981289
187511753
207804052
151715083
29620256
15576494
176125735
206875134
106101812
158175316
212910101
63039818
30935763
206874104
195643583
118490431
134665690
59151921
141013705
96845135
184079567
211949603
199580376
48529042
15072713
87872513
62336688
13167742
17131473
17336507
23644627
100424053
191208272
52899216
83235893
208730599
5904232
146614699
70110334
116546294
103039757
110288965
55413995
133474103
135783478
100860314
156106548
152903485
179618222
121290317
23249204
199690145
146146938
25100589
203688972
15022875
193392499
174210035
95546803
95625622
83716559
64033323
177638979
17413777
112969892
97570084
177134071
113969858
162532430
57977654
193454814
36689448
175681247
200296553
41899172
57411871
41844137
114584066
23225448
78044781
19022446
71334521
142474301
28841668
166172649
184950494
142329058
24626830
148243483
55882303
137726388
174635808
53000535
83488180
28469711
106469045
78092798
19298732
27841516
138885750
157379461
25344447
55158478
124293284
80525737
103961294
169008403
173001840
176425902
176479187
103783202
16127669
14628090
140300857
143069126
18902153
138994136
27899571
18940325
5683952
15709626
65589378
14593685
76416892
125682232
189380056
109767509
23135992
36198283
29470884
103328209
88106474
109313816
15578541
100756537
137846663
30037412
112006177
19355325
50550642
18242032
15064461
129906505
31289738
18262412
25721691
124212874
122182044
42768668
25032716
76623116
117228595
164592701
68259048
27702107
162645312
104302000
128073024
48327611
57117519
182469439
18454286
146749776
182363878
56198405
17927796
174774344
21203590
37226273
109104844
17157805
60150061
179213650
175408744
175975044
24345151
35244169
22447311
123042308
44249782
29331683
177706237
15202017
33073116
167546505
33724268
129079196
136580566
24027953
111376726
50141610
40227354
157576402
23697769
17766365
24024738
27924182
86451986
145745336
20746875
35046271
104849810
113130908
159111501
81334887
48733827
54229868
114295580
58611693
14962223
8527372
93245978
25057565
49113972
97771770
168190433
19041947
108369589
102439976
16809738
123758324
50249476
19938351
23432265
65485548
165780136
134411579
30837762
110092127
40218214
20749408
18949053
163168525
102438317
17008328
155651490
30763825
15880188
143742999
68478617
119710421
38925280
164322849
101223197
112243133
37877645
9840392
145624779
62005509
133453089
158173309
14433036
83867118
16930716
125409895
18466925
159404140
145048014
26618468
132329788
40215565
20996839
16461526
57584149
38003948
22234257
28615480
88243304
23400537
86450518
149464877
58905170
56840948
132688894
19618046
36127073
7350652
18357785
23148563
82160806
158138864
19331859
17036004
73218938
14336645
80420574
37343757
138157152
15759863
81702106
72766194
89367536
15958265
14314467
39138494
157025948
59247384
60238008
52194642
69916787
120101815
96999418
54779857
50743805
135223922
110907032
135525712
121580407
97512489
97484878
107811652
155627962
12570402
155328056
112727169
63649354
13097772
60734999
47607852
58290718
151217145
106154930
17314208
14327320
20903427
109661628
110699155
119295376
42682809
38007150
139639465
41184281
118187597
110605309
110626561
25898134
85903699
24055334
18257163
13881572
22093870
149459230
6435542
82089224
19735514
107964850
85068985
14821347
94684521
120339591
18602625
36027893
42327561
14392468
34389894
31891798
18348715
35045870
46719826
142529876
128315722
106605693
145198519
82406395
61477304
143730210
15285352
79453665
14451294
20161260
15222197
20369825
129506489
17122866
23166140
13445902
85357544
33582979
68340072
66126399
143656017
129677649
123365140
19568473
21722083
58828124
22346862
134952773
135348838
14240046
58981222
43735110
18572616
69927758
61933045
17608545
136276121
48949355
15062528
115148603
138292190
93694951
26662910
15742514
140030040
13780302
48781399
14634144
25169797
15706633
79694597
105065535
35748845
26716267
34253948
56276711
76968686
47714847
117053499
14393955
137756668
18035802
133400729
133816291
24628309
121873701
10054832
21040094
15280385
15854078
53529439
23661767
22017175
116731900
14200960
17752368
124676668
15195171
56690793
13306282
17793206
118087486
106818873
37061000
20450203
23336661
41440691
24430413
115169222
123504650
43245214
28284145
116117081
38327737
21707592
68833766
46526663
19079151
112023838
124366127
16596064
15248178
109430368
112288120
17825053
43081521
64479147
35484772
96099071
41176869
49224286
31454809
102511935
121330428
15773016
102048403
128654986
84286177
1712831
124021547
55520207
27700636
31892440
53606516
25763891
76771306
102165715
23019399
40200596
118075947
15406238
119308511
98042584
25965585
113408120
26607502
81414347
15030098
20632878
14765238
31565795
15470209
14505871
75255479
21836409
15816264
14443235
81434969
14192775
19756929
55597252
22168877
28162514
18276100
52214472
14430060
22693676
109754488
17850012
118852579
36710640
14389132
63819917
22268910
27961004
117722061
115653739
28153657
21158759
117144908
22441611
100837162
84937485
84437198
113889459
83281712
54931722
116525206
26530138
57496297
95312039
46321233
108804482
75625256
110283609
95238040
107325751
47914845
18306452
101300166
16383523
116190431
93920935
108070309
47254530
15533248
79204150
44740201
73066534
55109529
25717463
59082722
59337355
21650429
113176629
37787129
16794731
99605023
95964764
84574059
16593629
21984794
80810382
21739588
53114807
16272650
48894310
104922095
87484901
60685594
16627727
20652468
73575329
13527262
25426013
106078639
89786212
62553762
14079425
103752918
92085475
65486037
15302201
25025360
6120472
67840465
13396002
17207406
44100754
70702865
92678445
17491102
76444963
18878528
90329099
82955016
59129487
18183592
18778953
17837984
20007155
1734381
93662315
15158464
20806376
18879847
39843092
114005057
49668062
45800691
24533117
88300636
114104811
36054758
21080122
27569483
27790493
25904703
60195780
35796049
16585190
29247517
9961792
27868406
68391117
83455459
93436113
113176877
94860901
23223266
19589431
22276232
15508743
48117205
24282625
18539631
51550779
17608059
38793350
42793815
36719360
17070787
15896379
14610275
109347293
52618119
19263151
19593530
31568063
84606048
30478263
112700111
27836392
102407583
22828908
18781178
22850368
22927769
19101611
19293360
15249991
35632339
47036474
36801017
14209540
106849734
92107928
16344137
35825639
96683337
22118295
44576056
18802909
14341109
25763683
112628943
14339170
30872859
28327770
62403871
102971239
103120289
22360594
19063254
50437570
16394166
12504732
28274404
19251173
16360046
16090230
16701842
92801336
13492872
19618886
46828395
50147465
18197547
84946665
38506049
16265869
81967402
15232240
81961060
16814727
14534930
62898712
45930024
75711686
15394753
52955314
17006500
18169370
103833147
103923477
110229440
48443722
19632867
16929774
14159622
21561620
108600483
14768661
15703438
51101573
108909673
76140741
18149467
41509482
16129800
18917148
16332402
75804788
65242133
84327025
73921709
18947926
35767916
19060908
29754189
87740686
12651292
106374329
87683709
46152723
36387212
105984874
12353492
18016103
19311716
95422773
16457121
28930241
102801326
16441706
76135200
41238441
61854283
100332258
98876879
82350347
15573453
62897663
40244438
24639845
83425056
92561671
95161711
38420911
95136632
23500470
91719066
88550608
14985912
84616488
16838031
15912508
21267760
16131988
20992216
15776366
16049891
82579455
71057827
68940317
25919376
72335765
85062833
15393168
33766178
16567814
16044737
16379317
55181935
55322963
56915436
62019743
15179591
61119748
40595196
60525785
49777161
