722713122314809345
4547779033
2400184374
4413075498
257775009
43984319
22499748
98744163
441542218
16087140
58844003
1630920812
708328757875118081
476399361
3257412572
2928451870
705396996555808769
710692213223608320
1169574008
4480752803
2973148424
2781142142
613136613
58137360
3004020292
2629553671
39540686
1444795896
2532098178
4512870023
4561453232
1418006149
4520630653
77968945
970942356
44484161
70789829
3654170780
21051580
356380239
338816074
418847036
4218553214
4196093414
71421724
44513878
1169880224
3807314592
1692211585
266761504
20277713
3632286674
139288258
3429984553
3506266575
963032844
395578002
1909374438
2245831513
16848061
3320651683
26594283
31070442
3379556267
3277663350
3262670172
3219921374
22238731
3239927858
3220855038
463994224
1717069052
1875481602
2339585832
3158447137
2540238422
390369512
1362596768
1414702280
242475594
484696376
68296269
67427362
52795081
716815423
3004377520
2788096270
780519504
825471528
2227138752
2932560926
2919743519
2777257021
516174636
2360540000
2923098936
1563005659
593391790
2896882164
2870769935
1638572161
511247115
2857811398
2610096236
2794975776
1333143780
1444494792
1042576520
2326074355
2686609117
2471240912
2723765927
1541427546
26348152
2617314145
2598294163
1376746255
1390543045
1523858076
509331134
374101655
2560413066
2296882830
471827534
353802416
2293095680
394181100
2480279515
2492939906
188626072
15738599
50382579
117223459
48741172
627717944
1929251725
327105657
98263087
2397909164
2398219700
91630836
490088898
19235366
630452352
189560211
1321937071
17993899
507663922
36584241
27781383
618607825
926077298
519175443
186708516
857369882
2308901432
2214405848
316781833
114786909
1888713079
1564157798
52964095
41060390
206915833
494726250
120831161
2233400317
204187861
753446125
2176789712
353250119
887130432
417573338
14160444
235793149
1686896160
228364870
1732739834
154959533
788302015
609415182
1123875223
203704541
34597719
25603419
178137787
859401553
145427370
617774775
100298351
16657975
17644108
612089913
272794452
148956802
147801152
189975299
119100938
562325408
297769932
156747314
454054360
207795846
617748463
269055437
69938917
559118674
193560308
706374510
1051371313
1591959066
1529275940
13027572
607851958
418323586
29632098
21965752
367743906
185779042
530865932
185341196
627185981
1023689971
138534691
121132008
1116551244
626062069
1032198072
722054856
230903178
620979413
199265753
416654046
437008515
113689122
942579248
92052540
17009336
809286186
139860519
618798555
128209536
348894214
24382424
323283721
84221656
16425876
927100495
572193670
18821825
37217379
296005268
102761113
428443785
509076059
331518842
911143940
98827723
300395329
731166056
44978722
855763134
32836691
730693250
626626318
31504040
78370844
793020048
22339402
463431109
265169886
772319166
17349013
178698268
730048718
285178151
25071713
619244616
361499668
137401878
231947794
605704535
95315780
419955522
231288426
247406076
89005882
71170001
15294598
459683756
275060543
448521793
225289962
220408524
577761399
560460444
512592414
498572683
171163775
98711815
551146086
93458284
262181262
188441341
93436677
281390328
482264536
184792831
56306843
411131024
520998048
414532229
45142252
346860517
22836244
61361089
219884287
108447011
77016004
520672148
50328079
190074811
71715641
321505677
436525430
125746328
513645522
297955213
20564501
199404914
501353732
29479965
22823850
446399581
46423356
27557391
467134195
55275324
233233385
501092466
14936384
12144232
490888851
16289895
19348016
26140710
182125314
209752620
488159180
261274843
33544360
120660854
18084003
488613232
148449109
373611878
33764553
166607099
494644147
87228593
406908167
65560712
25011805
486313257
449259682
460254655
106305473
488577966
478090994
391853129
19319043
491633477
488479959
240872982
387893506
180764845
379358617
274595870
346894985
415846994
