723275340869677056
715409256153911296
613917630
715496304777015296
721202355820236800
715591565775867904
438828609
1615455499
2699103476
244280163
180390228
703646954371358720
123658962
4914874907
1016069426
1626294277
3115281503
4422362367
570487656
4104514635
151920765
3901169963
3344018759
176178953
161583371
3046969114
3450031756
1617578467
151252784
3433734058
1313520991
2971737862
2823315027
338591021
63805777
398261215
165525358
2534559473
531346070
2804968490
1654103882
212927029
2252787463
2742822890
129873656
2725200993
2715894753
2654425741
2673577317
2384119149
603879844
76147324
2408955682
58099081
53116928
1494633992
67741544
2392933178
2396367871
2296089684
150869409
2318571727
2288311730
743735281
275490662
915667488
1904440200
500006910
172397969
552887950
2203747225
606275392
67852171
1885674600
1869089576
1624308872
1851759704
1395664458
1132770715
119246898
770866914
1630850760
1334521262
589255048
1551276180
388506991
561265285
481793521
284777283
325292932
1194599233
1442234221
1439493860
338764875
1436158363
1428103482
619434553
1424337914
191953644
1398780631
1411003063
111500363
1390768934
1390489664
167252215
1279179638
182529082
196347183
333224110
44434592
276473807
1323298903
552191162
563165759
1275995598
381241316
311783662
625575766
566954811
254297663
213060773
936193507
597841769
386778511
980957083
1078165814
1077992204
781401049
593209761
933138024
356537342
494046777
1007794045
242608262
322197666
194737138
560441505
1018392560
584929178
718704415
485288577
543147384
952613492
392834327
944773057
234944569
534923215
537746610
547175594
338005753
586334451
552974124
594201490
596000739
560003707
297667615
236439018
412516786
314953651
779251021
844144194
617742967
289050216
221886428
457599779
295948318
16262866
286236688
801339960
542896457
482409963
494143141
479101493
80384829
637422360
530026170
186850678
406984575
200725316
602325016
556552602
341874616
176219191
739628172
490663686
594316287
327002022
295424936
545491218
155697580
259867295
349357498
293731692
578562658
577746395
280789522
592312537
549651320
586897130
35045826
563370663
184857381
180619508
574971210
454121449
197092215
475500679
567891330
534793712
550923121
513251988
553109038
89492360
182221301
556823444
469937057
134263299
516947440
273168042
553082881
551385331
407929116
545338691
164368447
286307278
454432115
340473978
386791859
231792539
513553566
484752506
334941731
481779495
275224388
507780094
180914844
172944549
431116085
471666015
294086948
336041106
496756701
142298663
483501067
490711609
393146372
197549173
492873953
406405089
132685841
432125015
199304045
