3004218904
304182278
4881963081
3015103053
1665376268
3027306828
722235926534103041
722235482533470208
704264005775273984
722234890826227714
722232216433094656
722230957022056448
102783330
722229227517538305
721412191740506112
722227379104518144
722227942839971840
3959710213
722226746905505792
4763100257
722224084130664448
722223765376077825
722223339264208899
4837315805
2956507309
722223037672747008
722222810836430848
3184902631
722221323544633344
4510176733
721981543208611840
4788880361
722219552852045824
722218958213017601
722218276231778306
722218561884839936
