1924030441
2612299194
709497411144523776
18713125
4706270920
62673924
3403704074
539858068
14763734
366819502
3460514065
4547777119
553422472
314020945
714271349460574208
37599351
533712415
1638015750
4737759259
702511445661999106
3027362818
2535119783
3015307846
3235666093
542838719
3284112337
721195911938969607
709846113163939842
50094643
4867884322
4862031445
3031942490
716677573942632448
4270768212
324676101
2956820940
111225697
23258472
4302278656
2950613231
492668043
2302134816
218710470
153492935
706519933392457728
3542989823
713768020284301312
190589983
2792409146
4877340797
336638653
185635130
8077172
2361859956
118269391
4102376488
3419210573
4623232861
709932203594031104
2890033986
809807906
709838575374704640
3219593760
1963672550
710379989275836416
709786663996792832
699344605888782341
27897429
708840467522314240
2811095673
2856147761
4912125625
219997270
707939548248932352
210873235
2917235575
381108914
290165980
3661168817
2611409766
858964134
1193219382
2592628262
3691626795
17332923
4434313935
3953555133
75626715
24718364
3729169217
2315967278
2713683168
561634788
3835483947
2885513375
2417692771
2923383208
340218059
476316241
473368799
2580530060
3753473237
1172462610
855636973
2400289286
3188153814
3988845711
313457007
4055376021
2652404532
406829217
1433427858
2742960801
4110461530
24445033
81219455
2178074969
1679216990
3308308743
