716187132423966720
4875401607
4258765036
49339812
705497423678812160
348428543
720173014831230976
718377465207513091
3102000233
4896101864
4213767730
2844169214
1946661836
3059670049
724281287008223232
1455334014
724289438709215232
2493456522
67523867
4185442513
2289638978
724096078199545856
1467332090
21896677
20817660
3206275937
3317472482
721609512336113664
724605902003802112
2206611709
486358649
724287181796315136
255396387
704736333831360512
1039336808
951428184
717974345654607872
4686100400
1649445518
271023384
707128420677906432
723547429077946368
27480420
716427883946897409
716561047289638912
1039207777
34422158
4046380006
3390415240
3370960029
718943529549094912
3226219244
722240076294565888
719374674954575873
3648474265
582686876
721847074707210241
4703518033
2324727168
3154164338
708351290904944640
2199951451
25783736
2971195793
3061738564
4881329740
711849882252869632
721756994844106752
712530643394109440
721358327779688448
3402784311
1460517318
720691224093581312
2962608480
2926227896
3150293385
2816306170
434497986
3300032546
3401679923
2946464193
716218044
1008747878
2542548972
21390691
325186039
3380084314
712900387586441216
618378473
714989323049775104
436721105
3207901977
704071610177871873
717302253909106688
42670114
1854119959
1042635932
4106584408
703245597415854081
700476614904119297
1667811848
3596934868
3424326675
1595860926
215037063
719340315140874244
3302820732
1902164636
37823309
167511520
409726550
68567490
3092134054
2435816108
4896077681
610021318
3191248143
1386926947
4711157004
248427536
4418458583
215746278
1686165270
1463291245
2336416399
718489439949852672
436093697
3106148338
354969297
3171386039
4472708182
1561652784
4197996561
21845492
704423566712954881
3590082923
4750168282
3479209041
582667556
4083088639
83002545
719179244086116353
719326275358367744
710906813386985472
599471121
3102885766
341200881
19127245
2495087503
3151520981
2789356068
19637341
2817825546
1046439956
790286910
4660202592
342881789
716479365916176386
264867739
3985515989
574951470
79827261
2827851578
333469523
2582074110
707745015632629760
237770137
218551769
708779975407759360
149252376
719247839956725760
2894161718
717732855955197952
3788500757
18785175
