4688306293
2715052890
721154495586041856
4641797934
725216116608393216
2787895256
4885277768
723739259966869504
4912247399
716872008378658816
714854875511840772
719104170993672193
722409548930269185
4851897492
720790860627988480
4834739885
722074323427528704
722105373608554496
4043009832
3227181373
721225756542545920
4322499916
708536199414059008
715939397137522690
3666649092
3540153433
4432459107
709673421978804225
2716771211
291669201
3122652686
3104734329
4321820354
4057938686
4682707100
4727646306
3280189555
3377988323
602185815
2974970263
3303635853
721187512622780416
3305513919
2168821905
3868296485
721162128917467136
721158864574550016
721159382277451776
2426201370
721157815134498816
721156330183139328
721155823242768384
721156592998199296
2659296562
273729319
716472016371523584
713337850306007040
940580497
706174238953058304
705659432584151040
701306722254630912
3056033937
4816764972
4847522779
4849279360
4801443494
611600999
2891295157
4661363534
4606587016
4616767214
3884273354
4280155692
3883691536
596980260
3000633645
4157977693
118941983
