3367755359
709889869544341504
25539759
46315077
2945359946
3320712379
999453985
275276082
2287887180
4513278821
3066382722
2404148318
19173608
4851732400
3753356896
3477368600
3480349520
107773310
3466388606
720811727256973313
533712415
826537184
4876162073
3289546526
395693272
3285819409
717174266614136832
3946915763
709429829855092736
27897429
3104545022
70156027
498911171
3271255423
2393063119
3284112337
2800810057
4547869279
190589983
56449803
4909691868
3023037872
1575689569
14828860
712872467438706688
19341224
1699588867
318061556
342894187
4154041574
2465228118
721943136784773120
4701471135
712451383492935680
2896566562
2674690320
3236773513
173453610
2797920977
573278955
1583442816
1962530886
2442245789
196325061
115998616
357228744
1716490014
2222228942
2170453493
1536474366
1381876285
1894505724
1882854030
260928859
1728356436
1677528818
1406351946
1398323605
107457437
1295717287
1198167577
511137995
37587198
103869741
973718623
19680851
87480079
76990813
968690677
919224050
315816871
625160931
335872669
135819023
514943342
350048882
263872084
145015213
236503854
200336907
17296062
93905565
106442157
31387512
34930367
65354489
11856962
41281849
37440958
56049872
29944847
21374675
45988813
26772697
45237983
48358457
46682499
46672169
46322005
36113339
23711425
46308668
45811983
31065601
