724527759142313985
4719825054
25783736
290162408
708807565342326785
723293596456202240
725026910732967936
3041208581
4289433290
3307363903
1168798686
2315653380
715796437456564224
706683801427173376
724058341505380352
713604227172425728
720792860761681921
2492892569
3717679876
706931899789398016
724295822398119937
721879337079869440
37823309
3276477966
299231492
16513416
721886803872083969
704778186471534592
225916425
191926632
722750028566118401
18303591
723115281111875585
1429541533
722443191409111040
722572489742761984
704287202977648640
1649397132
721005353849253888
2904896338
702454119559241728
721878386948378628
1703005278
3018083889
723803830329155584
3125682533
2581105920
3009356053
719152152506208256
2202749125
709722600851636228
723472245595754497
3014557095
2202632293
3105183350
721764988314984448
4122240441
182238594
3150614614
2914401963
2964505755
723140138654666752
721880733879562245
722835316579545088
722291785079193600
4824486500
523391587
703533120201625600
27464227
707247137671815169
3055896587
4219774305
3148569432
1649432108
3353657031
2348928990
1665855007
2212303985
3239429292
2596775509
792795914
3275233465
2727526190
3225084991
2646885205
720782227009708032
718755252720308224
23812471
250362250
701468443359444992
2954395960
356087799
722348441414799360
319282515
3325273109
128511600
3765479422
361468994
1443742202
401525763
717815619480068096
720947764071436288
721412191740506112
2454386928
43111757
4788058218
3149005531
1036742442
4218323632
714628635320270848
83204209
296023909
1443095100
21842061
3383088112
2693137016
1225551512
714752307838251008
1642303326
708815708453523456
719950471528595456
63349037
4158249455
3828586393
720003360322138112
2706749544
15248529
3378643373
711573540810715136
17372966
707781223217831936
2493238982
715231420344471552
70479143
3016141855
3192410304
696199429569830912
2999899653
707760513875386368
707737584642953216
737240024
2240874152
3164591107
4896163945
1146323964
3346587603
1726542289
22206388
63731137
4928449931
707735723785453568
707735161870401536
3935472617
720638921726697472
3031056904
4594737151
4421652856
16104484
2994268510
717137592702148609
2766560059
4079081541
4106993572
2806296346
2438703761
716181669619875840
1440989480
722182627822841856
713666294143434752
2237093557
2626411257
3899187688
2511033522
2842213120
14619266
1460517318
3244552185
722112020833808385
42869268
2366390365
141739243
718041856341188608
499059925
981625100
1012767108
4322750914
114415934
4867906919
711587720217411584
3955346774
720179309701423106
705076530540449792
551481750
3091969738
42881227
1624918765
467352800
235102332
220072723
2250820957
714298823112306688
2395675128
721891266850594817
234333259
721669103342198785
3291937169
721761392605446145
701179880050925568
721748978325405697
721744642895712261
721735108823277569
721723504186499072
721716329028395008
721711916687691776
721705787366776833
721699076962721792
721692517775896576
21896677
721685578799058944
721671542602665984
4499654835
721664907943493632
2786971414
721654838073888769
721648004336365568
721642320496586752
721634980774940673
1681881888
721629312131182592
721622473922506753
721616262590263296
721610380498309120
721603500791173120
721596700205391872
721591116856954881
4656320511
721585572209364992
721579158372020224
721579928299278336
721571141546942464
714352204879110144
3362275570
721564919997546496
706857217878675456
4556596096
721565313628672001
721560487452803072
348547927
3139228669
4919112878
3942478155
356244914
729155413
713032018213408768
717403059815514116
713397717116915712
4110362053
565301220
721468517015494656
21621333
721468179877404672
721466799183818752
3007072406
720892970749132800
1944101754
2562327457
714126854538588160
3178838481
4887946088
2462331732
3036966680
4380735503
4509621862
2462362903
3601068076
18548136
3177951214
20012797
97811061
596518376
3064310009
264422641
2938273047
2919182551
78541066
33547271
9581902
33664921
2790058483
392610734
2755568394
2789178170
259507848
2780990060
138274596
1906281535
458003090
221548929
147729653
600310715
2692812824
2630963784
2256387706
420512792
74514703
1701768487
2662073298
2649377588
2673990800
192004529
555664696
2611786059
983020279
1541546414
789303782
1189156525
43329467
364558272
282262589
2402664982
220747748
2366263378
2182693589
2310366695
2284519806
210893130
165688067
53210455
2326526359
23894080
267577034
2328313601
1227633764
130988961
610633136
2327508540
2298040640
20606739
223300063
2298624175
2291890156
358891518
1470631609
42324932
23036402
378078626
2321037794
2278153436
305759370
2316634878
1590942482
855354806
499718191
239512699
2277047360
280046398
89446943
409563081
863384689
139867749
1475030161
156163026
1918074858
1087224954
1676548380
1041000409
140630086
286883802
193277715
389188355
1673656603
28989168
324137170
36813902
1832689896
1681326740
766021022
90917136
195605391
383569213
1319220800
244605789
1715854028
49658852
1026919722
1705083199
53778621
98259023
130045350
1321830931
248206282
417333711
582158055
1063950926
1731822757
1675867280
1681159700
1726077644
357533790
1722672956
43165904
313618935
48418841
23274910
383454046
88324422
1191684308
28124732
22010465
44217028
189493492
1328699234
44772218
439436481
232966523
113829470
112864957
420358319
123396620
