3120032897
10039022
284953370
2545517851
711146010521767937
2471135371
3195852355
3391039258
2560983060
3303655311
2458713120
724598809330855936
3739067240
2485821913
19950011
851907139
3074199810
707427590106025984
714395530558894081
190685485
1073775120
723432011960979456
27142413
2799450431
18993272
4906740262
4104189345
4470437546
60784269
711601518273818628
1640975034
724628544538562560
4820164216
4697527465
12980002
709046708571738112
1185048103
707381721453481986
830705222
26128206
292560045
705910403176361984
28985288
4869352079
84217658
715597415823253504
3293897273
708080162345095168
2488997646
110200526
717484310866083840
2358039120
4760112923
28586814
3581125695
82383649
2903789200
4795471756
4280403258
2760705113
4190648303
4411180818
3222795979
211068552
704006675213193218
1067536148
711649223427563520
3090239843
714967460156465153
722853389298757632
41432314
43196336
65494780
706935694128717824
3247965726
3312933899
2530793158
455996058
15738623
720508795210895361
2242518080
717868898876526592
3092625141
3063888787
36027911
1089795332
747552781
702166244573761536
479236813
1243996794
3271435579
3884205253
2465146394
4075120754
3006597155
2366203478
721269498993618944
1572756913
4870894643
709043989274464257
1396422624
21600714
4784596178
2736962849
4739845481
33949018
720316299570614275
4284214392
569501495
96655856
2935608063
3225760870
1899052010
4049454617
4679513822
1563581490
3271901318
705442898188210177
1424501114
74610516
2546186313
709492573421764608
3980190357
971254513
4691189473
36541952
2710402579
323331530
293267862
844350325
796600105
557840546
700681978664759296
4626282615
4893650303
3322356744
3315412357
3577891403
293056140
2852285163
266573977
700687899
2231502417
29251012
32478466
719176376390131713
4741958146
61735353
4171612299
718202454907555840
3254709360
706196165306482688
3590632753
1906418779
1007990689
713426882302189569
93111391
409580346
1959656622
16271507
22297579
698562318351863809
704158932214943744
34971140
65455370
60467856
3468840082
469855330
706131496046878720
2180384880
56799788
2874640793
410717540
63564245
541999510
165783048
541385453
37383984
2368624716
372364183
17478809
26855099
899038374
512650732
17131970
2399380254
760826425
4056861563
2291428981
175439376
1378110973
855803365
1964909868
40943685
700814491169251328
15757578
2903166449
73408312
147341544
29899648
2397511806
259674489
292692792
23363000
2723694905
3230130534
2452874257
2157521846
711802159965343744
426954940
4092957136
2203686877
3408372561
2576661460
3358678960
21701510
35879255
1183637130
121846437
1347767815
711940107217993728
532668844
590320358
168244636
731176344
69764378
2985438850
2638042382
15238700
36444487
59912689
201789570
4213183510
124175717
528738181
709451681814220800
3279563256
3093907031
2336884688
45156531
310882705
19891390
457820209
54559670
3379342461
2366303900
330605466
2597260010
2994094598
4465538597
2712225145
23277086
971047465
64231636
4796824948
2632757957
989701230
2410866554
4318687514
2429107224
1642952628
158879745
4810135299
25021862
2693612778
885803922
553820172
2409084032
705006002811240448
3305666809
26446148
1732757148
1398289032
3154401504
2719891891
134950270
4851587909
24535839
701104653115613184
14658125
19711670
898771784
705396996555808769
327720735
1429518410
2430576818
104523676
931421532
3303852289
1143371911
704483256268238848
2915019196
566764847
2815961908
1123075015
380760136
2985933653
116809500
698716633104281604
704168185306685441
488751359
4884423294
3958532542
359511471
3707671576
40149703
261872534
31262243
71568918
4184940132
3001790843
2720435311
2926179374
708098284473204736
2906655619
214131069
4827146067
406483952
4700376662
880237465
49151228
2785682992
2719032460
309210826
206527461
413312369
4769536303
4055606597
705176766307033088
4217784198
4140848057
3824278154
60130133
1066617276
195216792
2962306031
3153169857
533382063
3032997074
4788670529
3293145523
3934433177
1132392584
3460584503
110483214
620425822
4914539795
2171342526
708416386037587968
3887861183
1871283997
314547496
710392498816835585
4702358366
2458910916
4331657417
3886723993
861281180
710037060321546240
4827282714
25314325
2282350454
2490188125
824121174
3081658941
302081333
469495539
62273783
4595112861
2490232848
73424094
2688829194
703092829724119040
331579321
4786532849
18396724
1061330101
580847938
4205842456
4197645318
3333300262
1583684022
270679712
498885909
4501155257
155718531
3308822353
3303763184
18723692
254145194
32678450
702534199757185024
264593922
4037191934
700683284552941568
4018771037
3649058598
4760339722
1897724756
218366332
2216611052
2473515036
1959482466
48141381
1958244325
2844484440
173652639
188011806
1955662807
1488447792
65664359
1960137998
1908673544
2282706721
1829674616
2414639174
4478395109
3591954738
4105765714
180986738
3274948224
16255248
3714033795
901021837
699593669129728001
2828383725
4869448667
1955529896
385241957
4142750000
705103783047598080
258474794
4194925992
454471569
3179872890
34089686
4925664917
1230258780
411614232
3019862441
3006600919
4905114235
1954662602
1928805007
2682534000
24421625
3971509515
22860367
2981782721
318839184
3752079317
703217423596560385
1868565306
3310800620
3487162943
211345057
143507299
485405377
2738491026
3222900565
701864240500572160
160970211
1977365496
704469028
2607804924
22968368
3999319457
19782280
3677282112
620698212
2897895843
1358297388
4103087435
4699390170
231391275
3528057558
93992192
3757015887
2164421581
4884047540
63162660
223989188
113196483
702220010211520512
216907420
3081194802
2434391871
1911043860
3981040874
202903730
2159469452
576871755
1548183698
956217427
24064455
37431585
2798351581
4659654224
860792701
4227762881
286922738
466204469
310611027
234898378
4799643943
3560730257
136402916
2502435974
3082399059
824307529
981873704
4710933789
3873587412
4177942941
209944791
316836681
483426850
3078934723
4759303114
3064034982
3292911462
4846457863
317378810
4852104802
4416977665
316102811
2255656483
24518857
187936720
4803255973
4236637427
329862547
2832570943
455407579
3427078965
3786638353
464278297
459186700
724833043
1012186134
3344353918
2900781590
34777153
2257820046
1538822372
18268763
155947993
51195255
4855037211
3271255423
2288526260
2325809886
575747486
18202628
27428093
237376308
24269568
4502303425
54065567
1089851852
2963863185
469452610
3039771583
1579034844
4862031445
2288723564
2694112951
117703718
4581136053
3288412417
2735677614
3382530555
3425978494
3102387188
4701680717
333515191
391320667
3065986461
512764130
316768871
179815482
2999851369
25336782
2513811746
4827107987
711906041
832119061
16383861
3890933907
1899008755
2423233170
3288439464
712636105
274145757
2535507276
4371915193
845904164
49470271
885794670
4463149992
930561470
4299954755
2910159382
1858137258
4196754560
3358652128
483588899
978338100
3407477063
3427200023
4757624958
4851953133
1851673267
2598626214
4295122934
2546386117
4339754593
1643356956
4509207208
181984612
1293538381
128561701
15700729
50021044
2492014608
485227016
49240542
2996676051
457861464
1948330802
2761577487
187918066
3292960613
4815972939
4790245616
220235855
4238472515
1002342769
151990447
3343387330
1922049805
4848536017
71737961
26520948
3795292154
2906382661
3363811032
3376927462
3133442808
291874773
393048573
3155103992
3041623413
3138206694
3988483934
2884100044
318671346
3160278938
576539583
4479812413
91237627
4136615457
513027448
21866085
30500021
108552921
733897195
19777469
32871616
3185488506
4862113697
143483210
19009178
37437533
292574290
3035701077
451692555
1898404302
28013297
2220816894
90341899
67595149
25396990
24954386
836285976
4005006215
4265718868
3436973898
495088339
3430474763
57850912
2285755814
2569925681
3260095424
37218623
395462175
182609877
2280915056
22089153
56219991
2218437631
41406587
3067258507
563434121
135709610
327033735
58922203
97563021
15964558
3814165935
415378018
41302778
2162983369
2330678443
46195585
4697032260
4078768875
243187466
4430663661
824754061
3130505218
46726877
2861707113
374226275
3010334233
425108928
555346396
1226360562
3744122597
3184153457
976664240
382209977
4288831515
3428100286
3677831609
1140923334
28031609
15502170
3686178436
1254490128
100382568
380121440
4509856993
46915482
507581523
1111328917
4696751545
16727355
373926352
4789972937
4794551478
4328609234
228020039
54382274
4498050213
2391466397
2450502337
3728690593
4039099932
1939868244
17890693
4357118002
4766086460
2962183894
54322204
1111981442
388631313
3906261981
3306173819
1172821916
3351903433
4633251613
21599354
4645816753
4499118557
2779857823
1297415814
240413628
4332829996
4693005450
4103630361
75830770
3094570424
3923969715
3792503354
3452957836
248921706
82944319
162211968
3116060971
864623053
382508590
26493862
4542658332
216738460
4567058965
4806353985
1008211915
4701287221
1885868298
33270656
3117218378
24401104
3857801716
758232348
1397549442
3492488909
465166532
2898144453
37725032
125813890
4068318254
2917047217
4690034414
3933996260
3422520022
954780752
541904508
318805427
3296643280
4170936444
4533913407
30237499
3438287817
4062076522
3161660191
82955593
230474638
4745397493
31201363
23110106
124357654
3030777746
3067205474
4437775848
874572997
3413765235
2296723068
1645835802
932746604
2485285513
827067685
4056983819
357088284
2659702910
4718623882
4741013898
3245608933
784865526
823113121
4111984233
499288700
3239597961
26271469
49707153
2916054140
2913508063
770911771
716187285
2768566510
1075681177
3072300534
20212900
3573668117
327908200
201599930
3908598814
3548862801
4729555873
2458247089
1688805906
4106145328
2811573600
3429163175
26214354
131905815
3897774140
481712108
3279753470
355869749
3068334099
2178669641
4724634463
2401822034
964558286
300501675
4727480842
127499705
4506799954
35979866
612082182
183749594
911780719
3308367739
4307931194
1314835364
2917893003
3584124555
1292059656
3146451231
36501344
262269389
777352568
3184471478
405633050
3580248555
4628869756
2884655300
2490933968
4498300762
130566976
2333107180
61498858
4690614686
233002673
2773452720
772505262
2601118704
4056675988
118193488
2650426551
2993449593
4137097452
387638318
930051162
3025926075
41616474
736821540
1276700252
2887108388
796191410
314174259
4359352763
4168925712
3096994954
903523884
1460931152
4656012693
3677594795
4498790969
3317402156
38300539
3014134752
30043909
51538850
1598911646
3907420344
3385781962
3417568966
2955182857
3313110109
55853657
2473283400
787714244
26628891
2747540764
281537076
3938050156
2191139863
243083649
3423541019
4466991804
305547528
4305211633
50553047
423985664
23304140
2973318839
17586312
385233229
4400118027
247843411
3122852922
3885846562
4140183553
431970697
3686488635
4446175103
22267337
3222545035
4621836202
4148011334
3639087436
29336037
4286853023
844292480
572753273
3058198491
4349503697
3283737810
3490993581
239760871
1089186284
159447476
2972657300
1241408113
399708086
471256864
956076756
4122056133
228134082
3741574767
1849839132
615735027
2351094276
4613784318
2981494144
2381312456
4420528953
3377270427
3402802091
263113889
3352362499
1666504591
90345609
4206562264
4374334703
2896728416
4183085298
838592521
4508560394
546030924
4364152402
4189853589
2204046544
805935860
2696294077
21962160
4428596416
1699487874
3905715985
1898556596
18572616
2780766360
2883496247
4005375497
625490793
4040488643
28578720
1240578877
347411113
398932680
4458781394
3351468615
4528286172
1924043208
3218446472
3428565077
3402815993
3809093914
2673762353
832016983
1703334067
2744915079
2795227325
4250357560
1609275470
3883987944
68486911
883767894
3494372979
933693476
492076394
80637545
2402241228
969327186
1413137276
27787482
930818888
2575686392
3594766274
4342128803
4014255135
179902628
3265882777
2359339028
4041955750
3410874994
22002972
848397296
530976360
4453429705
1951406928
2437343288
3339317532
149361089
1923381960
2437361586
946287925
4447962985
37019905
2369277338
485310129
64511469
481506672
3633874334
535902876
2286863083
142558412
74643024
543840793
1906405826
265223786
235828046
3001730703
2177442220
194317313
4297321572
2894032402
3399019600
21680436
24655764
158201879
2909569908
3626674515
3319102108
3276478106
3306234887
2241666690
3015769804
3223531284
558065882
14615353
1961512166
3070209746
2985114214
369029151
23919418
131028775
421845935
1117210608
3309983028
531351424
4372308020
2738688896
4438508594
518741908
4351743496
927071516
4300097362
526009401
529116019
313091571
1137827214
4331151675
3517823533
3089783026
4259707516
3286796496
2718788053
3316315753
1525768194
3940895416
4260246673
3083244475
2752332754
1000369441
17821955
85131054
1950891102
3431625203
165405929
2926430581
787989258
3565669993
3241588123
336638653
33160996
3138945255
204132287
1460654401
711669715
73129850
371220721
3433043523
3567976575
159334308
4238038144
90892040
4141883495
4194001522
2267724114
531243722
2941557867
600858559
3951026057
2961210459
3141324675
880915572
2341463325
3367987133
723419556
630516665
2864812909
1319614940
540430621
373639180
32475192
16596145
3385329112
1427535488
24762292
3889716372
2782845264
3266856037
3927572774
3429119674
416729595
1354302152
533366813
606766561
2366256283
3291385027
2361788910
4188296062
898819579
3154197876
3024501973
3678696195
41861710
4121081902
3317103903
22153719
19671530
1710869538
23540181
24282542
4027135000
1306933399
4193930112
3070430174
3129381505
1635208298
3909487095
4149573150
221034430
4098510927
4138684011
2832615839
3077715918
19376220
809904438
249004974
50717180
4060522877
2503152811
2322061000
133711297
34668302
120891179
2650147916
3438236027
85070917
20178452
3997346243
4112942543
1571670986
3940938561
3345800926
3292097296
3448191087
3082159592
3911715449
2718810483
597449483
485776189
3943288393
14701305
3521395697
1583864810
33810385
161566176
361662654
3228315884
3283613148
3787809673
3032037523
3283618297
3054471976
2866860610
3250840256
2675581850
28693269
3498146774
876040219
736785936
3364449073
3831773412
2716292122
451055997
3029494546
17109615
2986066884
395693272
54393720
2927297108
1413508008
2435903672
970799887
423665466
31405208
258202120
3675503173
212795728
309372887
845817476
3246465492
2892689458
623560593
577134163
3303507079
260617280
15393823
3234108048
3014979959
28226236
2223064093
576305336
2581167522
2821142984
2974050191
30651089
565873727
406443172
3352006642
52190807
104613835
1415594922
788352756
77019125
1638874248
93902984
39003445
2968429751
88458875
541956698
517164852
562207562
848058758
312377845
1703915882
476190715
195226395
108335935
2845849081
1347197874
1575692791
3382379254
403648823
86208400
2896658813
21762433
3457872323
23376946
3400912157
3427433734
83696994
3508811473
2789912442
567626521
4040386455
2185074558
192455787
3557790192
161977776
2756264173
2832384470
201428373
4024552055
853678860
103458201
2899459274
3586652594
860567599
2571872893
2557356392
3114747069
3118354060
3127049842
3119431385
3996901222
3988410616
173167923
3114831399
3319398852
3427978935
3599577021
73736952
234962679
1021984146
535964550
90507488
1671225499
247114827
3126942891
3119456812
3152681135
587865313
961785024
96832024
2931202575
45589139
2350676532
931974294
871896104
24921910
1609527824
3389073989
770745098
2950655150
3540252020
3193134475
573714001
845690522
588559501
3820748113
2821244271
3911235497
2771678740
1155635047
3446368943
132345802
110159740
2495767728
2975601317
18772468
118199574
3641990067
36816543
28240317
2863668550
319731481
975450222
40141424
2713094767
39308549
887794406
49180067
3086769611
363292578
23047147
3779606722
3820421729
954825379
3235251637
133005157
3546630376
3699787876
3318236150
631517182
2366225917
3420137727
601411379
1173394580
3001664273
534962718
387095659
557909211
987288349
65977908
1947303967
604109769
3630185010
721496754
53758683
2958963198
66182723
2429968151
3228393361
372547727
3403262584
466164167
2344809255
3260281747
935492646
739604766
3419100611
3272248910
3750639374
3277495507
42790269
2887967069
166151283
3270951991
394319229
3429770793
481625290
3297551851
3013560148
3448846420
3830912607
3065496601
3404034811
535800205
48185753
17829274
3448781182
3189004969
3440895073
3460567335
851846845
111181609
204355964
2873766533
755435432
80115602
1206461976
3316011402
592833568
3821233228
262632806
633007028
3422158725
1537558634
391529306
2966967788
1241952727
515737906
1911490164
1905590958
3550618826
2781277987
3666520105
87462634
2875366007
3344218324
37261787
809293261
623226649
1333110660
2187072980
2412988327
3409704381
3251856613
2686109520
3750019397
3352346254
3606927739
372546987
29008860
181053526
2977758552
57785129
3254145463
366402949
3257304222
209899774
2241675875
92423630
57249443
28079508
3761364257
3406726293
578963077
3457376661
462407508
24289549
24613220
2159779477
1370255653
827572483
2990483958
1267094970
3418616846
192308563
1445214175
3610748116
532350416
40142736
3604141517
3374863942
2533537206
3567939155
802956060
334189069
3375129202
513355072
2992751946
875477887
3327795491
467085529
3360841431
741819595
2842023901
3344562192
302386856
267122769
49936651
860176458
2925180700
3261301581
3008850368
1714793274
408954926
424762733
903236232
1465819524
588093462
25607152
71387443
2992624003
99122052
3511023913
500461649
304597683
2975451871
23906619
272497924
52581276
3307776386
1666567008
279318679
2150212125
156692849
3427976595
611621888
389853513
297266146
76687969
3408850205
167049771
513722174
329696384
585270808
2174030340
2337132380
2277022349
874702735
3058539006
83175752
1602590983
89181991
294203162
3182371068
1367996996
146244551
2184428881
1609253576
235749280
3051509389
545231161
33579246
260936816
1134317118
3394847123
3247941871
533712421
2316044516
2992993689
1638654294
1255926139
22671135
3406312487
1004748156
115387920
3218730767
454912111
259974035
751228417
3167437949
551307928
355205256
1898603372
2736592965
3006418240
2951413262
466521178
2783800689
143119861
2312609288
3213448149
764004830
2433441704
168804714
27432747
2416884205
3310763412
307897150
518161080
1343351467
294852352
37093688
273400168
2751254297
489753256
430775674
899050380
509118632
727132566
2518842531
2449913803
2908976678
120334688
1909401134
108867047
3402362654
13233872
1136230884
2889738784
175644368
3603476537
2339364758
3342234809
2616209796
1253135906
1037982954
1340875362
594035634
2788841557
3244962238
819668389
962991542
3266978148
195849233
1007288292
3427826054
1935089888
465170464
1964112182
1237344978
2498872236
708199243
345730538
3577587321
3553377492
501282387
455579164
96307231
18727347
184022143
100371580
48375445
2284338600
1902427388
3257311784
2205261256
60922550
2293810932
27835263
736098319
3403674298
2323149134
2931336147
3481965513
70962235
1601575974
3120068181
3269495126
3296575808
3097980227
388602200
1206885618
3556720519
2869860183
79939817
1613510059
2786161364
626510129
344462298
3314535722
2777206975
18946473
3066573123
985410115
1663240309
2370874585
3316027275
1308726925
32883529
1488993624
3569348594
16640857
833650770
470159418
2496930661
2984727962
3061683608
1948229822
3373263501
235791649
109693423
574633843
2769515830
2902585625
846447662
3325563077
84982979
981120547
36844434
61577676
1646771184
1904772828
2758422311
16438132
2997910595
846871074
160281073
607776336
3033734042
3192554636
3298168610
2913927153
3265536913
2776453659
2575780104
3163292551
569524141
2969180325
40157789
529559476
1045017146
3642118515
30441143
501134893
2781021258
3393740609
861886082
3378259961
3231908605
283666442
2685622262
864934668
3421294156
3222603005
82126521
2281105998
1343174804
2920760244
199820130
465571691
1908268866
1368328147
708565398
63262930
2988785197
218247605
3526092440
21559198
25685342
2985906429
20381381
54738724
1228288494
615217292
2745608658
1596678966
3613057516
17378292
42020119
81190292
19365750
387803473
490910538
473015654
469913850
421356054
3105779197
2518908922
481803766
3241636658
884648612
2875780737
498513553
2971341142
3226902157
2956620951
40732968
2610290468
301712653
887899243
990072140
3470996714
3600175995
2490385560
189002334
3523902081
22241525
3335326513
292335296
3281627755
3196874982
2197108820
2399405311
2854152665
26308591
3024173603
11622712
161616878
2269896053
2244251076
3070273337
955994203
490551773
3405116511
3298263193
1496780280
1286645737
905898240
3312832171
3193985505
2168933815
3524510721
3310710740
424927514
3419229712
2695978441
2687809608
2883748016
3298993404
722831318
632514374
521324250
3458141535
2261988436
555475580
701107597
902119388
410544656
3485641521
990260346
75049621
54981227
3535592477
387151655
2726137604
3315276841
1478500520
111107350
2902961415
3290434399
382255869
3365349478
2196751554
2745036600
56857711
1084729243
2947516651
2981995767
564205548
711758985
263778703
3248500102
1494648920
3438249679
515664415
3438553152
40407177
1335564913
3310836150
1872155816
3282821233
2881396224
492749960
1206633644
3364716815
3118756740
50600804
163269552
541086423
3308967038
3145185641
774184586
1442069419
2363153406
218726867
936060434
166532724
920023442
260954365
2770605988
328772493
2240033851
2799588421
3513278355
593735572
22862020
3365767433
602137768
391530758
22549279
3429702719
3276264348
3079287695
32282837
753641294
18564543
3436806413
1852488133
3311840432
3317824103
79472002
1358290958
66509817
1590030210
2709612814
89004892
27179969
115679629
23268382
2601080597
3487148475
1872867204
401615732
24929950
3019034803
2897775614
2240240601
523409160
2344127229
56918276
19449079
3012894163
2559481632
600390782
25464634
339919684
262941725
2893480965
1528324723
3424062443
2876255499
30413503
3367075152
3241030570
29409495
3184727562
1125805424
2337583608
38335908
474202929
2830255505
479935278
3345994153
22409500
28006508
559519391
2654505852
46609664
42741327
3338998989
23150206
928827271
3023863007
722503267
23277531
904789082
2735313234
399037297
801354656
3296504462
3411638651
3327724272
2751866325
137116929
3418305370
3331481614
232237967
49358919
3419237805
3273444259
3405000694
3430781223
3309172279
3317008596
254306320
3279012896
2865429300
3323179981
438035757
3079548041
789565747
2409228848
81988652
3385796296
2187311983
2382757172
157008911
71458561
1346825538
1717324226
395904211
54071608
1957611818
920948184
2510500911
22891214
225733872
1689378834
3396282117
3252448547
3042308744
100235408
2853443310
3418980555
530825491
141878237
3324080305
3330557069
1164678464
894415938
3318112814
1011339769
575641192
2417844248
48105920
3235444772
3309884754
19193935
336853749
3413402655
2845681325
18892099
2523232337
35372757
3124986791
14620090
2725381381
46365298
379209889
54207182
861667687
37093583
3291579031
3126563358
2851367065
631437340
3160219068
631445137
808141753
3320754684
3433417792
3322087815
1340767668
177445338
991614073
1345554031
3284440550
34972902
164869812
3326278464
1110577860
3436031883
3304347244
3187920932
2792358054
3004184403
3433326435
1064782591
986624299
733538970
3371614768
1916890742
1601619937
3054383384
3426843945
1601519258
1610216311
420612757
562683898
184562176
250952665
1568349811
338588272
3299734152
3190903976
1850293754
61350866
3248141375
3309538586
1601587044
2587994733
605855100
2889571612
120561995
1041079664
3366932825
3407135421
3069213205
2411913648
70741170
625518146
103605325
596552712
2991237157
3284513419
3420823341
2198631144
3416813080
3414944049
3420909507
537491300
3311555252
3403547631
356014549
3158434585
3011476025
3276054314
2309976595
920393460
41185444
388054253
1400905896
3346549119
3383081003
80480264
36593049
2484982652
903377622
1486767462
268749045
2893241071
160415080
553771357
2858886167
3309846734
395350784
1163640458
3299793525
20834371
2179045146
2161916196
562307249
2208254515
3294121171
85414258
489423943
23978832
3276699720
3380181501
1496001462
537432779
3388479748
3371241641
27863826
1194489445
36526063
3228021464
328975831
2647531357
2178254815
727288273
1003495159
325869960
2272387386
2460488113
3098329601
3309059281
218041902
3394564919
3310128709
3335939752
2861667899
3306201620
270610643
2639241371
2863705478
3312606137
46678531
2294281113
581092222
377332801
2302134816
2658388193
627099243
3166468751
23342593
3280609368
1878029455
125387430
3306485647
3244311331
3248070001
119771879
2346790179
25001561
81342455
365819232
2942333789
2945957444
3406006361
204010941
119169975
34786408
41169132
3397826081
32452446
762014822
436836300
358540272
3401403753
112380901
1027809378
3169506050
319097183
3348836355
1578468852
384127933
146688896
709039507
228073841
273906341
2952783458
18492940
1426593697
69131520
3362916635
3097030814
3245736064
2248069893
1117374230
54435182
2197870503
2572489779
3357661877
3299900734
2450466770
3020455940
58083831
635464700
94551207
3008511637
3263051440
771881233
382910487
479557101
566031597
2480887080
205479497
3378102124
27346513
2302781991
2994537185
69787789
272250403
3224861754
194192329
1671319380
34991028
1120952132
293716520
1101268302
1556435448
20526479
3262957597
1859519149
91430963
60359940
3256944320
2884852551
3229591910
3258094124
3002000970
143317007
48248802
3012706790
162301746
3029029887
105053587
3013155682
2991151037
3238833917
2993420075
979826190
954375043
3383974197
2746364846
433851538
2232536197
2912118236
1409453064
2179951881
1553809286
2726749318
614726212
3220379373
39595443
2427003390
49620984
3360185873
2307213901
1365917090
284542517
760189002
26301547
3111211101
3003863477
3338591500
3073193628
22681340
1020523460
3113221145
1134722245
3252189594
2916649217
549592826
24565406
3011540220
1427200266
3331490391
3086100518
2870128009
2845253645
15698196
3111824897
101918522
1680787230
898992848
3012911020
3121961345
3264759322
2358660850
356531362
339052079
3227545438
471696605
2727554061
2241743268
3240210523
118885932
1170301735
74759474
117493008
3094467731
95534132
574593091
2360623159
2732076406
2984712850
2567979293
389720960
327113920
1647739488
3310895337
1960359282
2858830358
3188752406
22005338
3237136984
2817049537
235362301
33030260
2626277000
2258590922
856830889
2235256022
3180104533
3306687598
19945021
2401837645
2703695556
3290007071
44549579
1191511122
2458188217
3240484127
3106834114
440273351
2832167200
238205389
2882844537
582313155
422838569
3124711893
200067642
1414709185
285906870
491508228
2204472008
3077624825
3180012810
439647015
479382462
2842073864
31125544
292089222
125896734
9953462
2953284407
3231110123
3037038788
306611671
190729105
2985958900
27708631
3222839432
2705155988
24206059
1255759351
3224718434
241970186
43194021
2666284045
3293386276
611350965
3217882705
3131980337
336193262
3070103570
21253826
176336596
2415509794
3076596881
3166084462
3252108022
827410788
2376181981
3231061942
25647118
2362257307
582291703
1327861206
2272092822
2270414820
3081575199
1954009650
64464356
539341080
2793056021
41712973
273927704
33535091
78520720
254772975
1920623708
2802847706
2165141835
1736822605
3010674803
2464945057
581851279
21424896
82296135
2376005370
2910891818
347401781
364874682
1235200052
69672049
1031414395
1028008986
3047396754
3130442041
620430589
2746155506
15749161
2904243545
36662023
3195632112
1911493250
930844758
3000385143
534404246
2165487768
477174486
2183324798
3258561395
1471169858
2877148241
1203340129
419228673
3131543144
3191016932
714539114
242406764
35051304
3242447872
3116706340
2409455832
3096661345
2354367164
737142944
2575746780
715539325
250467022
716044325
605575317
2896212495
1726331304
35525976
581448938
2305308380
3102999358
3199389838
601346238
3103001325
3191651189
201295178
295233766
2869532963
3120398152
563955584
2950687438
383592176
15273001
3065963788
2918928661
586918715
3108578178
838006482
19450163
2828116835
625839735
571302883
254791247
417243144
1918152878
61344211
166751914
529659405
3031913707
2943416558
21717083
483960334
3033914213
2940545469
2557331785
2988064565
88851341
1619018916
475210715
355286099
2707454293
2773494490
27306121
385673679
2833154944
899079080
749830304
896703379
2476811210
2409042469
626816218
1614129102
213058037
3032364329
848547912
2918404329
456104558
2268063362
1970078335
3147589450
3145275618
620728944
575476401
2937683835
54773913
360265928
1880936238
28487370
1264734342
2904967574
3198619407
3063018285
88688170
1406253900
865112928
281702765
824383436
177551888
3164614729
133263108
60775392
1860976051
2953666750
18863455
2559993180
23859359
2732508326
3071765029
3155158337
3106534151
18305815
15429096
54278444
59168729
1013471072
2321322426
3185606655
24365807
2944870108
3179471650
3120549274
3122633419
3002425284
2762214948
253072748
2635142441
2156057672
2504629221
405651168
78086044
2312599250
1013890764
2784055170
2561094891
455974686
226765385
433654048
3145423870
5440362
24695957
3103255725
214930329
2954209931
2561247329
223756248
2863774500
3070860981
1653742908
2944909977
1120438844
27248372
36878231
270403909
3162853197
3152222052
62657832
1515256586
556970613
3145498212
2597237738
2720477088
36948336
3007422856
2517316837
3105492309
3149743789
3157313422
40926523
326420929
3148915340
701780979
20987538
3091791718
1067457060
3034826378
124872933
920219388
2440527318
987855504
489019857
335293107
2506487102
27122433
634855699
3145903379
444386403
2746034971
3142376736
3072033956
1455119965
3145151849
2467130306
389138781
600367003
451491354
452324066
3080756993
1718905560
2252943958
972615379
562372370
3067323338
788255594
3008423178
717348535
427030899
3086797039
1963571004
2909534399
625182068
792786013
3107500616
2496602904
981858932
1600951256
2836812741
105991600
44922429
715104027
1368068232
1470241412
2955336616
2859217526
2822619188
2480859836
30217703
3018735995
2799126875
19419025
3008845621
37539244
354440308
459392076
502088563
479953114
2904178633
24618161
2559496261
893903736
2920578401
1535290448
2366123839
3105224210
2225708558
3102560614
514795235
1017556345
2960045220
3096604866
770477701
413452117
1354065570
1862293254
585373512
2455188118
838816748
41421230
2732798524
1876329408
1307824254
2312920213
2262025459
24919618
3124063653
532473961
1287623580
535252877
451737629
2257989292
2290238057
2239790569
2338528323
3102688762
24869391
1616095170
3096535999
91699590
1677904147
529550241
556538450
100257608
3098330383
48981836
1576210909
1563575653
2269758564
20270980
151828094
3111952647
2240109628
2991504921
2572912839
956688378
344930838
21129606
1325184366
406489223
126665405
2822680440
3093186875
38256223
2211351810
3094575918
39661074
3080920389
2396335345
193106542
2676822953
3060706510
2164200750
3084711129
15704041
564083701
2890326728
2873177468
580385754
3106477941
3106529956
24001196
2677567818
24915114
305818200
17912420
29300132
505109831
2734685258
18740607
2827694780
2963505474
542749191
2989208770
2787338146
1199009539
28239343
2428257248
2500035758
991894794
68207839
54395156
2900354450
2989920891
545967042
2315583427
167414897
2459121330
368509498
513438857
1191779618
1475429678
1534842487
3027306700
484451131
2973974590
2759983588
2685199019
2757448826
3091799335
2458277088
988007136
3002383043
1242109663
2758912805
120646964
2861439818
622109842
1692065287
2981992877
28620456
22643800
28384772
2981931988
535114284
1852319167
82770649
162252213
2970572737
122280146
2299760259
2956493900
19196622
48592267
260076391
1024519177
182505017
537904539
2796695392
60933564
2902244659
84241160
2928654302
613713523
111743899
2979784839
3024626899
526752075
368544047
277818877
35852232
3062022486
102755609
3099066202
525641456
26876136
591951432
627759450
2249692951
835541300
16667056
513767902
3029140895
183292208
205626926
630498418
3023335539
40288453
57985206
2974060396
3078719486
1063430168
2462365772
2941144952
1627003320
3091947640
802888610
2992583347
3091381129
523412780
526637732
516979488
45638072
410063701
21065479
2909342532
2571860615
112619441
1291852375
19692426
364813013
531065398
1126012902
2930492765
2458953192
876731610
290708309
2537833482
128742068
3091713279
2321302628
624080892
1016236338
565423176
3027364505
2661724803
15501051
132427750
2167606590
208822341
295891100
805602769
885680401
25541576
2875691586
372875229
581518095
126523005
3035179434
3077374399
2535692465
408980757
2371170918
3068451198
3087298791
2400725088
870642614
241187076
1364666066
2214931062
1051557925
821904798
1367267953
1338047336
531598198
464235324
1177632823
755378317
634686904
43037025
1403376698
2878768800
2235786332
43630962
535554692
199435885
46810713
3071989183
2609389323
1851322364
2882668578
3057921639
534831016
853309002
60375589
224465023
543483455
65664245
282899656
2999643877
39883560
390143369
2200316797
363795940
3061532485
77233634
28045541
23480929
2934609935
23791961
26446826
1209684721
20833525
2926366047
133508895
1590588487
177625923
977653171
2472960289
936815640
2311911296
49021440
1606519891
2738119976
57115089
1109948761
1909809091
2760050529
16917736
90329999
733265461
520976237
2359028480
2850129344
1433675490
26903885
48354257
2300643086
133096088
268392945
3050820970
222244547
54716169
876031866
2976086187
2776729274
2963563391
1355380111
400447530
1562746416
2598353443
269070577
2707013208
147605712
1183241124
368646871
633674091
2429481745
2324789222
142613390
2793367408
76732855
428648836
2838035771
26413795
2209806914
830403702
2591607314
411098552
2157453618
18523265
2984973176
2573362600
1963631840
2914054015
106798740
431742890
3066195736
2615797262
922564484
2958833827
3001575177
2884637991
111760002
372418397
2771295279
3049075843
48032116
1493843796
1284745723
743518910
21843019
371311150
505285713
297838621
2169519481
2509748538
1696969236
54669212
3060080739
42708438
527516258
2830629595
49033732
3055907841
2830542836
253093355
2880122418
29860163
1713984559
2462462756
153394150
2958943328
2158928851
242155297
499266305
28135590
190619964
2526519910
599181271
2367735894
397771451
1728960020
37651316
560751692
144973232
3022045469
2416254386
815662602
919417027
44608627
18813124
3019066734
334019860
2629465899
2967215974
3016988814
59125787
3005762823
700147283
332536138
768576517
318535618
3059861013
3031992205
2828410228
15045673
2683235684
308714378
2952848919
298764709
411721174
2817129361
3019865371
2255785158
12671132
81438841
294843350
2272391898
2943064514
17701099
1570456826
147944578
32509625
102559219
813310658
3048850203
2946622600
3010721304
3002676430
25205213
2970762208
2378803512
16843519
2810725757
1358873161
1879832216
2833078354
72276122
2786996610
17881341
1287321284
725983519
2868901263
887121516
2965802529
45230031
1963621436
2196625613
2954298487
603117720
2563961688
15088380
45687114
2591708060
3020526456
3041761444
927746353
2874826239
306939659
112812180
3026430093
306848694
303522825
27588214
532977876
94129468
102430572
259120971
422745217
2724340249
1628236850
266389997
745187028
59024196
1026772634
3007192720
2833164631
2878798384
464431420
25132875
2927150832
2914357748
328026960
927988502
795513253
191555835
2931635832
1748080555
1064335494
703167968
932675208
93679605
133350878
7913532
991456273
2688880416
85295284
43157410
876744391
2265360857
182073411
258621582
39790265
2998441830
2909676145
3021304934
454513795
3020011166
2574001358
2485480080
609351362
45543489
67052442
25853710
599624962
25632938
177018643
2992686426
1510427534
71033569
76453835
175964378
2970302430
559720879
397153645
3029511821
415186153
124756857
2979971338
2976614917
2756049904
293485089
2949312843
2786065645
237095026
2994572585
2561551780
2945271306
3033376450
1584299300
1351925269
1143036900
2291337475
16054597
116732301
1965101304
2269647980
3028860237
1687467716
414792916
2334605882
22830646
2978214408
1720739605
955068024
2857115701
889872054
1227891254
574968194
198683606
2334478074
2808964439
2931137843
3017752532
1263106369
3028986579
2732943772
99170640
2862681990
633928540
2970139629
2996016851
842163955
2312645436
458214340
365004530
249368015
901665320
2968447852
410806776
166408582
1542335869
614627531
2607895709
1717464030
954407533
19028350
217885028
408820844
75292739
32133295
399175007
2724349256
1180891094
3013169138
2477464314
1898509585
2316330373
2779746691
2971740089
14724738
2960519341
1563682453
508992733
833306335
1410279264
3022940956
2555775528
149965942
1618924291
3021933538
2960677517
2148328322
17512994
2553788552
1195753266
46190093
16037008
242256735
136102085
2977552221
2932067393
3005818851
63860918
2890167816
1372786812
628974330
2273935243
62741973
142759156
1061205000
51332709
1631523529
51762701
957421813
1952823564
2342355402
2165541865
556598797
559027816
125201751
48389713
377454786
84960857
847638908
2500569614
2490088512
1917605214
2977792686
69641315
1611921194
402396142
174064787
1155557804
474335627
351709930
275031976
2883872681
82681900
2754761811
1607159947
517850667
2799789297
1650388410
2964664061
396822175
3005628575
864081109
2433496722
2892100678
2407049006
37129155
713080381
2283733698
2991886559
25320639
2244568742
59152338
310580364
2628711701
2756527720
2272016009
2873973494
235998838
66546898
26834837
2446024848
2616158885
2377556575
26935599
247503994
1412072515
222387441
7358142
46520074
2701825014
257984322
2874359694
2938863207
33203065
2425030008
2988853226
2724943461
2919954184
617026682
111412750
117734032
22199366
28566291
2733290461
499278110
2882699020
20084570
2414104038
62359800
88938443
43412564
478106866
28731961
85868023
1016066208
59897174
858911317
2830943237
58394596
33946024
2749368641
282184842
2345363257
9487612
255390723
2360097095
2735919175
2744596528
2932668827
317308866
2747600623
2974684041
2738141926
2922387256
14064888
728390324
48542562
2988863579
2608736195
2804688560
1342464726
2910761887
779485412
2809621964
54882415
2984204542
15433666
2518150002
145886542
26124533
2460042668
2912235338
33611715
2955215262
1571910157
2491297970
23109286
10505542
2967046899
2419589023
2694454014
875470928
2443083040
227313514
1957490102
1482457993
209836925
106829656
16048000
2586471631
406464288
1242107598
2861464128
2968439385
91738733
30805637
952506462
460610927
2964405850
174780445
19580121
706948371
1400192101
2949339839
2950713170
388399817
714658207
1655760254
705685001
80525416
18079289
2339725597
2459831780
1144064870
797557909
170514197
171325678
92743077
1071540248
300520256
2162480095
2478736706
30575767
377653938
548919856
2905823753
2827343546
907030550
467932000
2391801363
205825760
82277624
2442806846
450038170
2900537054
2876896443
2837385675
2858316326
2866365452
22740770
18209323
2865078826
49186503
240877623
542550562
527347936
2891588206
2382400279
930566035
721241231
1367791470
2716100047
584377960
2167351699
2307540582
36789992
222695674
279167748
1611384049
2731650511
1027202444
50681065
504889983
2424576610
2742960011
34996703
428661895
146291689
260851261
2723265539
25561222
2822117268
19489239
15554468
525652880
2880063756
2522706613
751871942
464101296
2647466738
2800131939
2843968126
35489389
2581485332
583228373
2602613003
800582840
191026705
1933755493
2927851850
2653284022
2923152881
477410739
38434137
2273909467
2902220540
313245549
253034379
423083149
1558529222
24966503
2493728575
2820796076
199822046
1338109202
62589989
2757695505
24425269
1355999240
341330995
1910519040
387528421
28687311
2685015253
2810343200
1195355005
184174482
2429384909
1656966026
2870444788
141746802
2805999701
2559466280
629458005
581275215
66064952
1163370205
57592690
18028037
2904085668
310580814
460637665
2914545157
2614193540
1337804538
2835975415
2498813592
1973535576
2452737751
2850358096
1385614525
18499016
109278859
2336266189
2429313248
20812660
2883323189
2807686437
392562986
2432666996
2409291796
17218135
804927926
2885755157
60483157
194284931
1038289909
2710309265
103101818
2863766013
2784831527
2829055691
2885660531
2549014167
102272523
2293338171
944677376
196156755
434483990
113231718
416968070
529917012
1452074238
2848160256
22142945
1960513914
2876406761
390219415
52658832
1944541326
2502895924
280697444
115469737
25298932
2347816776
2528163456
63767882
2575783253
885794358
2298283333
28975085
2745806196
544578527
2464700790
2546963509
2551431960
33975137
620298126
2784993141
164322849
2875867807
2869320965
73381015
2870508539
2859266562
383422685
23251100
19782840
2866520121
747831222
2451375079
70592980
359569733
1932832609
28096105
2863403919
2751108018
603179220
1103730762
1134405042
2891103505
91342930
2853221439
265708910
463162523
246898347
2232602997
192204798
2771627410
172942671
38867063
2625174307
137455850
142945534
167390694
2852162992
38645575
2183747779
74611948
2272847424
2291505464
2865615140
43112176
2494237140
409297342
2567242845
2792414117
549685190
565740681
374651262
1421684816
2842587319
493381612
58094511
352665664
159230211
48120166
2567146231
37153105
453265065
1613084606
2342319324
2669498509
2363190510
2806531210
85630907
27579091
2816395922
47995386
95329289
1830452112
724599002
877645976
2562088082
103552574
542173706
195629331
5789492
2786183771
2735608859
23329244
2252937154
779414545
921437132
2500230132
1409313404
759581804
854031032
95737635
292423442
26868545
2841990157
2715189193
344108179
714509700
1350525013
38191313
861400352
2285226361
49475369
154523730
146668550
776730524
510253744
2186440241
516881774
1871145924
628478237
1155742220
2401006739
1875608834
463342844
25119846
314898954
28662619
872954089
28435461
373931285
1176912091
2458978868
549600704
47344251
179206927
2282106170
2569585265
1955223546
413495031
378821768
809503508
1529544505
277759866
1163770970
2473416096
766624712
1375053553
2255015664
283183984
874982761
2453274829
519011732
319268062
272197257
389188265
33126932
2295343929
1234730809
465101253
2379374677
2730969312
1154011604
2762525201
293491180
2781893411
409571529
45167431
255244618
57133064
932458482
2243556022
90925629
2809696699
23449967
568151409
754205034
28830479
2805863721
1016653442
464740215
1022286559
248093850
2824031123
881972659
2824936631
2824166789
704218039
1443920527
1866192355
2312152717
2440699129
2821078450
1206726229
629445786
2796861157
375857953
2784745982
16263771
2341133755
1268308874
2715288541
2819196681
297369350
2339689310
220143635
2411315502
68745647
2732168577
2817433228
217575068
479024362
303819458
1706026082
29874079
518497624
2184024872
27901877
1638779989
1597398924
925656667
910668938
1636573362
461747789
122193333
709267965
615766491
1099962955
1087810987
2832392629
23892865
2282412422
2596439306
2565347624
2806608028
45265619
1571271686
270636028
746848153
398760495
2329283396
1334178985
2817504294
548109851
182458737
225638500
1657165657
1235421986
629407115
132395338
2488354999
30402086
1958082043
16527632
1462278134
461558727
42107478
2600753869
27621453
833997992
2209486970
746139404
19461803
2763882690
137091584
1107466603
2491614817
1078589707
245028321
19822143
610943786
2331039880
838855718
42037259
2599057032
37283140
2820491088
313513153
352750154
51915336
2746041570
17711244
53927684
2565623680
2440491822
2803006365
285305829
1969771812
862367791
2224573158
2614469509
54247981
2289803264
366088059
2274729234
891765697
885565735
26289121
748441129
374253930
160636151
2824283904
2305221212
2546952403
2685050778
2680669691
1942570267
2707415443
2229373888
374926886
1421526775
2808283960
2799072663
2462213766
2778366497
898909483
1589208008
632985793
29644724
2762908909
142558929
22274790
1688304139
147678915
535482569
278854090
2745958646
2236833270
64857296
19742755
92898841
2170943246
1366778569
21889372
1156871240
2837374088
17364058
1377185004
2293236205
2167674121
260639475
525703657
779110850
827815057
51964012
1560856285
2209103376
276214005
1099176349
32411566
2464920044
16974191
1907138881
282219899
2557727004
96026819
1591368283
36649914
2796735706
60581210
35150914
101840078
29190215
2718609396
458313890
177518486
1942853389
340934794
2540324576
279767235
2767220326
848055152
618800638
1142890063
1959825786
65874258
2289204865
41019113
239964325
26414785
164731404
50162534
2505615402
2827148094
330437562
2528637829
1468564496
2519014984
529775233
72194390
541581452
589380442
35322977
590180745
61441824
1646067944
250192923
561462751
2823917490
463309334
2768418706
2800421941
41758974
2808726529
2263843890
161372309
24253326
2209081703
2774139795
570273682
2737125488
2833227294
2782562203
2303152944
576089301
713381355
864987638
2312597335
2347519218
2828901762
2296233301
2780626684
2451213262
2788278833
635335269
2305707920
2780485281
2370888835
2708101094
19547739
55093605
164328492
1602081913
1381958264
2718347636
2707571696
1094972606
2356039387
2757288404
132284741
874937598
2790838814
319547439
1910085619
26563525
2546562188
1310919440
714983606
2534678993
2233655412
200599429
146846529
41300398
231706023
1473022196
2716651749
620451650
31563346
1115978809
31744543
20815842
282366050
15702490
551281483
211270184
127030142
534878785
617704944
27778816
2608652665
2183016844
315517829
2826292488
1357723279
152478247
2772389343
2650891494
905019768
2768422461
1485718740
2339240989
1113053568
2815620492
723147036
2777625605
119160368
15800188
889625684
34824846
2300153192
2751011062
2485652420
149672077
328377475
31570570
1944817886
37924671
25074203
1552618212
2159688554
88168692
345482505
867044430
1904238450
1489026187
252131205
2722942934
174781896
532752423
1105356890
2425675915
2294045081
199158449
2776689014
125165079
47796987
593360775
424780720
351204811
61393623
41351483
20939545
274508914
178711992
160405041
201894245
2264428441
21598228
2571588618
56594263
19832820
513704992
2514442243
789101803
186571239
265066872
241703681
260126662
316632855
211324541
40286935
193844092
41664841
115681656
26384444
18604689
22370512
1378567909
239725442
1904057072
44242609
35086934
234487227
80750450
316852929
121789732
38102584
57761806
39069971
22963639
270527635
77899901
233354761
87246393
409319634
247520369
809070085
1713087170
130798456
24783855
778938224
1320939613
596025267
58313900
2357484469
748622610
1972904058
562164118
582667556
315590177
812987035
70840497
26079308
59177555
57564623
279153652
438972019
24539536
2751992651
474082068
512793481
72955088
2223558432
261797840
868255176
557391439
204937451
181768488
2792217104
2569731922
143169070
35411267
239152769
15363308
2275009074
16479143
321060649
605727932
737174970
1931566662
507778661
24365294
2681143633
237985044
1890270253
211543377
267859353
2757980881
375338349
1413086090
2788212828
277431039
25475956
988222976
387768429
2773068746
2516595448
121596634
422431497
2447207342
521402218
39286260
442783054
601364744
2533957321
2772343957
1370679318
390347069
348676028
2358964705
38754320
2371375765
2422633351
829665337
2734687134
101547507
2755073958
23199382
978916034
2396717509
834423776
206896514
2763103711
44766463
162617060
564270803
2654001202
2155561940
100645716
1977202770
2467111556
485265056
314016613
423530697
2601120328
98416337
1977419539
19167833
27953299
67514751
1722382122
19042956
46174659
2583506115
805283348
2612746873
2756976562
1248690163
2756928485
36591627
166455908
91012339
845158560
1360615250
2753995984
17372211
357080873
2203163609
15455893
118098267
961183290
2755496946
216573605
1095576307
1607353381
2363000533
347234638
375092215
2728395787
2184788698
22209659
2574282397
24796255
383418826
2182044153
762161982
2197085934
528666717
71249441
1014365072
254855062
423168084
24009801
829919701
2316246829
301234543
15502559
467067668
211907186
37281386
21521768
2494255872
2704644858
2155495290
126938702
1637768988
344990680
527767083
582438876
2717325389
19993244
295738736
937604695
2590275548
148291255
533587320
120016215
32190829
863039700
363380304
247011084
74309360
898524019
43131327
2535668358
537860318
589511830
583661335
25989409
2347201443
856855747
2348726658
19286149
113434665
4948421
266056967
23884002
261749735
1164147576
2720797988
62216044
761840947
30930752
431198790
47233118
1301311892
2461452080
636528876
2242440249
278888992
39674993
22354925
913212678
131999354
2493522673
1713050720
2584164684
381056467
480606337
951813487
2189119058
369766030
583908703
1454216317
330072048
559977174
286223826
573801541
2712007766
220051988
2677612406
367021773
1100901746
236928181
132745629
2405528046
1046486106
2474947442
52759220
2294187901
1870057596
2542467833
546382754
1653143965
2528769138
1568858138
432247046
26543881
47253057
2171038880
285989227
22572450
762473928
2645807321
173652395
2704740343
93637779
1471286419
2674740096
1498424425
67513134
46537726
36052928
253007439
2471373595
2214755390
191825698
109302322
2255243876
39113151
1072857830
1225212536
1709836099
2646480416
2628214501
1107178933
2440548048
2441763583
2439532910
761829432
2440196822
2617522740
885764256
2500021512
67587662
274481114
2387937618
316859488
1636573045
1610768041
104230403
2161894880
2419231291
1395839550
2616520477
278714392
2614865423
2726929917
1615786123
352345266
22264171
2688654253
68127617
2361681650
57174231
2584172797
302115656
341744476
29522778
2639572077
612129565
2725989047
2477801311
99109874
2156051507
721326954
8224812
24368748
779883350
1020857448
111388892
27850324
195624841
340396990
2191416554
2567582880
17793105
208448520
44444655
2638208973
2660479398
1154310932
252368246
1449161942
573935794
2233503938
74781364
398171221
34132951
281402050
966930084
30206446
358098326
2450011705
861442146
2479229407
878869783
2378173490
2503391330
626698863
99937910
299098010
1573942903
2426460541
104890099
624242822
127898461
932966863
117465416
35569205
719104880
1062254472
182265955
2670656426
807998634
19846002
820711196
2657232338
240393970
2647110787
16518302
407911691
213144333
493652059
2499813756
1059592296
152884887
1302505034
17271357
2710595813
1368104918
25352947
2571250928
33483131
2306795365
18209365
53192570
809505366
2289118140
371345627
36683386
19115457
14610186
833846372
32673296
2312638350
1957439592
2429510228
1656023562
535525545
160310017
2196125948
38181273
306317224
2414072383
179557775
2661850402
1384804622
2374415527
17848133
2485689144
1318587475
198276191
27799202
60325099
2336032459
2594247193
205936884
21757802
92689000
258173948
369571434
2277631295
259956008
2374207874
633902152
608529086
1964968338
1469822852
1942251511
2287863920
842378744
73493835
2573792732
2454993719
254152377
119413810
38103385
16263066
1915235287
16409071
2412756378
2415070573
64489414
2219956818
800853696
1585539428
731690714
20998770
568032922
402744581
2643290194
796523629
1125686726
49577208
1556397319
1928546378
2558068521
478157435
764535277
2326232018
22228362
1335535021
1367206346
2681735878
1323726151
19220761
33811812
1433427858
761380526
2291304805
167305932
36184598
1611975716
69399583
34965991
416323866
1277918286
58109682
160499809
1390796486
2401835414
502743360
59945827
531543544
289096184
2653340415
26009544
19707103
2462389207
21932297
525679256
158135055
21884532
2544111799
17959210
32871579
65557909
411258423
22448505
526914568
560909070
93284022
525750541
282220986
52777209
93961698
562288022
967605043
59294920
1005190261
234943256
259283033
2147712428
431929235
2585524769
2468255672
247962366
76192908
2539942135
2229328124
831006242
578116913
751701858
836120492
861813384
2393605700
124885583
43623734
15620414
918295123
932662676
1126094676
1452638941
2190922251
465670866
121320968
2329529989
1717472930
1904699786
1928409378
518744362
553051509
43789229
218360927
2438996330
1861354086
615654394
77461193
290964685
2197173692
2550993804
525630171
2560580880
947661914
885265748
581407394
23537344
1351044114
2287590997
216745895
983273264
2319560870
1959865910
16510955
248839551
262443528
567475168
536803217
2546803356
1541357858
2148771794
65973771
814074102
715261196
1332568579
885721369
30142428
298608719
17961649
1343751895
531629036
2324714096
247981000
36127994
1529474959
2387124546
66042325
16007872
22298089
324003492
898332606
257154037
244294644
230859966
141422795
2272203114
1203094424
872764080
517010854
245990733
2219695045
270622340
1365808872
189705460
356151714
529895952
343427540
2267843816
539684179
284703756
704267176
621821595
18231666
29199144
1903943298
94053571
2626559890
2510570310
18224509
33529092
850410751
53146920
343779402
1657066518
1077650310
1442872940
701707146
2530535628
2514475647
2298486942
182141066
1715121188
1967028888
1421761164
597751376
1902319381
1955360286
34403263
73969951
2598266195
326336854
1662917528
532736724
46286931
37769330
2572117718
584265135
548432419
2393063119
2462653698
633889986
545215502
1416939157
372081390
39302059
1528804015
531481241
