2992533803
3854038335
1332547285
720690143548588032
703016045397860352
2515798751
4881365617
3104510511
717924581370105856
2863163463
4505781799
2418834255
2677613595
715631562793025546
2786980800
715005778944462853
711663987864117248
710632589518745600
4808023458
3536200755
4505787403
2500253866
3027491238
3910962623
708876009156706304
3087442392
704142131296866305
705541697409781760
702901832335691780
701517263384358912
3020919443
700793278388531201
700537487739891713
2702120070
183094956
2147758270
2426508318
4866958125
4864152059
3286919412
856322562
853313364
4056508815
2388210145
4839471862
4410135677
2407694178
4795700851
4708248190
4831151080
4825208500
1634196666
1668222594
1187508302
580252793
2793333502
2761160693
1049063154
2579110942
3177782632
3296327778
1318767164
1375844491
1105296530
1049631426
3938213123
1653412442
835814299
4584137843
3394417006
4519431616
2936343285
3941438601
2889498023
3071979810
3126459441
4269919156
4174324335
3024030663
1037242712
2606849069
3354381568
3161811591
3007745242
1534698000
