722266469434847232
2572376224
1301682876
744074858
846536420
396882947
449209862
2751776355
520514273
4719024155
335646825
2817805106
230846116
708160410
3102500337
4191188420
4156631788
4071799827
4042372828
334210825
563941262
474545456
1326168084
1505990070
2356850088
1607135624
1087396633
147784735
554624289
1862113759
1268609838
1278973771
713390084
215488112
3387384123
836515188
501321241
2667634568
1611859459
1547196577
626080922
942499249
979146314
803003456
3247456952
1858112066
1340156714
2864643261
2709600860
1561902072
1849782746
282416927
1046224123
737768983
419975381
1462259702
440052290
632696424
1387982370
1226211186
944745044
499218482
580302531
3300491295
2444653698
711102659
494443096
2348079895
1531582782
1362794832
369237433
943853671
2602251068
528008139
2900868766
1969351296
944487667
1169835098
1523173350
1726969524
1177009759
948911353
2759921336
3214534601
783191983
636647514
1869701749
603922132
1334961944
279582225
1242113257
3176964036
981285950
397557162
2949296678
2475898596
2184871669
606250553
637361040
1873684046
2290191780
1532601146
1723792770
2761378373
2663582994
2772262902
764371513
1928322913
1954907874
2190526490
535572859
3039881229
1669330507
757404744
2956936696
1563477902
884464314
2529946690
2868415451
1000943204
611970195
2894355922
2885927959
1888225406
2319291864
2379302522
2850115812
752222299
2290195261
21666701
343039178
2831580028
930817598
535592423
262936521
1628899039
346775970
948919573
480930034
2581724894
2541685034
880193708
1276604720
2763675087
321746963
392422773
348302697
480880426
752404958
2699673973
2150748230
2704526256
128473630
2228459136
2692578568
2648358166
447433216
928420982
932800008
883135748
278517463
252398489
592211069
66042227
1850016128
2588151003
583148686
1548233658
1660210208
864810788
412733692
1965313530
367904570
911368712
787865989
169197562
2494745142
146960199
704315150
2444101532
551246284
2487735081
863896238
290247084
2363521816
2324679054
473027712
2465990854
2358702098
771722119
1326297032
625353550
2409644245
1037628120
1954481677
895636578
2372229756
2344443980
969126224
2361995024
2187620875
263401161
2348902596
2346950700
2334222841
2250403418
918111698
2314347439
2303291468
2302622375
1052085769
2292297460
2290315530
2287451234
872900622
307567862
484331943
2262918523
2230764473
913111927
1161249463
423385364
2214918278
1730269891
1293142068
1489205298
575800104
2163657488
76908416
415924105
381894044
144047267
602094661
1187426310
1004999011
579200047
777031692
1785331681
549400874
532513971
611549973
1630634586
900721590
162563248
449974968
1472184570
1575223040
369757512
1095878886
1559000802
422400099
168019325
243393994
1547055168
1325884178
1439449676
481620854
1463198322
1335941360
490894476
1091511846
1123596096
704120316
1273562053
948483278
98818583
818428369
842243348
979122553
906151436
1173592526
1072659253
582253728
604585115
334040125
298555003
1080478051
1110341882
894292087
1099786550
476175675
1078135603
977048839
154559263
1056610742
1038099036
415821073
1002284712
952192244
809774988
931094287
754612994
446647680
503959698
868241172
965503590
39302767
783084751
950464620
424605029
900737616
790440066
605898676
750098329
838547826
876072488
571397212
825520140
560762961
874427173
285798979
899062490
598082568
715204634
730965738
826466754
349744025
772031256
872733354
868912891
848406830
809825894
825620018
460634927
838752002
620681634
453445950
168186107
452701352
788143609
786128436
755469853
528971319
181586166
631543464
750608400
422290248
625564965
635778760
504861034
154275434
598685885
594664857
176993086
612425731
