720811727256973313
4642065582
2297941885
2858169832
2889247137
704116558310670336
2542525809
268595860
3352502025
36243843
722123354845655040
723352142816272385
3046874585
49035814
46270865
722871640036634624
3235092679
714371756476096512
2912051177
711992922342817792
710185175561453568
720461616022740995
2860811110
134914316
1219599704
722268974839271424
717492687155367936
272343501
721969763023458305
3096396809
541622566
249326493
710874732510445569
719600693292765184
716613049587736576
713383939960913920
4221772581
1649537371
341200881
720640996657209345
2318041450
720557999836672001
2341524385
720053294719066116
3323329917
718621479961649154
720477469535576066
719952825552355328
719015335249231872
720097957928923136
695738016917225476
717219467265196032
719611474805657601
716382057610539009
589261325
4089076157
719424708681273344
718669599705665537
719674475218923520
718378697800200193
4922667882
3634783043
420087492
124320694
501430237
202800179
707611927090958336
4828094507
4800581730
3313294710
701025031183323139
716697138776834048
2745487659
706117648803831808
710761463586148352
3195764335
714006459797807104
715316425909342208
3022556001
2718724337
2455807934
715481083693760512
2762983982
714914428139999232
696627168412098562
3195756084
715273724811812865
716560190791925760
715691544729223168
713028563784638464
713026888080498688
702093671819321344
4877001149
483654694
716577268387094528
708740939204800512
716675450144235524
618435424
1257701785
2472579445
700646893630595074
1611411296
713116991951912960
4914309013
1219777830
709542195574005760
183094956
471662598
3982423234
4319117525
340301280
433468476
317397683
3193165177
3300740847
707626600821424128
706849883840487424
707620449727946753
2778327373
707491413068488704
706836302768037888
703989407729258496
707863542469369856
707487847440261120
4255875736
707856223291445248
707309776699572224
707838171283922944
2933590343
706083627549863936
2890936391
4789482927
705534477842382848
4887574049
3607586112
2893284458
4276121135
705523400660414464
706691324271955968
706694441302503424
706057546264612864
703636229116567552
3306224772
2169954805
4462584865
4928456553
4908298739
705652838924316672
705470295797276673
4135174841
191454537
4430560158
3897058224
932375592
3956851311
66338727
3497168899
134226948
705462070427443200
705022054928662528
705456501045985280
705418757301215233
762390985
4789185171
280428087
3420313738
704788331327057920
3986602767
704278006278262784
704281550419075072
704282928315043840
704357050957099008
4196662367
704294058106200064
3254345249
3889554194
4925365033
703024416091836416
4734124997
3948655341
3074606012
1072431835
4210900233
703712704637374466
2645626033
704047220052488192
2578423176
703714052380495872
3302291660
3233989313
703407082993639425
700284784698880003
702919666478387200
701788690041802752
701794360141033472
703336400125616128
703572970057437184
4747819767
2914771778
703969496927748096
703252765569581056
703844244943872001
703408148690763776
2664247183
703803689459437569
703802724635254785
703346262393786368
703347662360338432
2890501759
780962636
1240321741
3589814593
874304605
2295934408
282453502
3503578093
4880085303
3270225120
611433546
3234722471
3642435316
703820833567875077
4168567161
703822050490609664
224063756
703831488735744000
4911879491
4846851897
702716642044678144
703240223212380160
4739415132
3362902617
702442611966152704
703556817595580416
703339974570201089
3345093419
78440698
4444129096
703715233009942528
3015506133
4604681477
2397704775
703680642232545281
703569090808516609
4201303519
3111946196
703554085744726018
3978453783
4170663079
703607848236883968
697206647467413505
388994119
702468975792398336
4855610892
703667701781233666
703666929727361024
703296398465343488
4204312156
703281575081938944
4919691503
2749212544
702951185687388161
2737772431
3656840116
702921429927333888
4888726408
4615416928
702463251603394560
396063885
703040131033374720
702358914189369345
703061021590618113
3877225093
1706022470
703029870448627712
2762396574
3809278455
2293697891
2381294893
703050925221351424
542172452
277092688
703019417911861248
698744486160105474
395517649
4917371385
703006901550710784
703009166990974980
3948122293
4780032210
702997350940278786
4860849700
703004693962821632
4898761474
4295464517
702998755512025088
702947512068526080
4851223943
702927825200873474
4449881533
702902689563320320
4746612501
702909595220623361
702476169921359872
702344217318858752
702856323008868352
3251950141
702570169982443521
4275855681
701057931014311936
3075505129
2797733739
4847357974
2435786666
2466593828
4719989782
2941062244
4887910338
702473297259270146
702474265346633728
4296906575
4847222265
3369927983
701974601564172288
702472250944004096
3318224858
701207090841276418
702202480587882497
4827219426
702229028393111552
3074599129
4854599740
4828140941
702458821688463361
750673790
2788524823
702732219962359808
702724587822456841
4921619772
702371837590839296
4841054351
4842344854
3045592473
694600328637865984
1398833892
4740394276
702330634728042497
2655559212
1269220027
634683898
701467631556157440
701956480208150528
702657528597979137
702602956907126785
4614710668
924045900
702600776477233153
4189656627
702503368485425152
4827226754
4827217194
702590480656244737
701849867954626560
3082040694
3097685506
702577473997967361
702474698651799552
702578048391061506
701886162273751040
702477974193491969
2386085313
34001703
702575576662544384
2838395936
702378140128120832
701979381850177536
702330971702566912
4848138394
701098248010866689
702322600974790656
702245774030032896
851858414
1029502411
2747665020
4892280625
4840049430
700909831989821440
4902309434
4697564923
702269595848204292
4289920641
4110188060
3191499637
3183168355
182944576
4770242654
4625551240
701981425843752961
4913375052
2820594374
4564674388
1552015050
4214313143
702104147105968128
702231883971764225
4847343034
701871186473451521
4639979833
4567491133
4771772793
701910900362473472
266108124
367216134
3311841183
701979471029649408
701983658085900288
701872703314251776
702156860158251013
702061013877653504
3376005766
702147955407646720
2861219699
4740660943
3389268851
1097780682
1105369039
4853638557
4701869172
2784036173
702065270915993600
4898076028
4026300232
4847330650
700729202002104320
701081493821595653
4796130627
1213895204
4838689235
2855097337
3434134913
4845974172
4851255793
2470397400
3196894860
4697056759
701612648517935104
2728520851
4205001196
3475684514
306275347
701823245155246080
701993201012494336
3632885954
1355707543
4817284807
3771914179
3305094965
4821937457
4755997963
3223065288
4841678257
1066199617
4650306209
1468872733
365263082
701883755175264256
701070978818793473
501170847
3561885373
701879427597209600
4863879687
4863894045
701846626462138368
4924609162
4497155358
150781453
4895778424
3028509581
700904639219105794
2954066206
3940317027
700793219689218048
22175264
3300819292
4204805193
701356155348643841
539267521
4878787329
4847190429
4838080215
701478311894118403
701259346760613888
700778973723283456
701439330762498049
701474722513625088
701473847967617024
3329577018
3194673396
4066765879
876544124
3230941650
3194827417
3882900635
3077856976
4895208378
701206461876035585
1444700635
701095252078305280
701096802519531522
701100536129576960
4881084279
2787216926
3030633525
251396212
701090149728436224
4701146101
700804639575425025
3038118827
3827975445
3248630125
4847985996
3433047551
4871805140
4766371408
700942121725878273
700981495595282432
2233675327
4818020686
3136485016
448323440
700819541824299009
700461128044953601
2170022746
171842243
4904722947
3419193652
985328732
700935313040879616
4545183755
701050100395671552
701027924275830784
701146540799344641
4871950465
4817298013
452022661
3170665163
1876519508
700776837555695616
700780094126743552
4569118942
2600350794
3274704464
4785324265
700765423449427968
4483103968
90306675
4921798818
697272304653316096
4915076327
4831923301
4616727566
700676549910073344
700741022066864128
4921252929
4926266248
4864821392
4904267163
4136850982
2843525430
3266089158
4870110622
4878384513
700725773389455362
4344138261
3000642885
700674460152631296
700675264523669504
4831614163
4245111807
4786557676
3189293349
700696041969074176
4019804296
2763547259
4880361191
566207230
4916573633
4902817869
4857922285
4864760892
2968085607
4884422934
2829314725
3380705721
2742247522
3243653557
4928497973
4817568853
2742029788
625105983
4521302123
4752575630
4832110744
4832127983
583745869
4889101672
4893128715
4912424255
86080778
4893559884
4901359025
3927342586
3323194578
4923807493
4745712682
700581359161634816
4886870709
4848007818
2302968534
720942246
423021298
290321723
4513068798
1256030414
199690054
164010007
4833262877
41859210
385819866
3893846894
1470271506
4725645830
3488018354
3477368600
4438501994
4504575379
306584635
2450891059
4619509273
201436130
6446772
2877424943
205833782
2845007812
1726929584
32243554
4355435842
410442778
4132013297
4151993968
4170168132
3111774311
2901509361
3296689142
2175120708
71954318
236354186
17006921
57161514
2486697377
614222318
2436659261
2480236031
2485113807
2484397919
613538535
618963003
2483905337
2475637149
614265202
616368402
2482512964
619283480
2475189723
615042706
2437262068
617355476
2485480031
616560168
2481420471
613241027
617416499
616195863
613659099
616269670
2479904837
2476331368
616266965
2438118269
603376150
619232216
2437902291
2447984976
2480174782
2484919589
613618247
608419931
2449918728
613790094
619156115
3050549549
615461800
613951359
615085575
2475713152
2479360755
613466905
2489579325
2437726709
613858246
615949899
616955248
2476693145
2486705741
2446643004
2476181583
616378285
2481660364
2479711175
2481317703
619145779
2436145300
615532071
2482500364
2486073891
2487364588
2436116117
2449760641
619159660
427841864
613668991
617630569
2446625918
616022926
2448990912
2483303440
617677394
2449544797
618977078
2475451295
613801571
614732501
619437768
608500278
615728075
2449766839
618631979
613618518
619294943
617391596
617034587
2481690729
613609705
613293565
2437490993
2485348101
615858802
615592572
2485945738
2449269522
2481164465
617440517
2436239645
618944812
617053445
2475172660
2486910255
2487722457
2449708862
608515239
617695897
615650258
2482620820
613935302
613229965
2475085389
2438061970
613370195
603359156
467001519
2446553880
2485338543
2489741771
614308104
2445898903
2447860538
617681896
617663554
2480475112
2477583478
615308575
616098226
619105736
608413258
614794825
2476019649
2449731776
614804659
614830553
2448547590
2484653273
2449499420
2483584685
614650795
2477285908
613602762
619291538
618708349
617268394
616146379
617154569
2487106521
616039411
613562785
615879693
2440185116
619254188
616959982
614366999
614058540
2486004778
2437300571
2477172700
2483842545
2481478126
2486126813
619314357
613827763
2480054105
619344719
2449365241
2447519917
603365777
616953544
2486302804
615420343
615231634
616386799
615122930
613705381
618775180
2476419687
615701080
2477449733
2437971555
3056306753
617708063
2480866593
614318339
3039811568
608475362
2481893338
2438154899
2437172469
2486319921
2484714405
2437112703
2480481401
2484473081
2478068824
617277987
618524428
2477480225
2437225293
613855917
617236377
2476164310
616194509
613234705
2446597813
615060006
613641042
2482408731
614365679
619332391
613464785
2436625457
618564840
613756651
615012068
2480632666
616382940
2476975870
2486142803
2480414355
608485055
2479281225
614019696
608478587
2477684531
615325355
617372671
613500251
614869656
2437588648
603371692
2477032971
2483814371
617186235
2447688812
473238968
2475992741
616488419
618466274
2476896653
619042614
619288357
618487349
2485652805
618471056
2446662348
2437706717
616001935
616468128
2486371714
2481553341
618787444
617695884
2446392116
617089868
614775251
617323263
615945841
2448916452
2475903280
2448078157
619114123
613639512
2436522928
2479374257
2447888982
613527263
2436687473
3049081347
615936663
613591809
2438100063
608486189
2475890085
614965701
615657691
2486795609
2477686545
616203004
2482722934
618499081
2479319535
2477247051
2478168867
2448133338
2436651039
617802651
2485903090
2477854475
614081066
2483262215
2477765399
619359239
2448208399
2446482548
2437532727
2474869109
615630383
619361343
2484053949
2489707773
2482093168
615846583
615791939
613746069
2478103984
2436235085
2483913214
616473034
618527282
615997886
2485471919
614909156
2485588583
2474883161
3054004161
2477616946
2437458467
2481319204
2437728995
616179460
2448384085
613538449
2437779119
608409383
2485794694
616432259
2475948532
286849664
2482091248
3059435103
618629568
614721023
476190189
2437464275
2436805018
2436688017
616322846
2437741579
613491593
2436605169
2439384938
2437679776
614428002
2480509313
614699589
2479850817
2436566045
619290050
613262348
614273881
2487390803
2477105981
618539727
2487265277
3054575873
2475533757
2482837355
2448543374
2482291312
2484319660
618721497
617572941
618876023
2436412625
2485509047
2436650697
2437111271
613576806
2437599155
614884511
613718652
617581495
2475600646
2482496806
2482309943
2479197849
2485338315
2476611796
2474916975
2448253507
617465516
2480149791
608565024
617544804
2487709649
617477877
619383842
603450261
2486446259
2476418225
2477257925
2437278017
616375831
2474812168
616045116
2485376067
615692720
2480432889
2448904993
2482699570
608448469
615115465
2482480696
617488269
2484119938
619042043
2485423426
2484246753
2436919077
613505204
619155674
2445949548
2481705147
2448114421
616149345
3040057626
619290959
2449801507
2481905422
613677100
617843193
618602148
2446667030
2476700889
3049592236
613535789
2484359068
618507098
2474818582
2448269653
613977336
2436889719
2448104934
617701196
617021019
613858721
2485554628
2485198558
2480910813
615394194
2490180394
2477056433
2483501331
2484317361
2479614370
614416473
2486067849
618562805
614732319
2485046933
2482997997
464972691
2476139410
2449206488
617558206
614898038
2437124499
617476068
617605394
614600780
2449764486
617209505
613835763
617280452
2450065291
2481030304
2483304533
619209933
2485063012
2438129577
471821509
619402686
615418558
615483312
2485891221
615705456
2486864991
2436343779
619335560
2483051686
471822799
2437559835
615093590
615172341
617493350
613937779
614730711
619121453
2437757860
616378783
2487203069
2487143050
615877940
2476206382
2487678123
618888010
2484538937
2436441449
619302616
2481739666
614057001
3056895400
2479709511
619169556
2437453649
2481152081
2436114663
617570708
618825891
2436663365
2483757911
2486554575
616351751
615303693
2480651007
2475956201
619162620
614903425
618726617
2481023213
615184837
2489602019
2486066099
2482385104
3059363949
613344746
615573120
616315138
2448721736
2485292471
615726954
613837159
2479456960
2437583907
2486948062
2476233148
615447962
2479558787
615715935
615394933
617111588
619232712
616920881
2486843098
615257407
2486209312
2486050413
2481632361
2481785266
2447653327
2479892637
614651113
615471402
615846882
2475180249
2483732927
2449418976
617562026
614936570
614808395
615527406
476179106
619105160
2448896252
2486762422
615671111
617092907
614682328
2479251544
2449032420
2484661371
614941000
2448877506
2482005497
616096591
613270739
2475656195
615286835
2476564851
2436173919
2481652437
616072804
613839573
2437860346
618613801
616051945
615917760
2476703811
2476034614
2436687748
613618466
615619033
2446558958
2478033693
3040395319
617248818
2484095975
618736816
2484909898
2488596257
2490139438
616240438
617409755
608497233
2437588119
618565938
2477845221
615983115
618526789
2485211919
617018874
618466073
613642369
2483648303
2475421259
2483129943
2436510070
2487046337
619257305
619318493
2446045040
608491380
614750793
2449786003
616909937
2446491715
615862500
2482488935
465946370
618757605
617027687
2448286238
2448933278
614827856
2481766419
2437361237
2483235135
2436772971
2487370641
2479822582
2437435653
619412061
2438199233
2487290536
464781730
617525399
2436988997
613772643
2474883797
2481155434
2436312173
2480947191
2486140811
2436082762
615476878
614641663
2478191176
615697142
2490059811
2484282041
3063875170
2437137892
2436928643
616489655
2436110445
615919065
613864413
2448780560
614241928
2486662300
2477593953
614618314
2480968319
2485715920
2483890371
616090530
618473516
2485081523
2477262245
619297949
616478061
615966303
619128929
2437243205
619506084
2476000281
613747446
2436555045
2484781600
2479533375
617061994
2489776348
2436250439
614590730
617228602
619417701
2447866446
2479868733
2484819773
613755171
616289566
614980826
615771515
2448276716
3050191546
603451158
613605709
617001935
2449363861
614673644
608484076
2438084067
2446539704
2483005455
618790596
619388015
2437725298
615157762
2480477043
2482012595
2484127750
608448370
616066346
617160187
2448836046
608434543
617329078
3042867492
2478211756
2438220381
614105695
2436699737
619291502
615480871
476338792
613824565
2437360713
2446605337
618483296
608411984
2436330839
2479573858
465969832
2446075302
617170319
615468016
619136550
615085831
608436236
614584009
619268351
614749828
3034741854
2447623632
2487112384
618554663
613869982
613714317
2475239734
3059297956
616268113
613529242
614022475
2486829418
2475487775
2477628059
2475601498
614430063
613684612
614006487
3060080909
608561967
2448193747
614095779
617327769
2485050508
2437564911
2448078379
614308560
2485361133
619316455
2446620936
617169082
2481369125
2480137341
3055125610
615356008
618699371
617148659
464859824
614715108
614773666
608491923
2448645294
618643317
2485140045
2437184704
619309011
615651913
615238533
2481191686
2449769220
2446630021
2438057120
2482785593
617270242
2480414859
2437981462
614591501
617071388
2478055474
617715293
613353685
2480282847
617583186
619324304
616128185
2483611462
2479632215
614936645
613910922
2483855259
2448945938
2436067929
2449493419
2474883099
2449610510
2485507335
615084743
2486129158
619095005
2485532285
465950617
617398802
2482929004
614280171
2447625145
2477948021
2446633734
615458091
2481145798
2436701236
2485947190
2445845119
2489833096
617249695
617065694
2483618283
616104999
2484773787
2479618846
2475007617
2483392942
613320260
2479677958
2482793092
2487711093
618515908
617587230
2449589353
2484570375
2437296707
614893671
2437170053
616372414
618898058
2448391614
2446304454
608437970
2479312456
616408849
615722723
614700076
2475039789
615057469
614780645
617425021
2437799691
615008591
619152730
617553447
2445915848
614727308
618536099
2482470711
3059606151
617382022
3048917997
2486795734
2437306330
2479222942
411070817
2477707522
3054965393
2480442052
608429726
608522784
616915766
615793623
2475321345
619079994
2484197777
617345607
2487215603
2436698207
617773619
616233714
3036775520
2437068136
2483940430
613915506
2448473419
614990132
2437436296
2437234491
614861509
2478069868
617254661
608510196
2447849119
615180323
619477914
2481197021
615616724
2481413824
2448224694
2437535375
616994293
2481498687
2438041175
2449510800
2475464823
613463268
2436621503
2485263101
2436648856
617520062
613634267
2482108125
2447903809
617461818
3454528400
3265630302
3297465105
239662468
69589088
3862753035
293216105
3553823418
534670467
626175585
28006779
3686026395
154683366
3644615483
205096444
3293993767
2616547038
276774114
3371197090
1846676906
3315332700
3383345909
3422494090
3423178697
3407907215
446609903
544882520
834148812
3050886643
3405321375
3307603650
3398477469
241570683
2384482800
426261606
3286845306
2415718565
3246869105
2859951859
711022881
2744403459
67724993
2355589748
3370313667
3244494062
3298872899
3367930258
3371417595
2513593180
279659175
116574564
2679461408
217741426
737120724
375495256
3364004830
1334726460
572354915
2283381403
3367394217
3367371765
3355686562
3269561078
3367378151
3363124343
1362202314
2655264139
2323091992
2773993517
2657625703
3256082227
3367212165
2176220614
3367324354
3255616034
3272518561
3367312636
3251032622
18372616
3337966024
3038960168
3256427467
3319174762
2935982327
3240303368
3347008613
1343446322
3330477513
2943181653
606736253
3255894211
2878073787
3171796523
2907366190
3345790317
3214456561
3345898935
2540290549
3256869480
2766104780
3322025121
3255005294
3344656492
2785411323
208215182
2905520195
3325349205
610517512
2885199502
2889382266
1195249452
3256851530
3232743410
2922000206
3305576099
3256773211
3345851230
284224410
3256682604
3251201886
3251534024
3346608694
3346583638
3346209611
1143045800
709078354
3256578618
2945970938
3000641182
3346370919
2220732319
2538024482
3346268367
3029930453
3346380484
2645862529
3295886710
3196436156
3242522942
3256386560
3234570582
2553610044
3345738827
3346258029
3204028522
3256325497
2943723364
3255978276
3242124041
3235413212
3254443680
3346110556
3345656367
3345740661
3345978441
3331937687
2963680763
3231976796
590222624
2499852320
3324644177
3009643177
1459232402
3255439872
3255956659
421961236
3253956084
3343238939
3345836950
3343275899
3248054231
3124949524
610454587
3344820909
3345157474
2864747537
1614336738
2400723942
3344726182
3345569003
2666706009
3342943402
801237146
3345475702
3197610804
964857056
3048504916
3345037703
2683564163
560397256
3343183953
3334981253
2281912727
3116985311
3179919631
3008892559
620127634
3345206217
3255283790
3254751588
2991746058
3250054969
3339693226
334912946
3344496364
3344786962
3134742827
3253999428
3344758108
2455862779
3342594454
3333777369
3343364789
2752737782
3293510177
3207349623
3254878742
855283848
2295125739
289742606
3254842639
2672658544
3042479834
726429098
3343321467
3126891964
3195822289
3254298120
3236229313
3253835425
3320086762
3121423504
3336308481
3343128567
3251060149
3020552878
3343111397
3236404662
624074083
3246247442
3252182174
2772868205
2878831114
3343088603
3336186339
3248225070
3253424533
3342992267
1226015617
3190141110
3253927016
3342761351
1448637672
3327164344
3341509331
3253347283
3342704176
3342519161
2495618480
3342016413
3342568679
2868016946
3342604714
3342446373
2562786948
3342432189
3336772558
3342468623
1625831172
3339311434
3248141844
2997032818
3305738625
3305724939
3036431728
3116015115
3296106501
3253054618
3189244758
3342305817
3342391564
3253298384
3067955078
3167463491
3223861500
3253223078
2615912193
2490656007
2746939151
3316325134
3310317400
3053935420
3128913282
3165959778
3342099479
3342173458
3248028987
3341610731
3184724658
1718670924
610367107
3252948985
1864536710
3340096539
3341870633
3340834708
3330126641
2864574603
622287818
1367107410
3341874033
3251741082
2825938174
2789073899
3340018773
3339929799
714986702
3339052005
3338545787
3252407791
1646963138
3337122802
3341825320
3338400465
3252911144
3252943291
3252890204
3341751082
3252309450
3341605780
3339849095
3293231435
3341563690
888506390
3339982275
3339627989
2262016140
3252487141
3326997833
3040827172
3339323212
3225091911
2897374847
3162379326
3252385610
3136719215
3340190265
3337047328
3331922607
3252108204
2662150378
3237767017
3237494832
3237680594
2989355571
3237715573
383827144
134748444
3236883571
3236844860
3236882443
3236833178
3305513327
3236822503
3236772720
3236643643
3236086050
3236820229
3236711940
31616921
3231714132
3234132632
3234212011
3306890110
3234809262
3306372141
3234772710
2732976897
3306419086
3234180588
3306674843
126805382
3233966995
3234810818
3253044257
2278827944
1577211024
3230180028
3234480378
3305178401
2459137646
1251785816
2986592260
2871450494
3305837807
3306355857
2948999223
3306468454
2828661107
3232982221
2958049564
3305308276
1735031814
3305536911
3296771866
3305912615
2565695259
1556102712
3093480364
3305082929
3068913508
1972939428
2723496760
2200446398
3232287048
3305362803
3305391431
434134656
1414677836
2360281220
3231320251
3231382920
3231938300
2149894695
2326947230
2839499462
722398939
3232004186
3244527345
3304562115
2724653830
2579573131
3304590520
1560620041
3290405559
3244724782
2955899491
164134437
3303211930
3226982848
477362456
3301493434
2610664974
2255646242
3231417606
3231474283
2380300755
2873364137
3231285878
794225588
391934252
3244899112
1715108953
329723609
3199678852
199700874
3303898234
772004425
3231254882
3304323755
3301188670
3190143811
2590017432
3231191196
2917811010
3303043761
3230938040
3231133183
3302016262
2883064419
3231100262
3188156371
3301796008
3303907192
3304277632
3029676790
3304105889
3054744886
3304167489
3298833191
2838137240
3051802984
2831215313
3303485063
3303415359
1059095407
3303204675
3303248183
3230030414
3303017285
978889704
2243136142
2377427438
3227482452
2584288721
2255002973
2355582408
3303020963
3228428647
2764696830
3302502094
2471479751
3302776348
3300404003
3301623880
2601505949
3229361172
2763322436
396488435
378433339
3110196285
2963181845
3302499575
1965763142
1470556495
3238648673
3300920105
3086560729
3242353275
3167085524
3191936480
3225126516
3302225344
166691766
392928938
3222537243
443387412
3299537363
3220446853
3190473807
557324234
3300775162
2578242521
3010038914
2614684003
2265384877
3229084849
1444877552
2578208031
2578144829
3164734219
1869305292
2444430601
2986089946
2497323907
3290404859
3227934426
3300980896
2835498513
3228489541
3242425599
3139744002
3191955236
3220896457
2874724549
28739153
2912362412
3226111278
2912363378
2682645632
3225943170
3150849188
2562164514
1696665138
3227575460
2941558947
3224109379
3227125387
3294048327
2984669723
3300001570
353393264
3299897385
3244982632
3225734642
2263979217
3226681682
3247198109
3197866423
2776371596
3227474718
3167933758
1237426478
3299709725
2910612915
3299745580
3227317680
1043355967
3227200771
3227111820
3227472890
3227471138
3198894089
3248465675
2723023959
3226692282
3223754234
3294100055
3227041892
3294154942
3224500248
3193032727
1202260070
3227322890
1130640758
3238807307
3227207622
3224490102
3293401186
2855524907
3011600825
1877610716
3299150686
3006659003
2846826783
2392977692
3226908326
3298992850
3298932233
3226859070
3223185895
3244998533
3236249697
3085285455
3298666799
3221817408
3221586828
2926084996
2766065703
2994825708
3226806086
3296924061
3297015310
3296920906
3224424096
3226798850
813496237
3290831363
2479443563
3100203102
2759584248
3179685261
2683949450
1537723794
3021598179
34629605
1477331268
1859369972
2825143130
453181264
59327523
2287730065
62395954
573218034
395754282
3236619256
2904967574
3149084797
523961433
3150857322
2994899981
3180072440
3029087369
3178293938
3221637448
63254460
3179632597
3180735583
2193390247
379573485
732524658
3170670002
3222272261
873505189
2753234727
3103081210
3180029990
319082238
2786522281
1193087132
1101988214
2942174900
2800157946
3164863069
2978351932
2888708761
3179584170
168430548
3180265758
3097896265
2473214485
809421240
2365094982
3132668760
131883086
3188230005
3176971448
2991554878
3157551163
3222121991
3180678865
1974717320
2737092299
3175367323
1427285940
3109918087
300699271
3215832879
3156321296
898484791
3179929254
2797614316
947479730
3030808252
586413764
3160836781
772264634
2957358588
3031983029
3221209047
2408853156
2900174966
967465880
2874894036
2436953976
717950870
3111757093
2603183142
3194109269
3167650110
1401711980
2935509921
1031771450
3207783370
1888987615
2834492875
2255494682
3064325720
1427383843
17677887
79309540
2669810606
3216483309
2998020133
3224783944
3180278940
3207879485
3207835162
887623429
2811100567
425506627
777037028
415221063
2908293739
252644049
3212621980
2906598622
3225095651
220858489
3155639562
3155032321
2547598656
3155040983
564895920
2901739855
464055437
2686790869
40780491
600593660
2784538238
15991934
1727330269
423088869
992119027
44810092
403055798
481753176
633083813
2984953353
2970648207
142665634
2887109309
392263204
338213879
2884749988
2903402797
602411601
2683490588
2480455088
1135874906
372035573
509810645
2831108060
1563005659
1143783422
2185030550
2737952391
460076107
106196700
489938028
2523094014
114239969
845773478
814088701
124896519
2407531357
550663362
400218361
2678282167
1311610699
1214166559
228716297
858822038
133890633
468887684
720864648
2154847508
422842088
16394710
956471804
550575226
160690016
447685632
2360584946
559061943
375235276
2305599750
140939576
2439530443
1957951748
32906356
2238051728
614441215
840405138
2449847041
399684506
868802761
2289675084
45781681
2287367923
2286749335
2283041119
2275856533
1658526158
415190659
1085180540
174350721
1450036520
636358431
976070660
2336072905
2337574825
560618729
2199628149
2328434870
2327827610
544016130
100565083
460715536
183585463
552340940
781708194
1087855410
2290580678
632572984
41522975
274651013
538226125
326397011
1360811144
59221180
2239070835
402881926
704445900
1713619770
1141470518
558123333
386192405
444940567
453566112
326371819
1450297448
2202029457
1900819753
1587328548
2209665907
511370100
436220653
413674230
389830731
839990617
1977285842
718417732
550651697
625262393
528814209
586126418
1913135617
76809678
338157381
449444455
808074469
462519342
500413400
18774567
1594413734
116445807
26188018
369182889
1626463674
512843313
411004555
1237373552
1687143343
1630500092
1684533038
394185998
800614092
552262935
594786419
276600069
427678226
449438965
294673468
1578180360
259379536
526482000
1556695742
1177292053
336856917
436352484
141018346
498258202
263459548
622338677
375985661
404453069
397007634
744392876
237891482
31296548
346015000
426242887
406016199
1291989673
348845262
620464970
1141044788
482860415
394328859
397236561
66219201
283103581
618697480
946770918
1059900116
202810216
368049611
1027603129
489851041
79026119
985020487
618865425
57657259
41521436
435530497
591242776
635506664
336240914
269055437
585190766
554925198
597034549
476458460
84505824
119285554
480068347
491943832
369232868
407413553
