3948670637
709244779112980480
4837315805
1046686014
19691332
2293329019
1113516805
2539071231
1525342994
716811109118775297
4895353573
2750192287
2997739098
3091459217
4786832652
4839171653
3562690454
4833735530
3195543548
24062519
3371945128
2469947611
3021982750
4717244143
4618109652
2305870747
3053062542
85407827
4394213003
4339931899
625491619
3095343047
77986257
3995101163
2184137807
2938882866
767003040
316487167
3505677492
3427028703
3388156873
3359778086
30253111
2560856868
1540161757
2786899861
306060102
362802120
1214390364
199549260
3060227558
3070421755
3254368678
3221148989
1945334538
3154408092
24659702
3152333001
82728905
2865246652
876407292
3074300400
3074154111
2774976618
43457434
45383511
178420787
121019530
3059884149
2937917002
3019066009
3013743816
2788402488
2970849848
20123210
344470249
2913496360
906488911
1727030610
23461643
2891576396
128522006
825545124
2857012212
154830872
41745722
2809533940
452118431
1585017458
2830525034
19571621
80795759
45655937
93777342
50186485
2513557662
424001993
2648873045
53335945
1002881318
1681169958
2709437357
444279686
127253656
2575803763
201905104
876809544
2310935833
371072307
872833129
273574986
2396630700
2374619191
1262973834
1437492734
17104316
319707237
623923022
2291705456
855331410
64840784
260097537
176001276
516920236
1494911408
117573037
2223009463
385770471
1426943556
2191310095
972358680
200298671
18351686
1203399086
24760079
1046058080
36953254
43782176
1434058861
724506637
1785001872
156766965
17431069
1695335312
105387191
1658831396
187736530
1140473664
22028963
151750706
726923978
1641848628
338720223
270166591
1152845396
385208471
1551495481
191100421
92793003
172491120
128145485
15009533
57164678
892017390
17526977
28225894
152159516
870739724
17948482
241165231
485312480
399302920
1110257989
490535782
1413464814
295772129
574404557
199324622
55153081
22055497
29971084
153062893
15678385
475433591
39939997
34995269
896042557
360108284
1442427859
209740887
1352597250
898356829
1148939774
1260579410
80965491
178075502
36726127
58542817
1345550016
544426847
1424684750
871372296
275066483
596037056
31011309
375531695
1058615658
757384027
560051160
74452613
24541562
1403776616
149244862
14347652
156519222
1349983303
896314831
1387886046
165886767
1087647822
1389906421
858935028
39731469
852208226
758043450
277554034
75952441
1385760486
533922069
257276115
321306716
704418661
33309149
205529993
79228206
1374484908
180615999
199807647
427643779
825900733
100141625
154849863
272563755
484224768
32243334
32255294
1373025674
243784555
783592736
559857410
104327976
376098769
175014310
592527652
1349079878
130278068
603370025
71695245
214485502
597820336
44984488
725886102
1343275146
371646562
556222669
227956299
22910037
132079316
836683542
755464207
871564160
560635163
48218283
1138248055
40694338
1342880706
40103071
1241856415
87283581
1002978073
46279562
263774205
307522765
1329426194
65146430
363742348
16190823
27455475
1050196718
905807480
16911052
86804920
712758476
1303550551
182877139
297121524
22488160
1297632373
241379236
265699905
126438431
379864090
1267676874
1278742675
1291923692
715016533
770507430
217325322
713765604
23290863
90313206
848944992
323435165
203693028
25667110
151647120
379326709
122427125
549750503
816897420
30232671
460692787
208209645
19598526
743639012
37245188
838021730
1064158135
755377009
363730161
40004518
74003922
22582654
41119424
1273956103
247251681
836820942
737424356
605559160
316568204
1096430215
729593113
278451559
16303927
85146711
1266270600
1261061047
860388032
1226130756
1260933943
245942549
850207633
241163632
378876760
242809386
89145568
17621512
430438367
163523790
902953574
398902033
33738090
540143763
97335621
1226170567
320259433
726374478
339311442
1188490718
157155033
27599818
467001625
77003840
556388563
1223497632
24231531
68587831
164968800
200172795
465176112
342085826
385264335
149928664
429654363
630634031
628102406
619758745
23817760
329165008
537974703
416231818
411897872
365231927
446546701
464437839
24993320
429356130
50507604
388574353
34818569
286451324
342305287
42816709
43707313
282584859
274024777
224747817
85042993
17092592
234469627
170835327
162749425
149145415
166482746
149142906
149144431
158253464
172603463
149143924
170856825
210583324
167691101
94725189
66210597
64780083
17161888
41007406
32175215
44229882
34505879
25569407
