715234510238040066
3198761433
2563656001
23735825
255892836
3431315500
709494453573193728
409176401
713380360944365568
4874772221
1629987404
1538277925
2836155718
174953869
4440678868
4057313892
478603144
16703058
2466339073
3248579685
714438351076638726
3030506493
3676154001
1026722016
2541686508
4023263657
236318534
4832877952
4134176566
712615367781310464
2808905085
239436864
3086756426
414557155
1083965838
21360280
759162259
4596483682
1907938308
1076916151
561193251
3176170689
2653204730
941692219
43096020
2156331967
122333834
135599720
2259364694
22189986
3438825165
122328607
81853584
531061958
1354250814
704331322769203200
3040932611
3006601366
2191237097
169829511
292887592
407625447
373325591
4795951049
601031896
4911225773
4471310837
798087444
226249629
3032270525
2926876156
3145345839
3125150681
2808596993
3064363581
3056612401
3419827559
61731209
24827157
223075103
4878683277
168133611
4678545782
2902421025
380824789
121389878
2422246070
1134072445
384314397
1685168941
1342158481
78836162
4689918860
4023505935
2240511704
2317695272
56382058
4784161409
4560916216
4656120395
4758970583
4691499506
117430336
2173943586
2557432602
372129024
200157235
2420228959
196082329
114702905
882558668
2831367303
133623015
3333138309
123674914
2368726586
22214000
2372086986
273351503
384613544
4506593999
389038625
4309047315
251542316
821932098
234714856
255445246
356755941
1550729677
3782204543
316582865
18836233
28484970
18137998
4127695935
552084240
4031805759
270941000
3565948517
4008237983
3322628044
3166035819
3018009700
32416710
3327740671
87264511
392927218
2391662449
3435166221
3352950742
3418783869
1023883668
2235530997
3377882123
2356481143
2735243818
1882308859
108392446
2332515258
2987302311
861470240
56648994
332371553
3344007598
3221959162
1320402168
1565689334
1958393167
2608114830
158280606
171538398
546422340
3092069944
2721005440
153963744
2212511406
2775345400
89183603
2612696023
2659669897
2879923697
179257243
151010203
3009706660
855385327
347332195
3245174338
47907871
1077463098
3294364714
473286191
3042279418
185839177
118817992
1048855188
1598910894
741637770
40626677
373422708
263006472
142634840
3192488074
765633043
20904012
45921248
49303556
3042419302
450456676
218540006
3243250912
104017746
135103496
2467556100
243215712
98962416
22168918
38674368
3246908902
435167929
728895853
2671491855
115782126
2426892607
300314280
362368760
222762412
1156666260
198870547
3226186030
34927577
1413626568
3247998105
33923443
563760195
249852258
163464966
2962620724
17323823
278992983
3194637004
2565847286
3007857364
18017238
2318544253
467699449
3121368703
151184670
233908040
3025307367
19151970
151830356
126312647
139480646
26031024
363137718
26263479
85545795
2563970126
156628871
63390926
2951025561
2923486079
2836270558
235136153
382552916
2837498116
40859707
29046629
2320937713
3124995915
204401685
1217729234
2238582790
2804764715
135817599
556244020
92778015
15178914
112283666
2247155430
1229553836
116463374
541393939
2469707498
24741007
55205177
2251974589
3089329385
3089095433
916819849
24359911
555778370
113933558
2926774631
1377056616
2985819160
126337662
400850564
125970000
336756353
116852818
146530774
274933101
1172118726
104644550
247416435
99565816
1665739567
40518539
51779816
131320070
1947790950
39739289
245765638
24540377
511683146
2744955086
14684461
96589641
342651710
243612181
2831490228
1913690215
1962503160
309607831
22127427
793566600
2983136055
569906752
203020289
120521754
191791163
42894133
2498131208
121229255
281460150
1407199046
377262725
327027447
145685392
15558632
2454780813
1582973556
234069852
16052930
461276421
2882528283
2718564113
2213974922
109677849
2424200173
339559155
2612168060
232153077
132712883
20381095
237272061
621768325
2296851491
2889184413
30181469
1948528290
882293544
353019778
2425914858
15290649
2724224996
1958960635
19144022
1193341232
2714845263
807534234
23606837
215929151
2598211207
100256180
2171316213
239085097
22638231
606768960
68526033
2541628050
802665271
316627369
145552558
330383810
1207419314
2420914280
2208705320
899516916
254213445
187842929
74487795
1272041820
59750769
2226858162
2282528701
62490348
2298568669
112007863
851804334
1610229948
1088701104
1154104196
93258565
612465545
1395171288
1418787120
352876880
105084350
145665574
791162252
1142857536
618946289
544330959
296744902
63092404
533630642
140173252
551312105
1916334414
1206986298
1660202569
1469223062
1869009452
989037877
16778204
939922981
1859995447
407806090
522242051
567568640
284040300
606725436
151896282
891031812
1427919805
90383779
1065464264
1460390935
545100948
498526221
263188561
1385986507
1189128770
555361167
159164466
1366665686
1204396656
1118972521
1355696018
41543737
21400940
592392141
60401740
334650382
871548300
335883994
831063313
380227262
795924739
131185903
369494962
1343625204
1337714167
716642762
118647022
873614816
283085917
1151775852
619881665
356779548
1125306968
312664205
323748495
85050598
218264839
1014405518
533557421
1004811085
180495464
994613448
734826037
64581109
264214590
596982886
547685247
18190939
393859307
18738640
858537410
62767075
773963208
879890917
836389998
772107170
326130703
549947810
614334600
586441366
366497643
111597225
154156388
566496910
743682913
253174796
229524558
84323433
36950141
206626045
98589160
116815611
703777272
544635458
181630524
80278095
459607788
285541377
106058806
484656132
497919423
419454771
60924559
25502576
200030539
125094792
226110420
24049040
594456451
384697637
266866671
231971003
117026804
421033491
441119935
322465988
328126336
576275369
340173629
36000585
77962875
489135442
253118606
424123467
130104854
554181629
150975509
278705393
495827716
563332239
564464832
48646704
288224473
272395520
553523630
101994632
88685570
544699734
163047433
502612695
538346403
256112152
273310355
506094436
210713341
29002917
80833619
525347239
531169491
253548419
116414206
148102718
125616312
517357877
409102574
127573361
456956573
276004308
434141754
32361221
20686796
403326541
195641396
209234251
38844987
46491321
247305346
344769185
53974248
432855630
507223786
123248995
182781113
508128861
366251326
16698799
138702899
281420032
449651287
414619266
212238820
89685698
280682633
103817934
99730361
480757189
164611644
284649828
103549486
464626447
25559448
462521082
362988482
469938860
81671889
494252728
267904204
487657940
229248081
388802581
