702951403514236929
906498283
700436622844628992
725010971190792192
712835900749717504
23485848
1608751616
4358227407
909463099
2926232008
723555882680737792
14829708
3538092137
305120082
4012153059
1355548567
1412064840
154698661
3285647851
724484644905734144
27811293
701154837841494018
350317017
17907090
710126243694419969
3279791720
369571434
43395057
193759500
513704992
718429460404518912
175365931
1426710036
4400389162
712662658001068032
1211999354
30719558
1531911318
152087549
50116463
867189920
3985438453
3692502683
242618658
3752307856
1693894483
2487374437
466854949
1686053432
4905757443
4278386653
999274772
1366493156
726195070882467841
497382276
702322102859386880
3265536913
4110409158
1200068564
557468072
4764867800
26643566
4258239203
2318165929
4828311314
726180845514559488
291874773
2258525366
580958513
705823364087222272
2211300866
713874298876796928
723307674331418624
889982376
4786772434
4846287026
725041883257430016
4847963927
16495811
1924704842
2834620568
3016742921
19526846
151945857
2569031768
518948532
507765274
36831201
594565041
4774978308
4380108683
4576968748
726044033945067520
3006426177
925424966
718059872743460864
704556654361079808
2918607348
3405607821
3364589120
719350555731042304
4853108710
714643054993350656
561654065
3934700009
252738982
339194362
3040069319
2791180910
31934987
362130029
387265077
327657848
69739698
719020007007465472
2593580167
705230020654948353
1594222130
15466386
309146766
2477028826
4280403258
747969990
940503344
3032923308
4542527896
717729644867260417
712781612811857920
720372213896060928
3448420935
2754023296
2249717402
341730948
2648623689
931074517
3951979529
2906473932
36641205
1598997302
2617971745
709550205176156162
3075611245
236928181
725776399139770368
310393282
717013536392810496
108199025
4452612260
531209621
2249692951
4734689232
2722426435
4637654729
721628544976203776
438051476
714878737381101568
4811584422
707696112543473665
894414278
2773494490
3685052935
55043066
2303687707
16802422
702956290327355393
715825204333842437
3025408450
724238979768397825
995087286
261092366
4673807178
716312003283787776
391374275
3419572757
446299683
4306263074
740600462
307877719
531476648
309472255
480544538
3944585474
3332044263
3227019684
724881205045395458
42022705
705566834913890305
722388067206574084
33805047
709707103280230400
2304865867
715014857729282049
724925488091828225
3309740233
2152799365
1244041687
2297717444
4601383106
94282470
195628622
1383429912
2778561307
702524531412488193
4428596416
29287755
707989212612698113
468738546
724833043
707282345192263680
4479812413
165145111
1974083694
4858727007
3707671576
4340273833
190044015
359441420
418548489
1901745883
2954349753
700681978664759296
3019069262
4600705881
24369345
3344218324
705963579502104576
547095036
3397826081
474516813
3405107909
1072992504
3032997074
1539267602
1075681177
4894283770
271129162
3002000970
986137219
2163636150
1583065752
411380833
860110616
2472848820
17511593
4665812918
3410475429
60245162
2165745602
3364824651
565103969
4916990221
191919142
1482728502
928934761
725375073683562496
3281170723
710590324284858368
164386441
322891515
715202740608233473
3710297172
724784652901343236
21581172
716418495060135936
715078932626862080
1016296854
2793367408
318182225
4578570093
706108613849391105
724893189560258560
461409282
311925651
508321526
29706898
724391582611451904
2162738659
3220418570
3403559897
3390103514
713771286191804416
23258472
947065484
4883040783
212598229
3327478637
2160009776
24006136
3130384930
4898958341
705435690021027841
4922884573
714614269032198144
818549178
4221776955
165684245
3027052225
2998451675
888077480
713862740998242304
2424016218
4884052625
2511162391
630673071
4910378597
757159999
2725639774
3161660191
1206146882
752493806
3320712379
714174540796985344
3530476579
15201203
50691835
3548769135
725075773753806848
3767143995
3686772509
1013881452
3580248555
724312332080271361
1115539410
282848539
3195793406
4374879508
215446790
725066266394939394
4182688875
192833883
3224501762
401657173
275276082
395701428
717245755862491137
706997052501311488
35630707
843665610
19524953
286922738
705491312288538624
711667371782459392
722556277461794817
863693749
723118274968330245
368544047
716022068270137344
720819416351551489
2227540266
3409567588
3227709091
711255270840623104
161671149
292604873
81467738
4890336327
2230168646
533778808
3296156791
39584513
4800862086
709776633243242496
27835263
467940513
2660410752
714410850463784960
1606398271
714693639629352965
2675581850
3951726322
3407890073
3097239604
724653004884983808
426272212
4827282714
2557331785
3307329461
52558848
710723351090626560
310548781
724935266859929600
705596258950352899
619418717
114475732
277501298
956217427
1702969784
2746715058
4864864365
1350877831
26388848
2455784794
3250407464
3995950227
1380642218
3750897171
24535839
716631484422086656
4512741863
3095458611
3277908812
1883797237
3167548653
22883168
2886363701
722264871383879682
160570053
2731134614
701465940353921024
4855287695
77926649
4808515275
2462505022
82383649
3990718648
705550362900430849
3951302129
3437130351
708777206915342336
2344229754
4774933922
4055809763
702895208497856512
1216957579
3091902319
3280229443
724675693959778304
4748634793
709854549171896320
946137247
32920313
390833402
4469532553
714633790749077505
187782838
2673769294
2511584504
2455115335
441388605
32497478
23144570
47046643
539560252
2948381194
3286875199
717905238837952512
4513795767
723031712
927071516
815493158
703655442681999361
476800612
3665010436
3018828006
136119798
315994858
35216825
55312746
243864403
4404669132
24716002
94818581
106705429
3400894919
701644938161688580
4410864754
1907943324
3248141375
928219664
328547235
32509625
611359244
1597398924
164269050
2803623931
4899595015
722468978606620672
4521230002
26266763
724697404750991360
2488997646
1275898807
838731198
1458658992
2346483576
283693065
2961328443
3290799833
3063418949
864313800
1064477876
14389555
3494440892
37267814
2771555113
2861560795
1029962912
4903822932
28273116
3886197252
227521364
703004933428105216
3343937538
1470507266
4190671941
2870972260
706896852176621568
2806660159
3311793745
3034992840
716678723379007488
438005989
289076875
722150230070722560
270636781
323223149
326639353
842151288
712391107439665152
3439636402
3130363229
2747865677
389597423
623280431
274025383
16557667
4070999663
4063738154
4189063032
928506404
2608476186
704303044662439936
23197119
61958779
3406532356
32495636
3313634532
45289506
124694594
21799129
2571872893
1255748754
89040720
132661533
938086531
318001410
524627779
1293080773
4754483534
45450902
545377339
2571168301
131361119
277517310
2743137013
983269489
703011167229186048
710590593030758400
24780827
304108848
49217766
4852629612
403171779
2727935599
208406496
12996812
4690614686
100067006
4125875653
2892800704
1610810670
3278060623
1625741317
1117011260
2824045665
4182066809
708587530854092800
1052641249
278578356
501264324
1455378018
2250789038
1666567008
460629863
4815773021
716283392883572736
517054024
4830266033
38441022
715365038484271104
4064624112
1453142670
3494008336
3923969715
29110336
701509028501975044
706290087122771968
352345266
706199160517746688
31125443
61866666
4435179915
344018281
597697138
2677721774
724271388341706752
3067739225
3419026493
264593922
3449245876
2250668034
708511744759451648
2954831674
454515349
703159573411028992
964341224
805559731
3318236150
834809228
346352141
28693889
435958880
333211931
3185970536
1221486553
3868893553
29048085
129588368
599710346
3497865853
201781540
1091712824
441063307
4647391693
716168826279174144
724341979673440257
2295343929
722119906662199300
719673476089569280
39941005
2434111068
709172796103008256
122111073
1963995792
708160999400951814
532457531
3104882750
3664586353
154350597
14828860
754193946
845501731
269488377
709516959067590656
16012849
108593067
4315617796
4479556872
374760130
329144572
703062904300396545
709907306255810560
719480828816830464
49122922
706179921090125826
4857539577
395476407
157569158
2806550071
1445037980
811407888
2323252804
1325848574
3714789252
1948811262
94877431
3138165577
3066382722
4700477725
4498095274
3226539343
833650770
3377728804
712365246808072192
2949051936
1958727554
152141325
4497771502
1295521506
3968744956
71807953
4226557876
3730737375
24518857
20478797
3239288246
3697177872
46204483
2819993218
63231294
2639302925
261048107
3777567617
1909350781
51623734
3291808060
1109949931
48223930
715916084633669632
560065504
4100932397
4131157812
91493488
1258109052
701674178181599232
54229868
4822094443
2774736791
534903573
3730691774
27799202
3344195351
4629424968
1571457361
261035444
4860510948
721188040060764160
23049758
3091373190
706562279282761728
4114290851
612204514
705927056937209856
26161528
896320820
270630789
4492309872
712762442267369473
265084821
709473485613977601
716450088684486660
4499473048
723939854027902976
2253942480
715305121404424192
551348482
722720399096721408
723175349530456066
3292463759
33186312
33138145
3148339522
1083792181
14855279
719139412798529536
724235915875348480
400142857
4692145376
4168866500
3794595441
4863860536
43993244
711232779992829953
983070032
2861152027
1717287152
2914194020
274136152
4924252227
1125953346
3197533890
948614892
3148877797
3167280587
4770418093
1889934800
4551477141
853246909
4832681197
723614044221902849
4858916014
1635208298
119228939
328853461
1398194666
477425374
3625880423
4609839138
273592641
4857707848
750239178
216172986
4797850879
1177749511
99859022
40334543
723941458273832960
712625110016864256
720950725044477952
2764242773
478289798
60448759
304259639
391386185
842217397
708605944683487233
83696994
541086423
3309967506
3106208237
1956356430
799331006
1927627568
936797228
176326102
4433842521
4507257257
135376922
81684944
136676834
703218797528809472
35365137
3195930703
11011892
3887000059
331890004
735054343
35216399
800922559
180986738
709086771548704769
703349051513708544
18582213
3131586011
1051763821
19533349
722759547677470720
3307277274
155054251
4872694333
4592091439
4670991676
714653758379020288
944145019
717974859171672064
706901490334470144
16456395
134229245
68438966
3060448016
2945773214
2693612778
358892210
2597259151
99488142
40675306
2167585616
710622094497751040
722006503914356736
3219017217
493185954
3604141517
124198420
50679073
790501219
231746101
430971306
17327882
4872695193
3480349520
1155742220
3071995464
2436723198
2883539164
22297480
3372178235
359274856
701984155408711680
4854399704
3358652128
468235667
363771412
429801709
211068552
17148456
2227048267
182606087
470524840
702465173919956992
586674717
493390391
19921268
705506254500790278
713712145297502208
64187612
20262122
2914529775
3293195288
713349508134936576
1639741434
1231284403
4465538597
4653073094
1278240818
4237277387
722055426125217792
219741109
4153263555
469355387
3645864621
69519762
44260891
15899328
116584059
2713177031
2919907586
2267803812
3961519173
41430555
334288260
3124412854
2514475647
2848666053
259495952
46102631
396991943
1282414117
4041511396
49709066
2401037196
42122579
1335947582
706148599604731905
4848238043
712187539226910720
2184224562
1375084074
21091983
1573465986
1909383696
2984606411
4499094387
703051515095678978
88802656
29537136
591505507
70452211
291709775
16532495
3355655206
4352468902
708706967099940864
703157869042995200
37093688
4852229441
1874038260
3958532542
715384988246675456
583177908
3034805760
4832318893
718798950074068992
703715923371360258
308327933
2458042392
705083633812566016
705872244921262080
222299436
40991755
703237820190580736
531668387
832945998
267443407
3845857817
3360841431
3329715436
2251402658
297043846
36662949
2579299358
709479371380097024
4843914659
2414192196
218041902
4635596660
420498131
603015595
3903251179
799052299
724603880
320999960
705561884674625536
3127506759
710623332157284352
111700207
3905911100
2941351219
3013145413
531506617
315895544
705425281004277761
698562318351863809
221121595
983092278
3243690319
98416337
2331039880
3322128315
714957218320293888
3941880252
391755404
877012760
2302327181
703681242429046784
110767355
4885338604
81602176
703286544854097921
243514373
80892130
3164614729
3093717519
49317402
41109410
3883130052
1263106369
551305411
3720713054
84217658
29676310
708661995441152000
860808168
4739845481
262773625
16274668
3379172271
2762251732
528975480
48409823
3408232162
2891821056
4017502011
451491354
4700376662
893533279
2241736975
1951788738
34001553
1436790152
1322916290
117180375
3300720066
66530198
820958371
721950741947023360
168238759
482788403
430118889
3308703357
45920157
550487203
458411712
33258248
578525346
1270683908
2511302358
2990681158
2850722943
321632766
242527201
17972808
708140916830314496
697225228104175617
4114739418
3884374874
3376569867
3026900717
707028324669763584
32478466
3317433083
711654736114507777
36789992
928607750
713008737154367488
4506804387
1308675822
103939296
29993565
3232837242
4866494759
4041698549
1689713910
3391046092
2369242651
989446776
4442669954
334389274
58390897
1680981139
703247602381418496
887259984
2771503019
812352685
4572200715
13817822
63383902
318049407
464361232
433417278
4854541359
3409704381
316102811
701259623894921217
1496571493
1561539391
2823906814
23942930
3280018782
122409033
4910270788
3440646155
1553245080
2793009004
545089067
1226500387
4043345250
2878397393
2972209684
1925001980
4016226980
46539376
176830279
703314349243441152
4122746500
2882972224
4214490557
44161855
319600661
583005149
176678019
91237627
33811812
3283610875
2931833648
4239270258
710550537444265985
571917936
896667511
143480447
36792190
2804208510
3534671897
706883464524668929
705103907350028288
308212534
2240033851
155128548
3181489046
410139350
721748067024769025
710140885611184128
3191468208
4831663696
20106268
723180506603376641
4882924815
433327429
796100784
3436173213
706979910200516610
4705424636
707865505663549440
46315077
36048950
812315036
702039990902005762
2541156008
707773520814563329
709426609
4285155433
4034067374
24172567
384538391
865162507
211345057
600865128
2520524189
1135993442
818358278
704889875212926976
2492331576
24142498
4877967531
4238209872
523545241
243541123
3120301769
3255069311
3749071822
722195754727510017
1909660182
226526577
2481322795
204132287
3749872277
3014000257
3666268342
56862582
332765830
3950016887
2967894177
4725227294
2446076666
4501459398
3740933056
506861568
2330101823
1365245598
539357234
68290081
169611031
709044246414794752
4855625836
596615669
714419959053623300
3308193378
63241623
1412222533
4818208875
1097225142
4898315151
40691581
4499984417
3153844428
3521395697
296792956
1011644822
717723318221160448
883532900
319276183
2263139143
207648834
304061756
33381229
714926141925097472
411626362
4908391490
273622883
711355959608614912
54052856
702729262927912960
1852558106
2749640440
2242866050
702661184474886144
2324475554
4770718583
2927088595
2942636775
24358319
297645241
2712850585
61401553
226841655
3806955261
715238308452941825
708265425998618625
538657777
223896073
447554226
3289584838
21426342
713817057062682625
2473143948
1003088839
111421228
3942388759
2984814863
433703539
624001614
4855698568
706952388561600513
283554388
702623763041554434
490975532
2784100399
4127231656
4858453113
1328461706
3018746955
145856687
513873998
2247644238
2312490275
2609159655
475158308
61441824
500444558
4219318899
4911562630
3292833318
1289813305
183923223
341475294
2344181191
2495795860
710967378763354112
3401227875
3883733953
2506093844
90797347
4855422833
703340216556216321
700795470679920641
66171661
713546416770064384
4443696733
1547474228
68543202
3329538978
2451808070
4761719298
51228028
701253999228354560
705002791929049088
322074102
454456708
606507498
708659375
4660509148
4874929885
746098818
266989727
2925806962
710037060321546240
701553061144170496
165496837
4746074508
711977155542921216
4808436291
4786763677
704383743042015233
2860845668
721731896422637568
711567699348815872
313671566
718304964230176772
2682120156
721733829258518529
376287708
720850305756213248
4710988933
225733872
2563817899
1393877221
2745750277
836231586
3006600919
1100488788
486046966
1002092359
215154964
606681626
4679513822
704289848673357824
2449802033
720480488817836032
694887512859226113
2582449201
720958497328730112
1720336338
3677594795
164517537
2695731786
4247419580
3345484813
1365939972
4166125115
19264136
3519030012
4687587470
718527061871046656
274153081
4504524141
3310185230
455463626
4402594994
235297381
2897936395
721737068322271232
808175304
2896439073
421991445
2715365275
287647587
24516301
4851646786
2479977919
703832021957619712
2354351132
344990680
72841205
2227421756
4633684212
340539361
229122224
1949958980
4145603123
721736643196162049
3961381816
1597871198
4605113535
701302628542599168
3410396065
2937854619
387151655
4624858456
62915298
4547147301
4875129611
1405441040
2816371
54391097
3125314505
703706311519834112
716286508542652416
718703459709550592
3420574769
4826927664
712430589194985472
392848910
3354292601
596118031
1140425539
3112240127
3545433735
498251000
36985886
14372784
2352549532
378321466
2341691090
720947764071436288
377032968
4785683418
324552159
3289196160
718275104719970304
389322083
809807906
4910320040
2585483293
52241608
4057511953
788333744
17798031
707946968656400385
4587681248
35878835
717999793394593792
78968880
31637836
896245604
4404484933
4731347430
3286691174
3999025635
387661638
4706637280
703614521693315072
4605211463
303221379
4216126756
382338284
2808778740
3197018322
4893751354
3626674515
714947334
706932292854349824
366517094
1414292568
12648862
2601118704
2467794883
20709117
718000389203828736
485960927
521841612
715944316577775616
377706496
721548887920496640
722415555920023552
3353531032
857001662
3884744172
710671005098725377
241651011
4913810798
61095768
19500176
42059569
704238028085014529
75736238
53704876
2298191996
722853389298757632
3291723309
1722960631
2882210186
1717324226
723182123738365952
339527807
3695704812
3397893132
2673762353
44914646
1516626181
3318705976
4869448667
709596967408640000
156981013
1593350862
2905870799
44542844
3060330596
281235442
703799098386751489
720474952135241729
95422987
317561814
719520289697218562
17226141
717697020807352321
720293732872888320
162177355
3115816309
1080576949
558131946
14526784
721237818165633024
861963872
3265899319
715063909888045056
1161803744
719535575288647681
331606780
2762253282
721472971596902400
4819049559
437895198
721403270648983552
1007761710
90978424
720922478260826112
77525237
4563292296
3222730241
2398047932
4811100553
263692122
2404148318
479862285
720349388959322112
4169564218
4154359155
18787733
3536120422
94249055
2328148980
2905233695
436360631
3277602912
188803735
3932314393
704211325619036160
363992343
4870290495
24532988
2371628348
437997013
110978799
791841379
575094396
3082672136
1936536769
705766702752079872
4318652593
705263442307854336
4831831583
4061365779
629852538
711166291181178880
722489968489336833
3201944938
15995652
67595149
3810200296
4878624004
3522274402
774638658
2937683835
3847831037
152058288
262220566
707994226387058688
1587698066
4346882714
2621112670
719957434794700800
4549647093
405383139
3327489958
333623100
4074814018
287198108
2797903675
3367987133
31291258
802659122
4879338880
715529301295108096
2321078092
83312898
28338571
1004387720
70709132
817884018
501967195
167925972
471192095
3258839030
2363190510
3029140895
4840654073
16210388
52434115
2845207617
224894459
4869688528
865472892
4855044657
27301268
4134287112
712061448009216005
4729659442
921533490
2902339713
4551720146
214528184
481704732
379767285
110278300
4431494720
15973602
32678450
702276115902111744
232199552
7831282
3049833302
703366485297729539
936490028
3157925323
1666504591
4835913153
24001196
461340294
17147215
3735801916
2457189756
4742809819
16031185
518022575
285328319
455183801
178114153
1928359148
2342356352
707170231207075840
835822315
717871976396800000
199770246
159389938
1246856551
4719018701
3739209309
2435057143
4896134847
4445570548
1363449445
1075593985
2313099380
26368462
705656249992548352
57356987
20108678
126636133
15772453
546488925
391774028
700133135850344448
14313809
706816179701051392
2916528438
3034424365
183411039
705499966433787904
493776580
714927424375545857
701276282
79867416
7080552
3267262818
15614774
2855244022
722589641740660737
15329294
95454377
4536873831
21063595
2670232540
452381206
340146636
714192035176120326
720445314205949952
712628663062106112
54460294
21965432
55413460
360348836
1584500023
474994622
712154840579887104
720776749655670784
709499719345709056
241182891
4867111167
704361110577750016
513316414
2724516962
54086590
705926625930514432
703372083007463424
3219740900
358499705
1957549567
4846870045
4771618942
4430503527
3078719486
4691259085
55957953
3320545346
714105267051364355
3928095387
192048143
2241717492
19636972
107012365
2370270554
4135365027
637050407
703679009297666048
4090756337
4855473743
399907960
708993727289827328
4662797732
3266602596
720978043007844352
266389997
1735661024
714900956014465024
2548753218
335854169
2562154980
22035275
1955132936
702313419651850240
23195603
3402815993
774148549
352963308
2202948090
226595490
2185553479
37153105
2354367164
176336596
3758772193
71387443
705188226827333632
4223251997
749748420
267021306
4708361495
2288010913
3415494767
4765424866
169907554
701432679808499713
525968470
21424216
995212500
4213183510
1613415001
1599562578
2868301364
711146010521767937
3957513999
122397629
519458332
711603301977038852
722481281653673984
711601267030646785
4827286170
143483210
1830452112
709812298769174529
97383592
1350303332
240984102
277125802
2379993587
4651346533
706845290016464896
4567058965
16305848
306924364
70017958
531659443
535639721
634256218
716846319264882688
315207449
718696598671261698
4515014477
39790265
4428047453
382219862
2558821190
23114490
3061797379
85478773
457820209
49870351
1128075277
3980190357
336593448
1241997822
4187388423
63843485
2706281318
3418305370
2613768865
720827301751959552
1096944140
720969330066894848
716801976386920449
4609452674
717354453490249730
2272092822
401380522
4888526439
4511278280
3360388514
360640666
2745921497
704873649162067968
720809762112335873
135577188
4744226312
1905590958
712538590832623616
4594814402
4852650819
3625865482
360805303
4183439921
4728365416
402086889
16710420
715887512632352768
188807646
3239482929
839200800
702275495371546625
322266894
38646221
3647712853
4234882707
72882689
707015054630080512
18491047
713220523677892608
32466500
2845849081
424927514
2957711389
585264569
1263707762
2944758356
391082534
4459242574
39003445
2905947620
4860406902
4702303760
694731966017437696
719959526905094144
174316096
3351097512
25205736
543840793
713408458473639936
249931976
721753029301575680
710280307195387906
712433595042803712
29530235
606033804
379962842
718860830159155204
976664240
18486002
4236584177
3185488506
2579934596
3266173884
708840469816541184
714903361242460160
71720602
716400200152182784
1669405957
3622223535
34428405
422838569
3083467741
2787930629
2967468312
306251996
2341828104
1957558952
4697504730
184987685
705623980959338496
934686774
705814755869470720
3091772680
4870992551
126848897
3113652247
25477701
2696042526
611515325
2202763601
22186690
556736472
3390129334
3101613139
19981155
721782094922317824
3020425427
3674728633
538481859
705187111981465600
100369974
1606194716
231636856
3571808356
721735404248965120
4906180313
702879461461659648
721077157980536833
503585510
467792402
3096896384
2922120687
2559439969
4498781714
4496549793
704158932214943744
3946780887
706835581561651200
258329760
51738464
2796723891
4659513317
246622539
4836715811
281811070
414003816
3772895061
367361136
32416584
63192224
46139600
714575249128423424
326165355
722124721597198337
3062136866
1959741181
852360432
4883801255
4085135908
715799141515927552
3417755386
1849839132
2790704905
315469915
3408791968
3399527523
94436427
2582494435
62870442
710306690730696705
1278967314
2359908872
446423776
2565290466
137827273
361859989
1513826882
718561802787930113
705357735550959617
29714937
196297605
2295394548
3346735799
457338834
713397777758158848
342894187
717296570211962881
28479533
721251893637431296
720166221715521536
164068862
3952233614
3867121932
373403084
429703285
853259838
717940386627514368
37630113
56456529
441251850
21461592
705452397292720128
378792696
46302096
4236041892
86378821
1589531700
550506140
388132177
4885703096
106637776
1467772789
2209914413
3339741249
826608434
58760309
331667528
2596671277
3037368641
2535256447
2757477716
4108548203
711004350513094656
17961649
704119806266630145
4237222877
3273222469
3031942490
23387313
715028636018024449
360364628
3328189319
923885029
1548975014
98047247
860605975
375669510
26652733
705911906930917376
3416505311
3658525515
4475574072
717627639159128064
2735511486
2771406515
720660111161630720
2455824056
269487992
1666214750
52821883
52537626
3308357074
721840906752696324
459974518
3435554675
164820303
385748822
716979021804924930
2294762225
3283723057
3846093279
3038148793
705809022021009408
2850030400
4507853954
4853224563
379225543
715245408461721601
3305657700
2243039978
1435725865
3706069334
89496720
708496183187013632
288455050
119534385
2536003167
74760597
2890287140
21006516
716539470649040896
26876136
400270219
4885278334
4843615563
4214995979
3016055695
721449273410383873
2417748997
717502683146534913
707564824859783168
4002207017
4033576757
2941051091
2394624246
714232216809828352
1367974088
398919818
705748870530138112
3005920144
717838876182581248
98967516
705532607790870528
270636028
9376622
721371169300066304
4615814789
2943780644
1715917358
2501885184
4821315113
721628490018082817
2335992812
21901503
3375673138
3084960565
153283018
4921087510
2967613762
4549550499
83682387
1209684721
4710992167
4769316554
705930018866597888
3315855847
4546277661
2982299110
3013132250
710777163792949249
702056586416553984
194285805
709400080696999936
4001837776
2528896927
3980388806
723215666
721376598012760064
1666309776
2778739732
483588899
10207502
867074707
4875427757
3133569252
3795292154
1106675641
58808978
3181032174
199883469
272963548
14346664
288629888
450062327
711687321008136192
235709466
212302405
4697527465
3267586404
372436704
716305803997630464
708522042
4850378548
521889569
366306258
142015635
270679712
272918023
2638042382
3315412357
613692378
706156588407529473
713454445506523137
855978936
4159160950
26122639
1727699204
1703364902
3376499254
718550672732499968
4870832931
210680724
74303803
3393021191
3411170483
715935575845552128
721133296273502208
125471278
4826875993
490839710
4765664479
703028343751450624
9060812
718157543856451584
3334746869
18723692
45093392
1720816128
719653285095976960
719364387878936576
718714810406285312
561802635
719043862581239808
1537114890
4204157201
458909659
3304625226
1129860534
291506429
700455074758324224
94620467
1332558948
1041079664
177182882
4197484935
3292139469
4862761480
55976150
4171966611
23721998
993036073
1334979337
3285882656
3753356896
159110985
754704091
721319913969725440
571958472
719125463499685888
713212757617696768
115945502
1562937696
415552102
721302338049339392
599181271
1849938847
1185048103
3026610844
719822382647635968
87995697
4509971953
115679629
88168692
797557909
3272248910
4807356134
718927001382477824
791679762
35553557
2716292122
4909427473
3677742792
2305907118
322389129
3290186977
2321302628
704155233853702144
876040219
413312369
52209156
2711569841
1420739510
4686488156
705805045913157634
1446411870
2478940417
61940938
3311525816
716490597746491392
1424105202
4586277075
70883367
3335688374
711784627686387712
3229884629
564947756
18844955
709388957046280192
19403055
3294627524
2695311619
1575689569
3023037872
2540287794
712505673322377216
4416069678
2876347665
76963726
857339838
479156428
704314606429188096
720036695643525120
882442142
48337299
304434668
23110106
703481850300231680
106143948
47657632
112519014
326441040
2863108782
559977174
4291655293
460453341
61885589
3274720530
32861990
713818553443483649
1002962226
717613865
423225038
3415032597
271602903
3256944320
2171352211
1904550620
718300287476363265
40907331
838760262
2808624986
1920400316
2167619705
4384206995
3808891033
400231424
713114000880349185
720087413003956225
716008183077187584
4014536652
2916054140
893856362
207271383
3420965393
1155980622
702903243756564481
320917731
15640075
598008776
40966769
4868300675
378735981
235703548
3059352001
51339157
720344807768363008
34047021
454285679
703332759427796992
956688378
2761248565
2209298587
589511830
349762499
1071896911
718114773297049600
2391736202
258025056
721081786332233730
3302405686
419258159
20029966
2867788713
707327295128772608
4728142435
711816210598510592
25718382
4287786019
36826490
2333020974
76938950
2964323469
183328066
1392359263
4292539453
1282220160
54769979
902045462
1416794803
2493628800
1928226751
50836292
3883154232
2657176416
412914400
3392152409
4192325603
41651551
398349179
3280727766
3530718374
31228313
246578276
1491304592
4828257199
4847434255
235337115
19845077
1157809400
23155102
186278633
711073399569653760
2276438838
310810863
208822341
2317292048
3130728131
449901857
3436973898
1434161089
3481965513
849862741
3247172676
15502432
720759417399078912
67503749
4872502745
900082255
347976255
2963544345
185635130
1617959046
20442820
715826602437902336
385436624
3130178253
64511469
718823260725645314
933693476
708300644487016448
704353017106206721
206077141
721010303622856705
22173790
28133951
158060289
702144086107619328
1214119292
348843547
711589795449864192
3791550193
3102707594
230435960
713099220425658368
349582502
2485550138
2724735427
38644197
720253174410391553
15540107
544686866
162301746
718091657594421248
109960811
3644296515
3529881557
86317143
1338047336
4122056133
4898429954
706601723067015171
513438857
3621958574
701984942612357120
1949701165
33323655
3949818575
31585002
15693450
902366940
4647416124
4108762997
861554198
603708824
148891227
373657768
859125680
97710257
3184490978
701092942274953217
334671539
231023430
4859377717
45446236
715918774080249860
4775556688
715002210631856128
530860625
115679415
3021101578
617761919
3225518754
292590965
930431917
710537246789623809
702694187960049664
710523845870903296
4399418536
1315215290
462143946
167603204
33170847
260209106
525636026
24305174
21587082
2816007016
3041438073
334840399
709059463987073025
551644827
2505217933
2616520477
290097255
785830202
782393876
833963088
832119061
2475024848
506864606
750703231
2169504269
4870565115
1127002070
711921811424870400
3095443449
710887264360865792
1140923334
884304968
245750967
3896051158
4479562812
27789999
364844072
1555331312
3089783026
513826144
718004031327698944
4831072780
103082080
708634288648916992
2923241218
719481916446015489
701329186774847488
3219303120
478004224
1125937411
64357440
712931525533310976
569501495
33810385
714908382725996546
2790188549
2902523838
2830629595
4499382678
701293616304562176
3546630376
719472067481980933
720293777315729409
2884079135
955850684
710566737566011392
632985793
620451650
717499396393291776
284542517
970814600
557444210
720811727256973313
191311509
880237465
25549634
705441494698762240
3146652697
720457489091862532
2207780696
388329857
515154835
629482056
81489699
3905715985
1939110636
3752361681
705125671635394560
260126662
25960025
16135651
707124686769917952
4744232172
2955091368
855832310
21400889
2183565420
895615100
42741327
2187581930
4452263775
706665518044999681
182658585
697963668495953920
2728654492
3283721364
4628073860
701808166917554176
4299954755
49136127
41862980
707345205968527360
4525101569
3161598228
256844923
65007261
3739067240
22795962
2714874518
704812869393768450
2906655619
1270396530
700698868799770625
715237540371046401
42996191
4909168900
2546186313
135247359
3433419609
800445865
719769746330230784
27897429
583122991
3350674221
715308998912815104
2761465057
318752585
706274485
706926987986608128
514718176
4926495803
4885458388
720130950504517632
2383812842
3740513716
197996907
3028986579
3927572774
159447476
2855136498
407130574
502527974
2683938841
94910503
121689892
22179696
42135344
2356792554
32877018
2993449593
450919703
460848476
1641677016
562372370
1259574180
3106534151
4848049753
714275260032364547
356244482
710212758466236416
279612469
3398030380
173606855
717975540368482304
4154089169
537904539
468916175
18906599
27659767
308997977
1316308776
762567518
710959108963176448
25085737
4506956740
718849010849738752
473704565
343751045
4270060828
410170867
717359740259422208
94721499
484999518
4513278821
24785594
1916890742
21651982
206335804
710233887339839488
752052102
115681686
3368733712
2490933968
3643269132
403787129
193460192
4855720452
74610516
720376420057255936
26310407
704720247224475649
22570887
16071643
1222880455
4862289463
20830344
2841405708
2800810057
3081658941
3241596008
108789800
708675546000007168
2287887180
719204518907371520
3023691432
1339060338
709882746995277824
898736670
1242769566
249504637
282694449
3222911258
274891222
167958868
2484882792
3017752532
48372776
4909663939
2478015324
2716269940
3310636689
709405990211325952
1912292184
4867884322
65664245
1657380866
4808999154
713070919913246720
24081461
720394553518260225
1893836046
51757492
709401879906816000
3304455363
701277152201805824
3675016697
3344562192
4729327575
44901486
713742206591438848
1438943570
2202371624
46190093
65020791
710272012766281728
3720737542
3089040558
718136291951525888
720287751120093184
4909691868
712627650846523393
718202454907555840
704326491719364608
703376605876461568
480500298
3102061236
73119923
2444406362
3224850985
2810850490
713881619153575936
79646958
896972016
3646197209
93506338
2576906394
703661055835136000
157851432
129943310
701329970652647425
946406934
2903166449
3138486678
3911057572
711942406682370048
707659302253809667
720316299570614275
700661366064095232
109192303
3285819409
703747970756427780
706497980518498306
525641456
3950586455
4170920232
3685247237
711211955487252481
2789826107
60467856
34755858
18993272
274556937
542986589
719974159183286272
3422158725
60784269
484229824
704692489110876161
32495439
48088063
325100402
712972369971642368
711312929153486849
57521457
4705591369
368947633
3427099624
3312516276
264732561
905457379
389031071
32452446
711978275577405440
2686561322
4918821902
709383367129636864
14241002
702038489253158912
705192824375869440
2604374739
211369803
705490933245149186
949707872
718161576725987329
1065869268
4416217393
542047708
3958215027
4861660360
707007395487158272
705212431941787649
261749735
707350543362949120
40061626
705552649765175297
3086873664
3956843413
3063625066
872786449
1424470393
3950174721
4795471756
2166712563
3995952972
706194365337595904
49431169
21634278
28534205
2897775614
826537184
2777081299
2874359694
2287603225
710994861831249920
62836855
708803925504348161
705514306813571072
709150271050530817
25842388
4520721863
705607866552463360
16567834
3319254798
3031838684
596591919
29113206
150422835
45154341
46808996
705585635919200256
624850881
703583287483244544
2766354883
4584059913
2208095516
185425059
706232376519761922
3837213803
713407494916276224
715177217207234560
1717464030
4247198123
842374393
559656338
1093307340
634595966
17109615
3911139081
3347497853
3285098839
39606279
39925148
49452556
182444924
184628546
199368416
222974563
399037297
406483952
454584403
862831734
2236929962
2975602937
3093907031
3148545679
3309422527
3811615161
4230652702
4267265183
4391525236
4547869279
4872612725
702641876294209536
706361107649155073
707565494300114944
710920492354416640
712690051201695744
715744258473394177
717703163520782337
154939738
719189266975297542
463217851
3324614036
2506247172
703012235338186752
2508454376
2918929403
2926464862
3386489174
3406224915
3795821783
4463149992
719695504792281088
413430640
323331530
23391600
149252376
381108914
457973298
1157324904
1433427858
2478736706
2581758266
2753238146
3360131914
3379125117
3701618555
3809379317
3885497892
3955759513
4326490694
4813881008
712347428909883396
712495647857844224
717490787265564672
1542335869
68173937
3023863007
719690579395928064
710998180117159937
2223064093
3317212730
97285407
566975554
709889869544341504
3642515717
717419223710978048
706973116476612608
2271813558
279134171
407490941
716482854062919681
705117240736288769
4795234873
4320068063
3769782916
3728387475
3302017177
3178355009
400161309
168242807
60996791
12980002
50359669
259349567
719722758737960960
50302324
708227058393030656
2450840197
4422984375
845690522
1350989725
699041218567741440
32207020
3253946096
2988373721
56449803
47900566
3884598859
190878483
3028415961
466144416
263758004
4105765714
3317287716
4430536468
704461995643375617
3390424043
3974665634
4498771938
1027809378
3330557069
2720435311
704403215127674881
19786336
4735284493
596552712
1407446556
713925255828353024
4018072392
3277495507
4262087414
2417844248
4822119385
2922237746
711763281447268357
3424489361
4875977234
437301407
3110905846
2246040793
2898636656
4796707521
2205261256
4372832836
218193050
4908742273
2567146231
707980992569413633
700286457
931979174
705796417390923777
3384930639
4048813457
4889379645
412780348
4902508971
702628810483765249
3193691988
3405669239
3426598513
4283782033
3404611078
2939986767
705804187221807104
3025858443
27695678
4785202752
3946915763
3539369717
518160684
3225760870
3408977751
4836393909
711649223427563520
3951491722
3830912607
3007163826
4501498394
4417558281
3824278154
1343305784
3364716815
711119933992665089
864927037
710957001912688640
4190307435
480074801
705557162265845760
3310011989
2496678396
711013678070370305
705443933199814656
3396541371
4905922076
36501344
705108555288985601
2760050529
4703755045
2812638431
89475542
875097295
706356777869180929
711438517163859968
3750265342
710877566748512257
602954914
151633598
4501660992
4292036594
3392941000
3756112462
4514294352
719201186646212608
4389666737
711019979504807936
482077328
701541169084248064
25268310
4114836339
711190717264207873
4768875064
258240944
4856026475
43713179
777088074
4905645177
4749272904
4458012807
703685327882289152
833446135
4906853915
2851367065
3033669203
2174509045
3197771281
715172976963022852
388441407
4848127139
4839433331
3950240957
4154041574
711737133900419072
48887254
706253966187712512
713833593148215296
204298054
708063091418763264
165783048
1491573812
3321777673
4064981488
714522046911229952
697482278151172096
4832280332
704682505052422144
1024109838
4868067065
41919896
2757640832
232412669
4775336477
706170317438324736
4308537982
2853443310
714259748976242688
582414063
1300289576
3380031165
703318843385585664
906803460
1172892373
706685756870430720
710597394606329856
4205258952
3308456017
715088148682948608
2227231045
719270311204507648
3139573608
718958773474369537
717879554165972992
4500900136
709018942904340480
4809178566
3434421484
714444080499929088
28673900
718244298991497216
4855330798
700146558231322624
705961747157397505
701682077314355200
1618641848
718466041446277120
711738297278734336
17453602
4735616514
314547496
705129723194580992
2376185485
862318100
42125700
703674708374323200
718834655441657858
2674565779
74381900
40102509
716745243719131137
4872157347
234061294
173119648
20897273
1306331118
705446574328057856
78194344
1564145948
2846587578
19236097
3095807927
709492573421764608
716699339620556800
389188265
245990733
3020455940
909429824
3866498956
35372757
1499413717
717251722415095809
61049859
718762518978682880
716379642475651072
4899798089
712772376870522880
2282028409
3528392414
718448443610390530
163340416
716030399579860992
4858336276
3888783973
3750530114
4214489914
4795373414
696160650108645376
3288439464
1232348810
38338408
703407696809238528
716329530516967426
717820719942356994
257643702
2287098936
525798913
395390955
94607882
330508065
190589983
31579226
342999231
4764896281
750915709
1613072618
192538987
4865162691
4760112923
3152182926
519960552
912720674
594233612
449110269
2960687115
4692040309
706558548537270272
4832393140
74236071
4751570748
4360221673
2416617475
1351385318
4608275234
710639096431927296
23084977
347627434
716946952764522497
3885976940
1862373380
249877728
2874640793
18161620
2660080975
33579552
314287177
2354199187
3271255423
4194326488
4496497823
2793018356
3951613228
714860245378412544
3296504462
706626578122289153
17563445
198320129
184780576
714944863502880768
709175213439627264
397153645
35852232
3374464498
2852973303
3351333867
3273770852
2591708060
696724741806231554
57058641
4873283560
1348346059
395693272
197291419
3239293758
790777848
4875661042
717044648464613376
2200632405
3053280354
4777108350
157034798
3055319153
3990358228
4906740262
91632753
710759123743170560
2828926486
1157497063
362691245
175344840
4500337213
3517723337
3015801779
715645679612375041
709497411144523776
24544802
309418741
3015769804
2939039055
3329888266
3808196833
57603422
702951810680524800
25629880
48222741
3284680262
701979026089324545
4057854497
3951178401
4851276082
708760286824697856
4165642155
4553599515
4787266529
4766167781
4851732400
4340433312
705424631843459072
713286153907138560
298600255
3233623436
4214456477
342521658
2987281987
557840546
1928043908
715548600584048641
23691853
1101362138
4021000228
2393063119
203295645
435509701
4798701630
718139901
2920141108
714876891899932672
18248053
713445404847824897
335500572
380390211
1007990689
550987205
379314159
4857577607
3281910150
127499705
4825511490
701570150508539904
223719518
713016293872549888
276749860
4703317886
3861733523
142715397
3186367279
4910168507
88195539
704015377366433794
3950481494
3957920723
474679167
1598061848
713027853583912960
2794719021
3460584503
3580385187
708682067232628736
702195766459310080
86974669
2887593005
3171817168
2937602114
3960275320
44382195
4345523654
383314897
3914640494
714599728407822336
26025527
218006318
1337093174
206944320
2385661086
28491204
27686229
4700004686
716353105269432320
4421652856
4376979677
24823987
4845638219
717719872428515328
710844442907910148
4815061605
3016501992
4857949199
3249481215
3518608815
715204731782561793
705607680145149952
892067119
2368624716
4794654191
19341224
322890279
709973321811677184
3291556676
4624500980
860812802
247787318
701787351261933569
167924087
3309052040
4694901331
2529818413
2292492709
4715923693
711903856154775552
785641237
303892169
121656624
65455370
2820675258
717950516496445440
3711628096
716466583812440065
4861280291
3356152332
3185626787
717864169190596608
733326702
20606171
250877544
716925401860284416
4520807657
3906603977
716769275604807680
3416488763
4876162073
479104121
4893845362
1473432980
17723632
710502884639526912
713768020284301312
4413078313
4765364386
2886685873
74672763
3440895073
2472987812
787981196
3441667696
2461452080
18085109
4895361413
705103783047598080
4890187717
696911869156708355
3886472352
33270656
218318227
705119410139168768
120025039
574374558
708849462186147840
50934748
1216737787
4799556991
3557212097
793880558
772505262
713233997023674369
703402447541153792
705529400012492800
3419425174
2906973191
4854449571
884413560
1351095835
4510849520
705498380739452928
4822842671
703313838586761216
717868898876526592
94522087
33267348
4102376488
705435996876312576
3288598806
903377622
701928621854760961
3060388144
72426152
3306240758
884631404
4781576424
717184051640082432
4756017559
57982881
3887097506
4801196514
227410667
705440373825474560
709046708571738112
4062127273
2647845984
4784596178
4910340778
3313043539
4837004436
2958201126
521099168
708697173689413632
2219308640
2590239104
1002252854
283749703
4839567549
79174205
704041886089084928
705902960967094272
147050546
705452090227687424
4182380774
619345580
715000797017165824
706692222473752576
708391853251428352
1251812930
347411113
706248927712927749
4827146067
3192848121
709470894310236165
703990775223169025
1977419539
3309884754
3923899456
3309169489
702201145003913216
1191779618
710089737453887488
2973794439
3314535722
2588109960
3836008983
704672129686638592
3405633784
709524373363924992
2952719616
3389073989
4186208238
49518404
3919134861
702733529965326336
710546960697139200
3719273056
706186209949712384
3290225825
3419210573
58203678
552495441
421563060
2596359046
717750470559797249
70156027
412864943
4854560182
16004747
563280248
710990834972233728
712107981144461313
4708379511
4235375603
407062584
3352851734
2244076185
4857129334
874881852
4840251022
208083510
336638653
2345400449
714307238546919426
4235632753
708503044057530368
1725530989
715496304777015296
1105527368
3438614458
1494835716
4914539795
22542822
44160060
56089093
3337133659
375864094
4362669012
714202855666794496
4114148242
713002170757550080
3808350372
4596353294
716643597827883013
4691189473
3406706536
860850590
908203088
860691823
19777469
3452957836
273287404
2736962849
39674993
392479429
4660013206
707718853
3277814538
716178360284684288
93104217
2975468251
708039673684295680
713611018719473664
3589992012
3407890707
709701668737196032
173596456
709017407323385857
3309128594
4761064634
82921979
853604239
3709245494
443304640
2319339266
1551435109
3424711689
44135635
67003795
829735580
707466340840423424
2945894964
3411140663
3419294291
710546190744612865
710546614277033984
708382150790397957
710546889788227589
710545764766900224
711393889731657732
406978288
16703058
4765317775
703742381682761728
2264219560
4039285755
615436489
4752077082
2278092024
3185966072
494278053
4426982894
4368756612
3682872735
3513135613
3247490394
25830498
3323307057
3366028461
227516842
3192513738
3318416972
37479421
3118509036
2796816650
3243003058
3484565358
3575348722
3400608328
3452667802
306020651
866576136
1180186740
14469397
3385773329
2218566966
3374226478
3365120381
3266254778
2571662473
16171595
775216147
3208396095
3301148806
225137857
403672554
377925880
627427822
3245450537
3302862298
1940180088
833795767
3160947154
3145901009
3099782510
3068353418
1281929636
2971530108
2799607595
2553037687
2853493520
69643988
21094636
2820189138
34453761
586712781
2744757285
2711957726
1575882338
2688676598
2730123113
2445669000
292682769
50341881
1376713422
2592037549
2573938670
2548726866
2563606660
1541619469
2480888472
2318453174
2331161911
1834859731
611895455
2354125358
13256882
1149750614
97509705
33794890
2327204398
243987640
2327575867
2308608318
1169414126
142816388
556771109
2263024045
2238202994
2238014107
42802540
1849618838
1697075766
473621887
249837875
64742342
562729663
1949998818
753361909
1583657755
1560589382
1543720334
1150750909
1512309144
1477839222
1049806242
40336494
1400117868
75149543
1357699482
113119232
496380021
1258826767
1260538208
1260977814
1244999911
327159763
339361985
42804538
226205342
623105934
18757367
95576182
38732619
45659652
1087331394
731193589
635542788
614291263
591452957
500326030
243113895
82261374
14788095
855193250
894456283
32808964
15076078
840926540
855879943
412564384
823357760
26605546
753689936
757926158
708222312
742921537
70307866
237891482
636630477
370206437
633976419
35524334
606746991
384049603
212066025
251184030
260295501
606019343
607306656
177518755
596954753
173942317
17446897
574930903
27122868
311989781
437758892
176292518
533381967
521618700
374675645
457091033
435311029
412248184
41049585
22179997
90990199
269459146
268641088
47489420
224319356
231657555
213595511
201544370
194803135
198802507
187046312
93709225
36626017
178799728
66912967
142368470
125974034
80671329
169626306
152340030
144407745
141220806
135976800
164371016
30031625
138267842
39441071
130188574
147529450
140107912
116695513
114825610
134240024
142358252
152006996
154208357
44374690
66761821
156514963
154088085
122199096
136855548
155379643
155826415
37270276
83979674
29500219
55078599
36372827
38601532
151809328
17802972
137882793
149363402
151813325
124504002
141732140
116720778
145797219
70608345
150189619
58899601
36999049
28575605
121344230
71618628
55951358
52247744
49129488
48846745
38543176
42847819
