725273469227831296
4856943017
724768252539326465
720866599851282432
3907449674
726230132642435072
2387632502
708429276987723776
720021758888153088
726192174388285440
724348602055688192
3185156972
2650073370
3525983597
1097170634
3226246281
725327637376319493
1653473016
724970988463509504
725864426335686656
324875807
4848719212
201873612
713148414410801152
726167390220853252
725863279457759233
726176533220577282
706303251000332288
725258176887701504
725633517749592064
726284591619821568
1649454571
726231114357047296
726267484052033536
726228490178183168
694950997014159360
726229296340172800
726225874253697024
3237042739
590518282
708245623766523908
724568449981227008
726227669713477632
726218245737422848
108543324
726065536132489216
725918644098584577
726225314653700096
726229627174154241
725904990242398211
1705643179
713233390527516672
725759908319219712
726229749195005953
4207986014
726228551117201408
725736354861203456
726163112269750272
726231135869521920
710656868729823234
725924851907596288
726229157575794688
726185646230884352
4852029399
726228576542945280
726229702373957632
3142509578
726229484442140672
726228430942035968
725902374263382018
726230326792445953
726175911704416256
4368015672
726224194850164736
712910644249493504
726228583513878529
726230633291374592
726230332912091136
4376456901
726225665972916225
726228308954738688
3137909508
726230184718942209
726231540108128256
25748072
2781260905
726230185196965888
726211926913511424
726229912730914816
726191484026912768
331269481
726223759590346752
725491959184257024
726157749114028032
725818911782899712
3298572119
724773246076248064
709410908028559360
725861634628050945
725782767947120641
717027109802287106
2760778563
721859302756126721
4912530620
546687689
711958011691065344
713568519288258561
721177284086861824
725419529648660480
3054152202
67487627
725757459776708608
293718395
725207531258138624
2885877505
711372807389708289
116804856
725900317271810048
4912402273
1650643838
20391545
113168582
722582350308069376
3046903142
17984489
4831342163
725865153074339840
725863735412273152
251634768
3246787672
708278986623819776
3107027765
4883510308
2499516114
993215209
473542957
2453573383
4315260742
233281294
48514231
725440269986861056
724965590419415041
2817833970
722614507411877888
2191322815
706744709595557888
725228538023010305
720938908935032832
2973271091
3533919016
723848766575489025
4865218030
721967496
724783357419081730
725203977416011776
724774113856741376
704099741009911809
725864326075179012
4312433832
1656493574
433565713
2884641487
4415680048
1237158950
3187776888
4527370845
128925419
2854167024
114370584
4004279013
3219676254
511647590
2341360836
2787814815
4911745961
3561023205
4751300847
542607337
725476706899750912
1152206401
251802530
725858373866950657
725862749490704384
704820809248800768
231870147
722994289513402368
4465796544
725812819057242113
586160252
725855348012130304
725866135615238144
725863929201618945
705251752509968386
718625412591411200
4447223294
725861023379394560
725854595461697537
913851590
2811722759
2802620287
718987165963825152
725864472548515840
4763268915
2850717601
326951148
3001595159
725846468565803019
724784571460378624
725652795240505344
725864353900167169
3290049125
724803708035301376
725865895382261760
719951887450185730
725863034388942849
725862674794450944
725861721651343360
725863418553475072
721450015
592855669
725862944685223936
725865183067828224
724537037466935298
725853629492637696
4638627569
747871274
711974895526129664
2260598314
718433734970765313
4164722054
4856947488
3249160860
725776399139770368
4370930664
724770011261358080
724769983478259713
2912284262
721419610315042816
33902224
703563767330840576
405761171
725176658387427333
2634953605
717169122992373762
725437153501663233
724059100976283648
2692948083
2986747256
721396909559062528
724983418589601792
708339153092513793
722805407303905280
725444139513323520
724537594801999873
725246086210801664
4668118154
725032109669113857
717740783743344640
725206956542144512
3688288583
725367602642575361
1496427607
4690370065
723663579895881728
725207385283776513
714276199485210628
717786915605454849
725253253508767744
3371396433
2969584426
725329230893092864
720427453991129088
4407948913
725205341676425216
725451404219957252
701473658242359296
725161659766071297
725258956826763265
725445948512559105
714783739
1167180308
725501431449419776
725494701357309952
722476138702905344
724406698719481860
724514078543241216
1858828098
88535125
725076642767458304
725483994930925568
725344143342505985
724788765097484288
725455985133887489
3307263394
2501002193
725204135025512448
724120162660536321
4455940595
138920089
725502522144788480
3309258420
716298808712245248
911290122
725501887206707200
4698555158
725494763009384449
225040624
724774350067372032
725506460713623553
725502818052763648
4685899981
725507068480884736
2274998065
258057799
265668224
195549164
1049244008
725484107824656385
725492788452798464
4923731127
1126675999
340784856
3361813551
1909534483
2230319065
724710668088156160
2816310147
725485695591178240
4836921887
304227652
338393417
725488558081978368
886488307
725329870243418112
3229287764
713080778687647748
725126944421892097
725439173369421824
2859110736
725498287659343873
725500200337432577
725499627307409408
2494662108
725437877908324355
714191059295858688
725197505361772544
995715739
713767604020711425
724055601345523713
84779274
724412090463715328
723447669931134976
724405590412300289
713966406681759744
723684337724608512
2566340030
723661241382768641
725206036647301120
724769973621526529
37153105
2604912682
723898224851968000
724888778729463808
710255673037209601
156899982
4026847400
724772280014884864
719517485507194880
725122777255170049
2743947281
3004272136
725184277902725122
713352755193200641
3336671175
725047145032749059
725205857701515264
725149372812525569
725202134208106496
723146808717799424
725203745504563200
328537685
708152166553247744
725198858750443520
713922251825893376
712395006439362560
725203738881728512
2192206754
703118420959563776
4742417790
1044962868
703174295376105472
717200055430684672
723598619971039234
725205361364492288
725203670237749249
725205324987285504
725205581062111232
723146253387730945
725207306690916352
1870735416
725208020217536512
96654007
723323699433107456
358808884
716369681620148224
3418935619
725203298794397696
725203372291284992
2988919318
1402619509
2791831761
723646898750525440
700780089458307072
2366875354
3282589712
3593365932
517062742
716874867816005632
21621333
724774379163291648
725135785536589824
724382291754135552
4857529965
725136091943051265
725135059947237379
725132781290921984
4657710287
705955041413234689
725135207276253184
725134804598022144
725135506426589184
725132811368280064
720166508333129729
724401733913436161
4288881221
725121965678321665
4863863652
831393974
4881967270
724344662626983936
4920214241
718764148843122688
3289408863
724023928323117057
479953148
264017478
724774506737229824
2197173444
724258755559460866
723997660881940480
4245154159
713269573387165696
713444016503783424
600529008
724709599786479616
724774531986911233
717773294682832896
724770166303657985
3058688497
715134107186016256
709980317013172225
3910722573
4867381875
2745873609
718663488432766978
582679358
3140991277
3764598137
2765050719
714079898780852225
1186308073
724408635573604352
4743782960
711122598566825984
43467630
723420913371226113
716687440862253056
724332689306849282
724752637074137088
724409329797877760
2874597762
709561456774123520
3193813885
3282665700
724768155168464896
717835128542629891
430727193
724774073104920576
707031412155752448
704656312441958400
724772640972410880
724779638615105536
2225875357
3092457432
724774603592081408
4839523611
724766795190644737
2161855022
179206913
724772583745290241
724770481207812096
724414939763466240
724776045375688705
724773512653594624
2948360437
724773254649409538
724770907051442176
72193432
724775202568192000
724769501137506304
723653386902638594
724773603489636353
724767744814665728
724774813634428928
724774006977626113
723994085963362304
721459209858985984
720273876685430784
724774316525666304
724775305995497472
4918661651
724766921346809856
724774276696444929
724579401837346817
724774191459893248
724773247758168065
111257039
717444226431193089
724770059596374016
724774392866156544
724774499430838272
4870488499
724771021220368384
718364794508742657
724766007273902080
724764464654999552
471896402
724761826009849856
3940903618
724733614198427649
724758238390931457
723837645386702848
724321066387017728
3130567797
3098518304
564553928
4151267129
723823885947379713
724030698751930369
15828537
724672681660940288
724405744578101248
724216859130626053
713806627942608900
723534405805981697
724646661167919105
1012620739
2812404403
740394500
724399832547254273
715584373030985728
724280753220124672
724454175359283200
715949362891743234
724401089810931714
724407828962775040
2742314082
719887558663135233
273910302
724407910567129088
723401464295489536
298949391
724485625139859457
4571007352
721071774520225792
546263033
713519923658514432
724341358807404545
584307004
723816256252596224
724501956610260992
3084813996
718999344158867457
58115248
2451642420
724261909638180864
724407134281076737
3166250860
2879963656
724407329718960128
723071156
724074990497226754
723764446359756800
2989269842
724425045708136448
724408057925529601
724406147319394304
3594105854
724408967879897089
724420384624242688
724402350585061376
724417977613955074
4516332372
724407315387035648
2898757678
720474281092726785
724416026364895232
724408928897888256
719605931152117760
724392428208312320
3331239521
3005162593
724407345917231104
724395741486047232
918407689
717932260914114560
165974984
724364516696424449
279417383
724402888961843201
724406171562594304
724403855665074176
723420969264504832
718074968660185088
2495528461
724400263096852485
3087651091
724233339608014849
724410710189584386
3285155474
724411155599515648
724337279360184321
724397637097664512
724367769001701377
2250672321
716478528028549120
724320273487548420
724408206181695488
721863345914060800
4409627440
2799430606
724277700995735553
724407771295264769
718645965327089664
4008653234
724110499181289472
724352877129535488
724073695677931520
724404596706152449
724408338604130305
724408401569165316
3291017472
724409596530593793
724407165197389825
720800999229665280
3449226256
724403665600163840
721750743250767873
724394047155122176
724393975063310336
720872948987355136
715159433475670016
724263254357250049
724257694735945728
719366425366904832
723441372980596736
723023263471820802
723447646539661312
722407148576047105
723834579694563328
723444341973217280
724165569386295296
723037718255570944
723461561143037953
3260773751
723837873875738624
1316093317
3583440795
711482240400633856
723661089355927552
724044692095131648
3092759130
700413424170172416
718758816477683713
711860375537356801
719529208821587969
1665162240
3238458571
295150874
3399300207
597251000
334921801
723770097559588865
723969779686584320
723964153858265088
272786993
723822908431319040
524539875
4092198314
3003475113
193857179
527623593
145201371
150519839
723830764983427072
709489304
722760592717717504
723832443380191233
962617422
722887867064852480
711198909385809920
723831316316340224
723442704328187904
723838258703118337
1191897109
723836432071143426
723536470124953600
723832311553380352
723835973050748928
2459622900
723837387000799233
723429210342064128
723832415043653632
386533724
723827116685574145
865314128
2200379681
723833151940763649
723781025545916416
723819911232032768
723825945430228992
3150737649
3139750344
723838461279531008
723831000866783232
1236573500
723826405306306560
723833039059451908
723836629018923008
723159101308571648
723837657814577152
3976084873
723835809288212481
723838107058102272
723837842217119744
4614057753
723219459683418112
3186828685
723834707830538240
723828152255037440
719152152506208256
723833409097719808
710506331493560321
357411726
4554705914
723831070928584704
723831157826183169
723832321661497344
723807861990690816
723391214746132480
723834062914347009
3044331295
723835669978685440
2427592658
723482047608700928
4841967333
2185666440
3312140666
723083589085237248
723696182585790464
703316168191385600
4052348232
722766480694063104
39412458
957611654
723444300747403265
722794282084532226
723496187706413056
723135419097862145
539919381
723436041357549569
723090282250534913
779464368
721653955055366144
360621564
723447791691788289
723450773720301568
719900045739499520
39690799
717447451657961472
723488960903700480
1104549763
723409290157953024
4000831258
723400089188716544
3350166683
723445690374991872
4850962816
1957251451
706194306940461060
699174453591150592
721762968233492480
722894990414888960
2202830665
723129679025041408
723075212179169281
723437181797179393
723130376164511745
722845997790019584
6181392
708265806531051520
722946846012760065
723159072439050241
722406822351646720
710632911058374656
723156173281615873
712773417804562432
723368784803680256
712048475119226881
723449353092755457
723438697106960385
723452210961510400
718858567609163776
723361704080347138
723453090653822976
3319514950
4807772420
723448827374649344
3352724239
701367911399600128
454863952
705092944982708228
723440444416266241
723445428822241280
2895365890
719475414704529408
2904517043
723448389518516224
723447175460454400
714091434819907584
723451812884291585
723446302382657536
723447426732814336
615199370
723450837335457792
723450229022855170
2218028247
716879583363014656
712551811467591680
1372397929
3387983128
723452221740847104
723452641959763968
723449453793841153
723447579699093505
723452952975826944
723449839531470848
723452797883043840
2696194286
723452659882037248
723440530764357633
723451213803442177
723448596234903552
723442832745230336
723452454629568512
723440415119036416
3280906964
723145947233038336
1037452634
723448283905957892
720050528168894464
723227291736743938
723436842985496576
578300430
4855510258
2676087745
1175101111
712047587587661826
723429194454040577
4222282454
723451339766898688
723449451168174084
722835804377231361
720193187948703744
723448666757849088
723449458575331328
723447244913958912
723450194696790016
2175546958
723448476881838080
723444574526402561
723434434800701442
723069168153579520
4156177335
4876162073
2318030851
719424563063304192
705370398729199616
2652768198
4664080632
716299804876390400
719165022371336192
723083859974180865
723179577061740544
721824182359756800
221575166
721340879756111876
723157153670815747
443137699
4281694518
722088706589532165
1027218133
723266517970894853
3434665204
722795654297231360
327876289
721835247474774020
213376424
290735788
721762106014638082
718967777264930817
723158603016888320
234093893
723084452730036224
715473717011165185
181190990
3392477715
1225275666
31476157
4875112882
1307208450
723085197378478080
2577992239
539371475
4788845803
3864347956
723157458475167745
723157137069879296
132926743
2342763606
723159624904372226
1640447616
723160521747243008
723158160333099008
722649262773956610
723159254748684288
723136287046160384
723157314866319365
722520480767303680
723156468699127808
722476803986743296
4842510316
723156844840140804
723127398884057088
701074531960668161
2958576214
1597355731
723152521531936769
718453239763574784
4890495741
722370366350340096
723136538238820352
723135952764293120
723066882601836544
720200281317863424
723133939414519809
723136068279799808
1506933752
723135311522500608
723136444252868608
718614033969123328
707509857302106113
721991253173342208
722452912866111488
723083732458987520
4811877557
723080264788807680
3107521810
2373573644
185615317
721341676451532801
723082894839787520
723083967721779200
723084240414498816
4073438440
722385674394083329
723084920684437504
723081988010336256
723085707997106176
723083297702580224
2725292690
723037570016256000
723084508904349701
718967782046478337
723081540612292608
722797605315436545
723055342976942080
3235017265
2184267048
719219871775662080
1038362534
712702907276201987
722485546002563072
3259126782
722390497474572288
722453262499061760
4510260748
710830189027205120
708534003121324032
253754914
722787000047120386
722794752861536256
722797967623778304
722798764331675648
721856729550495745
722799253886775296
721750828848189440
722797754431328256
722798202295029762
4621175537
722798069654360064
722798317306925056
722794667398422528
722799037464883200
722798157046923264
722784623554527232
538613407
284279226
536562819
481446791
1046607578
717128329950838784
245114747
720506180322398209
169376456
722422948955623424
903377622
719738253260230656
2803416044
722421636335415297
1640747809
722419329912811520
3027325493
458852339
722417549065854976
718960174921347072
720217260690968576
720391546009288704
704207304749674496
2533497320
4752799995
722419723892174849
163745140
1037323686
1122976417
373064710
722414891332694016
1036778738
3417289473
2451912543
722422070739673088
722395231421902848
722423171337560064
2475614723
710649201563189249
722403875064573952
272536587
720006547166904321
722420651965947904
722414020276260864
704792841369870336
722412615020859392
722422184753438720
718495528095522816
719122200649986048
722411548421959680
722420687621746688
718131726204076032
722405448607883264
722422398004379649
722422297999622144
721785427548631040
722418879805419520
2849658907
722423355446460416
3306975858
722422223198429184
2651284024
722413352165572609
722423092241428480
722421986559934464
709780470519750657
708278378017718272
722188234659393536
722417957897420800
722420310818086912
2322131287
722410291804246019
722421005113810944
712049225413091328
722411717930663937
722422815773847552
717767653469736960
703571629612388352
722413454783422464
722360839072837632
2207629250
722417022714388480
722419112371228672
4620019634
713373066567499776
714475073659412480
720937467692457984
3759094452
705039782515249152
4718690516
18291517
721716304797900800
722050891755356160
719152787054006273
717429452762955776
721670123011096576
713104546537451521
720126818787934210
319537089
1588220106
2389068169
722049694570909696
722002726134145024
722020151999143936
717150418661466116
722041740157263872
2356888391
596141844
4320259349
721460464786350084
2784656146
722047904605609986
878148144
171765490
701809175966437376
721556009387442177
722049593488216064
722092336923152384
720872606216232962
327489260
719521624131825664
265789533
2825836013
719899445576540162
4800608455
852360432
721661629520310273
721991104682467328
2808513524
2989769064
708514713139679233
1046709565
721855077321961473
722112294239342594
713860800738365440
2264300107
703588642560851969
722039180667260928
76295423
722022821950529537
237047846
719534533775921152
715172617351741440
715321892085841921
721295072466182144
2895266273
721723874765848576
722028345676804097
721937422917873664
721053854687698944
3426892307
3289778925
722049454270849024
706844624548208640
722052293525389312
720825549870923777
722022213134655488
722025881363996672
721755931432759296
4637024247
722051786677293056
722038074247491584
722041329811763200
3419327354
721677933249695745
2163189834
4905815026
3103278875
3800152575
717271305184088064
722051924892192768
722042598660141056
722043862043267073
24806165
699494318310973441
3238672853
722036862035083264
1880662926
714942840913182720
3062269136
722050601413185538
721282496789409792
722053328084058112
722052755330842625
722051989794754562
719497934614700033
722052335019638784
722051365950783489
705387231586992128
721598722962907136
614010373
721909790004260864
722052486547292161
719796399471243264
722049871092531201
722050725551939584
722041429648736256
2904991823
704576670951411713
722043167864958976
721719700569370628
722051741882011648
722019188806516737
722004398151450625
722047452635918337
722048710503366657
721609832533463040
244638930
3284367307
722048897380524032
721978929737805824
1614924421
722021336483102720
719293188071112704
1962331872
721975806285766656
183810816
722024912043511808
721887172169572353
721886780157517824
717898536818487296
722028478586056704
721981751300476930
1249238042
720316100722958336
722021847064162304
721997550614478848
722025182487928832
314720998
722022629209731072
3247099526
4441513233
722027679143211008
3251240797
722026741993246720
2199645325
716614289893642240
2382616801
4341407954
1014835434
715167745331957760
721115261059932164
719649335978369025
4660140355
719210939615043584
719898850920497153
30399582
110676659
847002350
721669329666723840
4919072385
721674074724954112
721670002080923648
710147990720278528
707952633756184576
2737004277
721300100991946752
710305147964895232
4615213937
721604912455417856
721453461674541057
262323549
4876204602
344334764
719061844820754432
23712696
721666292936081409
721712532206055424
718160223417069568
721712730344849408
721713141869113346
701318330783674368
721712280170328064
721711970597081088
721673598008733697
717040787922534400
720028020078153728
4900766776
4902032709
721674412349661189
721674750569902080
4644673002
721670120255270912
721670962110984192
721680432283181056
721677140337373187
720817974848974849
721650079464103936
721673473425285120
721677485851688960
721677865318793219
721675684196712449
721664185898119168
912206564
708993727289827328
721670086495318017
721673491452456960
721676096513581056
721672679963697152
2195395569
4894440819
1047359731
3353440759
721660468889133056
4537593320
582687460
4737881667
3401732475
3412209568
701798724687831040
3101374492
720912155743117312
717186945630121985
701433970676920321
720939547731709953
719205205997436929
715870902181728256
122478448
4547869279
614843776
701587642295648256
321297716
720074969879810048
721435204527779840
714463349728223233
720877287701282816
2490501234
701380116065218560
489571981
2628760444
721418135233040384
3494367328
721048905878667265
718796941761581056
4725324355
4895462051
1748184102
720172067354755072
39747067
720831807927623681
2889633664
4793100975
215976090
2892818151
720381022295044097
699209109204307968
708910792448475136
701237070505734145
69356842
720997172796198912
4232753176
2689710062
3077694011
715316871805808641
717639958434082816
4217923512
720280774554087424
3234072240
720790972875939844
1283959658
4897291922
703961421449732097
334834714
4867706907
191379157
839704586
720597826896588800
721299774914306048
3714499333
2169592765
1483044570
720646186303143936
2925048079
719070313082781700
3434929732
716206085057744896
4841415987
717370682590498817
708320140270641152
1522490833
721304569020596224
2425767438
721297560388956160
3094944077
4843503199
1858917014
531120319
589035020
134736146
1371539718
717425035699437569
1235999220
721247534748934144
720941990368645121
721173341021675521
720735022047764480
721303988994486272
721304021395443713
721305194747797504
3197610036
721305389493399552
708663716804497408
3227371347
1579769053
3337177392
2541826472
703222925579591685
703633846756098048
2481004295
1958314122
431118923
721298383353311232
721299180162052096
721296235156647936
4191542774
2572496868
256502993
709086771548704769
717301976657211392
56948920
2887271750
720939750300000257
320917731
720937846002032640
720924666328588290
702690399027109892
708199092132794368
2783281757
37001475
310660918
134253935
4715975356
2217567715
709696828912979968
3422850435
720729164492312576
552974473
31228313
720491578578583554
80828223
716745168125341697
4116385461
4833392027
551303497
2424470316
84617534
720980512928608256
719542320950034432
1046580804
720828078096658433
3300643571
3170798691
1577985102
718802569808756740
717184903390044160
3083449346
702766320299991040
44025923
18906599
720939911201890304
720938563668344832
719885803162361856
720933274999222273
720313850256490496
320669329
720917229726867456
2266784384
720901275588653056
2912727837
3306216581
720938647445327873
251047427
4925208159
714142453456986112
701921893616640000
720932553511825408
719084888134180864
702656987121713153
720948578743689216
720940900218757121
720629005565579264
720939976301551616
714811019948740610
720930028054155264
720309991266095105
720941235414781954
720925466761101314
720930120622481409
709431345898987520
720942539172356096
720685607438127105
711867227213959168
3342388737
720922975000784896
720812344759160832
3586985717
720032421828280321
3102204572
720935615471185920
720932934123855873
183997763
4911316601
206060194
720941394408443904
720940271203180547
3044710803
720940856988037121
4459450653
719980559007670272
720941998505619456
720232102726381568
720864114289942530
720938809639202816
720935504577982464
2955667309
720355683858653184
2919790827
720941910551044096
720308350752174080
719550404497907712
720623130905935876
720936813204885504
2745322822
467511997
720939643181645824
720383684294152192
307082693
73667167
720918162489896960
720938415068295168
720939349894897666
720937161927880704
4713624120
720780785586946048
720775888271470593
720861628657340417
713780155538411525
2940880339
720936382265454592
4216912077
715172700965109760
3389544299
719754521484910592
223214418
3796325294
2540965003
719470451580399621
710836536841871360
1939110636
4847565099
3393260596
1046219094
715584569827856384
705185294392233985
2584812528
3949891877
2438724661
4769425722
718628481853050880
1559943174
715173333176860672
719531313158582272
715009604862631937
714349703484284928
3431673514
2177015863
4416069678
711446474819641345
715172846637563906
715002210631856128
410170867
57234339
719533468321906688
718964029599981568
189438024
697248725949874177
711141633014767616
2997513039
3227531807
4135758792
710978850079973376
2923982897
719535184899481600
719533339972104192
719531572584521728
720066227838783489
2405132637
4639810880
1037754284
720203055963082752
449110269
719897977708355584
129909263
717871295376015364
325025258
714349120056532992
704592658887368704
719407683875561472
719398135626227712
2348045765
3033669203
4443426796
244621333
3318508636
719939273340882944
719535423249186816
57874555
4205998934
719083417304850433
704560514295136256
715713901430591488
1065461244
127741558
712292143310774273
719357525733285888
719458100072218625
3252408895
4906740262
719982800351469568
881216155
3027576105
712392667510870017
3368067855
709889869544341504
381108914
529592290
719532065394282496
1571128478
3942618917
718968580235206656
719893038475173888
138982573
348843547
3153290667
715768047391391744
719598619284893697
1712580734
702924238274109440
719900124072292353
713833593148215296
3207511895
1447535785
127965218
719486678285623296
3580385187
3306400168
719895419820642305
711432185899659264
714825204665565186
476122891
16391195
4910742069
709035236236075008
707038140289183744
719899436395184129
718111312048300034
4557350597
719842004964884480
719180634082648065
719667169198477313
719530736722644992
714427935818715136
3027346589
719844990655021056
719899905456627712
719899515013214208
719538037294804992
715306097439969280
719896289991925760
719900726391123969
719899267956109312
719899346658050048
719899341075456000
718139551198351361
4068922283
719893194041880580
719895413160026116
4399689912
719897403759976450
796067287
719899583413895169
719898251873382400
719898980373635072
4539408194
719900221287882752
719900134142775296
718441215411281920
719532059216244738
719530489955147777
3161473808
715173195725291520
718445993902084096
719839478144241664
713956439769808896
3645056775
718964984261181440
715169116999389184
718407208262832128
719468486590750721
4215085593
719533554510606336
31327090
719673056533286913
700915847892578305
695388934684037121
409944497
719308642286182400
4822548159
715949027964092416
719462462022688769
719536383371513857
4798720458
719219923655008257
3269341387
719366093551185921
2958919059
713432613365682177
719529536359047168
719534779373395969
718355948163702784
718854581099307008
4488179360
2978076975
719530403808284672
2904106918
247480216
3402062711
1071998971
719533582243377152
718269919826178050
719535933494816768
719534477396090880
4776610297
715950426051514369
719535654477107200
2592187369
719535025901977600
2221430287
719533569006116864
719521917485629440
4690327386
4518712577
719536938995359744
4069647394
717129365390233600
719212617848336386
711177493902979082
4819099541
712458947412643840
719535744419627008
719527907668963328
719375660712599552
718798546779172864
717723536308088832
2204256858
719534984588103680
573287797
719527253340790784
719536654327881729
709405258661957633
719535805245571072
717710303509803008
705504340375683073
719536115909144576
719534380021129216
2361486252
719535572633530369
719276766217576451
719533872078151681
719536878412804096
428834995
719535744126050304
719533508646060032
719536737358319618
719533369692971008
1928855684
719529293144047616
719535041626423296
719535438650830848
719535148891561984
694890561409384449
719528939807457282
4213266857
719531804676505602
719529462828810240
719317626942525441
390344977
718980593053077506
239517464
719316885775323136
719526298889097216
719524058509881344
719533647754342400
717371507928903680
702761695199039489
3590632753
706358333415022592
3331688979
719065339351334912
708357848317583360
1033460988
356390270
2337449995
718414337757618178
715876498314567680
706455065440206848
714105685701750784
714859451564613633
1036934761
700535318726836224
2419781004
713441828356358144
26250653
715942112076947461
2584122410
607215091
2965269940
715154935487275008
4364521017
3498201675
710577639451262977
715929773076320257
186291534
717319050263732224
707145694612746240
715955749038333953
715610613981061122
3235119144
712975420958707712
27628624
715173416282656768
3890611593
715942510942621696
715955732349382657
715373800515239936
714377006213935105
2508822695
715169666772156416
715949975688060930
715556031057817600
1580361872
2319204248
705119156161667075
4242865527
1525958995
715584628082524161
4547869525
2967629579
712162149943083009
714442372952809472
716623551692988416
714376886051155970
715975829742858241
715172384832102400
4625639839
950752782
715753245264777217
715949362623475712
715949023589478400
716344056549347329
715166015202725893
1869988627
715623563626196992
715949219454935041
3457591273
715955801232392193
716235110778056704
4144901248
715950807598948352
728329339
709075059340660736
715084211753910272
714863896415375360
715577217082851328
1651416072
715949601602342913
715952873356419073
715711144095313920
4595599697
715728737740857344
2193896096
42761813
715158939365670912
715061959557824512
713228936952590336
3893817075
3888291077
715943822765780992
702591219768172548
712629613541908480
2194685580
715951538141851652
2752638712
715551133192871937
715948913400922112
714078631316819968
175161093
4854043528
715927241608327168
715954944587595776
715381911661584384
715746791002607616
4545930754
4281717556
715570525821669376
711143808310771712
715955271777062912
4617776194
715921654313041920
712082142465892352
715950853480452100
2785501866
715948708605464576
1587758971
520024203
715953883927986176
715956073321144321
715953431966572544
715951809207144448
4923007493
715950814091735040
715935574704726018
715835115100848128
715955179674329089
715944707541565440
715951412769865729
715908218057330688
715880416528433152
715944700172177408
1541326046
715930759501053952
3049401805
715933569164656640
715949858893471744
715949502956494848
2658289938
2322375797
715948686761598976
715949386728087553
715950028775301120
715951921127755776
715951698490101762
715953297027436544
1078335704
3586057692
715949648091832321
709530454
715120335310467072
3082316107
715952482795577345
715952112295915520
368348246
715947398913241089
715948046102761472
715585430456913920
311067714
715173503239077888
2947544075
715168587023953921
2987101656
65455370
715857686504587264
195145982
713370978793951232
715169084107657222
708669532538142720
715485824314257409
4687173985
4517101399
715534619836198912
715172741704343552
715168600080982016
4868161589
4319542275
715584407768158208
714802443578552324
715277925667495937
304846622
190589983
1173190116
715060512262918144
715439133976616960
3317301801
16703058
715505002974953472
715573669146157056
715582918056407040
713186839641784321
912411602
715584501720551424
714919088783495168
2736109742
108320844
715579786559619072
715328417093132289
112312640
715578640482889731
714444552787116033
707282518496710656
715554434475028480
715584122224291840
712350412100141057
2776625486
305826493
713785729852293120
715584565910380544
715585816479801344
715585739879219201
1428311419
701947011734618112
3928371856
715585955051282434
715586187361193985
714884925497950209
715014991250792448
715584333847924737
714934277222301696
715581435231469570
715585769650278404
715582114691883008
710979074156417024
705115943656136705
715577056474431488
3437095019
715554998206136320
715556574454898689
715566768639574016
715556765576925184
423809399
4481623767
236892812
3150144144
715558950268055555
715555138816098304
715558661138030592
715559383036510208
482075435
715558452123185152
715556386348740612
713345984970035201
3246792382
715559179101016064
715557820264001537
715536907996794881
715559359451963392
715545580592717826
715555371927076864
2842420126
2430292254
4655202255
1165435177
582675763
715169582282108929
713609847359426560
715168231225360384
708429181420437505
2709603769
715166611188150272
715164887119491073
4278764441
710059038650687488
710062637791387648
157811027
715220502684434432
715125656770768896
715159065509257216
715080859913555968
911071788
714946898151534593
714211829682016256
2996396664
243371409
714978850992562176
3920252056
1645843992
3605193195
1124630461
715156976154636288
715173141966938112
715174572706906112
712824670370672640
715173492044513282
712679302211350531
4184587889
236283566
715168346346401792
4696668494
715165667213770753
715171549293232129
4585787592
715167021491757057
715168971075493888
715172233132441600
715153543527727104
4824291624
715172912911794176
715169750259773441
715173425933787136
715170317237428224
715164790281355266
715169571364282368
714913508274610176
715096170754756609
4709995800
714490047240626177
715170320055820288
2395878445
4517386943
715166406170525697
715157287309033472
714616765322502145
708283677197729792
715167941885558784
715166276470108160
715164361753567232
715162790504194048
715173783913385984
715174992057667584
715172187540471809
715158202212548608
715173808458498050
715134281832656898
715175377149112320
714981770920271874
715174659654868992
714932268033138688
715171914721861632
715172491262607362
715174175607009280
714094218579353600
715173819137335296
715173233973010433
715172666865557504
715173850032521217
4872265318
715173458557014016
715173132844326912
714954406085525504
715174040340664322
706584546624544769
715169149291479041
4387531098
715173484343738368
715173643148460032
715173262754504704
715174355106275331
711781600346775552
715173935684292608
1685877882
715173192839593984
715173501053845504
712264096775692288
714810745616138240
4747071806
4452477353
444106011
714783961990504449
714809170243952640
710301259899789312
4883489450
714771951613517824
714812040393728000
714785342524665857
358266555
713399573608312832
714782324769030144
714809337412063236
714810835772657664
714810531094347777
714777008648036352
245344059
714805846862073856
2941778520
714827876923740160
714812279997480960
560328014
714780593272127488
3397763897
714810001760464896
4861201955
204352065
3002712721
705614488167317508
802283515
1881187309
714809106943582208
712642879789867008
714809615070920704
714362287251914753
714810087257169920
714808584538886144
808050932
714811978603057153
4316180787
714811184743124994
4635261148
714808068916154368
4448363414
714811314053509125
714809017483325440
714811639862702080
714808066559057920
714810269810053121
714806863489937408
714805547799810048
714810479177306112
713757386129936384
714809583810641920
713834246356467714
2503997896
714809099611824128
714810503604731904
3323708359
714810271001419776
712614971667050497
282850189
714809360250245120
4920775439
714808672900280321
714628148646772736
714810636899889152
714809505977081857
714809656561033217
714797473643028480
714808934025048064
713904060450095105
714807883431604225
714810659553353728
713865633709047812
878696424
714809101914652672
714811113364271104
3059162061
713972365353435136
828167989
713486505235378176
714810919361126401
714807727147589633
4891940900
714809565427146753
714751913296838656
714810812783677440
714810271718477824
1322485388
714811553476919297
714811010524123136
702542741948010496
2503591694
714811370571739136
710810667801042944
702929063502073856
2739424272
714444653043408896
711444622732566528
714328376887156736
714422941782388737
712266370918920192
714296914875781120
3424778764
714322507751264258
714447545850662912
714069905163755521
4756114392
711330650301849600
714312188123426818
714446323609513984
3179980252
711289051266093057
700987378165485568
714303100677324801
712993714667462656
282095603
222113460
713358487842107393
706114494020362240
4223104049
701553040743120897
714514390305935360
532335158
714444703719096321
708036598944931842
714401027508711424
1976230730
714447307756945408
714448281745625089
713770172809543680
1268103493
714441686789844992
711825163185201152
3353164367
714443293581582337
2899075749
714446219616120832
145052662
712086062596800512
4623059003
477853876
3958397835
714446848904314880
714445385339707392
713772336000970752
2821541312
2842655615
714439831930187776
4846416971
714445913364762624
235828969
714447173983703041
1011536725
4201902733
3237057983
714446085108985857
714033415650193408
3909374194
714447272117972992
714445367018848256
714446642326466560
714431727771357184
4237289959
714446119238037504
714446943515115522
714448627360346112
714449336403435521
2703269040
714448753722277888
714450258298687490
712342360626216960
705407887301070848
714449287225090048
714049587691065344
3404179573
714442964077035520
713518253012881408
329340354
714408118344658944
714432132433715201
714447567615094784
714449216379215872
535207323
714448738379542530
714447956959567874
714441450331705346
2456505398
714448002639929345
714447603388297217
714441275777294336
711689080254423041
4493416167
714444375929978882
385264852
714447440842194944
714447245224058880
4883589610
4509781872
1145875796
392069907
714448586902257665
714410912199811072
1595628432
709310170086531072
4142265064
154341548
2955460408
714447046728671232
714446457705742338
714179561651617792
714028923278004224
713354351339839492
709141612509732864
712690549023571968
714337808547254272
713759191702241280
866347141
711093814224510976
711044893557153792
3257222268
2888929070
713356625063620609
713352792044412928
714126288211062785
713154446432321536
2975261692
111447075
713353111587459072
711956220970557441
712622130387550208
711468114827939840
713358223445721088
713734507799547904
713356389389721601
4241538854
700815835590430720
465536960
2798164535
713770356188782592
713770601601703936
713732271434547200
4882856964
4547596891
702529431106150400
327082275
713734868136550400
713704543985410048
713733897230618626
708000841102446592
4886512515
707486741330964481
452423217
3835187963
713624031367331846
712572789341814784
710805818422067200
2330497748
713359494982426624
713054511770652675
713355034612875264
704291539304845313
713352873577476096
1487537520
709542851298926592
4237606587
713353617114161153
713333914635345921
713354166438117377
709230687610654720
710299519754354688
4363928309
713409439693451265
713094929107562496
701007116144758784
713356047830937602
2304194730
713350889352863744
4697959008
713356304639590401
713347749077520384
713355909804724224
710844823411027968
713358905011806208
713353921515749376
705105804500803586
543754457
4855898117
713356668873084929
713292224365088773
713359669079597061
713354783692877825
713358430879092736
713358247344734208
713192535028404224
713356460592390144
713353307318824960
713354344184340484
712219179965779969
713350218985705472
713317667566788608
4269099628
713357415023001600
1320418676
706783758788198400
713347141385584640
3222020927
713338195170222080
713349298193346560
713356887316688896
713334833775251456
713355051364913153
4032104117
713347012972912641
712448395793846273
3820318757
713356627185770496
713358914067177472
713340078257475584
708439078749007874
713344181704372225
713347235585658880
713357590261067776
713358772895285248
713349800834572288
713350739121348608
713359241709547520
4898763730
713358283600490497
713354671117746177
713354905235427328
2406044580
713355899851685888
713359420361605121
3931702468
713350487676989441
3442358472
712801535063826432
713359040831692800
713355193191010305
713358401393319936
707994475033923584
713358205057953792
4817717422
713358389645078528
713265383277330432
713359011823882240
713356583749623810
713358956278726657
713334390831636480
713359279403585536
4146387346
713358062963322881
713148483981721600
4771055842
713355910677204992
3712608133
713356878479118336
1024015399
713356645712195584
3948394277
446256747
713356257743208448
4805222936
90722791
713331908436865025
4916942054
713357184525008896
713357385788555265
2656466028
711965848349450241
713357413722796033
713354482302775296
712227260187729920
711895761789784064
711450748739915776
713298623488888832
127292271
711447300720033792
711444963490279429
2448530204
711445995486367744
712647740711387136
710168029552730112
711451835668811776
154123117
711452020884934656
712227478933282821
3007953765
198162372
834828768
712265248921653250
712220919003918336
4654482136
2764476181
711451420235419649
709958935017594881
67673006
3067461570
712652259147005952
709100338125672448
556142059
712252139645435904
712698843788402689
322469973
712703524828647425
712703973476540417
712702224070086656
712702305481711621
712703168635879425
712333906738024449
712703900986441728
712222627432177666
216998174
712652776744988672
704662288024797184
712652330366271488
712431296157356032
712656114467274752
712662644449263617
712652063642140672
2996633672
712652701478293505
712647559920099328
711451037492781056
712554494270316544
712639591895859200
711450908354334720
711861565255917568
1443181704
710745540242350080
711449731793178625
703834085983031296
466510642
712225435753402368
982067708
711452050983428096
707815379037515776
2827324314
711444053846405120
711441324726214656
2944451073
2871222532
712030466560368641
3301925475
545808541
4817360497
712229556799803392
712261583410364416
3236296837
712107148377870336
701800319819374593
711684257467514881
3240987565
712264730447056896
712275665387692032
712264611219824640
712153081799122944
712251822048727040
704839294662238209
710809240701636608
2914795193
3340758299
712260836023111680
2176526136
712263211593109505
712265068663218179
4143370000
3820635194
3081658889
68527071
712105969577107456
19784688
4782637842
711516842079158272
2357422655
712259816211812352
4280376912
2732496168
712215389531414528
712265092587511808
711919412794658817
712261264030961665
708262465751003137
712263292920721408
712262053684056064
712257654157152258
712183673781559296
712210384736755713
701743153380986881
712224129156517889
712224442475257856
712225457823883266
712219730342338560
712225522764263424
706775855347933184
712225343789260800
712213609246552065
3507267373
712204880216084480
711784687727939584
712221613912158208
4863997491
700398867221770244
712093823816634368
560948074
712219396115144708
712223867889197056
712226492848148481
588006417
1459806938
712222918277640192
712222406815965184
711785108462825472
712224728170291200
997054189
712218967335706624
704088115795922947
712227362562121728
711254169039073280
712227586726862849
712219160974135296
712223571817398273
704856119231905793
711441179234021378
711860568315965441
711861726896103424
710202608913244160
712130333144027137
703545094167785472
711027309763960832
2323041682
4184628673
711398546973437952
710945386622525440
711895717154054144
711451423356162048
710298800749936640
711895514149617664
711896071866290177
711895694706151424
711895645762822145
711896164887617536
711843212458106880
4925235191
711754752304877568
1296812881
711025067447070720
711861535308685312
711056957927350272
711832076857831424
709475496183070720
701459129647439874
262858094
709960065562910721
711442817894236160
711087708513263616
711446908158382080
710173910088720384
711446372952776705
2949188526
4411530733
975611370
109055184
711258193935007744
989284338
711452973528788992
711447810328109056
711450936837853184
711446375435792386
711452058784653312
711449830766329860
711451157412126720
709002069609320448
711450409089441794
711448958254579714
711316386686095361
3853327272
711450865756803075
705815940252958725
711449702517100544
709021635068596224
711440799947337728
700833182950621184
710942208040542214
711447992142704640
711450336855244800
711448377867657216
711449823396929536
711446648140857344
711450049788575744
711451949221203969
710735896082042880
1724509122
2592524535
710101115065520128
711447236014510080
708113553929023488
711451784527482880
3282985868
711451973086633984
711450240860229632
711449946898169856
711451862688407552
711450307193020417
711450936821075968
711452534490030082
711450780679667712
711451500363567105
710770701775405060
711451542809763840
3062063321
711452049800601600
711452322681860096
711447726760849408
711450231263473664
711450746332446722
711448849949138944
528552004
711440661887766528
284446520
711450622873042945
4598092035
710944027206557696
711445674496118784
711448513180262400
707439979182559232
3007539890
709014786432851968
711448264940228608
711427118454939648
711446519719858177
700977287618031616
711446390333902848
2388334831
708730571195863040
711445080003874818
4825026542
3667609876
4836783673
711446978048036866
711446971463168000
711192592801779712
711448132488286209
711445621937340416
3659747359
4797728308
711030294434979840
2514356240
3337846115
3105150184
711331092821843968
711030266647732224
2983084082
711050795957882880
247019773
2159645702
708126445768282113
4867677838
2455827891
711030435698987009
710970679068332032
711015151747665921
711025196463861761
708834512159973376
708978688482795521
711030315330838528
709958143468560386
710987416690106369
443361836
711057357996990465
711061124666544128
711060885175816192
292988360
709970827148726272
711059747844300801
711057149787394049
704138905566781440
711058582104612864
710492968273063936
711062368596275202
711062711975542784
3310229435
708156001128550405
711060369008041984
711059074524311557
711009738134134784
710731168971231233
704732656613859328
710903793286815745
4902573493
711061094618439680
1877553379
701966091115843585
4899776068
711029929689923584
703639302836723717
711027558297559040
493086862
711026926446579712
3236133818
711024381280067586
3547331894
3774062009
4909862515
711030025353617408
711021983593398272
711029437794365440
3219680603
711027081103155200
711011723201929216
711018674598055937
711005827805663232
711029489761914881
4880343038
711029985776177152
711029313492148226
711030732785758208
481367980
2914340737
711024965479436288
711029124685438976
711029155144425473
711030812989206528
711025110019276800
711022189940760579
711022720750903296
711016192283004928
711030312525025282
711029801348280320
4927017783
711029990284898304
709748561735385088
711030353629208576
711030528158203904
707294373025722368
711027174027952128
711027323764678657
4885125283
711006282686144512
730195860
711019592169209858
711026014713937921
2368858676
711027048232267776
708834584213872640
710302415787073536
709950880192274433
710305348024860672
710302360640344064
702840098799243264
3295907572
708732230726717440
2307937180
166287432
709960094268661760
709704059968733184
710755350216118273
633935520
708249104816603137
4852930401
707522599002181632
4853077385
3177909127
710304095865675777
703393433805717504
38118153
710250651624734720
2287880757
2863153876
710690348272451584
2919766717
708954001920827392
710689998421426177
710302095425966080
709961107868401665
710667330569678848
710662671398531072
3414990200
710666729215537152
710646661358297088
710660611621826560
710666848593838080
710664371630907392
710293697984733184
708835247132008451
710302145975754754
710304154288152578
109271450
4687311674
709957997938741248
710294566046457856
709171497219309568
706692076549881857
3317602915
709601829479251968
709866834649071617
710302958236336130
1513693795
2236439190
3191624388
710304500104470528
1683770155
4831713889
710301986269192192
3653679869
710101895478640640
709895487508221952
710370054391644161
710300341435305984
129349742
710301248528867328
710288605520891905
710305391406485504
710300242382430208
133920542
710272705203834881
709925733376909312
709551781898944514
2501398922
710301620060315648
709937252319830016
3186184740
709959234423799808
710293539238842369
710298621846093824
4664189454
710220591643676672
710303579857408001
709947129603559424
710300857250676736
710302999009226754
710303657925816321
2922549939
4265886974
710305264021458945
710304212865822720
1442212758
710303459178774529
710302727985729536
4861574533
710278281690370048
710305474386628609
710300029110657024
710292320277688321
4405934539
710302291753091072
710298743531118593
710299603539615745
710299632056799232
3721854495
710027049247711232
710139168236548096
709955628098318340
703840158269857792
710300599070367744
710302846223167489
710300327526973441
710299529220849665
706257498148204544
707179407593623552
2838732015
4832970584
710301512153563136
710294717112541184
710306121941037056
710306182297063424
4913383228
710302998283624448
293233544
710299429002018816
701979907945926656
710300274108182528
710301595347636224
710299921878913026
2756047295
4907731945
962169452
710301207567441920
710301802344914944
710301528674979840
710295274124656640
710301291319324672
3018729479
710298187546947584
710302271880437760
710302579922706432
702851899104428034
710302521844228096
710220088209571840
710304311591493632
707711884594700288
710304752844808192
710304096163594240
710304138337263616
710303112255422464
710302496611241984
3474130162
710303047226765312
2456079320
710302488008773632
710303374759972866
710304175003799552
710303350164590592
2357614946
3662743459
710303416052883457
710303506301906944
2805340956
19913008
709957775095365632
709960535131947008
4641400152
708835106199347200
502170679
710164055143493632
709952824680046592
707635045780082688
709956849899020289
709858606410240001
33285420
701388383998889984
709951937043632128
709957828354646016
709346179461599233
4793230680
709958058458390530
709934588873682944
709961947006017536
709961998520459273
709959556760211456
709959066236416003
3271938650
709959593317822464
709959886529044481
709960308014653440
709958438076424192
708859455333486592
709963879934197760
709956369655402496
709960759799914498
4837833603
707312629488885760
709946480182734849
709960608138043393
709961184494100481
709960750761164801
709959207634739200
709959927478034433
4901888266
709915922593505280
709960037947600896
709808419507720192
709960881497640960
709961090629820417
709959623424536577
709920087730475009
709959444050878464
262527023
709073118262747137
709953491561799681
709959118249918464
3408944211
709960968105807874
4646961503
709959839510896640
709942225140994050
79800183
709959116760940544
709961428799791105
709961383060889603
709960829815431170
709956658219372545
707533568923176960
708303815884144640
709959267865010177
709955657080971264
709960073557221376
709959240421666817
709957865746931716
709959575206817794
709957960936595456
709958767388053504
709956934514962432
709959496286785537
709958465742094337
709959205692776448
708686767759564800
709950578374250496
709959599605030912
709959893034389504
709958609061421056
709957099816673281
709959714814222336
709960266918830080
707753696382296064
702045359371988992
709959767863762944
709960141806964736
709692386973081600
4658849416
709956504514928640
709957196172410880
709959529576964097
867192662
709591339663364096
2575258950
709958425774571520
709956706227326976
709959077145780225
709856010203172864
709939801554685952
2857670896
4769045191
709939878235013120
709941294072668160
2236973502
695575399493988352
709943984840253444
709944382699376640
709944908363079680
709944666691481601
709214521361956864
2271383469
704526891546324993
709901100153966592
553667300
4357630999
709564360000151553
709575522154467328
706339181803343872
3342449705
706609469933920256
709576963086635008
705327792708259840
2188749717
709565506756485120
709212613360623616
762387542
709567034766577664
4661845442
709212258686128128
701431504493268992
709570703993901056
702891632656572418
469823033
709576926936039424
709220439982088193
709575395398578176
705078366718701568
4900756493
709560290820694016
709568749146284032
709406570149380096
4800035472
709566462155825152
709595259806679041
708154443452260352
709598442478247938
709564286834618368
709209838824194048
3189324956
1681155260
709591521096503296
708834258450681856
705159432208945152
709576951946555392
705870317038804993
702375316371742720
707672052048666625
709258107772211204
707024200935088128
709422931529441280
3197797885
709541138152034304
709570703989669888
709568864229535744
709571940403404800
709568149587230725
709576363842281473
3078326393
709564742256467969
709572949913833472
709577200211791872
709576223517638657
709575551833378816
709572454713135104
709572084335251456
4379034016
463985624
3136837391
709571776452370433
709576503613194241
765965041
2345282273
709556985470042113
708650471305535489
709569700255178756
709477780174536705
3271436426
1726782656
709569420050321408
937422391
709573791245078528
703380944552665093
709575012575916033
709576722124029952
709572577832910848
709514350554296320
115400893
3407434689
2565490412
709577229043441664
707879043354333185
709576166563291137
465344523
709575708822085632
34894482
709574790684606466
703512238187872257
709575227366379520
702357288355549184
709576890990768128
1258607520
3024644730
709575374427066369
1700139649
709574911304531968
709576121218519040
709574775081930753
709572651405209601
709134051844562944
709574691816677376
709550940907507713
708684255799410690
709575303958536192
705177530014298112
709571196572962816
709572615950573568
2179979959
467109912
708835398181646336
458909744
2568529653
708825795788197888
238710484
709213373255196672
709202935582957569
345208409
708731112936202243
2384678296
28577044
708832255385452544
709364141207597056
708537429402062849
2360194790
708541124978171904
706784519463051264
3255281479
709213208201003010
3356432081
709215657112416260
709230046670659584
708655558337957888
4820763535
709214055693586433
2754826784
704493019135909890
709214048588435456
709215723948797958
709207938720780289
3810174614
2924823700
709215957344890880
709213034380660736
709213301541105664
702482227389665280
415681980
709212942412095488
709215304337887233
709214630992859137
701480139465437184
709203726750199808
703000433350979585
709215861379305472
1870013094
709174731891724288
709213991516549121
709213600456577025
702604372044189696
709216745752563712
3286794032
709214088228786176
709213554692329472
709216266314194944
709214648118218752
709215380301082624
1656660739
4788464307
1356009236
709213241562365952
2795464043
2165593078
791132180
704493832197386240
709213395157983232
468514807
709200793539227648
709214560570482689
709214572939517953
709213632190554114
708125783433187328
709214160928645120
4886533923
4468315995
707406628333551616
709214011200507904
709210930421362688
4851459792
709213178538954753
709214247385956352
709213727422164992
709214941295804416
709215668613332992
709214562445295617
709213041058037760
709209207388508160
709212394669645824
1434448837
590370174
708777900632383488
708245394942103552
3352755813
708832098858115072
708835460831944704
2725479291
706793921095954433
708902623038976001
708954834871787520
705421641585709057
708979119841779713
708981960325124099
708978567686823936
708831347901530112
707866885191307264
708968812394188800
703489613437018112
708832086434549761
708864801921835008
708831078002216961
708835124398268416
298886836
708893408505372672
708293770211631104
708246376589557760
708838054660849665
708830378715430912
708832389624016897
2909530512
329362957
708835866995777537
708839474407538688
707398366909440000
708838898743451648
708708956089278464
700780506628104192
708833276866203648
708833882800402432
4292485760
708833139297292288
2594491831
708838027632713728
708828459770851328
2714437247
708840765808578560
4339005852
708837060744843264
32773564
707867539397853184
2206482762
708834650714542081
708787464689811456
708834753474994177
4366350556
708835536434102272
4690161212
708825398272983041
708839017177948165
48068924
708838356973563904
2889218964
1170053780
707006460765597697
708833280104275968
708835113174491136
708832197449486338
3333091633
706168390503768064
4905091465
708836139335962624
708824812899143680
708834297080221698
708832854780710913
708833816677199873
708833672380583936
2861361564
3813503359
705631520023678976
708835648820523008
708837843678810113
708837456192212992
708837932258295808
707357968438837248
708311701964328960
708836859011403776
708100240730144768
253587338
708275823007158272
3026713750
320953592
707834763671801858
708578563834953728
708248208095502336
4883674518
2753884757
4790405892
707149012013436928
3196771010
1640732605
116922374
706694024497909760
2458254979
708247194269126656
3059850292
4821772497
706786614177984512
1373762970
708278938494222338
4284930737
2885896566
1064425340
4871109231
708296913456476160
1070259428
708298712196452352
3186851732
700721140587741184
4923840767
708298095386238976
707637527436533760
708298386839973890
708299339609804800
708297210815913984
708298709742686208
3864068472
708298975137247232
708252290692620289
708247128959688704
707914520497414144
708224640058052608
708247945540476928
430500728
708261992281145344
2381308136
708262346922262529
708262089517867008
1964286157
698077363280748545
703885114451726336
708250272909410305
708246383594053633
4018945032
2638037465
2829721765
708245899663839233
3347400831
2790369906
708248152105553921
708247222283063296
708245309604888577
708249962413486081
707488893369655296
708239567548248064
3233046176
708249834755481600
708250510864871424
4459656088
121923225
2325262674
708250438462803968
344049969
708249734285303808
2469330600
4805720975
708250043686359040
703040727614414848
701004493354237952
703850600132247552
292887516
703592898013454336
1691624924
705821814417526784
4630722799
704983300603977729
707511528946184193
707853007908528130
706791418673561600
707042757794107393
702305033694507008
567887360
706128444594089984
704985913466753024
708000182948986880
707178082919120896
263818094
707668463410651136
2564377756
702725447168053248
605444511
3290247005
705353025066500096
2537431681
707882011940233216
4244241554
705392940403789824
707885424178556928
707889354052648960
707885610321760256
412207680
707887234557435904
707888602282262528
707595978728148994
707886420858376196
706796681409376256
707629199457193984
702426548104728576
707245174959820800
2732545189
707888386502217729
707889605094182912
4223222173
707888886882672642
707884102200983552
2965381217
707884084186320898
707230776991944704
707889118320205824
707522743273545728
707888537660755972
707890927604506624
702829866517975040
707887509389193216
707889568918458368
707885996885581824
707886523136516096
707885959669362690
707884540379865088
707880548774113280
707885442582974464
4912939857
701280082011279360
707889371685523456
707888266482049024
707889792143507457
706580632663678978
706884472428503040
3395599413
707887177749897217
707888494664876032
707883573056020480
707888340452900864
707882023709511681
707886797024415744
707884930219450368
707879351040274432
702939727024910336
707881275764445185
3104340554
2303173927
707889548991275008
707889676397498369
707886800920948737
4330439181
703585420827820033
707888829886287872
707888341677645824
706897277802176514
707887600384798720
707889668650500096
707883561597214720
4590853876
707883925549375488
706532251052482560
707889492057653248
707890024478597120
707426523406405632
707886879551586304
4565086056
2638768988
707888231023443968
4688814908
707772578459295744
333808838
3115133114
707150367864147968
4342067361
707061483755016192
707885347682820097
706839180396072960
2847004069
2581782422
703949412662431744
707887651949424640
2766054115
707884643563876352
707882771943968768
2900322861
707885698196459520
707879365091188740
3421165792
707885147367055360
707885377172836352
700561094062927872
707880711068504064
707878602172293120
704341952850956288
707876429191454720
2751308417
707176296766267392
706928313483337728
707522579708284928
705399376114544640
706795476667015169
2870191259
205561350
704612780234530816
707546941937229825
703561274190237697
707145602526683136
707177216686227457
4827550847
2363581657
707517672141918208
707521696207482880
705711142627352576
704983314189447168
707489417221574656
3295721550
1925916373
706786394241376256
706793928457134080
706561178399596545
1565049600
4871424297
707369460978454528
704792741973237761
707515590009864193
707562204220907521
707523431848398848
231690018
707542922766499842
707169816444964865
707535858434441216
4748415295
3400179184
707538846100152320
701402514449637380
3673845081
2906639337
707533676054233088
706900664366948352
4710719000
4873963899
3385879906
707520598407118849
4900731832
699699647003168768
2570340735
707522460443226113
707518351745146881
707521465655042048
707522101746507776
4353105928
707522175369019392
707513998162464768
705724589796671488
707076800636129281
707523744059641856
2994478465
707485189128060929
3256295328
707523141568954368
707260114265358336
707522709094273024
707521645955649536
3316312807
703730997481721856
4885422940
707521466439487488
707521876990541824
707521605417746433
707479130649071616
4909437131
4829219439
2441754326
707510525010116608
705954791428661249
233194535
707176843040858113
707176291858919424
704256832206827521
706785559562362880
4904069175
2454714289
701023704160018432
707144228917420032
4840146577
706794223819952128
707136882421829634
702233927910559744
705613542045696000
707177575660036096
4365086358
707169507723370497
4406305882
707147394341687301
379846502
707176962251366400
3348154253
4742919379
707151098465783809
32964643
706073167622770688
3095978167
703758781528850433
706184239956533248
705385416266911744
707179443643682816
3461808433
707178773297438720
4351948877
104249145
707177849816543233
3222452863
4706903845
704980021606133760
4405359142
707165756174245888
2909068205
3151695844
706781108315279360
707175085388464129
707175624381747200
707165382533103616
706729377527107584
4914220286
2861790302
707145347689091073
702070553838899200
707185280676007937
707140112774270976
707179254405074944
62831080
707170326837403648
2322414694
704660004071018496
706741591847735296
2266059629
2836699214
707177692353994752
704255223632531456
707175618622828545
1686054210
707177916325609473
707177239394189312
2895560730
707007305951395843
705021152784211968
4829046915
4895430879
4024950003
707167873001717760
707175985486102528
699926343228608512
707176417893740544
707176274880544768
707178251752509441
3272306023
707157032491548672
707179356079128577
467561599
707175327253045248
2461792645
3096076812
707175921241821185
707177512778924032
707082624808910848
707178464068108288
2224297391
707050437753450496
707122423842246656
707159818369236993
3515314408
2411649553
704753139619074048
707176274159136768
707145393650274304
707169030705180672
3232475797
706033780948148224
707135805517643778
707150999866052609
705778548825427968
704382116965040128
706912435647733761
707145523753578496
707146180359286785
3228551323
707145636928475137
707144691435880449
4673214374
707145178314887168
3388127026
707144788815040512
707145092054646785
707145493982396416
707145758550708224
707145452634968065
707144236131418112
705097879879348224
707143425313939456
707140883628625920
705333030110502912
707145127668506624
707145920014622720
707145691194396674
707143163413143553
707143398499741696
706732969424261120
706904121215950848
707141615924731904
707133669551439872
707136108350443520
4643362370
706154272497467393
705676046968987648
705357192787070976
4854705939
706792506751643648
706792051711582209
4887773288
52353419
704984372995350528
706606050947047431
706788336724107264
703847344005984256
706789594423898113
3943589952
2789938878
705696282426347520
704984505770250241
184160153
706940181312618496
706291412258725888
706785404461170688
706790571784843264
3115655540
706790451756539904
4566769633
706787503198576640
367926511
705382677478658048
2997619716
706785541241643008
2956500459
705065534942007297
705338516029509632
2209892223
621390259
706793156755456000
705416521544286208
706743991480381442
706794966673203200
2416510448
704611152366448640
706787761970409472
3146446061
706773254812344320
706790765574414337
706790612280987648
706795170503794688
593251887
706793653327388672
1977845082
706791154776350721
2767422069
705283401599811584
706794803913162752
706790909334188032
3426757509
706797229340651520
706791846396227584
3255596973
706784921965215744
2704268610
4667838432
73872332
706791849915121664
706515278184599552
706790882696151040
4913466565
3389924777
132493386
4237162229
706783909690867712
763864460
2157436185
706793254449127424
706768916098502656
706784057993072640
4435799954
706786188191887360
1697573918
2478068263
704658384176287744
161291183
706796271311458304
626621448
706781869635801089
706783656094908416
32837735
706416097881251841
706791778834391040
706783828291907584
706797361121497088
1598002412
706794076293562368
706797014886043648
704611005943263233
706785049887113216
3602523620
117394247
418235821
706570872031748096
706789213241479168
4399867876
706428062162784256
706789299128287232
4523205689
706264274340028424
4594603332
706794592545349632
706790753897328640
706791048979337216
4658938934
706769835544481793
706791335122997248
570389654
3412041939
706608745493692416
4675617265
706777182274772992
3163996976
2908230969
706238530964594688
706796670319792128
702188744934354944
704905875199270912
706787142291345409
706751477201506305
158272218
705704464955678721
1089955022
4874137838
704980670234234880
706505661455142912
705251966352543744
705385459384332289
706510927277862912
705709938618687488
705522252633251840
706194024160477189
704985422963843072
704623332830941184
702565819558010880
706547663144140800
3101969726
704965127288688640
706480970178785280
4875523959
3250365439
3275511565
704258612768710656
706449007581724672
703116429810241536
448696836
4385518661
706084333702946816
4376487194
706411978332446720
706398704647938048
4864483365
4897081686
703852088451698688
705386424434974720
2729907662
706339964334817280
3118951611
705384732909969408
704408605454426112
704622822484787204
704375082861334528
706142625976479745
706083694071705600
705420530632019968
3399345484
706182863520178176
4891471858
705721003238932480
706159248867139584
706025200207466497
705711804392017920
704767389582368768
704983067610316800
705660602065272833
2985878044
705385100708450304
901788745
705712930868703233
704951306893586433
705456654947622912
704688609467768832
706083172576964609
104160242
706082458115047424
4909726852
4083846221
706087782318522368
2307023270
4893971758
706086092613795840
3892985601
706083915619028992
533041471
706083715622047744
706084385125179392
3221172786
706060562745171968
706065843717668864
701682956423852032
310375752
706083936259149824
706077943491997696
705843916071968768
706084160159350785
706083752556924928
706084153033412608
706084460484239361
700393848615337985
2497595971
706062484252143617
4886981086
706062288411754496
4874019418
85120612
4882889034
706072355978792960
706064122186752001
705714708502937600
706059088380035072
700627629024477186
706068993291890688
3314702708
705709575484391424
705710567303061504
4748649898
4442160734
700566595031019520
705687909387542528
705314455941484546
2885737747
705667702803734528
705647419627712516
705710673192325121
705704069315186690
2278534815
704943766763921408
704942675708026880
4875486425
705716194637012994
704940227035570176
704935911193186304
705732640507195392
703854070092554240
705356582087839745
2357093094
4920718723
310143502
704982821757124608
4888241822
2335763142
3350633783
705661920595087360
4905919738
705715819368620036
705133273182314496
704984826630139905
705702247703977984
705706297425940484
702439744572157952
4835791083
355701525
701822455975911425
3375703595
1048544192
705549476367208448
705706792068763648
705713113249800192
705710989082120193
705356391624675328
701047016642715648
705698062631628800
705723919723008000
705729746445926404
2882333794
705707210270052352
2524237669
705716316733362176
703909059330707456
705389183167115264
4730833230
705711598074257408
705718570311880704
705705028477018112
4876878035
705312140366848000
705392568704446464
705715350130790400
705707059145216000
705717035116990464
705713132858155009
4901465222
703626404127232000
705267373494951936
705711056879009792
704980280579325952
705702004778209280
4244399057
705711896406663168
701755730832072704
4652732233
118688530
3634892117
705557387550322688
705705539259408384
705714359083913216
705714391702835201
705714391946137600
705704914769457152
705710028746047488
705715154395258880
704983375845552128
705710308719878144
705699476191641600
83344891
705706509498490880
705711077258964992
4735396549
165419293
2903605071
705563313472737280
705354097050783744
3682156215
705710608436502528
705712813293998080
516875484
705646100732973058
2953132737
4798816824
705390996427661312
4395684748
705078492484861953
705706632102207488
704778047162073088
705708488920604672
3511246697
705705528647884801
4842581699
705705628761788417
705711067360399360
4874191891
705692438183030784
2854750750
705702042753437696
703847082302402560
705480608663920645
705715965669998592
4894774042
705715650291838976
705704498417766400
705711593804406784
705712747711959040
842549306
705713051933212672
705710599624396800
705357752860745729
438578462
704431643071815680
704306487494049792
705708481303678976
705710185868869632
705708330128375808
705028832143785986
3380887444
705352590389719041
4853428606
2685269238
704983013247967232
704979246930903040
704980394634907648
2962617132
4918382732
704672961794580481
705206956256993280
704433653670137857
705379820297953280
4669798802
4790442121
703344709410754560
4854805221
704981193322688512
705352242287620096
4298543494
703002106677092353
703293381066301440
703235843713064960
705387988377800706
705417811821273088
385039748
4235527032
705357332591411200
4114904600
705068725200949249
4924092005
2268837050
4884022732
703200985485864960
703875501887246336
705384377493037057
273619996
704967436139950080
704614937541242880
705391033966841856
3421071765
3460104740
705354295634485248
703907593786265600
705391782566060032
3517000458
23479959
702595336376885249
705382691785539584
705379173892755457
4702081680
705388073115361281
705383795961282560
705050082442399745
65852561
705390403877359616
321909840
700703875343392770
705391429888172032
705392256564375552
705392283257081856
704971629068165120
705384044414939138
4157112147
3306453743
2664751212
705334521856716801
705079392213413889
705227867903369217
705387468019859456
704867807977205760
705379754627702784
702922616286351360
299803506
705393002361950209
178380700
705390827778887680
4726330250
4861366602
705394018885242880
704897750253637632
705356995289862144
705353210005999616
704614086470926336
704259501147492352
705357168858550273
705370137231142912
705369547562418177
705356417293680641
4863432603
705358192495214592
705357702457921536
704998971886927872
705357625244983296
737851224
703562691865026560
704933912921907201
705358268068032512
705357165599420417
705355523789488128
705357264341876736
705355796075450369
705356692465315840
705356492799500288
705352722195689472
705355948605321217
705356938343800832
705357452536123392
705357225171091456
705358131484893184
705357884914278400
4865991987
703255147498106880
4575708973
705355302808502272
705350307618750465
705314858707918848
705351201475457024
4385746397
2791595250
297262723
704977681985748992
705339717680701441
704610520318373888
703854966826356736
704687932284637184
4447780155
704979297631481856
705058701359648774
4841118711
4903527275
4871251091
4871267771
704887651497865216
704339462634020870
3999889516
704260219178762241
704884653509910528
704985173079756800
704959729051652096
704985202108604416
4704160878
704293620552228866
3285449652
704983707376099329
705065949406367744
704980138803466240
3024900437
2882338367
2707948124
704917965297336320
704251286758133761
704984829087993856
4823353994
704610645925359616
3251426852
704983136678051840
696583200328515585
91162640
2531506060
704982366280876033
4871553845
4856211759
696276358733893633
4926440979
4866692165
704976849756000256
4845722128
4861995161
4862020048
4908876465
701082617085558784
4904875124
704983481479098368
704750332606324737
3994476809
704983303581925376
704980302993555456
704984027560853505
704982247439339520
704981951128547329
704978374775611393
704979707150802945
4872927942
704983845293191168
704982938841169920
704901854220689408
704981369932247040
699265268392919040
704983595040030720
4903712793
4871389199
704983984888016896
704988150569897984
704982613899915265
704982433570148352
704136958524542977
704979776734367744
704887106175377408
704983917367939072
2473222677
2352343449
704976266697580544
704983365355704320
704983692784099328
704952739508391936
704981436420530176
704984539299446784
704985171787804672
704987470866345988
704985756402470912
704982762328080384
704986349150011392
4857970537
704982175544905728
704986114709393408
2991021806
4712827338
3319230002
704983316374523904
314040887
2885522847
704981255503388672
704983532679069696
704976465574682624
704964604930052096
3997402397
704965835702468608
704982015473545217
704986282607452160
704982672389644288
704986590146400256
704623145358065664
704981339204882432
4669641554
704792907614650368
704942741071990785
4891566711
704982520786325504
702895536978800641
704982768409640960
704979641065480194
704982087359565824
704831287178035200
704981532293746688
168117714
704592575496364032
704979144837214210
704943595485339648
704982200815640576
704421636083097600
704983133402357761
4753616728
2722779195
704929580461776897
704970182830243840
704620138092478464
704956032611688448
704943157025357824
704539988491419648
704291936694185984
704623156288356352
704618884666490880
704520402563891200
704571111346987009
704260998291546112
703852624106291200
4646758453
330267090
703717398571040768
703970351563329536
4815926895
704617739449667584
704548121666330624
3400978874
4812793822
528363050
4752965478
703544632253132800
702894465275535360
168677634
343945831
704569104636600320
18146336
2309438534
704659065071341568
704622156198449155
703947367284871168
704617043048312832
2459986069
297664777
702364029214400512
704620430951358464
704613617249812480
4363380136
704597822574735360
4645362855
2580844582
704571626831138816
704619166297427968
701348199735365632
704614523211272192
704622184656977922
704617789777121280
704618904845352961
189050255
704616798344388608
703818400963829760
704617131934089216
704622470146367492
704617266936193024
3225965282
704615835118260224
704613405622210560
703789015598673924
704619318743420928
932610271
701061877074415616
704613936759492610
4835322347
704619778795773952
704619467146469376
3260512615
314436329
704621358676717568
703171078818910208
704617084479741952
704617589855551488
704621783056584704
704617224292663296
704615482930896896
704618604717842432
704560661716733952
704620885714427904
704610250020810753
704620785500069889
704457102287360001
704259290509524992
703183601622331392
2990108102
704622254852870144
3406742253
3056209884
703965087292366849
4923714015
703256264789385216
704609614948487168
704611815905476608
701378788496699393
704574937277841409
704593217656856576
2962901605
704165987973623808
704443526747009024
704512652156997632
4846436001
704505743546966016
704617759187955712
704622916705640448
704220836169814017
704619875080077312
704620349707563008
1044116798
704622413984743424
704616675816153088
703922665858281472
704622663340261376
704621704325292032
2871053159
4909761939
702820813016162304
4766661502
704622357453926401
704620994304937984
2252782976
1165423692
704620983223717888
3041428391
704621634309660672
704391954461806593
704617823885197312
704611535038058497
704605033766199300
704606251523706880
704604110746681344
704252241415278593
703465754314690561
256333592
703422994358497280
704232621266620416
704245524912713728
704241706728710148
704257035936927744
704259369580552194
4901386905
4846364553
4826643759
704256223059664896
704245652365021184
704258027457789952
3007378992
703900849060229120
704187691462688768
704250217810534401
3434586429
704233966480416769
2205867026
2752528607
3305669532
700694584762851329
704259309673259008
2337283619
3408379959
2495954838
4022676554
703675995463794688
704237355926835200
1000866746
695036219797811201
704257563559243776
2491074238
3309659707
703323149606244352
704257343966449665
704079433263620096
704257322093121536
703900722417414145
561741155
704259082002104320
704256162556829696
4851618191
3657653053
704252130069065729
4874117143
704255834503536642
704259312038780928
703601654306893824
704260561760956416
704255319589793793
4744114959
704249822417649664
704234118280826880
704243113850613761
3114663468
704236888685588480
704244579592069120
2599695008
704258103718449154
704248753629339649
704040370041126914
4825392779
703322503243026434
704260516089180161
704261450253078528
3379330972
2999389563
704257572497272832
704255088970371073
704259863325581313
275103867
704260891001397248
704237496981442561
2291288208
704259854093815811
704258710105886724
4439289737
704256184841162753
704259471518908418
704255209707589632
4766659127
703995017954770944
2983816876
704257747450073088
704259511909888000
451243303
4904999634
704256846463410177
4429851859
704258132873232384
704258135083585536
1243951994
704257737170034688
704258123049996288
477471595
704256251106955265
704258850162089984
704254335698411521
704259862415343616
703972147589464065
704244873919074304
704246421898158080
703614882126688257
704241330730377216
702939178070380544
4734174382
703850633514741760
4913271374
544075606
702704678128058368
2381826120
704032637598486528
703852993007910912
703174094653562881
4495290555
4908370288
703850467168641024
703854841274085376
3206486805
703849980792958976
703822016500076544
703854770885275648
703852603898134528
4743022940
4887285827
703852412683980801
703849175176204291
3848150473
4920568479
703850038435278848
4859410427
703853749341564928
386506672
703846857970036737
703658309103063041
703850036879208448
703134610855563264
703287634429407232
4513600456
703850932866404352
703853427625820160
2282838705
4644035652
3261353496
4794362487
3143401620
1464312493
703782244616441858
703845982484598787
703848654470144000
703848501214445568
703848540959707136
703848688402104321
703850037063778304
703850553479049216
703851233560236032
703852084454490112
700656110072524800
703852379934842882
703853348588380160
4748571688
703857102071009281
703846031402741762
125447565
703854680107974657
703855663298932736
703851021596913664
703808009596768256
703847748668227584
703844576893665284
703850894849249282
4919254452
703835766762266624
703855688271826944
703853258926718977
703853262710018048
703854799112900608
703854899881070592
703853114990854144
4899731595
703855495908454402
703854002492968960
701320156400603136
701243041764372482
703853562443362304
702782394538057728
703856422065299456
703853088419876864
702004329490743296
703853085462925313
3417040233
703849791264980992
703853903767404549
703854316038131713
4801559128
703854661002919936
703852659539718148
703855264286412800
703460487824969728
703855799504744450
3155952888
4916991424
703424379422519296
3049153831
702259927276982272
703421765783937024
702535403794989056
3048159273
703047766985957378
701728010567704576
703395882939588610
3603043813
703245534748872705
4865448259
3049603766
701822844380930048
703283576301813760
703421184130596864
4101366614
703436830016864256
703415481907044352
703357188157231104
703159199115575296
703423026851745793
703397951654068224
703427763462537217
1295367410
700561912015106048
703424587971719168
703427029199298561
703424451866599424
703427172564901888
3160349100
703423450220666881
4763839992
3416662576
703427155561209857
3745813574
703425950936113152
703177439858458624
703426297192513536
702911121091641347
703427375888011266
701360500525789184
703252173748985856
701441523187994625
703426528068042753
703421641485758464
700410651441766400
1372589263
703424609639538688
703427272829603840
703344921420419072
703418070992224256
703416709185671168
703422772668719104
703424286103457792
4895053777
219706250
703422953094942720
703160818565664768
703422991879659521
703418062779904000
700965424645742592
703425050137899009
703424495764185088
703424769991901184
4903546065
703415896857931776
699327642147823616
703423671545700352
703421318222319617
703422773092360194
703422308484927488
703423056325251072
267286383
703414580530311168
703423493921226753
703423548250001412
702332072531066881
703423589756882944
49757766
703423898839289857
703423811673333760
703422338554077185
703412229866033152
4614215071
703093268666388480
703413128000700416
703414994101215233
703415401531744257
703414793252823040
4864219213
4855236580
703048180133404673
3241102490
961259642
703093478499045377
2898388061
4407411674
703047077962584065
158776935
702998262899302401
703048361776062464
702691363142443012
703115742472904705
703113094835212288
3068390636
703044889370451969
703049112002781184
703044191119474688
703069904279187457
497254967
703045518843207680
696727896212303872
703047354035798016
1958049132
