2586842689
718272873706700801
22802423
3370724363
3323847303
236145749
2593963592
2544738290
3417526959
4569679997
21773056
240120889
621035944
714240096988344320
720929215755984900
721039116171747333
720009865553293312
720011335975567360
720006595820650498
720012138752815104
1433111646
273400168
893834852
2965445563
1647348246
195815858
710069578395615232
723135490531057665
358540809
18799102
710078418902122497
710434650288746496
3038525160
2874640793
3741998180
3116470525
710076773971697664
86177206
1682041464
4852349703
3330327755
106115785
715874839618326528
710077363720200193
598725062
4242843461
724355366960680960
101193997
19634872
124751456
710078947434717184
4304270255
3015548471
201426787
710316751334998016
14098555
91685435
1661261479
717263620405481474
20325870
3041062210
22332191
2835902364
2542971223
718714810406285312
701384810951004160
4872162052
4843487159
719645204790317056
710074639683158016
70362131
2860057715
2391602148
723464614239997952
721283475148394496
1649406210
3237670936
710080129716719616
722958671135666177
3318074672
250416435
4897656267
94410571
227466236
722013068771909632
723174135774490625
2842735690
281956985
22005638
2884048161
3019853330
20875131
3035842125
3856728972
722809935768104960
4793852774
721138200136122368
717329582517460992
3138761981
71983020
16585184
3677742792
718581668181852160
2790694010
722050256985141248
719848426943442944
622118585
440129269
4598876352
122166624
722367936686592000
3380691604
23331132
720020951136489472
998484205
716844231805898752
2469924396
3061144981
694424374934261760
15329511
718769058355748864
19539314
1002716203
703228783646666754
3433536552
1650538020
2617272096
29780938
103508880
2911039074
4775058070
1860281588
719850029050109952
3285095166
220781862
3434023174
61608747
3242612863
13137022
4826626256
719536856673595392
4341014613
392454651
100022653
3515351535
17362232
2751799214
3847997302
4820704725
2396671478
33298835
3290362985
4879009139
191026190
719847615244976128
96858246
1005368808
2821678341
3310931507
761886852
28703601
3694519812
931753944
718441504402837504
3419060666
74200320
162313315
715515856575270912
715009685040967681
3995804495
1038091825
53589899
257294613
710113510773166080
93890221
1104658298
4890440843
4523662707
4163920481
2963921741
426543583
352963308
27546473
194009556
709045615150366720
2458104355
2436570319
1244626724
482133423
2896373517
2330014104
4888970411
4456791
201844748
525713285
2535377402
68079024
714540104241582081
202590356
2196796788
3122998811
2695311619
492833134
71766878
719187199187673088
2379615913
3536579297
577868503
1449000090
3414335354
719041930982768644
1859264814
717731547818934273
446506935
2279611712
17887966
3413442681
21363569
4898450789
92798598
423374165
4353901287
171457693
581504429
4188138739
991432730
127673986
718661426009669632
366517094
102027325
2372196386
3519030012
2465589440
4369096936
431956153
718511206437416964
3306021437
4851085427
2470258880
192538987
466587339
65653981
75514159
221497983
4611421529
478042067
2558759173
2453492954
552777581
30370418
1430371128
294239736
1517716502
4877818000
35548451
1661242028
717883020863143936
3525716116
4838837229
90379747
3020840533
717775232493350912
129493385
2913908180
4127736912
885733974
283384310
3166325854
707509634953842689
148664824
3008280991
716737770522279936
716979693405265920
716959859690840068
565301220
328916657
717223908412432385
717889388345237504
3354834621
710137761207087104
990950515
105207569
3241044964
4832017176
3830861415
1340648970
134802879
2300740296
101321544
2394624246
2964836465
2684976762
176597595
3225702809
2748944294
18992010
222433252
206387466
3501558683
3044782815
37707571
30661155
717296743616892928
2216430913
19110571
4685196692
4402218088
34331873
3949214116
244214563
2427554983
713325288873148416
42717651
2788769266
192419981
159732039
717025493288099840
3598580832
109367584
2393063119
4796023007
93609749
552005607
716961491212173313
2830189388
4607045536
711968064917602304
4885232653
612931307
717000865014386689
52806202
702630930595250176
56696857
2895094386
716922517424881664
3253917482
3018331781
909429824
698328879618916352
706652399730036739
716616237984256000
288841963
411958530
3251211016
101573483
717108727590031360
2195351959
266315980
716950028363964416
717010163299803136
716802374937935875
83694943
4879101441
287870582
716962368408985600
251752005
3173831155
716995124991930368
716736484397740032
15730152
2568406918
227088783
126903716
531162864
716973767461879808
3053280354
342894187
4060623993
4403653635
2352245473
2393478553
709331725533323264
18875075
33778988
4083302667
709085397586939906
3621934762
134051788
19341224
712888609347481601
703848745499099138
3236712724
2904203724
4788162432
2777431640
1030077144
716830488204324866
2980112739
487402854
7344572
708293539843559424
33401304
432365580
2836320472
3152054268
357668606
4475669120
714473680676524032
2533527679
4113957912
708288078197039109
712746941801693184
3125285501
3162319070
2887824483
4786713081
2450794867
715140641102151680
213581915
2845849081
1416342836
3031414925
1097852275
23318467
553422472
25243179
65588182
3298865042
176314157
40368200
4028839455
2437662536
1661908656
410463796
70004374
4403924662
95687734
3037065900
714909829828055044
712544924231725057
713015577443479553
194569649
1059672860
164322849
25169797
1912195224
3031516539
712705137437835265
3776052618
3299734607
769809175
33687803
715061959557824512
1251212516
39207968
14665807
2864341817
1110101714
3295224437
715370789726388224
2307414191
711931469107691520
715927550288142336
362035439
1519849382
297709604
115410075
65376699
364046332
246289588
52430160
343228492
3303817196
2585061890
3322361208
47339850
4140033494
217257028
2939213684
12108252
715378094446481408
916303212
1290037364
327565939
714969921973825540
329660044
710605724678811648
703891254971645952
16338442
702943277662806016
109200080
3828586813
483195215
18953266
313060261
713787533113491456
710231442110939136
712335726625595392
166411672
3401503871
44914646
695336138031046656
4195261822
4898160664
3009740990
712166113933529088
715099876296564736
4895000056
710307919426752512
479823857
27768895
4889873747
412914400
715139973998120960
331467423
86199749
714624100229062656
3295908500
3136133931
1700426708
1314800263
3604708756
27453762
280793163
18494916
715163547764965376
715168672386514944
715163881706905600
715140430329843712
695476848558346240
3621950422
4853238575
3139850694
711223756010725376
2346512510
3148642191
170449505
4342505239
4888141973
1667811848
711893912688918528
515328162
4366532116
3893654452
76514968
2162024552
712113818290118656
2508741481
548562831
2705805788
1641090602
7206492
3732988521
2559891481
387181116
40041307
3034300676
42346547
84444981
225245149
103008614
2752355256
18408384
48843245
248683562
389104031
985186471
713136992545058821
4810769540
709682587288076290
52311367
714750167195521025
3306592746
3044624536
59554123
2903843159
3235432788
502106025
43111757
2982056278
121072766
703286978272477184
710042286311088128
729361104
2412406063
1563198008
706939418968510464
40182400
2793501069
367363884
3171716907
54439786
713271014654758913
2422145600
103106691
4409211886
2513718176
4744930874
37391190
2914541789
36487047
4844281269
615504642
1723780182
326625485
4655835074
14246714
175161093
976519393
2497323863
3189260943
4130711414
2412911131
1970468270
3036655617
130829379
3577162572
905235524
335313204
3140983740
928934761
22411342
7789342
4864201726
2400319137
4896023595
2893951174
862105645
3491308092
4839674277
25281063
198305999
4181126174
4783070767
4221753252
565559770
1653585708
4918286591
74571613
4867476041
4181306353
4842336303
4385757617
449110269
88051697
3992056192
19685142
2564012533
4421117535
4910652367
710370824914649088
304993960
713164590822133761
2291645455
706036967591518208
703215557479436288
3018809793
444103737
162780857
3662594960
4440844053
3066942026
2931833648
593939715
2804191500
220955172
3759725592
3240128910
3688931057
4892127531
2575198087
3019903659
332524707
3177635342
185307442
710793343446474752
2582049384
174683826
2975506707
2590619737
705566834913890305
3436943865
4835480883
4878100157
51207002
2258254334
533693466
371928658
3022029210
710322899521933312
3067714410
2419955899
2780227838
2582341648
175536380
97961287
4432040301
91942071
3242984084
702110952745992194
2148974662
62045609
4802454080
7171192
276596380
1402388682
2470253596
3065669613
1932433866
277827413
320057465
422028981
2973722788
63823069
1153178048
2547019188
352701848
423881390
4870046985
129306477
2816007016
186523313
1857469146
1288747266
713490120448602112
360375358
2878871014
484999518
396601079
116361194
2742401966
705480931205902336
708019511677620224
323305899
4916916398
2840028766
31128730
4267462936
51968680
484290601
3955922787
2917059967
24523347
24973048
708030373276438528
4861796773
848856829
16878629
4174286712
81564767
819181700
2541890803
4752297236
1011755287
566796161
3346113797
110007447
100065631
4306313783
1029822318
2386014535
118153612
35767916
244321682
81619592
4857516460
2778790146
1226784751
4875688203
710838744689999872
287026928
1425560670
707587346640740352
900144368
713014239632318465
389656928
292568856
4492300462
616623398
2868240428
4294038862
712968353929949184
60784269
138584469
712993151707910148
2811738626
3389870422
4840274958
220401925
1222762838
19491657
712580010607906816
712649692291596289
2296786080
712138210927898625
3375983889
69279952
2462808887
1137438540
176881181
3327944806
711961343155277824
702573003826188288
711785040280092673
751284564
711865050420543488
178354303
2207780696
3103319747
2366541379
2999395572
4308190113
94401734
383525937
709195888997113857
3035331370
4117837060
701446460500381697
2864721838
709384948541599744
710329195931381761
710182609045815300
3049525615
709921389520629760
710652022307946497
2401939086
708358650721488896
1506277170
710307507541975042
710160702158315521
710220742936420352
710241213358678016
710399325868691456
392292120
3125177211
2188785846
709214127315529728
4234650807
708443355282329600
4848455954
4673934721
707588991642525697
3298511515
2844769087
709756760865656832
709387446887256064
709345617621995520
22839827
1899508430
4350951988
391129937
709176703424319489
2172402102
709386884145745920
3823507635
708306589019742208
709391014906036224
2388036805
916560306
3925996573
2357639154
705748267225600000
709200539767087104
709189590666629120
709217731917258752
151644614
2546562188
4586535381
2905166434
393416757
706895625082769408
634013796
205958403
1473131714
3283704313
2266809733
708160083079790592
479651841
4879884436
25539759
708306391962783745
708543288337424384
703258817165815808
708292637665525760
3320122939
708160529416609793
17476493
2925389737
1949433781
1174972068
2413998998
706968089129254912
1467494250
170766820
3260241956
2280424761
23792669
12397052
2330901392
424897684
706593223322562560
707602668697554944
4106583859
707592529089335296
39299868
705730697462423552
2343209785
706878289634144256
706986703626567680
193449207
706786614177984512
4914502456
4914324255
291831562
2272210200
706942457649364992
706855418996326402
73290502
706463444908830720
4888859169
79076163
18766019
702220596172558336
2903845560
4872404639
701801179320176640
706701111835496448
706684508070912001
706303659848499200
706312878119227397
706269425821995009
4919070027
706296535001100288
228770332
533474920
480101739
706185210338144256
705877387825836032
706217439806132224
706220036684443648
2410821240
706244680246124544
632851178
16498848
4854590267
701134795791847426
3293768054
705782600636375040
352561321
702934885946814465
3231180566
705643038362591232
68971853
705629075474264066
4711158979
701493629265653761
2483104627
4925275912
2984270410
703984318524334080
703674479759794177
4815504879
703251166788882432
2757541958
705257060527534081
705251387576336384
705258461060321280
705161288561741825
705184659752226816
14151220
2906962900
4833755345
2561977758
2486034890
3158236436
4652694500
4894127859
4846104226
4854794716
792472111
1468431564
222691723
702567031154089984
2792373746
770504971
4925698114
3806049734
76988138
700741885384486912
704189874220376064
4782114804
4892041722
4561889862
127967449
460703623
1031132978
4724413942
3024367335
28035810
71165327
146104811
703680461420113920
4498697293
25448854
703674138309877760
703708263313969152
703692811955105792
703721745883250688
3179330446
700471377367736321
702569683786948609
139960419
3318833638
1509586484
803881285
16394643
703230970695172096
703235536585154564
4872625697
1964213526
702161635289526272
24414730
702919441546407936
702958964447715328
69740650
1734035497
17903438
702958071241248769
701865179458371584
4547765805
4383406887
2626277407
701972585102254080
702084075734044676
702110568665260036
4662635516
702139498172289029
3665406016
701808924966723584
701856312561250304
41868223
701782806708391936
3067876908
2302864687
701459226112098304
701472752998330372
4875831599
4899105433
700926783894351872
4718298507
4901141022
701083083915792385
21588316
4909723907
700482838215327745
586115178
40894113
700692917816397824
700699469805826048
700480287344427008
4907885318
3892447872
98074085
2477320903
4925508064
630093412
305151132
698941606725025792
2203715906
4917331230
4925739448
4895312823
3397815916
4918796334
4921805518
4921706242
4911451895
4918842156
4800838892
4893988894
97708975
1306294452
4703014369
4804980492
2911281308
31331245
4384968453
4906207395
4909678292
4881258020
918798446
4907459562
698939412353150976
4911699709
4851701380
781020643
4898348669
3216113189
4857348600
4901038083
4843549264
4897950159
2269957598
4905569217
3147188248
4902756980
4906051565
698625905271242752
25578353
2893349333
4906376393
697891508331139073
4461135699
4901057840
2932842382
23593452
575800295
4901620210
4897831093
2978872610
4897508985
4693775054
4889645000
4888357146
891961087
697708312398340097
4883514611
4898073873
4893398666
4892917242
1689040321
4898195572
3046807582
4891406241
4558221613
3896217374
3271427198
2158853936
697445981520945152
4878671019
4888600303
195352641
4873164622
3420607108
4006046248
4603553178
86158821
4756174396
303116608
2458769226
4756865335
424661546
144080947
212667004
3017785123
2523432018
2335637618
4070500932
3375725265
405263086
295397762
2314019508
3468316287
3201487102
4778027596
345726006
3093678003
23199224
4712516062
2487775874
3428469221
20112774
2904112697
4707554679
4362609376
4681327993
3838544733
342658298
35852338
61030000
3247942692
3819152176
4374870017
4005763907
3949505957
4463858293
49517549
2870812176
4299867707
304766778
2363520943
3949468648
16211430
3948332919
4004004059
29359479
3635371452
20118767
16529873
