987617364
22894742
718480933003902976
721850704562909184
4837315805
722216854316572672
3854038335
721682676835565568
60784269
716902239898501122
1623282044
2671829047
264017478
341819218
1892643044
278098811
4086665053
59237219
425257697
4746094644
950172343
4417211056
3312156930
1719183559
3898938117
417506734
1386146378
3537089295
1676709668
2493748802
3266906581
2793979822
266761504
1909370238
318565504
2192486377
2379356191
3315866795
3222926258
291955917
2451191298
703561088
2946219659
2436906012
2708242808
1563005659
1385181128
1852050642
3071777438
21175082
1102486122
1004106110
260757236
624219196
2990663267
2788811072
827895361
331518983
1909458296
582419515
2988929103
448194840
2949430375
2440560533
2585375958
2734831473
2698099836
2468174778
531329059
2441574397
2830468507
1338412466
857178001
526577882
156295664
518111128
283283067
163532698
2875841496
2383505065
1067944501
22875788
1855525267
1634691577
883402075
2773905477
572179052
1643303280
718644187
2446679594
330051466
906989814
1376762942
630510869
1035170233
1064384696
337274135
505861517
1540100558
372531043
2267628642
279031129
954779749
1333072794
374071161
935211511
597426076
809247043
2462436690
207672098
2497722151
1576451024
2428884782
2454170598
2416706899
373155570
204841016
283213507
2337504745
2343300565
297181301
2205358861
2176491488
583000747
1466369474
2299997862
601387381
558061651
506187869
19098745
2257928335
2164045134
2168965933
39156212
624909252
133092060
385622355
2190482444
589281365
1109484589
751464343
20334045
589396316
220122279
398315315
407896878
1904773850
1170678235
1727610984
1205374434
777381006
73272195
380056566
1497112573
607467211
544822696
461780432
432770684
57135539
844679929
107145333
577390959
1142594132
344129340
33923443
458902706
1425598525
1370991145
1372497883
564035839
1050736993
1120511726
478235490
984270710
604155017
541055930
172449481
1037835572
196139446
412690252
1042793990
426349613
1037321352
1205440896
1205387124
715162898
1184796422
1180916576
544357921
1094270065
1103666281
512183937
1089983804
455780110
446064537
551466551
620469823
402489485
847151712
239046000
1031085738
562281300
881038303
528614754
883275488
442811843
803657172
396226251
351311438
587598252
550705613
933576133
760577504
233802063
764391042
797331386
788445943
396052572
370528612
389073886
567617483
942286182
874334102
353060311
886762074
341782924
747625795
887190488
887228484
885790188
550080800
634156988
551771890
860068008
478268645
353911388
702283110
580508989
398383889
358334485
532798816
410836744
460802573
621229410
557691989
399814341
411943998
833738623
562569241
410836359
706433462
478086760
823729490
403483802
336956584
568568860
460375381
484509624
794236592
747983406
610961203
529050391
629691979
429388606
621179064
450807237
116475220
99891432
54691409
66286862
62609312
60682032
56611736
48937033
48174910
36299258
