4639001777
716286508542652416
2534195028
417637713
2245899935
1657924784
705902960967094272
318182225
4236684069
973516764
19173608
23653909
3309128594
4697527465
4877882572
143053356
3961381816
135990201
3034782866
29113206
53524514
4837973643
714146188677816320
1353246806
717898497215897600
1051763821
1065869268
2771406515
1426710036
1339060338
723649339
714262935665786880
3739067240
178083995
4401676469
159447476
297649561
28783830
916309746
17131970
368947633
384291112
4410382458
4911562630
708181311085621250
705972993747501056
3409679008
4928225565
22688220
3790656195
