703291497907658753
3021853679
2659696782
4840732161
2620120855
717749390627250176
707752421951459328
610328948
1115825460
2955723345
709197413714698240
701905995765682176
697264511661797376
707622011854594052
704181672137326592
4922438195
194734931
482549661
4828205685
4870244847
4840294026
1446059761
2859674897
4546374268
4247012476
771463135
4150955080
2931560341
2609993063
4084219277
3427433734
3424190104
3741361949
3807987377
2530377799
2965191167
229927818
3355831419
166193989
3404650421
1413952950
2812127259
3390434583
3387725031
1581812064
3380618019
3281089520
366930420
2363706334
3374201423
2462477978
2836633312
617568040
3369315977
1271125279
714467455
500393718
248306634
2700769978
1009975892
1210035613
3266633286
876851622
2270924515
461632651
2309293586
1223576852
772228705
1559636612
785632664
2732091832
3346233213
3336774483
82261846
2900050415
2886213623
3319317339
3310379133
3309188333
1957922395
2847630713
3024453651
66840523
3161643581
3177110149
3098083120
3181860502
3170118773
521079250
1066703976
3035839984
473107116
757499749
317189915
2979110518
3049947143
3030300588
3040027859
3019205143
3015945796
2984735769
3002071679
2436776883
2971031890
2304004176
2903336758
1885809247
119161349
2903280321
2439459103
2893004723
2906636474
2472238979
2263720753
2349287743
54749780
2859586829
1626392990
2846212762
1143782498
2857277982
950695124
1671691434
2338374724
469811685
2165496686
343023184
2405172937
2804777677
492657946
1648238496
2762470096
271717255
2175617770
1443315115
2766740367
1918047024
1634450047
723254803
636358431
2744919657
1666722085
186830207
228487878
2726494902
2319221025
2437499442
1646255618
2710916798
2727754829
862027494
2675990856
1498812818
520731738
470630886
1979588413
2695190495
473619095
1461869209
366825173
328789670
1516490707
2394371999
306564503
950643878
2605376980
1921048988
1901993916
889721479
1060200242
889691496
631253825
574850905
2607871119
833172450
40971311
1155332947
2574662109
1010094884
711017619
1096289754
2565924305
2505166849
47353318
1352024179
1568145176
2322762056
2455443312
2385057122
2448792072
1145339288
2303417538
2460951629
2460602740
2172862737
2197917296
2419921650
1601504593
2441158366
992248207
2386922310
2395143457
100357903
144686373
2363896217
2361265961
1426215230
510769991
71465523
2210456435
477348411
2315746922
1606619268
2303408778
2303186953
2290426495
270060832
574144837
758651665
1700126606
1463409751
2265265458
2261031209
2265074832
2262030680
1608515474
2153788161
2235618765
2249003148
1959329420
2236942800
1455332634
412590112
1898699767
76908416
459363109
2171415915
1226343878
2156235641
2147683533
1948257132
1957473314
703625679
1192039789
1703532949
1912942548
1231707876
1635579913
1465532474
1713129714
1584730975
1706257189
633997806
313017389
613902236
1687232077
536706416
1477159754
594058358
586156992
1563753943
1581474812
395041085
1332232447
1609098757
1606997161
1416345823
1596822290
518680288
1195701008
1502946391
1578575102
762757760
1582489244
1016001901
445527297
1152733987
1541905116
1496834052
1473569886
1499831053
807885277
1521025896
520055025
1524954258
635829958
273020791
1478238541
844544071
59991038
764334955
1023194244
1477469821
413377953
1468491476
1466057634
1438364406
448120062
1425236696
736909405
1395813115
1191686162
1367934547
1367962297
1058210485
1311285625
1345623240
1258277210
1097226308
1132860013
1333002054
878342443
168874700
1331985824
768219524
106028207
1321510440
1287286699
533627539
626644564
552880252
838630548
944729778
1281762338
305173454
708524294
1262775416
1051053350
938657858
1113402067
1187670152
598781378
974404310
1126802257
84347646
628752906
1076328198
598748185
1069111902
1069093932
974411551
1016515418
1039877846
913708404
1005450786
1001979996
807439699
729740905
735242474
972949110
975208772
974282887
971188446
560651525
971244320
269060383
737531436
954209965
557925777
38782948
924407209
595796961
377732324
730872506
77660167
408901986
892489874
451667022
332072238
514440001
430440081
24034392
634208871
715322160
634924090
795277970
783254696
782626118
610263915
772147838
470499711
722628584
