714460988829863936
328387012
384503746
2804118414
2769220471
3287869802
42869268
189713007
1722935604
1322016853
3165864388
619108179
1855005708
4781098934
4846734191
4689819146
934647470
4828709807
32947008
30414789
3017186682
130116429
4717139849
4690519825
1432772012
4121775554
3510594252
1939429700
3131049430
104846579
283658930
73915116
2304527628
54484866
4258074573
2184195951
1709937044
4338096881
3063839741
3892643787
512124523
2741763631
3257513565
3238476874
3224370407
3150724689
134759795
2454588083
475661365
44843526
616350193
80735472
333581481
33351947
33208518
187544612
620432327
245951587
775598300
469898765
735554610
2226599755
703680861
324917066
283255690
105087862
364818324
72819487
1243508300
626743616
54139234
449980883
65111675
895552478
125903504
340966500
284360919
557761200
141993885
268733543
201746247
452111001
106064320
304315208
212066025
37477675
16673488
