2186239931
21587082
1400943320
714955981969498112
4895511073
2238733568
2438724661
710990834972233728
32509625
2243530995
3536120422
54065567
2293329019
461159747
2712850585
718244298991497216
708147404420284417
4066016115
3318042248
88550047
3309169489
3284112337
21651982
733513268
2764770081
3995952972
4477184968
717738018484781056
4653073094
704026660367147009
710694710508167168
3091373190
4104897808
1928359148
1493267851
4029747432
2393063119
208083510
3053280354
3271255423
707775609104113665
705026794383085568
70244584
22936237
342894187
903377622
711056579403984898
3314535722
4912885600
2975468251
3277814538
3424711689
3327701078
885737311
3709245494
713452259150020608
3293741005
18582213
3266173884
3452957836
3283476757
479156428
3376781080
155287490
46190093
3715890025
