4866853347
705926906
714514690102194176
161040527
1649457379
4573839499
115121785
320664315
3230312111
246476949
15335798
3312582749
1080084878
305178079
209306809
1214508037
20519038
916078351
4494153401
34664217
402498616
18006586
3904742602
3468972979
68452910
1927422037
3280981296
15086663
17060545
199032904
24419988
270509527
1229093570
3227821436
216715460
351096487
241396429
3005471906
1447808762
226506108
2711573802
248751640
60445464
2666138426
2648902062
10635912
2571760670
20923684
112881839
926624222
2535820968
17023410
2526298038
2526203732
2526029622
983804466
823687914
18155289
1365015546
2494713002
1352816515
37756422
15215946
925617140
2470039064
2467327987
297881645
40258751
56164984
21891411
1355495288
246253232
1596087134
1110583616
65852013
496505703
45972828
16016193
14397359
1055171378
17845789
26538270
30438935
708594486
129667710
595790876
576075181
487681823
480827474
338350682
17219268
23923963
119201695
41296220
44992387
2137521
80878441
17239044
25314683
262895872
261971752
254656084
193861891
16421016
176177936
114925133
9126752
61978178
17758820
66263297
20602244
64490444
43926580
14237763
54215436
51947185
47308001
50620928
52741302
47847109
14681832
