915627487
228582708
14268323
34337611
2811739940
23282557
205922294
51623734
3348688339
722189096433631232
704871075818004480
14125258
98498175
1141027980
717072729346691074
1528936129
4854449571
718883978392969216
4867179334
4344742600
417230660
2288632549
471333218
715930119626301440
3118819991
64747641
277868767
712862835320164352
339128765
4139812942
4907084667
860691823
2506247172
20813137
3287498719
57234339
717554036510068736
2941051091
709508591238168576
718176826586038273
721522710573105152
61658962
718465472820355073
3383921027
22847375
2887656388
3907871658
720802290450305025
3154610839
127282092
776339238
719894176935079936
53646445
718855370928590848
710833727958597632
2961295431
704016394032062464
2881558780
202441445
16213558
716643076521926656
474582246
1113053568
721279807233900544
717885161883303937
708809901364146176
71275340
1895642226
3408529580
339820844
4675994166
768684218
2467608266
3194760330
294191031
607045416
2712850585
708476530913968129
71154499
702781430376431616
993249000
3901587613
25282560
50539412
235661472
721095824285896705
3213448149
2449942373
275276082
2314502792
720953374997356545
237555104
391642414
118826447
706626578122289153
702245056628072450
717902793944801281
709150271050530817
21377434
2920141108
4764896281
705501945092374531
3301310006
97793731
720772791574900737
488543818
20463917
2805996909
246967792
60110071
2812168862
80999225
715634932207329280
2474747160
3433419609
4531984273
4064025376
4911015687
1090962686
3310373100
720685844269387776
2824024685
713445748239675392
408543148
321054612
4559558295
35491164
69469208
720650645775081473
2957509390
519679670
3947638457
3885571573
2295394548
2490915541
4855313172
427697302
3301173113
212543625
1966975956
987321332
151113681
3101815751
1892251165
707138441155186688
715749635428638720
3313781677
2776376446
744105860
2288700074
90905815
717077093595627520
84129211
712287372864389120
1944981193
47243995
512383525
3580385187
4719950390
3307285686
276058053
703054309131362304
4145703792
1276015424
728443410
626917758
137368949
597209808
4458012807
633823012
720007230012174336
715725941130006529
4885665192
2263605276
4876571595
353132346
4709602747
1579151814
4855444971
2238733568
718244298991497216
716346592047960064
968990558
4232844401
702336202670796801
704889875212926976
705532607790870528
4819234823
4875673080
719578298993348609
718808839236116480
20646194
3110265579
4795489779
707547358553370624
2293836151
3394877890
715989001736470529
3609935597
4752378667
1605390901
714319807018098688
1126652960
719180634082648065
3684937166
89909887
15732632
2310779838
474025651
704478130925281280
404825432
4658725046
552362937
1933506578
2742715901
718787676447617024
2448009284
716532841136283650
547347046
715935575845552128
14127715
718945475261513728
989735870
718880579224080384
275793564
718215612162379776
4851732400
1434161089
718561802787930113
706524608745381888
21777224
1354218012
21732970
718463989173194756
3794635480
703661055835136000
4761960691
788144870
448915980
229099779
629980860
715974889065345024
717087593578430465
4508317473
3977253500
65455370
714989079021006848
4352211996
4899236663
1604444052
271361552
259988987
303956584
138332821
2286701551
894262410
1967316361
4730674058
40406716
3266469216
1978895581
4680248720
3307329461
2846892880
716230209960349696
709824274928766976
44151362
717296570211962881
87835772
709751409198174212
275857037
718300633405726720
2837313984
718194213519826944
1378075578
956688378
704085040066527232
31288110
717898640577040384
3300034136
45055079
16414849
2523046311
16062990
716256019484188672
870671786
3090655757
1371445568
4828469940
2720091352
3562290140
146310274
2826216461
3312397260
2176120173
3313545468
3278820906
200022011
713712145297502208
11300492
94436803
710502884639526912
3107867400
3379415459
473236629
712823476801900544
234115602
3403262584
3274781244
2365693981
2615687646
18740607
704728794221838337
3037002897
824382936
386800664
92597026
3886355786
28683374
301642114
2529840138
186797804
203162553
105272560
2777209907
3838283495
1391370595
717698538969411586
2153549784
4916551210
230572474
2671069101
3168165144
255863915
3362618763
325644961
3115798447
114350985
252014946
379121794
1413772052
4704966492
1360615250
717390437233860608
717406441221591040
2959438606
329781138
18095037
717327502176337920
279917593
4182380774
717171146446209025
3687710476
4161660072
315938105
87045949
711963789546037248
37093136
39997450
23089840
514721847
195214392
37553350
374463980
717080968062828544
68410738
713237619853762560
340644641
66674535
631265992
439638050
4547938993
716781629822205953
716928692501524480
714138340811870209
716849970243092480
3317480365
2824672524
50530802
3416487665
715344719597797376
60369802
193507567
155425600
2796305190
2480268229
53514818
716328866780827648
3034782866
715924606004043777
592789538
716681064249360384
2247623173
4602319113
93428377
2438895772
23510762
1244381324
148891227
88826154
383304435
3179532613
4515628579
2803809864
125550109
3307341162
3808633941
3689160501
360640666
3510142512
2568196438
95816788
4307927435
18028084
1293080773
716333319877750784
716283392883572736
716286508542652416
3267262818
701174057631240192
376287708
1952154218
2645456312
3647022921
1089088963
160570053
706186209949712384
1380584184
716267472626651136
2965186678
344059318
715807531063488513
762656372
706896860120621057
3022922275
716115039292358656
362838491
3196146566
715548600584048641
710932536420077568
23516419
385603764
4866494759
713061530892427265
573834476
715954441338298368
65408716
298029083
715918774080249860
4161267972
3906603977
434516840
1186625826
29956042
97769842
715826602437902336
3885455352
4905029850
955600531
2458910916
707346210726682624
711772800348868609
204482695
713183057637814273
3636974957
715588759178313730
3426647759
159239319
242862147
705551647074869248
361903399
2513946929
373331421
715028636018024449
274642088
715656743729160193
715595673681338368
3095056786
715584416177848320
715589117418082304
711407992147730432
715621663006699520
44161855
4480078527
707124686769917952
3031051239
715525143330693120
709401879906816000
38468656
92287379
32300703
3298585300
586447578
1338595537
1878097470
715412452540870657
4822938341
715262484785934337
2725599910
2958523294
4328742198
715015943554924544
3374366727
3863755633
715336953986686977
111800440
715329234873532422
860696138
715318791555534849
147004601
3948908603
776514768
41964312
379314159
706215102878384129
622562900
78121663
554363917
249814274
17898176
704015954158596097
131498799
715169363335200768
714293117361516546
713008254373076992
25863828
1597225238
4479556872
372274497
4734777199
714503451338792960
2283988772
2959654959
209207163
713064126470184960
711728047137935365
26214511
37684821
705444016909844480
706128519198212096
714931621451927553
3249481215
714921389204115456
714870223397109760
1726481432
25229829
714273399149703170
501461662
466183294
2426536483
714419959053623300
714202855666794496
3047398484
380905727
2318391402
22179696
62435544
46690844
3573352635
950046762
705468141111943169
711108653408002048
328666519
709012593302568962
3260657304
188300271
1290006391
58826098
3048504978
712834303843917824
1004107111
713935968105996292
714498222874607617
4571831655
74768410
2604528692
711146010521767937
3248822122
714451419764490240
714027550003974144
250381992
369553817
562224434
708416386037587968
354989209
700502042675052544
710502954973982720
30239920
707725106777362432
568720213
4428005714
243034172
714265659530743808
714146188677816320
713476647807221762
703302096364244992
714228500991860736
714217082976505856
3167645633
2231620806
319091318
25611649
3299868673
2819741842
230764190
4864201918
712051094092849152
1351385318
4891142464
40080099
4710392767
455182965
193026262
561798514
17886567
3951457937
1248143611
713889719545778176
67482042
709524373363924992
22329855
4828522573
713924496403529728
712797623149834241
713869938943897600
4705471396
536770058
180039330
19476379
3368733712
1426053486
713837084146999296
969233478
705989494730653696
250105460
713766565976494080
2565290466
218318227
713771286191804416
712757250327097344
4531319968
15632764
705558865585242112
713043018006327296
701211534266081280
3016742921
2479233150
3072806037
316560200
4242144557
185635130
1186421275
2227639328
4891438977
205483236
389231110
713552572158574592
2883994199
2868116522
713580211732754432
713541501632970752
2719957564
708498181311442944
1604196067
3060031122
4747334352
1382120072
518254771
2980807553
710539793873022976
19276718
14449402
712972369971642368
294996030
4823039013
3230184552
26056286
3795550693
711802159965343744
1170241909
200356068
3074265636
41905954
712433595042803712
2424509093
711694960437895169
2445439937
2895373583
4310204417
853735976
889982376
375945979
87342136
708462835882467329
4339468212
47747881
70248516
2989241719
20683390
3313972777
19950357
2726839345
51651628
2963197115
18700251
713481657878126592
3697993334
713471435138797568
1428776905
20617476
2424934902
21407691
713092377561407490
2641155200
949189321
1295267305
15865870
712867314828500992
701446379474804736
3362977632
28058245
713379775222558720
49583333
4172708474
711001516308504576
3505589236
388911477
2559563220
713354963926188034
15473347
2910521926
20352277
1538636851
115712088
4510849520
713349935618519040
364207341
711911330983313409
2383723596
4001842522
95065834
42887099
557114070
4254878593
1619141623
707580998817587201
486079632
15594230
3720441083
4890261560
711693877967777792
711655345945317376
348216092
97802095
3169206512
1973260428
68127618
289347542
2399124726
705528660325830656
200596628
712797643496226816
260268231
713208905602453504
713196032973115392
950399359
712037361295740928
709412284335005696
1439803716
307312789
1858718168
730888285
324603808
2182632505
254107710
1942771765
40303183
394972551
2592212760
626616021
14850410
1115384010
2984611697
93268784
257609969
2252174004
565134064
4535209154
2643275070
191517528
181040157
566596183
3979537283
1389961118
705887221795168259
270630789
2231039899
961371518
598008776
3112123911
3308213845
4818077880
173596456
55033397
400325405
713142373782401024
2975257231
15077409
575050911
2226012845
713131506798034948
1366157652
62367160
4549647093
4908781453
193998603
21397523
62827885
117129365
2386301616
2588576863
792303288
2973525349
76480001
704363061013057536
770808446
1689656378
128070680
1029296130
3816236414
702568203583623169
271546535
2355258603
945542874
15698349
3230825595
114865989
1884803575
1041361142
2764766216
712697799926788096
360164418
4304064978
25443964
496360363
705403283612016640
3335130765
707739225987399680
348837666
454623545
306075002
713059294074130432
704063300313550848
14518501
113363843
4202805585
28674645
2442879279
712401265959903233
4828325990
1544987772
1262744342
19076025
37694979
518846581
713027853583912960
2415869125
4774978308
4422861376
56532675
831680629
455769162
712300111888568320
2570470021
713048523906768896
197088963
1571514546
9703072
140404844
1090813668
2415343968
41384586
2994784367
159719961
28830834
707587346640740352
2227406594
399078213
3951641183
280648842
3285647851
19719329
814387093
504692139
2943279024
3114125882
3431435195
452375320
2336332521
285315905
1236762529
712653129876160512
14220147
416999344
27032708
25709309
2737907461
2956748154
50457154
963538957
83638949
189020839
37078849
2848771602
473530811
602180564
2912116561
740934518
582905272
104681716
66491302
4428141376
180968225
704730747614023680
1163244708
737372550
23079877
20207420
3385954936
51258689
3616950860
1628841380
2997168589
138874294
309740279
222357571
970683415
3566051294
164604171
161665309
2245522401
291497732
29118578
302917514
705595115885080576
2290555872
146108822
150487086
14241002
357043679
3072187410
153573755
3314492510
454475435
315344519
2858031579
416273860
457967220
532548943
234946521
191897091
571277403
716732906
28557869
825629486
147646349
1707358382
573194686
145007743
1656572148
3291317356
52022166
347599450
2235964868
2664527803
2998604854
300517401
712371975407017984
15161691
2279264990
2239829347
30520192
30645849
102712561
572537557
393713354
2242645122
708625944089645056
110026213
40221570
30542827
2810218451
617698890
704143863661895681
416032077
80036559
269104445
540512093
3644390595
353379363
932902064
2455435675
3249267995
636407604
4707227654
482508556
1454125555
426262612
702503961874591744
226526577
49966475
3188162262
391421618
710109506579992576
2694593238
34253972
4817966739
531724350
4038173356
901116877
703595271742033920
602428852
591356009
848293488
30938516
187918066
1899005538
79502496
2861630108
2416617475
17322748
47997786
585264569
550186490
965031756
538403609
207357452
3429938831
2413817191
4689407353
23085424
434642248
341193646
587993012
711794874891247616
709004231932510208
589743823
4924192796
631457307
4141594213
768198540
610745320
712881197635018752
705078153027321856
3109210388
255273042
2572288815
18900675
418360096
712878574022356992
2757523987
2213637242
699438451737780224
1360142294
2662614220
69193274
1290295345
2502079698
276601362
258121308
2448553039
14221180
338453687
748151300
185918670
135008854
510690748
63175586
3642163754
1928458518
2651758572
91010836
2330368232
4501498394
223895029
566858729
394050149
385653493
481528845
710644290746261504
1934829006
19204252
4868266726
359570637
88383198
708134671268196353
331386232
1228785198
251838048
191475437
126088061
399478500
262935817
4553388618
281355539
2591030674
4884155667
37495481
896522154
398883136
311556648
531270061
855633536
1138776246
35635182
4836437779
2157021881
15919991
1312260421
928981770
205563130
32424541
712379534125826049
153242327
52512218
227918237
420879638
482497723
63282879
16478260
3390769024
373725754
349725617
2584278674
437976104
489917005
164549078
388663006
25762498
4389228094
475004679
522594747
2381828606
399103875
706542717615083520
4670962298
39759565
3254055665
293288605
752036576
708181140
74767848
2786595088
83448918
705189677322649600
171974212
45033620
1624560252
76022818
4235554638
194743360
51592206
2523949050
706154854289375233
708533228072603648
203980648
355315623
3240314972
2896827218
620425822
26453551
48615396
65985948
704887313390768128
380556810
704397765040807936
4747670008
65679924
23630700
3266606743
4600881803
1621547191
4231094266
1266184483
2750679749
577286258
287314330
783409320
1428894372
36013252
2230824828
3432943527
29878636
32978387
2893768217
114548771
537242808
10758772
2546977932
48926143
266656423
39378950
26289408
2172752476
2447958174
429091886
3330119714
1876249658
345988344
841044757
309698934
1616696227
4353949817
832446055
1869742525
188964722
4896351436
590350457
436331266
34724768
4363449561
2200915927
407421689
1270858196
74929352
739023782
1618965481
238380219
325102334
1858751863
30043609
708511744759451648
33528800
2179538262
1093217029
52323866
4594589436
1592341622
16480825
3951613228
304108848
31147094
41564013
399332558
1304714942
605851056
169749938
415890086
2353992259
35243021
2290391240
275557103
632107338
37561369
57876695
2294526189
3778468094
846477216
3384083674
2903989176
372988606
2964450438
17665654
350465434
408125871
4710090159
260288666
220077133
26241252
1216564957
712819783599783937
3317055925
71741771
4855519989
2699246024
706570628929708033
3285934814
231793900
1704573086
4926495803
47764582
852134485
407907237
772849514
22576307
410139350
39795929
322002915
344219912
520077275
424682418
356344266
4353805275
1689631687
588326956
253849198
315060604
711232142554955776
291442862
251493306
40917293
2518624525
404601608
1038567397
4831685377
2327685612
4770142643
711704058046722049
537491672
274946630
2540445341
705562720431570944
4366355115
707087368696639489
3318236150
331673722
2445758041
2954081881
2777670004
61112850
39672887
1279066759
2463474902
2740951680
2907999946
43481768
3024491590
59570408
3808196833
550617593
3844164275
3415475303
1438876700
1970411832
1579211970
539216600
173621101
707640555686268928
74662993
312361065
32773309
250952665
909471589
2185418804
3013050149
712521180389965824
295891837
38931881
1253405240
1349740272
3434990301
4276273932
55848328
251219746
4895085192
2774048338
597053700
3182881200
109336925
1641114596
912854852
2574564585
32779447
495520067
4592499561
4833511892
707412272184954880
15899328
3515319143
111248362
521649454
26790346
4035665661
67095149
174348477
418365904
3245514375
604751311
577387565
803740052
2720499276
701530035858055168
3433845934
34272533
616500576
3298234152
354063789
269068307
712797053596803072
706757662017458176
83382654
3342439121
61401553
599779323
1887070848
21943222
21925607
857046576
291526015
1865370930
708384221610565633
4902931114
1137977096
1646579593
4847989077
2225016656
3462304039
625301776
3298271416
121887286
701815324488892420
163473422
21306477
790742354
705233585725272064
461659324
2588663610
711183771
4924162551
3229250468
3029449151
2293361046
701069957107322881
710935800356020224
712295492093419521
597815742
3354782899
4855634353
1478595270
1264187220
3145379514
2262746301
31055308
72998254
1366586622
2820884770
4143285682
2922120687
39769504
2185029432
905273713
612204514
103082080
999902448
328263464
52106691
841669206
3150218493
704772173978669056
283664467
3226280916
64766825
305274389
3325070438
477002167
309260858
18747880
63826026
1702895521
4838288414
1629085435
400231424
2864075323
809726124
1405281342
94398793
1592358344
4865182661
4055809763
1719593449
757521332
1226167963
187257145
338819390
4692661266
27964349
1691926838
3150562796
2207094739
4840493313
1031960270
2251659741
2754915070
294677588
701541243155648512
17355085
36536661
733576272
99185445
266789347
712648781255151616
3171211230
3289553682
3640140194
42121980
3311179762
1322600726
3278935033
825689083
1321241827
3449125692
175409282
606555644
1418842164
21604836
257618575
37525099
3145027396
3314987817
989201726
174320634
2900057538
3227720443
261969771
82899123
525351467
340349959
792345680
1416214747
363992343
709803425719046145
4768350817
345590163
2821881229
712780022424211456
32658528
267496615
453546935
1943138839
2878813562
904863313
54415293
4105765714
2822680440
4907073705
1037646362
148524729
81717994
959717335
4924711925
3872646560
478789339
394951950
48594205
4476067575
3093923422
2241653990
548730198
117579289
2819826183
1920418867
41297472
26318444
2253320414
3158400972
3391432931
234459590
2157116444
389878189
309447285
367539479
712756813704245248
591547736
531564243
61642392
2213436716
1617003188
378883468
4127231656
18493147
4799833926
3063762434
4914158338
261093402
1921918376
708842553811013632
60198251
70000849
4377171760
262477955
1216960598
2890139437
712310598852161536
797682438
956900858
2613125429
336124213
710503317789659137
826235383
4924257923
3425292893
3130178253
1061616050
369127571
338560059
939499387
1901850828
2992776003
263268424
1602863384
2915190325
395288168
325062889
436377208
160213725
1471434830
705195722606583808
266149031
3309350756
260592726
522035955
285315089
110599298
133930521
4853961959
705888983398494209
3409708474
2276976458
4669214833
1513826882
497171633
29590509
2215862024
1323679286
3301509019
3038004801
1609553779
712045146515316736
2921741561
128251507
229279697
403775979
495654010
4274569935
501156346
4740921982
148118667
392961003
871995211
429338144
196048722
3972187872
1100036653
2167394210
415640727
302755329
1173506965
24704553
4885744525
933127962
483473832
189653767
3226122031
2987185183
93493426
3311802090
3310750476
3235445305
1636810142
391045134
4760490501
2215858165
17423645
860605975
263260828
934667390
709221642761711616
20917757
21526221
117139597
159810534
67769704
4542531254
456311718
2203735166
403003775
4863860536
146285551
1327768950
892242296
442353845
3152940675
559585656
67503749
971254513
259705525
17179729
4295554213
386632594
53207512
2711069311
30913158
38585240
164259473
1078132735
791841379
584299803
942813546
2909014135
3442534233
2432709325
1488216978
17299752
2300804448
4856375094
3421984619
604714398
324019041
50585476
25934611
2838003668
712746683139026944
4750480937
698009848781254657
4634580935
490484150
1654339891
737453910
122307745
81251779
3613567874
509609986
628770386
132717734
2329850821
488521370
28777940
258028564
705520534897819649
45183629
483391141
1350382950
80490984
399502459
379217488
57544614
63868393
1706158201
1613927706
636522416
1833228726
859038284
863293867
2218228559
3172217882
3510261972
712408253867515904
708382251516428288
389633101
78370008
313665328
32815245
3762555869
264529959
93096465
896494476
179099078
257678122
414337598
1386383472
1959866413
632520522
252859516
521453408
2285338436
2182093654
243603582
2609488185
3710708362
4303561163
1606673696
125383713
391896049
1081263097
720936667
710565232897228801
527072290
95811758
1963411928
2710948664
959894576
1024109838
135809327
838994142
747916436
1215244238
794536058
2955630149
2369893908
23199204
3960609633
3260516935
2192133119
113128313
502009940
4718464633
24735452
3112601253
2334819151
282676536
2884533700
19236257
516145284
417476931
2650426551
2750774561
64858396
711353491839647745
2222166014
4356205275
43290776
4817119207
4356364154
836809754
384031123
233219288
1666194115
2249349210
3319187035
1134653017
338332098
2926396714
216579415
3075682975
408638274
21521938
1658756028
2927296692
1056978092
405675499
1656653215
1954907875
489641381
217990526
525597851
628200325
2780801484
3388236539
232628920
3886799654
4478349854
4818003508
981875340
711903856154775552
705192994832568323
2449749745
34342104
2921128481
75823713
1365855360
3305319967
357160439
1004912726
712707589612527617
2471917405
1945455806
46159368
25097205
1154293459
1439562115
248755278
249286726
468628823
2642898475
506704245
3916165109
576525801
712703572379443200
421293271
32704497
331923925
3085210564
312770648
405777853
710497808965615616
1834410458
503937046
4027932725
220775662
585071435
1264419516
2767647148
4760597658
55755850
308254441
429409300
406351002
2265326120
3315239591
711291446297374720
15997630
1665548742
602256962
3412320257
3982173861
2939879276
456243947
1020793946
3102644802
22226632
1465082713
1300896865
30535908
2602739233
278239272
172160927
4455040886
103174852
208624383
2340899358
565955259
79344956
2892620516
4882285516
3733007241
705591332354465793
860774030
403743780
2885354509
3434193670
571062070
3178912370
1647882950
712362494308818944
3652135875
312800073
15749227
2282846426
468485773
289129160
4541343076
349667230
568646753
35711200
708429711039459328
851540730
709397705403969538
1551601987
2861879933
956171570
2293662410
303571878
2436085562
729665454
45364439
4921339319
40082477
2841726413
702971899811401728
4550966367
718226414
483559314
498228449
27053930
392255956
4608019036
86744220
113185812
148830421
452123662
2506654719
4593516136
1629503694
608740325
263750501
1919055793
38484281
3270216792
700761055979438082
84953691
4840310655
2332815632
4048813457
454651358
3095605017
48494243
3371456931
3152182926
2430065482
3111659837
913026955
235703548
1623125526
28523996
4115931447
362119402
709511436892962816
2870034424
844245462
347316149
2439345456
3693902122
3885410293
2367325348
147950901
58650466
314003530
715499353
4646585837
14309980
2747018345
18253754
3648330135
514258439
326592871
26812010
2359719105
2204909892
277843803
1051750332
355869749
1689855096
3346892039
526954070
186333289
43254016
24652881
565529425
711592096843456513
2460457620
3004595776
45270182
2557405244
133987680
17626120
2548791199
21535836
35726184
633327110
325804434
154314015
3178732464
2306530927
4175171068
392203018
1708943438
3190159765
745896588
2906921572
860850590
609747279
40771476
2769638045
27293851
25826288
3308063155
260721672
50906244
4857123672
2280832698
36343389
23547016
701568731
343625564
4785465497
1288273394
4651804814
1026253381
3313704817
260415460
134464500
18955206
283749703
277176734
2960670041
4925239679
2323088036
2992686426
68438966
4914931594
1078008103
141052815
2657155922
312790735
2249848789
706175502097227777
710921961082228736
709500950642237440
707694503348469760
2964864079
449912736
344305107
3313781858
120195876
1475508422
2510362008
436355727
4141661953
2338854559
335868637
703064644349374464
4185039039
2799600749
3640744812
20776762
217299764
3159852925
459648426
3223829527
28900822
712061175807270915
30240890
4925562393
553482473
2987277270
2313627109
898911511
4789337754
1263012955
4553803392
4813881008
46139600
1162935078
185407064
312153206
597538257
535477714
109731181
2315117503
708036420473004032
708357723990020096
983917225
2169004057
21600713
3459781215
28518803
1231519466
3264301228
226628296
2200235154
17886107
77618165
3411657459
705067481883348993
299097675
18630259
1467839719
252353792
388909958
2193016897
439531014
2310928508
542549853
4828264133
3841274172
1155755180
175493870
705799381216169984
2180928999
3239476838
2651716056
3118705906
237157182
1643889553
3312811115
712645751638245376
710887226331176960
1459916354
3950704217
3389409897
3951726322
104499404
23948919
4642447283
2909642434
3517441035
908572128
240664123
25883481
36062328
2204689256
597206321
705567295016476672
49379862
194977346
7108202
67426293
785097534
450171502
4906547699
410442801
4172691017
18191358
2281748594
4920457906
707296252669652992
865650746
1222880455
4364663789
321273628
705596258950352899
329744248
705337057258786816
712565057511501824
712485281568563200
1254179616
705040756965294080
4229321494
237422881
1308885278
21395001
245229280
48171208
2458877364
102496469
232023677
2509417839
335500572
252923703
791938394
714947334
722653
710946054540304385
4105815614
549486814
165426308
124638675
348399706
1594281518
25842388
4558696388
118145645
2642866954
318501913
415823165
3135669321
26122621
69667047
848400295
532837870
26241138
2955091368
2992620516
4659513317
36269013
18779458
3529881557
712164519984939008
809355458
3024501973
711976456226607104
704113963957489666
703826648987086848
3401511825
211371172
2768647469
2889372518
3384220518
34492708
376716740
17848510
1551661933
898878062
537971595
3433508079
712111991595249664
857344892
472653951
708726974928261120
278277301
274676412
3255909679
432165093
2877257757
4605092004
4400389162
892511376
710591583637340161
884702563
1334910614
4749547561
3345779543
2347517296
4687524314
196398208
526563554
2915222484
702770569582870528
521843038
1729386876
77262485
3281325703
826051231
89561144
323782346
11177172
477457083
712043973318197251
703121720853409792
3715239672
3407557853
707303863443804160
918322482
2841662404
4100017613
3054499791
16490090
629122061
1891963945
1720528784
701265246518960129
3372818632
2573267357
443187490
705050951019798529
703350397197492224
362629834
709087996851691521
711708054526361601
15916896
491053804
3581658501
3286780926
1589818950
30523058
627077205
703287290269822976
468498352
3902671577
42625165
824307529
703419903592665088
3313634532
3048455909
164877227
3036786210
104686571
76694973
3537940462
3309041036
58257435
710928807629180928
316555500
210664255
187513512
796192536
3247206079
1340907289
316601522
4143169953
788266902
356987457
2923263590
56186782
27895304
2868091347
2975156743
343154907
1424352661
712465452115464193
47039047
171336533
96914386
1676872640
3239878293
1412064840
2849060385
3180880957
560808150
2432210642
1325816930
265245636
759612918
3687229034
2368312181
51540387
566649443
1099506044
1925924688
314251484
317785767
490001152
4499163737
925652552
143265818
4836728134
333985381
703722899551723520
103191213
234545496
712410643647897603
1063713312
20287064
41125331
413474240
1549810650
26487878
3306796634
2916106687
178404657
382832206
430675239
2834508966
465856864
2284594051
2312934834
712281442609451008
1036418642
44161655
2899910767
18619728
705737093805449216
4696444861
239569044
3059135803
316700966
908203088
389928033
3227709091
140170747
2479277138
1173962179
29791675
31298299
706194365337595904
3377297441
4840798778
3338807360
390861996
3529149254
613926535
624850881
1666668306
707017601633759232
2364021881
706347921592217600
477073580
4692777212
46266984
4776240346
538903478
1177790538
354662997
2902227812
4531730127
702627689765736449
385102162
22650035
48703481
343064088
933421638
3415561798
34471539
19132587
28591372
551956663
2337470029
2575007671
32667409
566683865
712256441155919872
262748875
60349869
3572458338
73538057
709456558145536000
712294864633929729
4738545651
249270314
1665774050
65786922
4271093659
4085715959
4051494440
4913767700
2366100984
3423045869
772782115
259564387
190658809
20820491
2993953591
1005268982
109958691
2567314962
521464972
317851438
963008491
2920662627
29180651
2283790430
3026474748
708183851625938944
1963019640
554434058
139906423
4700376662
482109901
444872379
290128767
711228261280251904
1671823189
2840725130
42801354
3651908234
709058230006226945
4413078313
261973463
2897785472
705435996876312576
323583843
3384531845
710770655600336897
4064331736
3972590173
4914502252
300418950
197140937
708859407543767040
3309538586
196759287
709163204358746112
3355773749
4790055615
190868665
249009408
324067648
411779158
2544474032
286922738
1594222130
310083612
4680117253
44160060
21953513
4906571211
433568168
108385758
54124025
28702903
708032271509356544
4926390538
412313329
358892210
2910517756
263790972
4433813297
2279856378
176127226
54713672
711045414468902912
368503576
3895315352
299489017
66790138
887949480
701769551705313280
21808809
4660790062
3255069311
194704041
503603307
3068837529
1242619026
712119167738978304
840738146
2934603574
4653042620
710965999466586112
225733872
3355860853
26305468
340115047
4252922592
2290724581
711364542304010241
704531001658183680
25077028
4831071933
246667493
22261288
490053771
106610527
470631183
255170102
22519075
3903729619
474679167
371428551
4889652141
3278623649
709921198956613632
313579398
712079911108751360
240418133
473704565
3274850304
1084747111
708761799336857601
240526511
947605070
2810501641
268143555
4261326773
163714554
4797531459
942579474
711682978917826560
4854716172
709965393373368320
440814235
3400894919
4605198077
3365814686
3449142202
702633532313739264
2870453489
2684943816
418394093
323030268
2482762778
4187694215
1407972582
2216736289
843030266
701560353189007360
95096253
27347518
34179832
701899464
533253661
505006325
2339530706
427142324
76354179
710999400143724544
147721344
862477274
1620687271
522394461
322743585
405642382
708503044057530368
3093501487
2173230106
862236080
4364693417
65230014
4270119674
2814329133
303382469
190021419
53571342
4596574454
4852337375
710962415920242688
22175227
1296292525
344225296
467069140
1120049696
698971629595058176
487194542
934846849
546521891
711603661
378102850
4609839138
704999887432187905
86111668
153804598
704353017106206721
417547191
45209373
414873541
362815313
28619863
704868273326792706
24365335
1365610904
2665959495
4828011683
1556233466
113969805
54667354
240475737
898821205
2316270783
2556035725
2578958292
256044983
4194486400
774451002
234535639
4843763159
807446946
28982025
3310832772
520762116
3432340445
38506620
74857979
53840892
2240681928
51506618
707921982877085696
706226626711965697
457151968
2422633351
2542342095
2996184558
704394092592037889
2802479124
1252371552
1064142020
1289022930
135162497
486757456
269778217
778058112
858587222
491769744
3302321598
88828808
4196291895
306270643
106900770
37836083
3412434748
26019382
875632950
4381493479
3883964418
2518666964
4508024352
564954012
711422143553097728
3527856132
4372832836
61038984
853057572
26901779
4412375833
35074672
1135993442
1669312890
709560250924474368
3699372194
100548276
605567288
2149677560
40741718
1257144211
4187496929
164924017
49321931
857370560
226595490
2256982358
3878109028
2396444449
235297381
712004026347327489
2282715912
417555012
19616636
484953261
2908529438
129943310
708803925504348161
2725941952
711042597796585474
25921733
2247644238
1227436687
3884437580
3616558454
24400221
706927480339353600
3883433299
2455851558
989664188
266359178
711956822547173380
2837462245
3951125145
2369354528
1473203023
703632737521958912
2774437986
15726546
3484290087
711942406682370048
707545655632330752
1129704510
705052365284622336
20545300
591505507
4922500107
30063549
398971451
707346589837295617
138593436
184847452
402525236
709131385919959040
711738297278734336
605762052
707303027657601024
352068186
1535487996
18178334
22481834
589561719
4836715811
345011622
1118280164
4872483401
929882659
2178658492
1573000916
2320936411
58379069
23999988
329439416
3286831364
34704729
926664367
711928392266846208
711803551001878528
140111661
4776444002
82948364
709324503
1213901923
710159389219422208
123904445
43992056
41037188
3331982482
299239037
22833094
526599520
2943145517
703374445403045888
1274931968
211515004
33079769
703725457099792384
21417953
3347920942
17172311
205150971
55566207
313099715
532430978
4206027793
16056438
1598524441
1355548567
151693972
2906147651
1016153754
4899870691
3189972228
708186594
3943472953
1879548288
2792312466
164928833
311922693
1090537537
4236041892
885733891
234366281
50934748
3304804976
490957227
4598192956
97912404
1334561028
1967230249
705663278790217728
2400004496
2326521284
391128732
701154351469867009
696151702018326532
390838901
948040572
2931336147
711765756
4856105655
3287907749
17932678
459666734
4882086747
4836468359
3048521749
709385291182649344
3767663415
708524926022471681
3278134778
490882435
3316556509
4533999428
67908621
2944532996
354452135
3221200426
2151584738
156374451
54036451
2357772179
77888292
3010643366
46079104
413596067
109459671
4854306340
327152007
2608170774
47358250
4265820041
1444755048
28839304
96141810
56432677
3094084000
4409820215
48436767
2910666324
2433048841
3066591876
1234868288
2987613632
739359528
459029511
3237306657
1672983920
711739240791609344
20352372
708857495754838017
4349283073
1346696210
3636829155
21023963
105626868
702988333585195008
1640796859
213871023
2476207382
3021101578
292532781
2852457007
2835162751
19222164
2322627596
2607290564
317881711
3189214412
604969455
497440645
579390450
1906373520
3487725132
468002667
2287168590
703657863835574272
473571315
450464025
68213484
2288462990
711622170905079812
436045893
78507541
749395448
284155261
2286014678
1025491261
3214931591
1660511407
3282749426
2177520614
4760452824
711716756167888896
4842923147
2745921497
96807699
451153924
4700570629
3262520610
702291903673298944
711712203704033280
3154448008
12980002
483849357
1581505616
392899058
14996326
501894118
4183119424
2852973303
3321845490
3652502952
43157910
4559111842
2800403228
3580276635
421224320
707705817600921600
430250765
760670437
221251979
3034601518
711699932965502977
2917667962
899204923
316664680
711696710255271936
711700310389956608
438865748
709259372979879936
1671907207
3766303583
2329260715
1624088484
711438517163859968
34892021
489753256
28367547
1416981805
17600676
255706318
2667819386
392251747
114310812
25361577
4198222373
702273023903010816
47794780
2950461581
299259224
709863515482398720
711633412411404288
701581697679110145
3695704812
863171418
19687816
152426505
2258884546
4854225291
1462204166
452466685
348400598
755180029
526746758
1385840035
561461093
32545337
14246088
383293370
539744634
2705802631
2710331262
4441745075
2205272114
2429431280
4145603123
4464342252
56014212
564502549
277200557
553926717
28991762
2369663047
4908778357
3410873865
3893456353
3665892020
705148394432389120
4067571743
84096380
3838317195
508946181
711638826276548609
225989176
2886644881
3386959346
2259332799
910976310
4008998296
3384829426
760662103
23363960
3250971229
26858784
794845326
73119923
2956010961
4749591313
3094458534
603165595
1411633885
1666504591
709883850659336192
471633607
3283788992
72426152
4446614361
4855771349
4508960113
31337137
63383902
49224523
708753289538617344
25464512
3279481914
472221342
3951686608
4065570080
2566513210
705150301037322240
711617170569084931
58691526
254112509
571934967
77729393
43913699
3437130351
4547368453
4850970983
307349078
707726839742124032
1412222533
15852085
3309423079
21760248
481094987
1107331129
16281734
3875587758
287445749
4732098199
2861707113
3469056407
3367081816
708866573252087808
4410678084
4888982598
132339534
3567976575
115312059
4778866114
707994700444098560
332821852
3601445532
706835581561651200
2880526847
545060300
348323009
22132796
710432505296343040
2714551200
709075592801591298
711582518743592960
706232376519761922
77983241
703279209112805376
631224927
73384690
4902878650
360944668
371443462
1339871419
1459550678
31649494
792273840
33270656
43723614
590370174
1976376072
711343702426460160
351627451
2825856996
263148378
49674967
1927442630
4265514193
703354943147745280
142488183
37003716
4521223102
3263216274
702396709297635329
820447314
631250988
62580105
2885444591
4389015273
711563738617262080
4563372797
4847118883
711560811207065600
3363537016
3307940990
703907049277689857
1232348810
1558304270
3950708835
703296874
711548186599546881
52709297
76080165
218720357
4885908499
428864753
494683727
629529046
1273657555
2853386956
3421294156
3269763410
3810200296
37561945
3795821783
706725371035705345
579791519
2326101602
772062284
1305691590
14306977
195548637
4726269672
27323316
500299655
1599562578
202259583
2808339314
3951354377
3438256246
1571608442
4623603393
272499767
72384305
422852519
276274393
297695939
4570170435
3226459270
260156904
2769723024
2319435246
513826605
2444452170
707557640579227648
1553300520
2764461268
33799404
340916734
17851253
3312318367
47327472
2871474612
1199031912
4594567937
4857106433
4593167776
3743387543
24875634
14375321
4715968572
37294573
710743429064499200
31054548
487785582
1112305380
2954831674
589450999
3228619557
191844210
150288943
1722376742
2785694821
2355476672
80133560
120284287
86078243
465170464
3082672136
4841561315
19448745
63542566
4894558503
225256075
700867954590752769
302418013
2867786359
123264559
3951629363
1491935264
22944119
214803746
3037050954
902945515
541086423
553942108
3093717519
4649674165
368245410
58247631
3094806639
2612954227
754501489
4041169169
62570637
124462493
1751840527
111195022
130318889
83652058
4850765772
4769744226
3742907961
77683181
1450335961
706991220510175232
2919278009
2548984406
152141325
3886472352
25445304
346349145
20025948
277689187
2315838763
39175875
1608751616
3162594446
366374047
2295262927
62421534
1643029550
4896095938
170476379
25886787
895942723
348879567
2415015145
36816543
189728052
3169314307
3331209113
2703176558
359855036
244782701
705207970636779521
31749895
706290087122771968
2499471749
49108159
39849358
1911980652
706197825034387457
711422847294410752
2373345721
108115793
49183134
710335442521071616
708062048408739840
14372784
305960121
30288492
133938963
3309927150
4610041994
13478872
704745691327823872
1525284206
15901099
2267283621
3324710323
1084729243
167376255
636421278
707450489651200000
3706882042
452283890
4235698279
3167661207
16058030
4320133049
116370038
3232186924
408873286
40156246
2251110438
177018643
711380968427429889
563775760
394751228
2411501887
710660780547440641
700525145069395968
2654560022
22398169
2203455899
749828066
2737761
3960242439
4744110018
2255983068
4191282682
2885272767
706131496046878720
498065893
2694547021
4334863398
2664052101
1727305202
4906749684
986102785
4754483534
294690800
4701069744
893254884
19571797
2729336135
4098009739
3464329641
4481132486
4646073148
505292439
709580899273170944
839200800
3121925302
55325038
2217097310
4092414974
710659257654325248
464915401
4437772394
33995232
142034425
217278194
815254813
1064477876
704152103543934976
1727273388
139049312
2425949323
228734145
3819940612
2862567867
35756977
19374787
18424276
1641025164
2596671277
2203204742
389292271
19431238
705200172939108353
18702696
3435638633
343378875
929192935
36632898
3427421892
611985770
424405256
1909809091
3287936316
2966087128
143539322
2196936937
3981374896
696606410029842433
706276161148604416
711379509073719297
708988163406991360
125150489
2878861445
98368169
1120853654
3292614238
4645026297
3048642010
392699274
48194887
2413466165
710226149687701504
61350866
166217654
2468842304
711182420133978112
100670448
708045935146762240
379847495
1376628199
26522084
2636224017
493792130
100820208
233266852
3179458308
3302153561
470683109
171154401
17127876
3394097716
1561748137
3309143834
4850378548
22297480
248893414
3951131518
710225680739409920
20949830
43757693
923497464
703610999497162752
1009767655
3133632690
16618579
25782041
3756395595
178117530
172590337
47527741
49393232
90059897
3184571905
3409510295
704013639632625666
3433022621
4906858559
3718574834
48704029
49621117
709456720674729985
384400442
236110884
4164089237
705346415006842881
24744289
108709348
2889189633
3739209309
1672726728
711353787659587584
1332635754
4769848107
14641650
1465917079
1676647783
3004315106
49762087
991741748
3266173884
21455730
2363068159
4168907901
1620959154
579834341
549787050
48713374
56676714
3392208436
1787321016
3103325751
579045943
4318313653
703611399
562457144
715253882
2863108782
2787161234
32689003
925840830
1528650636
57603422
22837144
4868067065
3373945692
29557078
2461538374
4766002997
4145931292
2989317506
48430431
1532732299
57239541
698695843407360000
17730882
2734781241
54600895
1251056551
1478503544
703766804120870912
95369131
611110908
2979314175
2859985497
976802352
706518198414405632
196736765
4857577607
705117240736288769
311068759
293001765
4870634145
1367492918
589357694
79332006
4438403298
1138396981
706248927712927749
2978414717
3028740809
4840562672
433358694
703409732170571776
44445801
2549869944
251408756
2904124299
2998578468
4878697083
2769418301
82391199
277299469
264384016
24581337
23969291
4799426292
539187532
29809418
309418402
385178252
4150744332
342802760
38966295
70230673
16668153
181949209
17085107
17708228
4785519912
372665925
1107683083
706134956507013120
3989645001
4761327288
2294322294
33277579
705785973062418432
2629509277
3041648696
334432912
3107669051
384910631
489738630
136187552
27256839
34468413
1433739860
704180924272005120
4800772219
3950606115
3283630650
3897219198
2604137744
269418275
2945954062
4875100413
539401765
3461454555
710220129259409415
772519988
303214636
418548489
1256149644
2922132393
3309881714
161113714
259751685
3400629094
1339041386
4291710793
65561177
36119530
706979210212978688
1064494981
877396176
2942539763
4804388675
1327854876
218041902
4822201325
23247654
88195539
61179557
1965481
3502767916
345627883
619562899
21962518
3020675709
2285769637
597404979
89484399
2434718317
65533589
710695778537381888
3716922026
1413793885
1928226751
705446927769444352
703614521693315072
2733029784
1476229980
2528723205
48704269
35852232
1432331317
2563653104
3382498841
433434430
2312614170
38539956
259529804
401841646
4323021395
4420881087
3494440892
705902091793883136
4195629291
2924130719
3602863462
1532497832
812639126
2444810694
2978244699
15964558
80182673
4263938832
26125926
391787004
3163248487
4609548614
3229559221
19449780
4902276596
711209846217920512
2876831529
710208981881344000
418362213
39364787
708856225878900736
322847475
165145111
2273665101
787762730
4794518090
1571241644
2231578087
198227892
991999238
709428521186299905
21403199
3394601549
846009488
23392793
2354827992
547811474
287895713
3516098717
709512148200755200
154637433
304837602
1707607224
348213054
394477515
1584642530
3426636597
4644456559
2479924610
180903637
169243571
66958823
4838243939
20419435
800301
937399831
711312974242299904
2816440097
704045759235289088
711265942668333056
698562318351863809
352024516
4062107721
229876384
3301266202
49544299
30979516
64984765
73189992
69358372
4890757095
327406401
513501225
270755873
4273596738
30559004
4827999080
890497890
492287328
125445531
370501328
2821213109
1666567008
273137589
479156428
255914539
3260090191
4721268840
3413328973
4440254716
4910280976
37019973
150902821
455403438
175864667
2185081415
570944364
2557001794
28667365
172042447
2290267526
21060711
315997559
4557969194
634595966
2632861480
2434111068
3438614458
3103570448
2590343798
4184859132
2840494148
3483407775
4831473478
1594642194
1363315170
3397893132
64357440
3380540038
3988660239
3438551085
709853544422051840
15956675
702475808183623680
245902212
702195766459310080
4810386321
2380337339
4492734022
313632602
89363762
532492942
708352497476247557
485333041
259112732
363818515
2310277548
2960907136
1399588656
3293900360
1861366094
700346959522066432
80614875
2379316620
27627922
271238849
236843945
617428539
707787460902830080
317381989
3327327249
94385150
711298933419593733
807995983
579361650
16516321
82935987
697482278151172096
605835116
261433876
47388418
2241616412
261804606
379979277
1567006406
264517861
67783577
1007922324
2254066286
277690408
711278288354697216
18582213
308707876
28386092
4440413172
4908204462
1191779618
4328252848
2454161347
33930479
622242961
930130890
1636573045
51025567
1345079730
705862037679681536
18393661
709885991155331076
1542200264
704453019757207552
710989254323740674
277210485
711281973520510976
3140711959
3850515262
263880402
4706085720
237995085
318691966
3246637482
2740695534
704462516164890625
4835332365
3288039247
2267731568
564301976
4912114574
711288287587995648
57407490
2317918232
214065473
467348164
3525770662
3947278757
2802216020
91237627
2854996126
30958516
34843478
2359734048
27368525
29359691
4325167097
2889222301
4907083253
216946074
4005942549
2343137207
2673769294
227258757
2426543000
3279548570
132495818
88314452
46539376
494607348
31469146
711212827596304384
2409471506
480152719
18315975
250008604
2411696749
1399875326
394493489
3540392952
542739877
60305270
35116905
3835451007
3917489052
604115899
2650225394
28054439
2852776102
236208973
2585869505
3161772934
50228468
704729072169947136
381091188
44885057
36663891
392073274
705530955386105856
4082352678
4057035495
326506450
949911055
143947865
53367528
740896669
710840225979895808
46919716
23600669
2752248642
1925219245
2342158009
1053863179
345343418
905027840
2484432496
123736818
702648563227033600
2747653038
1167509108
1445037980
708053735071571969
534484381
2889644885
45473514
1594183861
3251938190
65547838
1888358929
850143984
231923744
3278933353
467974250
2877123506
3886099279
2571671029
33683082
139416043
711227218928619521
1580414846
18000146
2185594708
3202368201
534497009
196655273
750021799
1652719548
3774879747
178888741
305329343
81195676
708474903649918976
354617828
3649522392
875474372
598671668
63231657
1382074880
74550470
1395855080
834560773
1373148872
2490573343
1167639294
49824810
911469932
4448216892
390567121
291995202
284955639
3256616628
705523093759008770
16853344
50525770
3154372850
32728944
3593329097
3963297194
813008306
3091492481
26496223
2954117111
409749469
273625921
704741061818720256
3407017731
706212071118086144
392541131
4875138089
702495885599612928
705187111981465600
2355083192
3439136027
3408893594
4921353522
4075945595
1265497549
1455467022
344265140
1687290710
773979590
387371342
125789589
426960340
896529259
42741924
46996021
3129432383
981772243
1353004172
707380887978164224
16062087
3971035458
1905041293
2229214592
438482224
1801668890
2540112885
532687659
350324591
2952393554
517165865
2955420554
2157953533
994098775
707001542558294016
25809761
244826844
35337793
372170012
388329857
708451254989688832
81279355
333748039
706361107649155073
25566260
324089237
38188367
2881080385
31614609
2300210868
710955036679876610
4601276962
2846275761
804951204
705898048799506432
181307005
26329311
705620689579954177
3284646469
48122876
368467423
710220919361286144
875570473
300978332
558335097
3379562697
3167389827
3685247237
1155878808
419629144
21233876
4798677816
95643443
4141995112
4499094387
518604430
366263141
3225287206
29518932
4530664098
1514119027
492823036
90687103
946358538
24172567
51480878
702628810483765249
705448728958623744
711269688190193665
228814621
454159424
2180118841
308585429
357701936
993951764
712315236
1556786912
2972269541
458006669
38664639
22570887
4310800955
2269369933
493715562
860562566
53906268
79004617
2955358466
70776989
1072026200
502420819
707721257786081280
701566659971170304
4657250595
2398195337
2889429244
4530071473
51769955
162589423
2854148206
441419900
3312644679
406538967
701843912835469313
704391646750892033
2808888465
55440987
27704015
4837566952
3885660732
484119725
1553570222
241057818
851987132
3024326206
3219116177
38103988
33352871
21531802
1629070489
1938499904
708724791914708992
1478419921
705425631501271041
2751821696
818387130
474258194
4596082403
3424489361
704211325619036160
1472742853
704115896466468864
16306121
545556451
711153230626033664
46192106
706182549526200320
711262654350888960
24774062
23136962
16903529
4262808003
3206460682
4646430650
57143883
345769832
3869996292
1853154188
707278648374468608
223181543
4883426817
711229420472815616
358006649
469953868
1278950366
365131441
710778499074752513
2431286900
2759045109
104563828
314035458
314729906
985861604
711261094728196096
58300612
57653304
80820819
19395083
309926458
562531204
64481451
35216825
131288840
261446834
2738201784
69344290
317417463
272007094
2661479876
422164125
709533350889795584
3044163763
707605649643806720
43451011
216536384
136400455
42340598
290198989
308259948
313153299
3017586212
2889010472
904998271
422265509
231951268
709443206568669184
4751074746
574838387
711264330319335424
29095640
94443376
29118397
19594653
289170790
1400735064
3443067673
4688280565
3145854143
279265763
16335102
2849925433
3193836186
340055185
1375790682
2820357847
1093803223
191263098
238012078
37327431
52984350
124694594
1406971980
1281761563
23644702
1894643701
2534992158
703732394239479808
3294537077
3247172676
182444924
264244472
188108389
3010347954
30010572
36390178
18508898
31613217
4394496738
3283379839
3075824642
433789881
40863222
117835348
706008410714669056
4867381677
708760984131866627
2309334781
3761351175
78751320
701816835205771265
41569507
2874987544
242336201
163249953
23533491
578263435
2889941483
706353310350102528
307997507
1495660110
2996041481
574010790
750834216
3033561800
3798307395
629155953
1262646662
2555346560
27326364
2584482763
58246576
266297471
2894980536
704096557235212288
2976790089
1062268514
22763059
504021731
477301895
589097518
69423449
1941865152
74749244
898703437
528893228
955542853
3040384569
246001004
345147411
2840627775
3372925649
863732988
1010300586
772697288
74284215
2943322366
70191010
1542390618
2749687681
406522595
71346348
705661198201651200
4711882058
3677306294
3433472825
33579246
62161839
2576867034
82425763
858391585
2724918122
2346122172
3041981354
3316185079
4601056763
745272907
406522565
1387117932
2481490956
24764221
3417756257
44193516
37997114
375709212
2848993744
951872312
42893646
301791211
2580756174
42724357
2492759569
252289370
710612881608323074
265236512
706289699871203332
109188899
888507823
701921323795292160
1266028820
3441711793
2539925887
629890458
703250993560031232
353388764
89311160
1864570471
711220906987757568
316485110
1053830689
71419355
2460991079
1032639024
3246103679
3422870493
418366192
1414004473
3353220134
3235324538
2429594989
26433999
60746046
2480122347
23947701
58003629
325866985
706369285678100480
2196666685
3406706536
999538580
701613078878806016
327100821
2975569190
4735884502
17608040
707027545703587840
4887216641
567768062
2314579795
531813596
1081408044
3057932844
47770126
18744689
1480914775
1961735468
1091039502
2273388668
948932557
137068505
39137239
167492120
2869665471
711257178989002753
265228266
836653135
56200601
3292981959
710903625460092932
2860934675
615294797
389768787
231202247
1002252854
246375390
81865104
432823166
24526653
2167212409
705816947087245313
827902934
710927651331055616
863770784
2575905500
257738513
889872054
32298723
14921938
2830564244
59162736
709280226874818561
711221478725971968
2996063126
316842122
529604718
588475694
3125467751
574674792
28803901
159947352
4861929296
357632891
592109178
865472892
4885879403
3673126657
4855981534
4605572180
3556522888
3959359097
261477831
4751521717
2756436089
350013426
2466760093
149425774
53496605
561589333
1642925672
211703979
4798701630
531517397
595006042
23679957
1884322567
2701801763
21063595
28089206
1231284403
291937285
1176537264
2943478781
2180542177
2988608259
1170605462
794841187
1355213185
1183964839
41535950
4893599590
2465726874
706792464506458112
3307496768
24922764
45000564
703736379000229888
930431917
262826237
3317200874
260383000
1470550872
591120528
293795974
47405577
4907282990
1911713234
25674822
4873078527
3371741680
191547526
711075113253216256
278578356
475356124
2300087960
709208411825508353
703374905954271232
116517137
2521813831
16335744
463339773
3908559072
4252460925
3403243763
181253436
1720922491
3217732414
1214015714
1442302813
2453728021
337143200
3382579933
1267363939
2715365275
3161854130
913592803
106524006
3681193283
4466271856
262935830
3396029937
42278916
162573028
4871431265
2349347329
383922702
3308686370
586169945
1071489630
321170168
24727332
708289738143354880
2590168794
2424069487
711246297928314880
3382250398
355955382
734010078
547273371
123057083
4422585555
40712573
531467318
12445282
709112911881326592
146678288
331890004
1098840697
2677927665
711243063830511616
100239859
948853759
3214740875
3314668688
1546678166
4822138505
477251546
2428966850
708697173689413632
528092722
51498440
2399048166
609951650
36397068
4167483550
17056448
83849658
219109699
3395245393
529591144
30973100
260126662
45059581
52931083
14315673
4149333979
1104334460
2888208659
2860668355
23309645
709085791427821568
433762528
40588242
45413426
710878678889197568
4918912471
1411766311
4357190113
18916507
4052163912
2958854521
539976916
33819933
1331840202
2318233869
1587698066
705541526755999744
3597290176
247562212
3196501235
3275938464
22067531
2537102497
2953291654
2738688896
139970983
3408604629
3745023675
1074738247
366345891
53144018
2861314394
2954209931
4756744747
80831285
25331258
3348672646
700471347852419073
17087547
4047830244
4875427757
4899556026
432065968
4907406855
3130192821
128947394
3826551381
3246529033
4488742701
710141665147637760
109799231
1655141940
3272284314
265506250
38943891
4729585394
2480556532
257782832
415859152
16255248
4528446694
35887166
540225494
3280018782
2605777753
620124637
701233079592075264
3273020064
703667106278195200
540526384
703398696663322624
121951828
4467055474
34173875
705881846027042816
4444524389
711185085307858944
2305879171
379892600
2540239046
371073168
2859193062
1098920510
701044608713695233
21760862
798286
169690380
31105578
2398811774
77090350
2957797481
2263011656
418317587
1633332583
108332901
2194980390
22220183
37597352
845600018
1213592012
2531282089
4443635298
4714745576
4135812035
266096620
199754176
2293534242
709753824781705216
402894432
3259946197
3639087436
862935980
4885458388
704113381624700928
509560272
3394163056
312921460
489079043
4200905239
161671149
121841971
710837210090741762
123984094
327378368
251052944
42541849
304767697
16789028
485856231
2886220996
3242319061
3668700561
3571808356
3059387009
3274774916
448919708
3339741249
3990358228
704403865714630656
705212431941787649
3707979859
227642288
435947120
1368117906
1275873361
1857607026
243185877
708480389833166848
3384899278
2625644615
21525878
3112061737
3636448941
3710642235
415175014
65679563
1369832287
377439473
4499984417
3838236200
260450840
711124642757480448
3334900841
26002816
711172277514182656
15240212
3775183516
554117316
3707816836
268952335
2845623906
17749386
37969424
264593922
4365165982
1198678350
206350130
238853008
72878948
290864870
3220311922
1394961343
1548975014
3369174917
710844442907910148
705306412767809537
3025715896
467691650
3323986523
309823441
2594453161
48704604
2890347420
532826409
540197720
2400756313
22774786
3588894372
2212857316
194794933
3710009963
2196245671
1260410839
933228980
2858137546
3122345363
4824586666
28802779
427901174
485807407
1892266040
2197230179
4767553299
1062048432
248093850
3425978494
147879747
2860925230
1436750762
1523453587
710545371978670081
194693285
4335953905
21860295
851059680
264146321
3010923167
4817901829
2904202875
1429533282
3454027281
229819195
362503598
248351600
2777541422
629540185
4340806214
707007215475957760
703550135511470080
4282439188
73048382
4502331201
2389360952
2427023155
3884598859
2392500331
34913194
4848049753
3166191012
130191851
3678098594
4054895653
3267453877
613364313
14810054
2919110364
708543588620107776
2360051580
299001432
1237288195
613094618
3416492723
42096791
3332469680
216558779
2806550071
70784114
320419757
710356455816175616
425274688
971294598
117598897
3092256636
4290295412
216884696
4740090074
3896798113
805559731
703056462331846656
3290225825
4854560182
201684742
4871517829
3261325134
2159596618
49561002
155287490
4908742273
2785682992
4720653977
702956290327355393
83701522
2567380872
614080498
225661296
542181157
126338104
1100353699
2521953380
3003401062
702725002551021568
39683274
346152846
479976910
81471147
711047044740198401
709969755227230209
1332803918
250799423
2705442370
1635951090
3244214388
1028977484
851907139
3327216125
3000286112
