3948670637
1915711615
3570372672
4440678868
720762737807253504
705028035
824019565
24568660
1957221278
2743837173
4866686212
2663601290
3820135396
720055217845211136
2471706186
2223970659
4831675697
718520121719963649
357527626
2228773911
716966747065155584
3040983617
611181280
3241848001
3177568876
2701668660
709910399810981888
711031253433122817
4700525245
2379410221
706978415581253632
706961847740719104
2389229415
4847155713
617238655
4886115314
1932163364
3314320028
2281477061
4880486251
3280911973
633975033
3374234171
4888411210
1424025566
703286889
3020950587
4471027514
985475180
2440792040
1046620351
2490872673
747765906
1385656200
3325364978
715371862
3130343872
2986318778
4569851241
285938813
2243025265
2909712256
4635324978
543823072
1582117950
2730449585
458040695
2957952730
3386470521
4188788680
633985381
1733239201
261038967
3404802917
3312480993
4174871303
1549607894
824120970
3674853078
3803879294
1041046789
3045012829
2936381925
1061564090
717120482
1074835416
1537575822
472569510
2148844960
1702830446
2288830119
2157203597
3285985256
3612669023
1537092882
551216612
726692730
1268723323
614554028
1078245698
750002269
2720857601
2185494524
537813730
620697473
232751877
406492245
2243670707
4387413383
1379321670
442948993
3047753360
1260289784
2841647413
2929435421
3538808476
2832790245
