44730989
2536685881
2459990619
4089409454
16565372
709898841252827136
4165767819
15459588
458880272
3122082860
15937265
3761169267
2546450402
297715645
2912888486
4840084399
16572643
4114635681
2172694731
1653637393
720159275222478849
4461309140
20528789
562266937
4908298927
2530447093
717099695697362944
1589169588
63485764
3751997847
139588835
1964942946
159016503
724459808749842432
4732469896
1096198662
318276544
3037340045
2997903891
4875775157
1419403603
2236565284
1430309689
368828510
101023723
477294643
47650231
3286704692
710779566609010688
4794485303
1705610582
714057326781550592
177175246
3594749952
112244680
2205523844
717829109750095872
185297433
23145462
3240184349
2855927864
4520951303
105273555
707646202288824320
1547853458
1353351655
717901618444963840
124374758
724536605155987456
2897953137
67922922
41107624
718478347425095680
3404446018
724488423382388736
483917224
3364664134
31682374
3866148195
1120444722
52445436
3784767022
624325526
143799406
712281379816513536
1455097663
720041771653136384
1014149443
701879503732264960
24244419
91935631
3317251963
34459101
3022847371
4900645005
1320356838
3137553880
4359831734
911053897
3432895073
277467401
2650135085
701465940353921024
716164663113723904
711780887252197377
4727875634
2693134028
255246776
300031146
2915269288
724249038636331008
551648601
3145683594
4054254095
15365635
724137075595862016
1330761247
2512718112
2379995545
2633750252
3405127756
1651469768
4717177656
721731896422637568
721010303622856705
243161644
4507860800
2819100334
698476806735724544
713683375156891649
719267613818298368
14232619
2939942884
4701339571
1947128378
4697232408
1719745386
4915831271
712739682753187841
711917297137487872
1007542488
707769922135269376
2959905196
4265026513
713374854200713217
4922940414
846230826
30183305
2895403816
390529153
4082615079
718079550899531780
3093541327
416584415
2223599205
710891391501672449
24689129
711567699348815872
706310097853509632
19281892
3777263427
715616477752246272
848128674
2899949927
704215172236353536
218141699
3291978301
712790648
1622591414
4783420180
2731589470
710110543391039489
17339508
218307597
4736080887
3431334671
707196551806881792
389476538
21592752
43215456
4655982747
718169237181886465
4356984081
721280893076119552
64185511
3053970046
2217250051
4000927169
27192428
2394680197
4350196036
2377488938
918495667
4870628769
394604583
3250899955
717894684161355780
224322161
2413247078
2797238576
774148549
718418530333495296
35004919
3244741752
4576192460
112924655
709497411144523776
702482161744613376
132668108
4070596094
720544864010694658
3169179732
722885089223434241
706704066408091649
2472656047
717500380221988864
1666682522
19632438
190569224
4706694914
713834842971045888
2906184297
4805947838
4926721301
2480248968
1055933118
2374463348
40095090
936734083
281475025
582685996
336696207
4495826234
2989776823
722758356184604672
722747381234532352
3035881217
220996663
3620676677
3878762975
2584659632
712413313842466816
263530697
1343744617
3412148292
174143949
706785474862567424
722670772821602305
711082609900544000
2795136157
1613768352
3316646166
3420608483
191093975
191946606
2325207836
4162243753
2842270648
508151041
700621491675607041
4870447855
152772078
2908565183
1107306996
4837885264
94303323
2393640291
3643360095
34047021
710609955641016320
54653165
3222229993
566496010
709383098476175360
709816362139459584
1126105177
510419360
713400649229144064
4782195326
3342108155
709906333881991168
706080184731099137
722117620888023040
35874713
710147767885115392
20031177
697533420713418752
701211169898504192
752052102
3222852319
358289931
719020007007465472
4672436474
712061042797445120
3039759820
348328549
1218448260
701973532008431616
365484492
707969130
719031883653251074
2387842544
3750331934
221526749
146960129
56284304
3133635060
2201414851
2274150862
721264930696130560
27876079
377216266
4876074219
397921436
4548271286
3910532847
567237921
4547738297
3131124389
704407053826072578
861290402
4889296383
709081953002266624
706247666280235008
722506810167582720
721919147387387904
2965951096
4636537645
216751983
4636427384
3410541555
720664561
43502056
722586664997122048
3283476757
3817510634
33177833
2337202286
2407476236
708505613043671040
4415178613
2593202977
395429111
328270890
2829247847
28779207
43196336
2157283603
3578442137
858075812
3483583338
80443483
358411634
71493785
137648948
29789296
411393747
233656464
1020284538
4360592415
2602939099
2958287050
600030704
2714157256
156965658
720175555929354240
720152065620733952
336071448
325404381
360267728
315418401
722108147532505088
3589212981
3865491674
1098381242
174661718
3233782249
2943780644
2463588776
1414292568
1863836348
713323831356686336
3588367097
713453714367860736
4307140936
3244558384
720913691474939904
237472522
2749941317
477282543
16655296
1412295241
4611419246
86993991
1408082767
184568839
4194369393
711957005989126145
4111908552
2839432462
3180094343
1158805963
2186644749
1292412482
28637589
2911704048
2411414450
3342133888
3357449721
487249114
1726542289
4440678868
4179478817
2617062339
34217851
706337110857375744
3663786195
74883352
204949055
955941792
36404923
2799460057
110103650
722344200612786177
718410449704853504
269741137
707992947434917888
700970338113482752
718317240223952896
287685170
4754909488
14238777
3944511915
3441954136
3269357287
3942478155
108607494
719409887105650688
114925260
714806283392528385
2322020376
493907142
3228583701
3683658137
1171231428
470871718
720097759429144576
3296589179
2248221169
186155763
708114908802641920
219806467
712555857620377600
4822273756
4589602343
4288426108
4811430614
3196381809
715273665823293442
2295280171
3158667764
190589983
2289820256
3246451675
424141332
3236653884
714791179158691845
205617018
700883092001558528
2946858502
1483793215
2499222496
702418840785915904
27768807
3035804476
46117928
441407030
61756796
36080181
2784152435
101438080
3534798497
129569827
4755568156
262859763
851870204
702799288095612928
4386184038
1434342270
3818943741
4449683315
97047728
495000261
3897607648
23526008
2396078941
4599479925
4770418093
262313593
3325075335
3429921801
3065884827
1009368889
478088978
1920678176
220619252
3400474241
1006062325
4015826633
3405458758
396379849
31497295
625099933
24715042
738452197
146714269
37585470
40039395
4778941347
2564140728
447312262
1418669928
2767303845
1584740232
3348771202
268063408
535713313
315276501
714115043714068480
555534172
2722513686
352204244
720014026051178496
3080121340
717905617223028736
2759960499
2453124210
192538987
1652892606
3287802092
2714264035
2924736782
185410444
719842405445464064
3110419936
4698994298
32362711
4922000959
4397410753
2869103344
459757650
85980357
2732314819
2802170976
75478936
366517094
191938697
43046157
1699588867
3316605116
4741285424
19341224
707311623308910592
4647573077
701273592324104192
1924057676
705103427903197184
4177140440
358165632
3089818447
4795927687
2976984508
706701894866112512
208166991
3003965377
713818880464916480
191444428
2910348145
3194717746
1544427270
498340611
3158234814
631669280
456124851
60022085
1654144231
2239291614
93456525
3575200702
31231597
257389232
18718444
3752180807
14586373
330971168
2466349644
721890143380983808
394767875
40941731
2850905314
32521025
707529312723816449
2151474342
721349890391998464
3341269995
4802236152
1415827760
3351408929
706806044807266304
709709224083857408
721716249835761664
721710237124796416
3216949751
2886105376
714498894089101312
708940299419164672
2927284436
404224676
1606572625
408598021
2848693649
717999937636605952
14222871
325284674
716366672295235584
873057985
306701417
714760467605020676
3360629141
67640998
713361889049382912
98227778
711512857997758465
587697020
347545009
702328529959194625
4850738427
4898429954
2425647620
257208137
1040343936
563397911
274959389
1872901242
2724735427
955682354
3172230384
701967542462472192
862212176
698608410976247808
401049921
3407446409
51366474
142430512
175658117
500880435
45672225
4833172059
1947501678
42125700
26526677
2851636273
15412070
702242465961668608
177176829
3134869018
254853469
481326722
702886830
2971426677
141660966
3956021375
4480949173
110333326
52286206
535885902
543787174
2635554706
113828134
14763734
18523169
16002254
382821706
2550199736
4874791874
37027946
413910317
23049758
714699701975703552
113084080
1012603213
2166257581
1399621388
425883645
3027434119
3040762039
2361474860
785248344
2338902812
4894946218
3859999279
4807355182
70047768
718507265284775938
1726167433
412914400
4871614853
2883190489
710593641283104768
3430710359
715961901080043520
719028985070391296
3280414987
4723493539
2469794233
1132790683
2400739782
4918204094
4654699512
1974017821
144591636
2308792418
3719948603
32856634
707491101532237824
2561103734
4772227272
164039826
2494884030
1716577993
1477946564
712018814972633088
15404012
1239300919
3327480396
1871982200
862473342
3007655831
3341532873
543463556
715495277482741760
1700426708
574662588
3380025009
718700026474528768
33667397
596227844
716144135057465344
41984111
4889247171
3710297172
3206890306
2314018987
2186062965
207799137
1035806347
27453762
2778655002
2184318222
2893642217
34303424
180562012
2835017231
1533840589
749834346
2446713636
3096374355
118269391
41304930
710344054454628352
868758919
606447202
17870942
392595299
538750014
108845218
700771160313606144
4899005182
542283680
701932827424780288
719213258620735489
719202780481744896
4869390802
179327870
21697276
4141779258
25907799
4643791399
418143730
341852241
4177777939
3188303815
61080217
383890794
719003653340684288
4638929281
706694954475659266
3303805105
36313079
2298182251
2651517961
4106895011
549330259
1453102772
4284734959
4007916373
2406384204
705190744173056000
707128278914441217
53345033
1244400108
17266544
370911411
321153372
4606419373
541921817
3912765508
1126976456
4858549335
3405092913
2271923634
54702689
73185350
30449115
14411653
295701094
2545188640
350319671
718503608669585408
3182284124
709469414094204928
4458595579
1974775610
90923726
775154882
2882861591
712347347041136640
3573408492
4531151615
26530590
207630647
2608142365
4924175654
3882938362
2202220496
2809595216
3105163589
91280800
76891388
2574103094
820490898
745853822
2345685458
410453605
69979019
3222707052
3113157083
2604725285
398321619
1406692032
1949631704
2414855095
3661330401
488748660
625928850
715691790808928256
856037461
2294172385
451639464
2468741526
696630767141711872
259387703
3646291995
42158083
91685435
88043273
2323982664
3665354059
714865787878506496
3530877074
2767108013
3275101728
26057508
27232287
1692515185
1967291292
349977711
2340388418
2214293395
489875504
61499592
28792947
572807823
724946912
143234883
1071772999
130450672
2221691858
615734729
917346133
2735020951
3031707882
2826962821
67964417
3411792886
1494415801
2444343085
1075021106
16372540
581439861
43886519
2423603633
2165040891
2882941924
4900291630
55386722
718120588720603136
24588424
3062153582
4734993928
2617143782
2492614129
589862725
22313963
2788716779
519612692
2989104266
695939573470359552
745448905
217139635
851569728
1287822721
3316069451
2739059557
2273363690
402778468
2993248570
4858387919
2514479844
255504289
3333088872
116356106
3304813178
613903925
152835291
706847860348686336
38438912
413624746
414405821
1497263990
1660794966
3214565981
275194949
717669005130076161
708700001711468545
4077866860
3311187552
4034897177
1549766486
2328777199
4560644893
97778330
4121508262
181025087
155208827
4082626642
2937771363
35805070
15022381
3800971572
45442434
21070366
792475
1154878088
1378300344
26653434
4822045101
4770675108
2254340377
4228390761
2807981322
15272018
3033307331
712178652679524352
1624396489
709483114691567617
3238324465
139747399
3365644727
582091948
215677606
3614270488
4645225353
87256938
526805804
609318775
24827157
4900075960
105213361
3292742098
1215716599
3383146671
4789791089
482348872
705670417567129600
709968890206494720
780722634
138942782
4224806307
598590654
855972967
2572844671
140329685
2675547516
31496140
1045243069
396014781
1377869809
601909327
1597359288
712165765407965184
3017773122
4635462830
704759871070056448
717407895730696192
111455687
713768501887045632
799895576
110519855
1108807484
2440570940
122014550
1125801450
3114513059
900022902
108177410
3026951149
2182316443
14230113
2540285684
713077708729745408
1622591624
534491473
2292341419
3177678239
3342223449
557903216
3107438441
3114476074
4899852761
14539790
2368827162
928931988
2792085010
717311715185192960
735633506
2187902455
2400351223
57189831
14494808
20592928
36889519
95822725
284541047
2592670421
3410326473
4399856194
23043178
172796530
813351608
2611710445
2652420741
19904067
3547061595
2848893245
3384263829
1157506128
1940177154
1124651238
3067809122
3438131158
102185572
3982718783
3241211237
3189916181
336649846
3942438142
4876229237
2738926248
564493008
1087791378
22991199
22869976
715852868096495618
542922061
1635772033
2318529325
513306640
2768750036
75890188
713521412791603200
3329350829
4754593293
710234106420981761
426652543
713462521684844544
116400065
713544028998885376
1911920299
1183598084
713448391246647296
1332176233
2450942755
114058114
4057285512
3081916300
4119143350
4613594058
3386002685
2482214808
954559142
23625793
41091002
849062286
42583204
3384619979
3189834020
31300767
704047785402740736
260405687
577068877
2959479504
113073760
706642468704485376
186727683
711756671077339137
4876494467
2985037894
714081698422591488
348222447
952021940
16473834
706829391792189442
39696269
2424411523
763577293
706153030710767617
480633746
2849044375
2306526949
61106361
550001036
2313263196
245391714
2490319946
264354793
1400300827
345738935
593209767
370818909
465992018
391290104
2388123817
2827389097
3439665263
4173241905
4914794460
2364901363
1872699727
3546678317
337002268
701407843707006980
3089925481
2759198191
632452737
384968121
3402302571
2492183245
185994128
293005440
259100823
2581840358
370287948
3754916954
312347076
69155417
78386261
15335584
715753736879128576
3314527117
4127951894
1390848116
714534529
2762721629
4135945994
2330218526
1266000655
3973843031
775962438
49850854
524601604
2775520580
14828950
532638312
1543640564
3085703539
618134181
2243196405
4172909416
4218323632
3201620248
702515623411261440
1171149642
533589110
919947757
81619592
1478204994
4469135779
24975816
9344562
7792302
238623779
144604871
117567817
2541156008
36971786
820735
13735452
15825889
8058282
774675
713149054641811457
715002738950672384
2649085250
3165845519
1611708830
4208746456
261431332
271044767
4876721764
43649549
217638654
334017469
16426180
1574196246
308025298
28830480
529176464
4845972095
86008535
798087444
3454932855
818524453
48129779
4178196459
2386822380
3380129182
4866846093
60031833
2502162151
712661141428772864
4164575838
3187039442
4125685891
3504800896
706385435132616705
3186283885
4879101441
4724776950
621896812
3047074325
3248110939
1613762798
839514252
287714841
3613485196
2601549431
4179847458
339832905
56787500
2712037220
1270151748
2464910953
4789901593
4925260754
274159313
3070452829
3233978023
2841239607
3448731442
2269967496
4120989658
281404156
386339466
1138650974
2561094235
3355340173
3565863672
2821143737
488263289
4752338474
710535151940452352
1211661386
3370724363
1208728106
425737644
232342502
2235076350
4701894392
266059181
696345469505531904
705033148309049345
706744030063955968
4611446594
2184024872
451739442
270212550
1407855932
733583880
78420247
114787108
259674489
3097023736
338291677
280255353
3247941871
2213894648
459727191
4862351252
4780017074
242144696
68467132
76620715
2421118248
597771429
63063776
3847489634
387549546
290047093
4893330372
1671253194
709762705482059777
2556220970
709841239265419265
106786959
4377218483
2234222399
4876673652
711418422370766848
340786819
105445946
437802294
2419984327
4852809925
105791826
4044409337
1048560858
4928491641
710158539080093696
280992602
401529456
32260037
258003493
14560373
707627409655238656
15138829
838669429
25361326
2603741061
116086277
28634007
2748328366
1925300965
790619995
1118469595
2303884693
2686197398
21731314
3397851809
229719490
4924373377
10540052
2172625380
1018759567
4547799682
580357124
342620417
16369341
2564001206
3873344477
20819543
18669216
3330556693
4415347632
2949094898
759460784
20699814
4084009761
339425126
3167836300
112588926
468280197
2825314132
4889742724
1565103780
14364211
301963791
20448152
702371420286939136
2951622098
1664934326
3096617822
14780308
2904646534
171549095
234996732
3594763280
3392767995
3298917651
2869918869
67947664
3776376912
4837847657
64293519
2286660025
2778780711
132337948
4387532595
186335835
397911984
3238406044
31534273
702542080887881728
2677345335
308766634
2991308021
2905235441
325546153
6992572
708884999131365376
710815777
39565844
710027897629773824
35554654
295807906
345951362
339142344
704999934924296192
92248957
25832509
196255627
702005337
163902709
1263739183
2317623981
2383401312
261104292
18912691
2850537662
259208095
27196812
3160550708
560533851
4893657315
1398066434
3394366611
178705901
186009078
4870307307
249155520
2284710416
1473800892
81174336
2655339895
1017195181
346246513
708925156287078400
707284309707759617
102751313
14381260
3321018736
3123624826
130496376
453833056
297306044
4070073792
707658102074707970
3176992611
393926677
3223714447
2803724323
4844299237
1059186152
591699601
281563458
266288676
3002801528
188692022
3272728932
553502573
3436988458
3599106317
129737790
2926801733
268464747
3251171535
85021241
2333954913
369352648
1332652825
111275362
3017785123
216502053
3378042213
109585813
3872750957
3025858443
31582008
14731312
28292720
3751237692
31733757
42249007
8768362
4848195134
3410410109
90184696
2827847772
3246909645
2912899587
2579820236
3316102673
206828718
3280282524
4635510887
911046356
4087263614
708387882789179392
1413612110
1026994158
15505663
705452406419689472
100134572
42583521
27864255
18186243
704499318858747905
35288730
513642862
3295710544
202966584
4892221360
704284217987964929
1629543271
1626753565
2847524746
3711103693
552181050
857779814
4836533566
2888708992
18995829
4004039782
3074012657
34957721
211544178
704398928280588288
25577495
452898763
203099880
55118651
314966032
700488453297872896
20831675
295762270
524470637
4112984783
2755840295
257712246
4869161115
266938530
1673257538
417451460
358585710
2989319040
3940184661
30058108
2981466995
189100606
4321704372
4838130587
706077751992692737
20299504
20544416
2789133114
12014232
3389791709
4367020693
701963432854073345
1498239320
3705708372
22568107
26286207
2950697255
217787569
16897037
2732687296
1564123238
14132165
236510430
1356281856
122122701
770626915
2578112827
2167090232
3996837915
2253601982
4705784382
2935542655
75044029
19577325
21256801
2704736586
4824139415
1084741830
21141820
55379438
89080509
1625432377
2681625610
51027382
1163093898
118748397
24235342
26799408
2276914153
22698328
14662107
15843913
92319165
2987462680
3009054417
3808308616
1325787680
28427727
27199138
4910638319
46685330
2966500193
3131129169
128606697
4801082149
706906861333774337
333376727
21088555
4218082700
55755802
67285266
2414910750
123666374
17424359
3873301541
1058680129
1686569990
83316003
88571258
352970457
703458587666812928
2827031364
372030591
1231746877
3506869994
23000618
930653281
1621379275
3002569183
3129095509
308842694
1219455846
148858947
3157701297
4260598814
1950384548
2170693338
4428462268
850095944
705535033927307264
2572594935
1936445310
3347352313
4333150524
54899121
2990903515
996206030
4221439283
2778616824
4705431859
2378823619
80638423
255551708
19735691
3363017153
930004364
449029244
14338322
709095926783201280
2744891777
83102500
2650744490
3721796952
3223192164
18453759
57742745
3301228103
252743276
21202642
3358244602
329674212
195693754
468386343
4745780466
355556912
2904760573
21358211
2533764020
3243886874
1011816506
133984183
2205183454
4795766996
2826653035
916856197
313325235
4193439974
700068586551951364
2902244298
3184043512
762024240
1854086880
3231011947
2827805538
3346147090
3437738992
247332938
733372080
2828753101
3747388337
1582473469
2867159211
345462894
219952715
3000279207
816009475
1000867639
114436514
433888526
4911019811
1306052690
1043386272
4863770650
3281265674
1853323890
2810247196
2830082751
2321258346
1729495758
3904613833
701311839007735808
4715781612
3180975812
2236607012
707357639362158592
620130221
1685818333
40739267
4619343312
3044612453
100071390
113949368
554487897
16464953
701100640131375104
4903301562
2463252222
704050704785260545
107987513
3247002411
27280004
27433932
2898289915
2444328980
4380778572
1270206259
4442418497
365522619
94515281
8935462
154028983
358355072
2784140700
16108870
2411801707
2846334714
2375943738
4662791005
114064449
4691983334
242469547
235284441
756441271
2666961692
214762415
2330530436
22747523
339030884
226278481
2541757652
461555395
2438477220
3180022777
1114771273
4219587305
2894022200
24041141
25966063
2288625106
1103949072
703152992896180224
3167947164
967165694
2164916251
2420983181
306155915
2592065402
3405052863
862389986
61623882
492991594
803408352
4677546038
1870942519
705659840702640129
705393164136349696
805402050
4647552853
3412920591
228942497
62910071
115718070
3315283100
2694572143
4003666094
2239757682
3192854174
3068782451
1700465178
947551560
4343277736
499008691
282741821
985400317
22802165
18806953
2965609801
18415825
4583148192
2511163033
2841947116
398279072
500097613
4136533334
530950089
2344129770
33481504
2578261692
3910160536
982953456
2888026631
2885566502
4699241780
3122838048
190419396
4911367666
2879546233
39021245
705234600591753216
114733616
3599666716
3957929427
1337810586
3798238214
3400558378
4342254072
29896131
2901872046
4807630861
1318393675
2889035125
4778228803
3063827517
4594745461
3233938723
706520974888407040
4624051758
2488877059
4549467812
3151766346
2175257492
134470836
23402755
3032716305
2490575838
324555898
30774885
1145690984
4132511313
1715187698
2898028494
341211819
381228668
706717681206972416
181836777
4158983603
3606650832
3085515429
4322195774
88747617
2269072063
70965354
4831530684
103888057
3067748810
2416512588
704838843090886656
3269256145
750596832
2829428812
314392493
3558929300
2654331539
2717366796
706487966345142272
42343832
3534902176
2943273137
706206230205825025
4807347615
4656749911
120812655
3540983232
795010681
3412226355
1137005329
3402216940
3032923308
1252944451
4854209577
3884331221
556246997
2352343128
1725073532
701815287323238400
3050801118
371436520
701452839743262721
804182191
122836981
2389232198
4924335688
576117341
22311903
79580665
2999657045
77531460
96463568
2931953851
378998181
614111025
14940253
2963444573
1541261712
4843319332
22629005
2565607694
4875065315
2567111202
26512511
1964212543
3273152682
299062149
2331773647
1312167726
43124879
76966092
4117215797
15109390
2813646300
4836508131
4845930103
3471907396
3253915260
4898102145
22622155
219005655
765057824
14732740
161251269
172863320
2151588188
293074758
509185272
2829969085
2151617310
2855340474
705091300526264321
27003403
1484907326
3909252256
2201060190
68447688
478643460
26467736
53686349
26131543
3142266270
4824038918
2896631678
3016671931
3375619785
389044806
3566448214
388707794
1493347626
843797653
4438880433
1227812124
395852847
17307997
701854850494156800
4084116501
612918249
455644104
385572863
340804120
4889479390
3541489220
558909983
452462851
138046885
706106940808560641
118182038
790331797
346919442
3215246159
3539875815
288939381
4921327273
21266437
257655077
2733374251
3534938476
2997068608
1837443516
548013252
4484038756
82500164
4315945283
344183143
21666642
2763968480
701983725634990082
3234125521
190586896
2709128076
3306540288
543761086
23897131
419759497
1400853217
4664503401
111832673
3238148786
42398803
4895048649
2744835034
4862277801
3356190203
2525455417
44402911
3933590412
702611338376454144
4576275842
589043812
706006574993506304
2834102508
3439656635
2493874620
81998705
14729674
2408017730
312485695
1244738568
22860615
2740147945
227478142
718913797
706179046388973571
995328728
3022022000
17536486
11855092
2478806832
18695035
93030447
4311995721
2832472007
273933548
278498589
2730836638
2580650024
3173503048
4738070487
3186315629
1060634198
274407072
811358515
3027199156
1610776369
1072044912
38324376
4856705920
3671460913
2418471042
3223710896
939207756
42219381
216422109
15219141
216169630
2189549689
322197619
4647609989
2330620620
3412649176
3294285513
396074579
239899350
2213122602
4156635976
2738364077
95225514
2510860520
3068278925
21369675
3252458756
701137225849765888
2707420861
4768066003
4874290683
3772793352
91435755
19929879
44030071
2238470465
163686583
2849229634
2761723447
4235055567
398108378
225138330
4034562973
4798651573
23181999
2457502530
3038487852
3771035778
5980142
2282693947
3088315662
4630133476
702969612422553600
3003686526
2175999942
65665858
4898922393
2986217760
214800926
22972326
701478024567508992
3168023634
4824591314
3151379019
4899107842
2853039441
863550631
4542089837
1191153198
4852282574
3330446805
2431708863
3044848660
15483744
2559891481
222022317
463088602
1571430745
4356369502
3193212153
4459174589
264537088
3093877271
2935628339
2422405117
558174982
2728941342
231023430
323625352
3644112855
333679627
2297391817
2833076278
4536148283
2994761596
177925681
1152239874
4703872753
55121922
2811060055
232183410
271786676
776920249
3301047506
277511254
279612469
704455505490669568
308997977
2657568866
481364537
4805442260
3214178717
1433427858
2148275342
17996198
2944612442
2355281526
2955262807
964340516
112560821
4511011513
2890290225
2497509572
194656226
2604439332
2192219851
2954613326
2561979949
1728252086
1390448606
260305892
33687349
3188618684
1268042911
3319501608
304984820
608903768
2931171082
4695495343
3366971925
1927985448
700941358006145024
193476679
2951385856
2939308786
81564767
1111326278
2426201857
308549679
4833667173
2844421872
75897659
31559471
873704022
701545797708554240
701529391747170305
2338981514
146482367
167575404
4127506659
25252514
103092395
2903827480
3343835086
3526959672
2824608100
4823173318
15389813
187021407
437674175
3243704296
20759551
1241905632
2764198522
44904347
408012833
701698978560262144
1898011363
68173937
3298742341
1514644344
3976761559
4853951247
4831617338
330444546
572887452
1876730948
2891845083
3028499567
4858225216
103589505
4875093886
588800661
412532674
694643152481837061
152243685
3077064459
520938512
4854089123
19642069
4177849152
4003551813
1382809218
699669233190498308
3305423992
16688896
247492611
27451967
4323856586
19210640
346703179
51678269
3012145281
101965991
331620114
3308646723
1736379690
4851156513
1259777094
40728125
3240235546
3240325433
3240287871
3240272615
3187320511
2825186511
3240190259
155703913
726518389
3092405105
18583422
3074958632
2851568920
23060183
21856376
2332613598
4906058952
4764530823
3188480306
3240385912
3057109501
2234115740
332966388
268558046
857926110
4837784095
311903342
22035620
17995655
238800629
387909609
2834387949
33067905
1924497042
84992356
288432511
479518573
2818773580
4414895422
2810435802
52745021
3219566628
219007465
3367081510
1583561822
2319720816
944771214
21717987
389946569
4845092451
825201703
19103672
24904520
2371396489
57673955
2271084384
393837196
19996087
2803055323
186148240
969632880
116198126
14215548
16547087
1882902872
17617356
1538850878
2308794572
4843147932
4175550795
4904817543
93986815
811750556
2742675759
28882452
4288588692
3432116645
437238975
4180187548
2722808792
766071379
182414581
958466143
923571630
24874156
68051035
460711368
701601948492025857
1479504656
696714638751305728
4806234568
2516593020
31327090
3581264895
3140619472
2257064812
3420165325
2516985254
300811305
1685873604
193474065
328784682
3074201517
4851158523
2190223014
4168296192
3320550963
1087354014
1166142943
220635302
2904659746
2786140933
4128500633
1083965838
422841265
107411431
37105500
3408552199
250505839
22432487
2534490976
1920998850
2282963677
2565293178
2910854367
2835419768
1209922748
3243507999
3314808084
3422660775
2783703776
2831207254
4909968376
4437609918
3230005632
739810680
14649144
3382254603
872454133
1896585168
2446546152
3304436610
4765109533
2530510033
2436313541
155128548
4800926510
1359364964
365856001
366406586
4898963488
2466308544
21360280
488957172
3388805937
1374598028
265592786
2269307073
2619429007
3267419382
3302124063
3113950140
2573700475
1489735567
737761892
2245871304
130520509
4891340957
4866701111
15089603
1622418102
3237464785
609343846
3401675805
190222111
2786540861
4765035582
3225479959
4870125021
3030030939
4723802123
2186796277
28700553
891377682
172846897
403179950
334196357
4876109517
23557097
235174205
509907272
4836009116
4226583922
1924528525
629227908
1217722346
3016055695
2679154529
183973320
4770276073
2562696982
2796334270
3058982688
219802883
53264656
1903643599
2181396764
32789366
105431194
3023469750
718762070
4819420175
4745057794
1252760161
3107940966
1242566886
3119514154
574023889
1015029619
82542896
2766227626
2338446798
2940142595
4475496319
64357642
3304410887
310476518
4838987728
3044567841
3299831236
74350221
19713926
467076159
325783734
22041124
376302246
391150516
1931811601
177366334
3021314001
2386988352
465729427
2542587860
73181817
2809733167
843788622
104784086
33232200
3396126477
1499026446
481325797
737533465
29196697
3743043793
36529565
14412370
73286598
2286017929
376597267
2464796317
2352846660
2932836172
854082499
885105865
4828141709
3878366363
1487510586
2905715608
4782611756
25025124
4803841774
3041576804
4729494623
3836482805
547265373
4714373396
4210818672
182483642
3434325791
4820607922
40950958
957800280
4698510012
3696098595
15755782
2359491439
3507447192
4812709541
1318415052
40842944
2752565720
15052005
2841326331
163582516
220899197
4745761843
357385470
928799869
104541036
54938044
2832734461
38898845
597589277
2361519769
3709063575
3430378611
3145497151
2411855118
228388110
14658125
311993854
2470750860
3092012265
4735420835
144416472
317324433
8949042
3239767856
2411533741
16580053
3010664694
633125758
3347454946
2588398963
1319883463
35841335
343228492
522246220
2851421981
4105711701
4193038635
234304384
3059230904
2733242731
4349264249
130672431
3334986909
4136556453
4297336347
57341314
2251666442
199748710
4444897453
2763880976
54817361
865132891
4484463553
56219811
4623087734
3639465914
42209444
3324926069
524460200
3132657334
123933553
261332667
3947710257
3775254680
254656156
580301195
2962620002
3199087263
4320816081
73992251
762165860
2199326652
3310806107
296223263
623975337
1669577612
4727373853
198039916
4164011021
789704587
2286864444
484548256
81912520
4133825535
3386104762
4474277489
4694014188
3035842125
259666947
3080736020
28962887
4712127737
2754804011
1615913222
2729800706
2228644270
1323256406
3902393117
241035998
4042438455
23843461
33405721
2291345335
3293886549
1729255675
1004836244
452624265
56609792
468738417
3301929360
104944845
4295572703
3630381912
2476643046
3684860957
3065045477
2634319183
37135526
536772240
235908352
2846252900
199091919
4191536898
36395031
452688896
364666980
2355069600
3324428852
38950120
1726444358
3553208297
4428417672
26011466
37349250
2985404103
3078386695
2483010143
4002715971
1241674651
4103649854
4260765258
4404597863
1110325616
972552590
3664680675
43802453
3087896286
2420152716
3373948153
81328323
197327126
465739446
4657271747
2967899597
1947016380
1363335170
237692128
313393181
21600530
2285716273
3305434060
554335063
4534763656
2934203291
278961196
301265349
3093922402
103484480
193587653
2736240720
614141022
1493267851
1618641848
2481937027
3023863007
2407622815
3213439618
588532665
208083510
31526084
2393063119
2814256422
829735580
4647416124
4617431719
23654321
2203696820
4292652628
2275707789
3457405400
1076852898
438419068
2888278206
2354951924
1973616139
4573299688
609848818
2299144370
1605903493
2279502059
2949831364
2194683942
4572167903
2647957958
3236134490
1575519014
2655170518
2452270205
2577166824
361181996
4122312263
2192718193
206349512
538127689
865192393
396597112
2266840617
2226967445
1112643223
2763103614
3021360042
1317695370
3260242670
286259863
2926541246
2203427062
2371494196
765811200
1201155445
2982011323
2950015335
2735963875
4480507156
2842840605
2652073524
2346632418
704727061
2204281564
515885899
703887806
320873824
3057831944
57471811
2872223062
541502762
3949185256
558932480
54956732
2609442384
1228964810
2894471902
4483747534
49876550
61803979
4278249335
4449534509
1412198970
4420636395
3674330197
2862517236
321032842
2281070306
761947776
4321103543
128587455
2705314249
4364617575
4443813026
273123022
43905354
1931056380
2956480719
429868594
4330517614
4320344506
318309155
900727476
4295644155
4158894975
3232312447
4284425177
150063978
4278796583
4356166512
4356030619
4274395515
3681247154
3160155764
3681407060
2817862311
3980785101
1567928479
4142632042
1925713056
1127652506
4180536106
4225410253
3351143832
3309105871
4162755857
4148768235
33923443
757212349
95943762
253453384
4099008797
4097619442
331567786
4081514235
4079309861
4040885720
86057616
4075724032
4061689035
2468526762
181733403
4055883693
3066927306
3180577591
4025604912
2945814774
146192812
3987667457
586019266
3980775921
420600103
2225658765
2911432900
2905181064
909528344
3240820537
3091373190
78704561
1625418194
2389138742
3302288937
4011653548
1536399169
334075054
960401869
26744912
1258444693
73164788
3195111430
565525868
3955980313
404223134
3905473573
3794600735
3313046325
3313269983
2742071124
2325767473
3432261580
2835366779
798700664
1498388114
2905417549
2244730044
3984257530
2935808723
1860869911
849132114
2574209383
3749721975
3973783030
2494540184
3151987719
3971781922
2334540781
20565335
2970856725
3307303092
702791702
350757083
3000910926
3322361208
1057205234
3958328237
1599143720
460604035
2482557798
2365062820
265123070
1274020394
259869941
235316255
2965055056
30317113
2365377655
237796056
633267337
3163715373
3579310092
3938160435
3531770593
1571292218
2515800517
49081015
338609733
1058358865
3101576584
470018406
458322044
1248011521
528766080
1075717219
2168860754
2499331663
3919871661
1163244990
3104832115
3349097908
2924439074
3913176580
3452663298
3911593709
3910125544
1577071248
514893767
3065277566
1247690359
248919902
2799266827
872125404
29030579
37844996
3281115164
75542029
3813739632
392599269
3766039404
267513124
2782816788
3072347031
537390875
2839425283
131679964
919742234
121782261
3284546826
2454224258
911142163
3871804762
15190314
2318184746
2209499134
2465286800
3863070459
3861564377
32135630
76583112
706030238
3851678596
3766953373
26947203
425926828
3843866601
3304883240
2447614945
3273759313
186549455
21253682
210000803
715556827
3737678054
1932407485
2994054034
3735572773
592244584
607178224
2149600177
3729035113
3524498123
3714502764
3092927441
3795742697
2362606172
3700553474
3699389184
1720775766
1004075138
1489703012
48505102
2983034480
473285651
3772661116
2293909726
2745497831
2511556694
3720243147
2276483456
3757069815
528791330
976519393
3650363312
3254166035
20228233
3351219679
43391718
97992439
3636843554
61236224
231016300
3626908819
3225945317
3061409639
3592594874
313656542
3710434697
1118367852
3615791359
3611289444
1141710056
3351177133
181177306
3301619051
597477212
1545661284
2712824858
321472952
466916096
3579685520
2396621643
3577205293
3123647013
3255474008
2359270840
3666063916
3573242353
3663790397
3290983551
3662781142
3661364896
2273196703
3413688433
2750513041
2725325925
3558704594
3065802692
3642654148
2987715842
3145742334
2886594270
3384242009
342147778
122166624
3537347303
1654080906
2286545329
484372796
2516872494
546349109
3611005935
2834600619
203194640
2792050087
3260461698
631029361
44291447
2171590118
1607272766
3494966719
198974814
249073658
3584395763
3575213477
188662146
34143417
1018262809
2267368685
2682556280
3480731958
1907442972
219074314
3476525893
3227204152
1498006807
935840197
24059944
2791475831
3471234439
3347925743
3556572255
1622790582
820467470
3522504742
1358782322
2867985661
3447909560
22379066
3436968372
3401775197
3433701184
3525731897
2700452249
3010422596
2511554060
3231988536
21223161
2381397648
105087924
1191577070
1633426808
3397803909
3396869779
2816703702
1889822618
3084030814
559822240
1958775368
3380542512
3473898557
2839871341
458678379
256162655
3461694443
3445018229
2339922931
2986593075
2824792399
3452768775
36008885
2712804560
3092936748
890380758
1617069062
2844677557
1446975355
3190942488
3311061607
259689332
3328631893
3328466731
492369115
3166025795
3295276705
3436739584
3326387124
3436457673
68247622
3322417056
2608919888
3435482681
2925673202
3323713874
3323146694
3434297613
3434408079
3434152024
2864750405
2756051320
3018083889
3318256180
502765448
318470148
2923573614
3431339591
970831896
2466372708
3429254447
2294376776
511223459
422085675
3363149974
3425950240
34789270
200718285
3315384187
2452058995
3424641915
2774062997
3315909829
2327577638
30197199
222691723
3268066843
78387284
1251969282
2430865220
2981474416
2584044030
3296701111
49269819
3411220144
3172064407
3399329049
3224398306
3188921228
3313079215
1092834307
3312664140
2234849660
2262298772
2844624498
1682643312
45181145
46345712
866209939
3412200538
35681498
2328006899
16273972
3410768464
3310146674
191479479
3408728968
2295217322
2988711209
26688109
2909484092
2854071822
3304503818
47914260
2443823527
2863249328
15407602
2555381341
2324917405
1885819652
1206560282
2549735652
581937037
16220605
3404178413
3403840090
3403358421
1473127441
2482113744
3402458213
14448173
23483073
2728492621
2497336783
404780488
23270687
3399143909
1326473227
3303057438
3302961594
3397728903
3302804131
1280976428
1862871212
720450756
3190816998
3392833661
635308250
473824133
730835816
588182032
3297693300
377245304
252043327
3295379582
2602581768
2263095374
2897699353
462218577
3213950193
3291137310
2726132317
368702615
3313989533
2351729989
36935383
2283337030
3122997408
3265767696
2627519515
2634181110
3064088253
3280855435
2993004237
42208855
1198151586
811510598
95755947
3196140373
3183168822
1268340799
1543886492
196742236
24192521
2980505385
3284656778
1089942818
1493819347
978814298
3284367348
941953938
613853194
3247710764
2385538538
3039775108
3280667001
149252376
3374108025
3282644143
2996182152
611686687
2285681216
394541075
3376928403
22550627
3059603005
3281664301
2583866046
2792409843
3246961308
3008338410
101870982
2617920385
200424504
480717163
33109779
3096054500
3194791262
200751709
3092622229
3269431844
2773694271
3124839023
3074106648
2975884325
3094525860
3120486132
189950861
3090741806
3373952201
985743331
3278329200
622926198
546612677
408217508
30657395
38871426
1348745642
3266480269
2978784154
2750576182
2777939770
2509639545
3065001551
3370205062
3041782216
920203945
193703862
3252944252
3171549267
2153285306
298279089
2980928212
1575510320
3003855975
334635978
2979995015
2980323155
2994220487
2980092208
2980279156
2980058315
2980033450
2978033033
2980038286
2979970443
2736479636
2979963813
1712032885
331365608
2429649724
3024502956
1282415526
3363012411
1866243193
1641724303
2391959983
445172341
369423914
396489715
16929092
2376522498
2208370553
2181530584
276684898
604829437
479585875
570387016
3190129376
2777736876
2426634968
2932297161
34730520
104322906
3269429924
3361450499
3048854266
3259313503
482286364
630981777
3269128123
2575735987
424723474
211992616
40641597
2890677353
171605233
312894499
1867037066
3293426481
2906760416
135220794
2335070487
3300678321
421407458
615496495
325765703
327467488
3216626412
2888264976
167225085
3267865188
73353532
2408644591
141864252
1215149347
2157743257
3230336547
534816166
318653230
366918731
3034435561
489309720
276226052
1324739389
378932270
956097156
2344453653
3305941090
461180879
3356020211
3158048164
1089452162
1567942050
485851747
3295017239
3355279433
3354604259
3172063557
358358053
637234233
564887075
106593554
112499979
3351533608
2994812498
1484651521
3024306448
1433481115
3347962900
611530014
3254858742
3241781918
2906508673
2392582350
236307640
715706952
2378299837
1776913008
2903103323
3328227807
394903435
3344146133
2813426252
124826748
48390699
975684830
134894690
166810192
3316137724
519414488
983294923
509461549
97380871
2223980387
16814500
3320493353
2932281130
193978434
103924366
29875460
33345091
259649352
2361413834
124829064
2473112803
524044064
1014137612
2469270184
3332527198
1634951388
999656748
3248151181
3219258204
3174523617
45635314
3036714245
1047534997
2413599323
2831234997
2827529090
324424253
2873674755
2910323988
1513077138
1632220008
3199085650
3040421745
2497629020
3325557267
2820786737
2678252180
701710484
2347695074
2464883683
2800476345
2699096029
2516926704
2724745646
2258218458
2430550105
3180089006
16548434
2705842850
198587249
241260517
3321545169
23580707
174580527
555307309
1671054228
3320494629
3291570833
90379747
1395836245
286233279
48935222
26965287
635521807
708014748
264953643
17033708
1137485035
28610770
2400653683
3198286332
2570722760
1651692392
2323557194
133524869
2688609236
512804984
155972426
2779288526
2660374770
2784884971
3025477640
3251877359
8927762
3239148756
274208695
3098272454
1636169048
379633367
12975572
1077258030
1854475308
1021440288
125233653
3222573306
584920381
2465436362
1954277906
3116138339
25219781
3098231244
3019335680
19812115
155687896
100727865
546849098
107762111
3211475764
3299507249
1286204892
3023070806
1557100172
203030946
541193226
3007422856
552192339
762553718
3063247963
2472294823
287818581
3098282432
3094387957
3081823578
2477640367
3312253294
3136119383
1404544279
3236840678
3022858799
437441899
2919971707
3311663014
94041216
2475260036
2517039877
1944645192
3225920839
455545231
2362606417
2759081185
2207761040
3220683955
2350839924
2760585037
1434225560
3309760241
2511468638
2511459180
2511459804
398247565
3044645097
373385542
3245405379
2401830277
3309200999
379641437
2213576427
3077532229
1831919268
2935356488
3052983085
58388736
23636912
2863873147
740954192
2345512759
710686688
26761733
2447396006
450728404
2567377638
27359224
2739364691
1304741420
2371305157
452366457
2956512679
2433228664
3093258931
2826520431
3091346762
3092917032
3096049651
1627596787
1965552984
3307456870
415111172
3252783291
304985111
604995471
2815254846
3306957023
2546263940
3090983438
3299305690
19096593
360708837
18271074
1038165433
65130553
3278574153
1895922452
2950972182
2814950915
2859968600
2928042083
2964877635
450380211
2512494217
3164385078
1589137896
33211104
367685962
2835588132
311743229
23233079
99600962
2845850055
411356908
332439058
2266406312
311472539
2998335317
3028595730
2239105153
3063736589
1727280145
1687461901
787187408
3305731504
190519304
1695169465
2737857746
2883569308
65689031
2899845169
93594149
445424658
2772873156
26865708
445302789
135980540
622106312
238846306
627698273
3135770216
2874992091
51027130
1851791588
1898932002
3300348773
22835308
2169862302
70683698
585822169
2787653645
3305419671
84681950
3010394496
2889306583
978955603
420888593
2960137236
1250097319
1633262515
1004603048
1172978532
351217064
2329540551
2779768722
1541331726
571332087
860295392
2945946977
2587680230
3301294474
1538702348
3064300845
913298724
3219590700
1412141120
3291986679
2784228827
209346201
1180435597
870411144
471454943
1737631322
504966841
2541586882
565030137
2820998945
1581050130
893204810
3294176704
2598200760
3154496763
2986404119
575462534
2986728066
261880695
1865940403
1900237099
2918149598
2621699688
3190538370
2963015869
548845715
299946589
2183543880
536996706
1643129424
2897881165
2453562690
18787733
2909397931
824663574
2192758383
24054063
524737737
1024701649
878914118
803246467
3296781425
2963830033
2781115008
2802555194
3160968398
3190533882
40262562
117805892
75514243
220207487
353699363
2899875403
2858547598
3246227871
2491872463
3300258117
26317588
229822963
146813862
102804190
811659822
1178183450
2438336631
447471302
1635828884
2792677150
3298377460
2937681131
3298205063
29151815
2246558267
1027582938
712223854
2175938484
2767392730
3234049427
3225036188
3177000455
3225685154
15830809
3012728060
2897091542
2787869947
1421129976
3004905346
3295432228
1892563412
1875541998
2489273600
306646465
1152342733
2465028224
2671122332
3031942490
1381998931
3196170140
419462070
2174054806
3181117713
769515468
2588109960
3140385037
2338379728
182996069
2784138410
2489655686
298803662
767436901
3017331232
1355021342
2659696782
2817274837
2779503991
26956241
3221080494
2524909958
1362914263
2934067256
315716775
1006759249
50094643
2327770135
535883456
1809893239
30201753
295312663
1947549482
2594079432
537690038
3031457438
1043090906
3094818041
3111733588
2589457704
1958672718
3219721998
2737907779
551341329
855643962
3183012066
538794982
3209720972
474124784
553382299
2951004121
3086629916
584558228
3112437559
3289893309
1699501224
3190518782
2420991555
2954603230
67463357
1913247307
1036131090
2888327738
3224751832
2835661016
491477765
24921910
1947513210
20326812
3279042736
2409599982
3044809313
40899627
3161652070
3197257568
3259462037
186718821
2891370001
2307956133
2915958055
2619156894
837956364
365371036
1541670864
156191251
3257470377
1318046653
2996919002
2614201573
3192549207
3075211010
1888656974
2997035562
3036067188
884870852
3195914240
3253463452
809228730
2815516907
3159681508
1240623290
2488384171
3172803941
2250026734
3197259263
1933923116
747749562
2715920731
2484928562
3047887129
755665939
590745933
3171990275
254587858
3163507815
85829861
26282718
1221480996
2578188186
371183087
1882468706
3014870860
2464462950
3036477962
2413266572
304539152
3254039362
782961722
600310203
3252871984
737927700
2843168429
739013040
713733877
3202467011
3225340545
3251313689
1599541136
101151129
2591778664
3018974039
3193687406
1659341096
3185660221
2800239960
2873719816
2486034890
2904946144
235306505
1882984044
1954315333
3193135868
1134593972
2811561204
3225292565
3225229629
3058649697
3176907948
58174695
548610471
1329475687
81138445
438100482
3246331943
2918081162
2826964999
3129395242
2798255887
3191941004
3025814158
23483816
1847245352
455154223
947786893
1426361132
2985707841
3207916395
3207804183
26113992
1159335001
1604329814
2980237400
866405846
52795856
1023131936
50218809
110462788
383071453
3074023163
116533346
16722653
3225066772
3225027046
2624372190
522786580
2820148115
309114393
2892882150
1664939024
2465171360
2384927025
2740476799
2798587105
2549647958
19503822
2934340462
1960045248
2739680245
2876393541
1480093416
28984805
239609988
1241669910
31705210
2799738706
2946346822
1961631690
746003634
563395702
52415376
151979576
187555479
138515681
272509266
2326825313
127870250
94299992
223727414
3016053649
3107743910
1632269209
2990108296
190823347
364010806
1906975980
3208040086
3207897039
1118765593
2855430617
2359539381
3017536045
3105701468
2491898040
366523891
3240173073
3131511951
120036324
3239228685
60941429
3073391295
841357189
562431699
2629733804
949711868
81126713
31146272
34218718
524285852
3232751428
3184878919
2184443719
3235425149
2276830636
477609842
3012646446
1604462874
2834791616
2171083285
230003219
2298871851
81567516
1399969663
146122277
3058428656
2297002108
3215559293
30741111
2743951629
1921155001
2477793860
1543131344
2174051347
2907212060
955638248
1310695374
2919679956
522480580
2860213442
387264223
1013639762
2790658390
354690266
3035993995
341366516
559525983
437523529
167018199
2841724732
554654105
3036261529
2967697627
2454911620
2421064333
3025893476
1583677422
459932559
2563378365
2389266639
3231269205
2375927830
16194080
263018965
2652385123
3056865869
3166382138
2325276518
2466211034
2958673984
1887590612
2291243541
409942690
1262992752
2834873507
1625568260
3171838970
3171151769
1954742912
3179054689
142453906
1718091126
1702148870
1717096698
798298711
1717097466
2157726848
1718357244
1139883696
2271199060
3005212489
3077274645
70491947
852633968
832525472
808639410
910504338
2502331398
632157129
1637356478
252528109
2643703204
1371399584
1455064550
3221844503
549278155
1674341922
513704992
820026180
3194437821
2203733600
246691346
284638395
199470054
2966562188
372789410
2729205892
110597857
2769162312
831581407
2462980691
2316013282
159389938
2209809619
157173759
436334383
2873680313
369570311
177195399
2929626139
2691706743
2264265081
520271924
2805292520
601658891
27620258
2305210184
3165106799
906113814
610169017
3128335653
377800903
3126755921
2408685091
2647489932
2316517056
2588892166
923291840
3159744379
2953307087
2971554502
3196162715
272201414
3069798626
3159723446
2401184117
103678753
378449624
2625903878
2810305202
3184487020
2846423326
329262088
3067264157
489703234
2492026135
2618867641
533147298
3113656334
2843411121
3145446652
95328979
195682054
3010980623
311724491
609802716
3165964315
3101898233
110217937
247297701
3071845201
957132781
73037846
3098689785
2656597242
2860359647
2939451526
3070181877
3086974908
294245418
1160917645
548650399
254624103
2815593137
532587938
2721170100
913430426
626650336
485207249
206420000
2841341121
1169897214
2985986987
859587000
1528184250
2332852548
2461919914
390990952
2153550006
95609825
599606014
2988895548
3158259397
513189728
47336979
349783759
3090608901
2613457381
924151964
3065210509
106074063
476996955
473831674
481341910
2364163490
1201928186
3137984283
2239187401
22287289
2965231797
1861250976
122677732
3131199891
1456140842
2995645414
2188394888
2793662921
2226912809
1128873306
3213041669
2165504798
704112010
481004069
45931083
226662318
2333939864
287414747
867857328
581604564
2780326405
2424678524
3145798165
151818505
602336884
2942634643
1407262566
432631318
2558833068
2902150645
2819647322
2876246070
2902106028
2433086970
110707187
290395312
1586683759
3147411064
41458454
2657223601
3183588856
427958206
2451559010
3153019770
430087375
1606043184
3086810727
3129435113
2349840173
1244149740
53911859
3172244084
2805852800
981612662
961493498
2507597894
2529929275
447187841
2843150089
322880594
257796162
2190567252
2538338947
2507642478
3091070789
3146975274
2308794798
2518263835
3136760356
2902030526
1325205697
368527592
2471614340
2918353892
374984441
1460315808
1932095678
3001446175
445104626
3034314669
119235283
948653844
3015956935
469692095
723007856
781592083
93050481
3032321438
2319539869
3061224858
32336500
328505860
427778271
2986833406
2999417586
2330340402
3171203474
2218904395
2907888076
1710361904
3171380492
53279593
2892800030
1514717486
1750406858
1934404825
2640263119
3138359810
2270205656
743558070
1520485453
855458454
1640353225
2926110870
3171109596
555427962
575873043
3115052484
874657975
246452028
1676724416
2339062140
188704811
474773784
807161060
33406517
138845522
2377569605
2803035032
3094548301
1332827280
3112611067
3168653183
512171533
3111114976
485998622
2965984912
404895264
405993797
3167338007
3093637444
385578772
165170875
3081837302
3035646772
906652554
2638963403
494095217
2938583689
226661378
1936441250
15367279
1010094835
2216257641
2646012890
204609522
59292860
58262255
240032572
2714171431
2968190793
167924087
349801186
706239539
460433533
587261164
3004228131
2683869036
2634969189
3046202973
2267731535
718622977
1316013625
3140740651
2595154684
2883621602
2188027502
402832994
2771979811
1523169085
2985900476
2898574523
154611527
1377557618
1663567915
2473791128
114568797
729621637
2701920836
2578948184
458722125
2280927248
3003884490
1472661234
2350927881
2528318748
69033239
2414172405
1640832396
3146038936
100927079
708358178
1614805436
75021449
352750154
515493683
880800056
427253416
3035652759
2921442848
927165776
3167293880
773979386
1099320931
1909478982
2227423769
3067068673
3093530096
3091402381
3027788446
2224552675
3163714349
1200068564
451196563
432068423
2776551906
225138915
29391946
46701046
1540766414
3187922373
888452514
19616182
505150419
3119471511
3028154217
45454350
384908188
3130351501
3081236821
2725261247
1104338628
3081618997
739209542
3150009800
1918819380
3095483151
3163183381
2612944514
3178855690
3180264051
2373901941
1700616752
2199088400
1292208282
238938752
2616242766
1347387348
3160116770
19199038
429948197
3161604356
3028530664
224983464
3022907809
3143071946
1879085654
2589825074
2504529110
2938883964
427331000
3120417346
3145699676
332830352
2157885953
2767903022
2431009880
353312721
2276466540
2824210848
268992491
2529577662
411427916
2513097242
537259404
3029950367
2924953010
3084289173
1979162636
1161221702
2948399087
2427120101
3160670640
273807377
3172687737
3150425382
2393827170
1548298482
2218278549
3138904837
3148914397
2419865905
3020948886
2954704682
2539414740
1179264667
3013731103
3130089184
1153001762
2715560602
1688109788
923679565
3138518998
1931945916
3111154457
509050147
1962431539
3172226643
3092327120
1337844853
479095512
3144742892
1885950588
2410073569
1394805457
2436567834
2410121905
2410050974
1601959940
2413058143
2458701474
2414649018
2436539755
2410072404
2413117530
2413133216
2410108502
2413023842
2436560234
2413034898
2436547362
2436580406
2960856960
2528281375
2976883699
2380089295
426683394
505073205
2856484899
3139346880
3118935289
432868720
1054510286
2527957974
2494685941
2227419739
2883530672
2948952627
3004811504
2197962753
972573516
3081194910
3007790358
636475686
3151289203
2737064521
3132464478
2989445602
411845007
3091475899
3093201090
3094585255
3153680989
2510140060
3142032771
3121285284
1172155207
3165103839
2905901382
2827229554
3090569186
1162618062
289284793
3091443043
119739682
2795463192
2413691232
3081775177
3140770611
2945502732
3141965368
3104573001
144759099
3113156588
1447438837
1360201116
2796398191
393265290
3147347104
2501289992
227087163
1925665826
398570767
2206196476
1434094051
23086897
1581733693
2547402166
437916661
3126885177
2905789257
1214649752
242504739
720123818
59785531
1592175584
2422342892
1149820363
3157433609
2485945218
1379037829
2980485073
1447166179
1461842414
2278471317
3055313622
3093039516
1048897478
908308969
3129572514
3145613317
951261686
3066335079
2971743904
3125947192
486541519
609831858
2823033751
2946679791
2450662804
2990476183
400934331
2987976122
2904001170
702521380
2183570890
2976511731
2344540754
3078500666
346908191
34850362
3114553519
2937701728
2894466227
2168904518
3138604046
2946719348
1478561323
498235269
408847489
186295003
1708674246
1708709552
3065335602
453188084
3025416257
3100430602
990496682
3116503594
2951847401
1913909047
1016026620
3118449332
1903089282
2605736888
2400621129
3105064742
1425969757
3139153459
843599695
227470631
3038098122
3098330864
2478481580
2916579214
704964147
3133654545
1077678986
3140165226
3106550670
2586017946
1578151358
2876825949
3113747703
1339304984
1908604568
262038434
1469802578
1482708744
2564418823
2852007883
3031790916
2657940751
3139084838
2147719783
2411058124
1258688528
3108579548
712946080
2222193609
1636457029
565786380
2699551454
957621007
2546592968
3118683332
635820514
2770446681
1022298930
