4559559854
4838126440
563743190
82160101
4492761024
3296197926
3367301112
3147542642
3298387346
3327093200
3317883758
30312141
18346571
2840738831
41756503
2936988411
2999327456
77333525
2852466241
735191785
96272576
570981881
127629198
195998330
2526389342
2432307702
181777840
1616764266
23041946
2289670681
1733280752
54313073
2228681112
2382549348
2284544233
2283185059
2292882973
2286738396
2277159661
91677483
522713177
184550033
25915690
626886453
339190060
250283173
295857733
87511394
989275160
23531300
172564802
839370854
22214410
798677155
18693726
97958437
46041069
40064780
