845763512
1518940484
703141589665710080
720756330487676928
317896564
3431962491
4835121934
726688242255421440
3282135043
4253491096
724325718222594048
711989110630551553
716196383376715776
724843554087030787
719775044461838336
718927575024824321
718916822293200896
716711152378638341
723187983042506752
716426137249980420
715439075180851200
711700569468096514
721609183976628224
4643250912
2751454279
2670674406
726561077413187589
2441657467
724949622582579202
4696120994
3313261229
708098885697282048
3951853757
3075660304
3105758267
715178977644703745
263544981
709421654917705728
709075447074725890
726106175092187137
2942191204
722526427992694785
725268451892273152
1971569084
3346102348
64980742
714851911954997248
713670806400737280
719550765715611648
4877069807
2915169793
39366978
2864272631
717327761061318656
719122361467801600
2369446606
724549411590815745
4865706779
3997028577
248731301
240432545
63305093
705363945205407744
717975774276354048
717782533254082560
719147338896404480
721044477499072512
707433769221935104
720606214338572288
2529910304
3870325707
4776623494
724588625132961792
4843529114
725973541452156928
364420774
721980519131557888
244426551
709620154640957440
716813552393146368
113827883
714536046294405121
4774541794
4638627569
2924646756
3371010106
712429097641762816
722902329717104640
113358744
699603986173796354
706494217963618306
3224841837
4429062087
719952603187175424
2151423914
696748737343913984
3049683956
4761744192
724252745062973442
621192937
349240162
720222237983436800
4781933679
1532129606
713884137585778689
4755959947
4776359601
2412167430
708099578071900160
717442560852107265
18002117
724114128135172096
369851018
3191641084
3148614593
722535206306111489
720929837758746624
3908823015
433647440
724899104401285120
713311428241973248
706096741490102274
714830440301858816
4833124221
4921242382
725057564610801665
725022395229179904
723989740475809792
1122650670
714010006606258176
718910792360288256
83464744
2856673355
721640988435988480
703306497573388288
718390465536663553
714447816089677824
718693349671067648
706290119351930880
3309242130
2926839850
3182294307
703864086971359233
2481441536
377510131
711459648226893824
4819772477
723062731117584384
4500281174
722691671155191809
718901046043615232
182807055
716723636980285441
2729739046
4901112844
722256563331854338
719485942218760193
714905014305746945
723463876252172288
708693938639659009
723438791705300993
4299092842
719492222488571906
2515187845
722125140457365504
711586065941983232
723086790459047936
4179393022
4663280609
717268814984003584
348287300
715431042031570945
722563059122765824
21489545
3063831010
1607556446
3566253315
724322999395057665
333278359
722912950822920192
709142002802163712
722785765516775424
1915880084
722848063086292992
4067530343
2895267429
3843863477
2841110273
718727211914690560
2716495041
720656207443271680
720984961390669824
3371101995
720839481402654720
712282678796689408
722491048358998016
715513609221193728
3904954755
721078126080602112
1057053938
722186181488848896
722784606555127808
724113177324208128
701774338614239232
722826077631070208
715844735567585281
718745177477750784
721736093343858689
820591831
3075223348
4855715248
285246725
1961209483
438561081
28918971
717423364898467840
4456893681
716031198137618433
3097044346
715623335183278080
230745128
718170453454495744
711167366416044033
2244422883
709489677615509508
718810175319252992
718810939009667073
3901600757
3022029210
2893505132
718432044238266368
719681258079391744
4298957793
701371732
4309557556
4289221762
4309480888
4258319830
722248934010318848
88202140
706312329080602625
714253352893173761
576348012
722347279374356480
721659014485057538
720593260264177664
4806147924
712694761174347777
519682478
721534845030019072
722417644276727808
2582650807
2489769662
371693368
709745380674691074
723228455903449088
718811520868741122
720278101465423872
720851678128254976
4897609468
713271978430447616
440782529
921692364
721343413698895872
716938665193304064
493857348
144591324
706259297387196416
4896642748
2829082133
2600096964
705104124132663297
709712398924554240
443729048
4299345383
1880365663
4299139163
4111647713
721336035028901888
713462126124408833
4298873427
1928007864
4243632963
718577623778140160
1891462813
722103360380395524
4298941763
723165764413362176
596120220
938575136
3681834560
4531252274
717553997037576192
4846607291
201433175
721084291472601088
2296617853
714375283357274112
714330047155412992
707171241673805824
712214725648523264
2345889577
234572096
713535575576346625
711983047650881538
719089172808613889
710968652615569408
2536059254
720547118352613376
703299612837343232
16710420
3252825948
718819849171021824
717815619480068096
4526242101
3231213010
717622511039414273
720507502748700672
716732002708357121
712070176192094208
4251232780
720964965029392386
4299718156
982734967
3009893711
709668208270299136
706899411075354624
701021371808276481
407415172
713827375243534337
2830644152
717421152721719296
2328219177
457421255
3014769909
1116845479
1558478880
965989579
713737346970062849
4846588859
150360659
143471375
175755978
117408877
1696189890
57326552
126466037
3091964961
2571766250
719884750559780868
719839194089177088
719066453081661440
3164010612
712036258210553856
717985965160144896
713626933020463105
111232341
584740980
719687028695285760
715572807493660673
715574350137671680
1459322449
718513433675763713
2206700944
719377417836453888
4547869279
190169793
4846548657
719841738400120832
721087904043372544
3062959781
4244848041
719582938791329793
718084132962697216
720191098124152832
721364120411488257
713079926744682496
4846542237
710505973874610176
721330327961145344
4504427495
4517449095
4252685603
4568850792
4495517009
4299759209
4471690768
4603739015
4420070177
3238670358
4622112807
719084252067971072
718217815933784064
703632162323615745
719219806931722240
320917731
718189311989035008
717290530565185536
2280474355
4154041574
1156308895
2901305713
4661865734
704070213143232512
719298240387145728
719276624638644224
4886489342
2267913794
720671743594143744
2946690850
719605517371502592
2345269340
4197267321
826537184
3121571276
720934582758072320
716373408058093569
716118586746494978
720547328541736960
2872747731
704940594716663808
1591794392
158060289
3025996807
2478015324
718089560970895361
707200967834509312
1961206819
25634203
469133704
2852015397
720371299093073921
716272053024919552
702267109326397440
717016155463020544
2514011860
4861082643
450561690
714159857658687488
710205304315781120
714374332206678017
1940699371
2438724661
906856645
717325457746751489
253350338
718051392263294976
712761355225403394
714480817096028160
4885057091
720632528441217024
2497052995
748700016
2993268801
706492793074655232
3195233608
4281538335
2970495885
715241247108153344
716710683363119106
717071814825000960
4102376488
715867933524762624
717613302759702528
717327382533775360
1065869268
4393290993
4299300509
706782492171366400
1923084690
719185544325021699
2292188819
4504528768
718732952763559936
717724384237133826
3035233276
4018101839
4274779457
4251439102
1891554817
4251537333
4325135413
4482176715
4244976875
4244961497
4517481940
4173161603
4504394079
3067714410
712696710397603840
4298931987
4298909235
3974046087
4243448195
1935490314
703619331503099904
3974189422
4504353099
4451483003
3547715122
4495384395
623097903
3293227573
4243425857
154098298
715649640213966849
4880946538
2392862521
714524726719164416
4870297510
2415426282
970204308
717515742430826496
3123336200
3391125567
3410967982
157443576
712645412276965377
2895057204
713200173757906944
815307050
3254596175
701982164066250752
4504660354
4298898857
719496074780487680
710051858451144704
2470272570
4925482705
718074431738945536
4681058240
3356422845
4252820583
4252970069
4253044017
4268166616
709523347952967680
709528118566920192
4627036725
4829626072
1089067021
704232814179426305
2197290196
3435952989
360641521
2370308664
2487874316
714453472217853954
4774222786
710924104774377472
4928095690
718156052278218752
3235578750
4766341342
718529627879305220
4881379313
4904921139
488668139
4863306304
2843750363
711066751056777216
710791522732548096
705669543939575808
718678164470394881
717769315194429441
712209877150474240
714233812394315776
1913323699
2219983897
3078234303
2234327564
3093094374
717795537932722177
1148575032
2705702600
702870446811828228
715842954003410944
4251092471
4830327844
716364192996061185
717243530280890368
244052970
715516191016615936
718217286168002561
900322075
712891420911267840
3129931219
4299225195
718123362745204736
2767212057
718465973175599105
4309401077
4251287721
712698773143752704
3327443123
4309348097
2885490971
711920229924864001
2728488134
3435566369
716618824141901824
4666967006
516892557
3605796205
713446871004413952
712666642661183488
4793754252
711248282673143808
713707340512501760
3267709082
762242695
3267651584
716371165862879232
361532479
755833832
346036203
714957987425726464
4614326847
4603802243
716814084012904448
1891449434
4252570209
4603842172
4614296308
4517148443
4622143719
4309514123
4624201095
4248900736
4251176601
4603702947
4633359149
4471412955
4624417306
4474131029
4857512781
4610754555
4614240214
4516874843
4603660755
4504607176
718135907778437122
491496301
4289766995
712584093708345344
709199600557527040
2279485889
701463256402161664
3097278581
762111199
4469074043
2406951289
712631314571243520
2882754988
715489625494700032
180824612
703592477454893056
713092772358713346
715513191887998976
715674351727566849
378423410
718418348099379200
707581453543022592
718291884230209536
715041959988092929
714867788649598976
717282312967340032
4843033210
2479975157
2225231934
439885470
2401415786
3024194116
4471679391
4610515162
3064415211
714521999628976128
4904237068
27450176
4887230494
715863288249233408
4704236302
717397465759133696
2298258589
3309651694
714961225373716480
711573769588838400
719358553383964678
3640425194
2997476024
719256409041408001
716761970549063680
715714421025345536
717401469859860480
2883205035
2984694780
775472906
3988354162
2967638308
3718549341
714144879295787008
4908978862
4624360402
4244888247
2974729342
4251124817
374688116
716300441655582724
716893749939294208
4495352235
4614262966
4633967481
717512512888037376
704518703723970560
714142391800881157
3667589176
710863712836587520
4899121035
3423934400
715149481231015936
3818281713
4101050714
3653498603
716592369060225024
94522363
718890324769316864
718869688718082052
3388878719
711867344830787584
3428860935
705377703390613504
715327759589982208
3527596163
715113378
3415403113
3780750672
715647144531730432
701042953515638787
716543332986568704
4903962755
715614957140910080
715491821539864576
701716391838224384
715499431043399680
716963680278200321
715504782354554881
3023692764
340496814
3447019635
714025252616028160
399433960
716255050897559552
4751043913
702672935086071809
2837580191
708064691835240448
703974286218891264
715196553372286976
716729098266144768
715571263113207808
715576130187739137
715600514734505985
715602224861343744
715605517280915458
2890545423
4823227965
705090881485864960
4305507975
271531375
340233715
89661588
708568791068893184
710885786971971584
714489808920383488
4721517523
1343302134
200891160
701550910581899265
3409037656
715604495837868034
715606071914676225
715606557405347840
716233368531243010
714888208157380608
171895417
2613817148
91776567
2990345705
716270272748367872
712217912623247362
703591387992817665
715495806036537344
123393735
714463178671820800
703558733775966210
712363993793482753
3105750561
139055045
714857667559309313
714407960978579456
711483743471591424
137815912
712936157026324480
714240199589552128
4522870761
711599263864590336
715833731634839552
3459257179
3366531623
708062785922572289
4849800856
4012222409
707160668831686656
3179311030
4899772565
716576215361003521
4455565392
1180514520
4887547373
2379403815
714924454954938368
711225195583897600
4843469597
3699929127
714523698951270400
710883716483190784
716517942205235200
714172313730727937
715950902604132352
2200605087
505960064
714035214733991942
705482463099883520
2400344592
136954282
3970434443
432063042
2866983665
2839001751
4504820487
705361113
4885602663
2640766703
439623516
712928553512353793
715455984760696832
710181299806453761
705636168625364993
703944659278696448
4924447912
322480336
703637477836386304
751149439
178348766
713246206193831937
707219018571235329
715451915505700864
189770284
204463494
784665853
711874109110620160
176924937
4812448393
716088372490424320
400637488
998874734
4428152302
4744305435
2643703204
3885374243
714602287071698945
713844795010101248
711871179070554114
263108541
313537447
712037094949048321
2241297844
703634962763874305
4462566622
4888700787
3564701716
717026071087071232
2761949246
3950242960
288804864
3053331754
3298733527
3398774578
707566702746341378
4364424255
3643498457
715958294091800576
715944212173348864
4044599825
3206665079
14619266
715825204333842437
3169962379
2981910963
2587529454
712415404937900033
706940132910305280
4068485121
703648026687107073
15372749
712628333603848192
332873013
715681897288974336
3873270856
715632511808888832
715077801821364228
714599934545121280
1191510805
715098094560477184
4171863867
3740855487
773773686
4464997522
4061211316
715150966442573824
714739107122057216
1020001802
3244089260
2918655599
713622995932045312
2283997656
710233694452244481
712551073983111168
713533455783632897
719932412
244638569
716741201853067264
4856593001
709123182280761345
4613120127
716711340665126913
4243679475
1624140865
4244981854
708240355687268352
4243640363
715121331780476932
715107601374121984
711907706257416192
712275850033504256
701315077660504064
704652668950745088
3169548039
92474935
695852429120835588
715263081035771904
710592162803671040
2553127328
716385396473593857
1330253210
711538157037166592
713647310379610112
4927184590
706210537521221633
714457798935973888
711968470074785792
2570706069
715162297157738496
3234095239
714881438844329984
315734288
3349425892
714868856939024385
4849494525
2293108866
251894946
282746412
464581475
923551255
716224125237379072
4925282415
794512339
715908503114801152
2746384522
715206046323748864
714217687442919424
785307924
703492239583006720
711903247687024641
2751531051
715210632941944832
708582786584731648
714506074636701696
702599247074566144
712686440287715328
4885042576
173831142
703950708421365765
713733843791032320
2730192153
294484437
707275731651457025
711919373519294465
3115626365
716032682426241026
476623865
713410131401244674
716026372318236672
716022029095460864
711873245637689345
712034134613430272
712237262348484608
704621077041967104
712646745369526272
711994823276945408
2742530823
1250200464
4867325177
423367016
703540927051259904
2920206393
703640852120379392
4924867341
705085183440109568
711936728508944384
703953369807851520
714829564577497097
711870427589697536
184919692
710352451585646592
711864610694029312
711937760228028416
711938863292256256
703594777191849984
711911612991426560
711932587581673472
3480236836
711935568846827521
705032111280013312
708375427606298624
712239836267094016
714580921278717954
714791062829731840
712627524279209984
2772896744
703586826167173120
712622365142700032
703589756966445057
2295129610
712229740162080772
712943190857285632
711933999497646080
711854746810892288
712566266263801856
711872055306805248
3089985845
703633586277187584
2979547672
703635858679840768
703559745899257856
703639592000495616
703963447114010627
703642233296330757
714826828188360704
703593910204043264
712941610976223232
703970748013133824
712667802360946689
712624339355443200
713037208421285888
715818085035454464
712623786374205440
712673905316536320
712668782838161409
712671435173433346
711292667259461632
703980263752208384
703590468593061888
703975366365483013
2259905361
703583930818150401
703643248695382020
703632310562918400
703588148786438144
711931811031461892
703980988578267137
703641554708250624
712240846389686272
711595813235986432
851893370
3304294794
3351015701
709681442540933120
2924258293
715257490255044609
524827322
330210600
1725593852
118190428
712294541697527808
711137550510002176
710598106979680258
714048894716522500
705521510669225985
714464611848818688
3015094036
712623119567982597
90367735
2773786177
709668515180126208
3763924457
832525472
710898088534269953
705318551326953472
701067581554302976
715170956520587264
709861437854904321
467633997
4514208928
710433504518139904
3314438074
713971409857474560
381457183
4359426507
1608600552
705919747116781568
713646303230734336
713625518080409601
713625040961544193
711552516572495873
711550185202180096
1467815876
711929972936445952
95443981
328253471
17486092
2516196295
4851285581
703266986927792128
4166128401
709445247147839488
612055499
2766323393
710334991771803648
2888126002
2897542803
711635191220064256
4842208913
713459857718910977
3359114193
708686220008792064
711868567944355841
2963503594
2929387955
703585113058222080
4374549700
708341071843971073
4923727163
710503028227514368
3079277805
1396483328
713269007315501056
712678304076185600
4857826354
3480524723
3028639907
2427824088
710445683711549440
1534551812
708339490205659138
196548802
2963998090
498140183
712622533455912960
711934482350084096
712621542492889088
703981700683005958
4053541517
4359007397
712561900496805888
4410400760
2976861685
1634076426
711412394736619520
706401429406269440
714893254714658817
4835658171
4861012310
705841974172098560
4661584215
613758281
4717696898
1233165133
710387658342735872
710472998780858368
706725559083143168
3410972440
705040644805423104
712877592634855424
4872830897
2877215930
3158228935
709259220584103936
4788082349
714409237150048257
713609436774813696
4920516466
2763069442
709716035985936384
714231643666427905
160992159
711354516294213632
4748780434
713831496759382016
704689860213415936
704824000220950528
714143171878457347
1975969843
140950326
2983123990
708596359646027776
713502204402016256
706847022150787073
713092200993718272
4506639820
3182652357
714024634845364224
707135429577981953
4883363885
345255558
713649727431118849
1193084864
3066467351
2497009158
713827673160724482
713561036519944192
701499564969357317
712285382264623105
707573655824375808
707986985835765761
704731011310084096
712658816588972033
2886169535
3921054946
711855031516065792
3298419849
713502892657885184
710206192186953729
713444732433743873
2757441318
704266832107016192
708245374872494080
1930277377
776379338
3145491698
711961080524836864
705371345861783553
713324110105944064
700922685027651584
701050014055817216
3400527694
702597632678563840
711277392334069761
3630590472
709490829740609536
4877553011
699907060574584833
3902213963
4664544569
294647997
2874456365
712981466498502656
4181285908
4145890636
4927844055
711971653639651328
711223227461341184
708757855684435969
706903953066299394
712968091030982656
711942293259993088
711504527640416256
711811903933251584
1325328102
711526431294144513
4881109085
712238926807896065
712209652738617344
712000257173880833
712201960041156608
4768594521
712025087348703232
702423171530694656
711250784067960832
709087065032531969
711149986533253121
712330517534867456
712011949559521282
711997379025752064
701937761218129921
711068135726698496
3719700147
303958364
700687523488493568
710777166980648961
707811989054210048
2881987235
2892526983
703654550356500484
703617777349877760
2169481031
2201909237
4806679301
710932948145541121
702998461537501188
4851277204
4926978785
709046664632389634
4927261583
2731080386
1511775690
710891530043658240
829268702
3656605637
4904584371
703893775870005248
703887910282592256
703886664196825088
111602976
525476160
710897636497301504
2716633618
4728651029
709641220675530752
3803017942
4874625281
4904792506
4782261313
2213832439
712363991562113024
707537594599514112
712362273277407232
703596922087542784
4877083091
540485917
4905807502
710993334303596544
3145053429
2865704864
705033260812902400
707271597632196608
4842547690
709456785397129216
2767779365
4105954007
4925556447
529241547
2332281088
710827491842244608
709063351742160896
709774961930596352
711077980580220928
1417986529
708557711831654400
4277518348
2460713969
3854520514
712198705672273921
704268040389730304
994676496
2498837366
710527356172181504
710483669539004416
710891484292227073
4913441837
709398633385431040
710798653380796417
710413095353634817
3953647341
710798530324013056
710383182898659328
708399213227479040
710606091307110401
711379423132569600
710332685865132032
4861345019
3671902093
3294445576
708808008176943104
703931480
3523473203
2255454270
710091764875579392
3982959375
706578308121677824
1867059217
709299044791816192
4854427648
2850175729
4919732817
710215536160993281
708779970571665408
709721636958838784
437729942
709438871495417856
711970804918046721
4374461303
709435152057962496
709697486462586880
2979552615
4897633521
709707203163394048
2969329905
3770738352
705172535344762881
4891471858
4869624581
3094903547
4663383675
4095953536
1479436530
706599599939649536
333898703
3043817721
3047732670
710573465946988544
3387182085
4726592219
705376005234565120
941375256
2640111611
4746527557
711356854543245312
4574980703
4904519404
701056737877610497
701288244491718656
705870298692845569
711259572225368067
4119352072
711210861893918721
3123903367
705175189970100224
3299146979
292825083
711080200268865537
4502514436
4888985188
829354736
701792063608770560
708752697416138752
4875025937
704209979511799808
117801424
1101265350
4877936799
4820248263
473434209
4578620541
3293163904
361439796
704227124643811328
707669294939824128
3071965153
2478111443
1132692919
701929706329927680
4890244245
2445091724
4892953817
2331583416
943738800
2201958762
710496804064894976
4918770963
2935168271
710475414636994562
710463785065160704
709286170887393280
708341625970421761
702719122002436096
707542626430525440
2327936000
4238196861
4836748516
2613376501
1134206965
705296262384521216
4645156307
2206205927
614371192
709441870414348288
2210612682
708008953834295296
708773900663001088
701055883959099392
1391269698
3417068410
1510888110
705160875066454016
710074122911543296
709914133953712128
705508927878914048
440432669
706759135275175936
705268968974655488
708350195621232640
462295094
708754229289226240
702917418214150145
2284418758
4924726948
708978866145128448
4867373356
883274100
4696971372
708331350445707265
1294832131
710158736061571073
2465938618
707238796706914305
710151460290469888
4135353875
3062835185
3023494981
705334837465354240
709008061994831873
709069140779208704
708037632824049664
705082699891998720
310913557
4843043493
298087610
4869596692
4690244306
703527986063134720
2178671096
705744959140438016
705722357097308160
4909061339
708348422114451456
3216826191
830425345
4831330222
708166030858653696
700471030653923328
708222401985777664
709055658633596929
704318369533661184
2899619254
708968269449977857
4841744609
706750430
706796044575772672
704267865894096896
1053429277
3018173626
363019358
2271662597
517713031
706983306257108993
4859578763
2550621830
4861006951
4598058029
706836874711724032
4886115594
1596262806
293976765
3207974200
704408139068739584
705031161966419968
2316020153
2416489476
883042615
703526674634305536
4825590607
4655969663
4153093504
4867348043
2512924538
709073619465453569
707253180715966464
3429709635
4578438077
4841184591
967729358
703199568167620609
704631017269755904
706573752633532417
704269079583068160
701708523252674560
703180514732081153
701397616865705984
706742533985050624
706069206698213377
4893374740
708357291096076288
708646671840845824
4218345159
3044110359
3179462002
3689984537
704553038493655040
4860687374
4871134557
707127393446727681
875889878
3082383393
1541830316
1641165696
704699350077841413
4866998589
3171140921
708424093805240320
702623046251765760
4830408166
2913096562
3031526409
2433919902
706746782982807554
706402840546299904
706443767675494401
705813405572145157
706977302329040896
705768270499082240
706925773400186882
1964214510
704196944051216384
1964287261
826182066
701296837685288960
4727669656
704204105238126592
2317863758
701726641999974401
708260243617275904
4877693435
968712792
704454821412265986
704985103441764352
4895455421
703662314583629824
3380266990
258044886
219239665
1560879589
3332251018
703726137562812416
705290600606797824
4842927171
4706842576
3323687661
701664309798158338
705140978550743040
703325249148948480
2384118170
704529010282332160
2191006302
2449119986
4909351803
703586902918754304
704661197417803781
4103917156
4904923925
3869970377
705964177081425921
4877930997
703772067594899456
298565287
3330592613
706579792351596545
1608245436
703339249526022144
705752100601536512
701293093287546880
704245974743572484
4871332114
705865383438323713
703696407425892352
4536156741
1565199914
3645176414
4591838835
2605035264
4847233438
705854015410716672
2639106247
3179231287
281391101
705048308272787457
3198649726
1610764322
592730289
1137067580
703507174140542976
177595426
701720295154049024
3123413072
704600213143601152
2962167687
4755429915
3325817212
1562427276
706112094584901632
705137018691518464
4866830843
706509835450380289
706479098416205824
705986645858844673
737723792
702207798894002177
4832894561
2916913952
704902946241318912
4813549515
702229826992807937
702032095183556608
703309347779178496
2904312789
3171491223
706502706312122369
384225059
700869046728667136
4213411899
2929424688
702265515775889408
700629646212108288
706516842945314821
4069432276
696237393062535168
704218362193321984
703668544802783232
701795735159881728
706531872558415877
706528227393675264
706521735533871104
706513588610015232
706498065277067265
706513702879678464
706491989945151488
4825271643
705119156161667075
706522778657230850
706515559781953536
706511957613027328
4516487572
706503299374170113
706529100471656448
1307208450
4117047519
4830033022
2472570961
704668489848590336
701845943499497472
4623801513
2308018481
4864322530
4022534716
702420858690736128
709891695
725090940
3313953033
245344059
2868832243
701081287369609217
2261699776
3206901164
558053471
1623879986
821505319
4915928536
2789902857
2364186423
701657796
4819554886
705963167139110912
165433850
1633485204
704033434654658560
2875934756
3116877967
704050403223195648
1322999004
2868850916
1040895769
4822492205
1181920668
1646927059
2265898422
704446279733137408
464494443
716447480
2857042021
775817916
4886133172
802283515
1472712210
1345469731
705005275720368133
726998558
553114122
2792284988
3997600763
2732402895
3315948595
753848323
2638866608
1535160188
701690302931795969
705062942321070080
515312687
2653681801
358266555
186549455
732112140
699585623334744064
502104924
3279997281
4524819317
2184336973
4664941473
2779126667
78243425
3421330271
4908182962
1456030754
2706845655
705938816050315266
1032448464
823781365
704190970573750272
2309750528
4861296617
4889894535
4901764979
3142001422
3144326355
703293099796275201
4847041157
704037401660944385
702041465090871296
3027063539
700413089955647488
290684931
703914456858886144
4842752445
4159625543
2836819150
4874317655
97372564
1385680262
356203535
4814487322
705442388492357633
1675121791
4871816830
3111274865
4909087607
3366378801
703354581330300928
705032824768897025
4905436198
2992130992
4901532544
1371947816
78199202
4726461675
2943040398
4924526661
3864581117
704990350943846400
424160328
701347357116526592
2222304810
4257727564
4591760261
4439072062
524064535
4881306849
2882765831
704997475992641537
703940626094682112
2675697271
306743139
3584113276
1916528977
130121599
588508945
702832995841904644
250847787
701160594234331137
703166948394213376
702222995138469889
1300960711
3990571936
200526832
794596832
3209692889
4885428777
2797539698
2981795651
2217967791
4701275664
4845707925
703686605886889989
703882137842356225
702764476366512128
4899430701
701470922436386817
577220869
4873930900
702141266709110784
701844807107407872
2878454783
703244185911095296
703913174379143168
4928626229
390972132
3052522978
704616426414407680
702185521154547712
700761918030544896
702237857390399488
701496256875646977
4901246931
704763423490338816
701872860508323840
4910455619
222444945
292287507
4899133912
2177775000
4915842898
2367261636
4169879307
699962054371905536
4921017077
4420079963
4901100401
702170316982906880
701709427364204544
704362054686269440
703270108920225794
4099163885
704724880076509184
703394854265614336
4924279312
702474407818739713
703575399448616960
701766752292700160
702573721723269120
591805496
701699879832309760
2953156120
299507532
701831761404231681
2724572231
442132685
4845394101
4924182404
700965960346427392
309542116
2283692736
702265356589645824
701528894436995072
701890445002014720
4927456623
3879513719
4827774716
4870549947
695933640644173824
703318202835738625
222543434
3830982977
4928284762
4927638165
701734481573650433
4873311261
586358186
702052369736011776
701738862729682944
701784601446973440
702508935673225216
143125760
702852260712357888
2401767138
703678189411799040
4904647456
4604855099
4823979989
224983464
3890814039
2514273021
2670381956
4158119835
3313181476
701851711867060224
703447065301491714
701125100360306689
2859262539
3545785396
4760008276
701080389767528450
2260501559
4099088507
4915169543
703310095942287360
702206381638754304
3357094371
3248104971
3390450592
4871808147
3255495947
700908999886184448
2926899351
4757203407
4869315227
1601846540
4927829441
2394177198
4688584598
2901855278
2899785041
331879420
298078955
1415980496
3126529432
3380938781
2493840098
701818427195990016
1892188051
701537048184881152
701559766343098368
4842371482
4885734557
4902039196
2804995507
694990650140450816
4898754513
4892950936
4871232699
4908988984
2649488991
4906780277
3432068201
4409001203
4870406613
4040628263
4923945513
2714037889
3189133752
2266197668
4873442717
3101431450
2953044436
4877572445
4598988747
2844971438
1867568280
4898663446
2942381525
4852918186
4922981788
4662145334
3119098959
4718910495
392757262
700807598027616256
700827985671106561
4925412882
4915729102
4915447023
700418566567411717
700415011278209025
700965342563147776
4892283233
255599520
4906399133
694931374667599872
4256446692
4924638507
4913950025
1703858815
4892416379
4865473655
2915030104
2647700038
4884589511
4927218244
4353582077
4883424377
4873512281
912304130
4849047867
1568167771
1656195170
4871543458
4919125941
4853338455
4869297539
4888066134
496981537
2948618721
558409936
4828711905
4901507217
4904511723
699325834973356038
4915557039
4913378237
3906104833
3056025513
698587525418500099
4876211453
3913925775
947855954
1155142476
2583928645
3165153738
4901252007
2782188530
4910881824
4849092634
4873908407
4112336116
1702789237
4919800300
4902055078
273974807
4871755619
3898465888
4891292231
4919913395
4860101542
3424548597
4862789667
263451702
4874061381
4880838203
4906293215
4843622727
700833497309646849
4862848133
284532529
698258353445871616
700395773465382912
2899863461
4861692324
2956764751
4860896849
4897039643
2649273620
4892715659
698985234046578688
4864992057
3409127049
2875620957
4879618391
3407403389
4866961889
4891513749
4878192904
4920639393
1954209019
4881663971
4889063667
4877690739
2824017481
264545958
3080743021
4920714953
4884154101
3764681056
3644566217
701040579698958336
4884769235
2242798866
4884337889
4841361735
697095073033490432
4881340269
4864460434
4891715775
3363041770
3322983641
2778859606
4925495770
208981822
4892976519
4926386164
2853373671
3245153195
4899247720
523405865
4808545103
2415054849
4884471495
4872340894
4397477435
700634955085275137
2853400120
694798292031508480
4910211887
4844763521
986563231
805439395
3730749016
4877521120
2741603630
297848081
4902241714
4881981093
4905989141
4859461157
4901484448
4904677372
4878440001
2427506948
4906270773
1294909698
256102526
2463723030
4880943407
4895380217
4865101719
3306562467
4909338640
4885109950
4884297424
4909080761
4908665061
4916340892
3332591993
3354050007
4924341574
2366633628
4862672145
963693908
4170544485
610834698
4874219495
4549330395
4896191860
1722609132
4833001618
4163314156
2367744908
4901328401
4899216395
4852927600
3315002632
4904104851
697354144441622528
4888986821
4894670037
4904650774
4882410310
838527409
4897256068
4902938158
698435946019160064
2763772333
4882208879
737285796
4872722770
4901019047
4884528334
4892170257
1107059904
4729824569
4900949746
4881037835
2589841866
4891903720
4881357281
4886184352
4902243010
4866730054
4200815596
4864938988
3731139202
697823387981377537
4765133563
4894525072
3290961788
4888438209
4836495586
4882748337
695334953106567168
4887374697
4873930397
4897230382
476799749
2921897631
4914604361
4891315433
2722449377
1603984868
4877612529
4704188547
106678409
4885770369
1868043450
4881965807
3148178315
4897519120
2949491843
439515847
4910713593
3906732193
2763159293
4739933181
96776039
4884595067
4884410649
4884553515
2744723254
2201040152
2393237871
930357234
4774603696
4889540745
4884508804
4893573454
3103049069
4875910157
4894593683
75518070
2957054326
2770949583
1624953769
605210810
4876034441
698990832045682688
4874394267
4892676238
2338226725
4873605413
696309814322950144
132127485
943325359
2211700222
4822323556
2783955638
4891494875
4866378172
4909519648
2327278513
4888797238
4889856532
472331829
4884128465
4758535344
943379143
696337887852425218
4884785367
697449510855970816
4655686887
4827887840
4884595869
453808296
4879074213
4893540449
3389725701
4707601217
4736542937
4891558487
4890967437
4905250359
4876101849
4705045694
4869755277
695012806425468928
4870312155
4892057818
4861798176
4884615910
4879050490
4893308961
696439150589956099
1598495983
4895782228
4887261711
921555956
4893476117
4901038259
4766873061
4888880475
3361629928
4841933956
2200214718
3089184190
4888894576
4904883893
612429080
4884163103
4484457147
988715935
4882269189
4877343472
4820288409
829768885
4881953770
4872377679
696314526938087424
4884896423
3678212782
696758356439130113
4885381186
839898895
2574074902
4892164558
4900777384
776365543
946355714
4884569111
4891737874
88619978
4884879184
4892983007
4882749321
4883046376
696332151315419137
3224157549
4893092217
3110454927
4876335251
4891206033
4889492631
4892256717
4887938187
4884473607
4889356557
4891465881
4892969939
4794701436
3030728990
4870329901
3152447373
2810326566
4646111440
2610344748
3266692356
2371748152
4857456353
3001816238
4854455833
2845199565
695678609583955968
3329096001
709699122
124229352
2507932802
2725350333
1185214315
696158947082956800
4896623685
4893476104
4884891215
4884394379
4851128193
2257646204
4884677842
4870432271
4392761554
3385774840
3621989536
4860442642
4755014535
4876267985
291181827
4875021755
4885117851
4754360003
499199440
1934874078
161431862
4840892033
330253871
4651969347
356773389
4881958000
4866329121
4843450385
4876582863
2724215326
1154177317
4821613127
2261813343
4825425533
4880646201
3273846325
3531211395
4864940176
1833633630
3413123435
2771917035
4878761459
4860632324
2398786273
4876009870
3418955245
4878187847
4807227571
341549731
4879022037
4854314387
4881206357
4876591307
2721577268
4827692277
4868590415
4229078710
4858574173
296686675
4889285357
4609832655
4843707430
4875348365
4875130959
754975201
4889153782
4871431132
341385851
4876094763
4876500809
4857817191
4873733752
4888534415
4876528121
4503263973
4874178309
2394083839
3389021831
4868763514
4860327820
4818480017
4873785477
4859902389
4872669502
4867445026
4863307121
4872372813
4819352368
4874290774
4876252323
694921178234904576
4872645887
1735644174
528390519
4877101557
4884329733
4869160306
188907872
4875261790
2756950899
4369913117
502334840
4867699829
3240848511
4827918415
4869063934
2645345281
2261431183
4872669825
4819155531
4868931052
2800269349
2359519485
694939635546460160
4833944093
694930369242664961
4863898511
4594729580
539856585
4839522732
539769443
4864677545
4864708246
4882854029
694841004143296512
968379206
4874064634
4871760568
4882284593
4853319130
4874394195
2324528209
2764571968
4869135329
4866836326
4866875193
1923410280
4863490822
4840277984
4874289953
4870898194
4873748374
3856596334
4873027522
4874353793
3030400456
4866803158
4871845949
2460482399
694639016768094212
4872501885
4874469892
3056486602
4863366370
444533629
4601406087
2707360027
4870491303
4873426762
4834504659
4851147479
123587101
4817807620
323082957
2767510036
998118290
3389700285
4864509832
951380995
2970168405
4867782423
2199772120
2173948081
4854312724
3979612289
2235036880
3647205858
4840431847
3290193203
1954888993
4871711734
4141503275
4862958267
4871987201
4868906651
3580489637
3946417893
2813353911
4869115925
4707530895
4869142637
4623125481
4871451029
4866792832
4868932475
4863866303
353544606
4511684182
4856985101
4819049909
3331557569
4871766040
4716212739
4867118224
4823879645
4866599577
3384909291
4868695911
4842522039
4866342969
4855501720
4813217067
4839886577
4870685158
4868891411
4871877299
4870566587
4868560541
4048261966
4866717729
3352261407
4862370519
4870671209
508540519
4863382455
4838993729
3189858758
4870522841
4863511433
4832647648
4835337737
4864051828
4829913669
4870398197
2900705981
4868891423
4866302181
4842097312
1527094951
1360463150
4869415312
4871996931
4844838980
4872179566
4871874957
4870346825
4866270592
4871637136
4865337118
4845385925
4870366277
4866666615
4702933423
260774613
4866883389
4871201835
4853168326
4868551330
4864435113
4864526272
4864325860
499234363
4864596285
4864502807
4874383660
4861481350
4866139631
4866082527
4869613618
4838640831
4868434865
4864106199
1095892963
4318567941
315712580
4851215079
4481490495
3920593167
3910549954
4237422735
1606186604
1049036112
4866506681
4874326534
4802666481
4862264699
4484827403
4758094943
4871522559
2861365396
4713172054
4240493121
4846615695
1021904725
3368060691
4717837347
4857986476
2753171036
4777048306
1898368458
2590902698
3016871319
3437795979
4708076680
3236871484
3364320143
4861213858
3387584721
360162269
4829582777
3414589401
2992259265
4871606043
4018705330
2435382445
3387587589
3245183902
2740064838
491090439
4861111275
4812829491
415757866
931639411
3033400935
2280983584
92928029
4821525718
3303049351
2235479416
4851810701
2147518572
2206711884
2781089080
99807051
571158733
2892380901
548794323
2960106550
4820842125
4592517562
2356841588
2239207391
4825772890
4622541137
125394682
2998649843
4348447768
4645695262
4840435330
772290258
1884214344
4699123776
3397355849
2711650013
2502842658
906820052
1096770594
898222842
104459389
487867743
365153342
4837812616
2522859664
2782292576
1482809737
387892371
4451739335
4755216682
2173877561
2966631766
4517396067
3320983222
2952719973
3532605375
3502070121
4855390613
4541633533
252544325
4657043789
461893971
1153718288
551286089
4437939327
213052500
3893981571
2975378880
4852093636
4857547845
2460449489
2857436217
1544118481
2492917186
3114052753
2962294486
2334008898
2970331095
402124798
3329763083
4768540703
4864581425
363081742
2784707410
140513780
2935955613
4857900203
4867012409
4795148076
306391593
4839399615
3447838583
3340438065
4235340733
4839788381
3027964121
4866883642
4815723941
338917031
4805914487
4855036427
4532760143
3305397969
4535162675
4535066777
4534966097
4843286669
4853241113
1030369118
4580249733
3328882366
3010710012
2815633320
4865242054
4513223069
4505724262
4494075681
4663945888
4864343009
4661610493
3295754707
4601814862
4798273939
4243673075
4806387083
2780980437
2827868820
3084700474
4839106313
4677483439
4830184563
4316929097
4634727749
4841314289
3044798621
3303108057
4861189917
4481402477
2336195490
4448908469
4448627740
4427773156
4427545413
2925605475
4429030156
4417758099
4494077007
4586425540
4417736729
4330384774
4630816575
4504122263
4403988269
4820657008
4643937333
3010753846
4371252735
71624753
4341429514
4372939936
4372982056
4372917747
4375518082
4382468063
4385813434
234885684
4795291058
4730347095
4818526186
4819408131
4819854449
4822348420
4783056853
4783040960
4783068368
4820870913
4396232116
4397311299
2290136378
4635075989
2749424044
4828197130
4832240339
4853439844
4829838023
4765530392
3248289118
4834494184
4819915798
4820966325
4815076996
3028560279
4824009376
4835597339
4576502476
4802314935
3974074287
2862403575
4795265316
3520794196
4817924403
4144886242
4577677821
1394299796
3254763659
4127260637
4830613295
3080478600
4795321524
2251030098
3107963751
4832494217
3326633345
592537545
3030674519
3059084007
4835517982
4807582036
4812116247
1871902568
4600322596
67176493
4339665495
4832488504
4106485493
4846049105
2279452090
3033654551
4843260623
4102368615
943324100
4571946753
2380302438
4842728061
3073420992
4764715938
2799829181
4819160433
2815592095
172874245
3469037535
4297996162
4439608289
4825584724
4126695868
1605648060
4127185033
820241815
4830935903
490220043
2919645153
4839425512
4818193983
3338035511
4814169755
4426375157
4588767567
1533123740
3383167587
1499362957
4543235955
2764234571
1031549946
4829887725
4142829178
3294713845
1528703851
4339833214
3958598633
2851625225
3940169429
3918117689
3917070741
3191960195
4784685937
4173093447
4839446429
4435551988
4591843114
3051182707
700743692
2659436590
2855591085
724167595
2339756650
2392933178
424959443
2734245373
4838443492
4838330122
4824703354
154236788
4819419773
1534473349
4241015596
4836379481
2345514417
3545283467
4636233442
2729580522
2864286867
4118369717
2892097607
4697833038
2909227366
4582171581
2861136766
4469680048
2572551474
4725425500
2675783383
1148338543
4764415948
4614510388
4245147801
3250394863
4578556041
4492401569
4735805134
4251717142
329151463
4824082139
4835152397
3645498736
3580656915
3293018313
4764310333
2182763708
2574174807
4188159267
4457936957
4688217798
4172800713
4755510568
4830590757
4824523366
2340311117
4825051450
99595622
951436711
2533066954
4824780346
450945363
3104692102
3062185717
928575318
4833687370
4820941378
4473167422
2992555450
2602890817
4636331429
3404416978
4736037453
4322149696
3717869296
365732315
4722717743
104961414
4237412325
3191546685
4512048562
4004024423
4819087127
4318624414
4571335341
4704343639
2231354577
3986652352
3947661021
3263842523
3522058695
4804538717
3243246370
4702926985
4830425404
4047598348
3399187678
629610858
3358826097
982368626
4688301372
4823976173
2330053973
3898222335
4821152379
2779883956
2953805817
3351080878
4470766426
4818720401
2277787878
2252204490
3390631984
4805271208
3051058864
2783943107
4706290413
293395910
4448934562
2869396221
3025918163
4815336815
4591860153
434624990
3623478393
4716011427
4786707136
4703346158
4796312296
4808320821
4821648539
237196980
4816088793
4821699856
3148889709
4539322281
2470614116
3095516232
3090429457
4113829696
3197357415
4417373602
103678753
4200304697
4736143899
392165441
4210047382
437521150
3379911393
4827692655
3310326819
1069368001
4701115994
4772159056
4002762693
1657151233
4749780815
4096127655
2965447498
2254726214
4738792214
4799944336
4823471415
4728451395
4825473549
4818521705
4500579015
2505385387
4825123222
4351338075
4106675453
4034287452
4259519385
4286641461
4707530002
4194872241
4031059265
4030790607
4567974136
3108964449
4686311329
1337342689
4822262590
4823583869
4805195961
213901697
3352365105
4823518971
4635773747
4764283126
4821541343
2249268846
3917545061
2847423610
4820536787
4803683655
4249899111
4821456208
4821083284
4764789434
4767505284
1963451281
4819490404
1589950688
4793649915
1868526708
4817830503
4801326743
4536652693
4735851133
4819551779
3226613891
4819347491
4819068357
4636685417
364261565
4796205323
3400229524
4796631869
372906053
4655665653
2382257630
2578735346
4696027771
4170099665
4814507267
3948281613
3217632998
4767492476
557282181
769685390
3146013847
4774308099
4746617175
4734817595
1179534716
4481508442
2974244901
4614159022
3116082947
353546523
3312303695
4145047392
4766055194
2820350680
4066867733
4540164747
4068034757
56019736
4768325477
4779058455
4764848730
3998809515
1562387238
4816778752
4807619379
219230017
905616096
4803529155
4817048013
2540778347
4066326509
145568633
1230075066
4745389540
4718469493
3486321802
4793956696
399481959
4809451703
4757931628
4656995848
2170049268
4815465035
1062504914
4728527068
2872305389
3115450973
4719611241
4195289123
2472210278
3705755961
331112542
2711580922
4159432059
2902017597
2550770726
3797632702
728009420
3979427075
4688221724
4791584475
2271011397
4789952081
4187450488
4813577015
4689937172
2449544636
4266643797
4710116057
2881065837
4775286269
4774702893
2441540048
4771275683
14368523
4778130197
4763298688
4778959354
4423087877
4657491676
2829499787
2236040475
863285186
4787169023
2987526936
4781917521
4267644856
4775383343
2759322299
4766501775
2649489854
518653891
3900613467
3222241877
4569537394
4748313670
3152534193
4806916563
3461667863
4327322836
2861976996
4805665299
2807428135
3263541293
1620888511
2970055607
3876176661
4767561579
2858516984
4427189847
1089967884
4765045397
2256667751
3769414576
