2470550720
724561746002731008
2432485256
3016731554
1038785346
53210455
4852612573
1038974532
2564059472
1658092255
3027052225
3249714331
717594018985730049
709937377112756226
717558707891122177
4783204039
717558200233398273
336687354
283107720
243371409
707998411765592065
2866089008
2838139258
39021245
116080670
3384520666
3387380608
4411334292
701552604245917696
335320739
972551660
4420822033
4887295015
709476920749113346
4411255634
4770149658
4567742592
1415496548
4841662319
4856836054
4877601159
301078886
4579836195
2563572504
3281258747
74320347
4656914536
4593353356
447435996
4828021814
4815763396
3418737388
4761512838
4776210552
3215576124
570387945
4841800791
2203791229
114179917
4778224861
4834065341
4825984528
2267940265
4794084747
4126908312
1583609030
4641882985
2881717575
17530836
3408600363
3331812046
1455594732
4787423177
3046124520
808476104
4583091561
4691817528
4725581661
2813821238
4711536434
4717845755
2447681461
4135190118
2168145476
2168146441
2168145656
2168143284
2168145710
2168144034
2168164591
4676668304
3174757378
770924215
4611598289
1966069524
4690050510
2919868053
2464740318
4681862179
67140324
4675582526
4247543243
220979645
3189525168
4671698413
