317254354
718645593975840768
706437481852379136
263234033
362074693
4217585234
2327787828
66685269
2188635236
256606138
35994207
2521815247
1377423048
2427007194
3320109725
3197979874
46877651
2999709538
1963723080
14780856
3033787481
2320191433
268362121
1390035366
63470632
46802591
2867288171
408993768
39655925
406712671
2764597950
21821518
347601246
2632371047
1544570360
2240868631
117168617
1616188441
2377437007
25671427
379962842
372364734
2389821006
266285392
2375170491
26914769
154212694
164700460
2229576698
2287435692
281714117
2287591760
392486883
140646992
429258716
963647322
284900105
21335613
496129841
2187754738
518139679
211657016
261515928
377020797
339321976
42790918
342421604
1912413198
1681407416
487653439
334037075
1117445832
428571379
1075099525
444966386
33193831
390224895
1620306534
592843444
36264361
26759797
867246582
18614827
1470122546
31606179
75006267
1359653646
1220136481
33815474
476219520
211592210
493199774
18294521
266101551
1230509815
242828812
448615668
285886070
278655335
1111789717
38078345
1029128143
124577053
55752978
978783108
215883659
577556112
741640986
872607270
82544927
563962819
95074044
825167748
633364630
99126190
783541142
766639434
245429298
31344032
27536457
732047018
54739334
28368806
191095098
382093958
310383987
278329749
262908893
450949374
382153947
575452325
350230353
232921100
447233777
415173296
211025963
550458770
537595064
221865069
35679519
467147808
31468821
257659717
412335620
263313425
378223238
74331811
363869951
52574463
329415017
145680056
156802821
226818084
54588625
63314144
161489753
149992047
191641006
23398369
130360518
262050488
269922033
123689889
210694748
253124271
42729132
16161592
214930638
176639121
193405588
165162215
206778415
139437779
215865948
215874506
43369632
140172809
209581930
75961492
138219157
161139849
188496302
75846796
116314708
60956037
57440393
64963573
36928499
50975032
40539272
15398306
37193583
45321456
47592582
49374481
17900421
45872801
14788026
