1525844737
4430503527
705442898188210177
709897775362605056
2749858280
105295143
352963308
74610516
45574526
2886363701
724580845588230144
1493267851
717987855117762560
3314758074
4105765714
342894187
710896476705198080
710646152060919809
270679712
425340828
705930018866597888
2510362008
473704565
2791180910
2597368819
366517094
4786763677
4214489914
893856362
96655484
1568858138
617761919
526985477
723639238206455809
20830344
1482947839
61621735
192538987
707282345192263680
4916101617
3105859995
572753273
708663938586640384
702524531412488193
714807004355690497
163582516
24935003
2186565000
4835400782
2393063119
3332044263
722388067206574084
14481746
725469308558663680
892071500
704672129686638592
88168692
347627434
438051476
725425700166111232
707928103507599360
312401904
3752307856
2534195028
16710420
712772376870522880
705230020654948353
137819397
720480488817836032
2659696782
591349485
2511162391
2588109960
725403244898320385
3138795053
3138761981
3138755321
714791179158691845
1641677016
208083510
4883035583
226526577
22615740
707659302253809667
3270951991
974728872
14563368
3293741005
707696112543473665
3950481494
94607882
41304930
16255248
456311718
443304640
2675581850
23653909
72426152
227227885
204132287
710212758466236416
3403559897
715273665823293442
162786595
826537184
3976676854
3990358228
88550047
22210036
3440895073
3411140663
713874298876796928
3255069311
3379125117
275276082
2287887180
4565600717
2485533937
60467856
437490974
717554036510068736
708020083403190272
64511469
722264871383879682
247981000
4860553412
3314535722
714575249128423424
314547496
2581758266
3248141375
378792696
342706292
100638300
3377100196
1338765866
3950240957
91542648
246578276
2845681325
706186209949712384
25455235
3957920723
2706281318
3863250088
4125875653
2914194020
27142413
705103783047598080
3836008983
3711628096
3356152332
2922556139
903377622
316401797
4706270920
12648862
1936536769
721548887920496640
115681686
4529760329
4765364386
86746242
4708379511
3308085366
3130363229
3277814538
2975468251
705961747157397505
3592503441
19341224
3115816309
2845207617
326441040
704311703585099777
3422820227
3392941000
375864094
395693272
2402351540
1083792181
1618641848
703386293225582592
2496032305
24081461
2903166449
18161620
3181032174
19173608
2851709317
3464860760
3307776386
388441407
849862741
2319339266
2906655619
4478395109
4182380774
709526759637651458
3709245494
4307979493
710990834972233728
4567698137
718527061871046656
3589745233
3516869421
4828967279
3296504462
718311378323431424
956217427
713806015750344704
707640775643930624
215853553
315083853
4580047293
4831603043
1336006291
54065567
261035444
48100522
2601118704
3682896378
845690522
1862373380
223719518
4909691868
712874372911001600
190589983
431917957
2384601098
2858271148
4848238043
112519014
2461452080
479824168
2166712563
19600617
19264063
864927037
4551720146
201109966
808175304
3391392651
712288570254434304
4867884322
722534986914471936
722207490633441280
714920195400269826
713803612703629313
709729047710986244
713806871388405760
263692122
3441818713
717950516496445440
4833250641
3694652536
35888387
342999231
708659375
3580248555
3837629183
3271255423
719125463499685888
720660111161630720
4665812918
320917731
4611419246
594233612
2438724661
3427099624
33186312
46302096
713808457674174465
718834655441657858
192329667
2846587578
214528184
4547869279
4035665661
4838753877
712872467438706688
3284112337
4019044937
3285819409
35216399
3152222052
27671624
3640734136
577261110
2874359694
64599445
430452441
4885879403
858391585
16916866
275033366
702169774936215552
3267262818
2404148318
69344290
83312898
15258794
3808891033
721133296273502208
3316868654
702166244573761536
3309059281
3286910690
2465049607
3519034157
3292911462
3416505311
19786336
485079302
720570217999503360
711102718413242368
714257118900125697
711569035305979904
954157926
4804011334
4571612195
712734387750633472
2381189155
707829000358502400
709538364287021056
1494835716
2932403564
3710325806
2386059667
911780719
3764513247
4572924315
259674489
4173811888
4232991711
313024334
3110242216
68476301
26732027
3731714775
553690301
1011613933
3296487837
2924654306
3292728419
41376035
3237164806
3102999358
885372505
2680866385
284160244
21753253
41729745
19580890
34426274
2996539577
2996462212
1110577860
407704380
3009439295
2875203411
1696301329
2332137835
1512658495
320015896
2964536049
2555818135
58482232
2930437421
255202673
2149484124
2570256061
2900220647
92558754
1390830559
38608477
375394307
739948645
1076462856
2885783392
38147581
1260561763
15519481
1132189957
1000098456
502017737
2445550376
63614451
232981710
1629304506
562635579
2784763466
2267601054
2358042013
545675702
1526483132
20763870
2586960517
460697784
23402883
2544788857
463316651
48119914
2615005318
27703415
193589482
9334552
2440491822
47570622
2391918704
959405664
340973398
1673625739
2688686322
57360176
57949883
1955132936
2662671681
463641491
1337808126
105588068
277244828
317130963
2665896681
97104661
2548285140
617284142
464795366
129001665
124163683
243987640
479181526
875809663
1376710692
2162375240
2247948426
1410108115
320340351
2467198779
1974495078
703561088
2298625783
856574628
1905292321
635773124
1601404405
271164982
987487946
979515751
42068459
2359935667
2168939907
2339587658
2523478025
450256953
425335248
369316403
1736396041
953248274
168644899
2362721178
1280974987
264836341
834712357
978983136
2316131262
384127238
466233979
710278115
2429097374
2370874585
1126065678
1377719425
22195441
1570776769
56459846
291010283
15691324
254732884
2410005103
2399615673
121656624
2307428684
2453331476
43782326
2451934058
2496883756
1633120915
104890099
50109743
2212644640
1931459581
2450945988
2444789533
2349158592
13374
88494677
466158685
770284784
96046850
1621220348
184383206
1628485417
1362765193
2376194748
377799031
1442872940
785779530
235140283
1968879066
498456439
402238920
2419555728
952112047
2358160070
428094363
2421345677
27291058
2352300690
295341258
1480711076
250132805
326477382
993791054
823112684
17798031
1261056434
2224321982
515818683
264241072
2332198993
90196339
184153602
765420193
288489092
304730655
2326931598
2393033810
17793105
1523084330
2276880019
2373193140
130822947
1113205585
151014957
188328738
958640756
1000716252
46584707
1596885200
2328550522
210345035
245520753
454475435
339529477
175968608
936135374
14676022
109178065
339448459
302510445
2166615071
493374168
18368050
2176487257
2282691998
2187226020
35928701
48423152
36027935
2207745422
14412914
20729477
17881816
812470692
1952965146
182384817
2238004334
464141782
142069781
406019879
56557209
27677194
25770408
41179636
336032736
1316556301
1979100811
375669510
1408853089
336437711
491497073
269710482
1878232010
463001120
563301375
59686859
45450902
5820642
707965430
1734047893
1166994914
14547305
2150040512
527435671
1112229938
14972697
1108232712
1979367366
827951370
98254746
1247867712
1589793913
195088384
890674015
564977050
1322788220
1963587764
280836945
1261461678
635444308
22170482
407982776
326001920
185399433
453716884
1237353104
21523456
286992209
140782566
291484507
485963314
592650473
177658829
231295638
1344685194
153024126
874851072
1602135325
373703200
113806870
432010324
28480010
85049489
1922269688
605805779
158079035
225187209
20251654
126952404
112844000
322022206
16478130
89571709
142592735
1536675704
119133773
1350645907
800859972
430173496
1015150484
961089368
37303815
1629497954
99567627
558035830
577281559
266356779
1659078930
1703753239
185321708
115475689
54987763
750401299
250856201
770745098
912598626
20709117
242426506
881266284
451815639
614758638
49372625
546222571
876211279
1566687326
1722842137
466657619
1683466044
635933987
91460306
65747645
993951462
483471011
450038568
852111510
718039597
28311591
794645850
339299472
18583823
834394100
317038690
311709882
261030773
471560358
232603412
35741626
38922569
24333544
91685435
73774016
1688293016
1565157098
1514055458
148800323
41605121
1191726608
1098898267
349582502
210931140
23341211
772816736
1093379659
1614052231
329670657
221113304
1305787392
1106659668
1390318944
42070490
41218186
106098830
381909481
78800334
1533353581
299161165
405721647
554435689
302877784
142889259
62815642
1511615155
1069137992
1581100399
381779383
1278440773
433700512
289353325
1558513902
1651348879
1428815922
195092201
87368631
40276553
1117193798
1264504993
360188142
64941080
211617699
260920107
998397548
16265835
32543448
575648685
417717485
65279376
1621578217
180074028
259590875
1280202990
176024543
1350124050
1570953972
185723734
43298773
119100938
197826160
1320730706
397748897
254410443
1609475190
247269447
318182225
625120958
1433986434
884622938
54424724
197677823
1461909757
1511190624
936039656
239930426
930683335
166626328
371649490
14448173
341330995
113121630
1604779776
862217688
37080814
328648257
990899618
299215050
1009098085
950972300
575404834
949953421
14648962
1165573680
466986372
971464411
17018005
1251812930
255355106
1553300520
164888603
444320419
508683168
50006818
780801716
1363000160
487577386
101756062
450208523
497149448
297980844
481466658
427069062
476149277
363883148
1081614624
767683328
414520221
325739781
551852779
425255424
413097868
734912918
1050944821
440287004
1296068432
835440584
1219846915
49989431
1069289803
20365254
597054240
40772755
1355506759
21823848
235062161
1465694088
372377213
21596429
884304968
52297738
322977771
492076394
145600904
47102743
131021790
477274258
15175819
769845517
46820711
18034656
932756239
122207520
475811383
1252547748
1151973462
1037982954
1128768194
985410115
906345576
1556795604
999517987
83068410
358270358
20220277
311137675
540100041
1526409972
1542239438
306909347
1455743893
70156027
1511557686
600301096
1498484012
24222640
1537999184
1535290448
1426253114
614646192
312018593
190089336
1539841586
156306626
579273082
59785531
1486031570
1369331263
569131586
1511605808
16639213
998246845
320387176
322222837
35494141
194717681
23108383
1186889929
50218809
1214693744
1125541932
1513824702
233667091
140191125
117587423
222859140
484707139
749690112
28918971
21260858
371772599
348348817
45668374
14738991
528058324
288924132
354464928
352999575
16585472
1376708916
48485615
567088121
221897815
357850660
29987506
251992389
140828843
1311122364
1471043257
96310973
1357076773
628903269
755958397
354992181
43395057
16157412
457555602
60055785
299066548
840305364
106822606
95943762
17443875
193951619
602895545
519011732
855560779
1419006194
959710964
247902643
557856773
33153062
1419683558
44186262
37088719
35234928
883401534
166161888
256556801
313099048
366929913
63039818
589174750
157044652
17527466
112501212
1050837690
904780472
326952215
1385274007
130540040
17353658
116508584
107358273
148222873
930493124
557485303
160771387
339705296
589164746
15733197
253937917
59909115
271772102
1326949177
805023030
240531800
1202821818
25344447
709473199
62336688
30543835
502764298
1392705078
377199941
212670233
184498297
15400066
1135927568
250019655
55882303
89277004
578395871
1236541008
149793704
21702932
324602503
715633279
26572089
227525953
1097852275
596877210
435701431
1167449748
141553070
8234132
880100622
306607611
1257037046
741456282
1344885716
1393548554
825608011
627111891
740961044
177307325
331058416
250706065
393887930
900060080
599633958
1217954125
307154654
246372265
123694443
490975556
33173672
15656004
111679943
296474643
1410454328
318044919
211445666
24369882
385656189
737461466
765670976
15632889
833990756
803780816
263406775
1327443354
1168220923
192909536
1395128402
321519553
601220464
396924458
212097279
1405333279
1161374101
1257242263
505917939
1393385155
202326688
1404265670
1253172576
1406281171
1391020398
864881161
633456199
1286848514
1040723215
368649768
30501051
325118816
10449602
1395885950
1403221069
1255429531
343477647
191282392
1260478951
21105418
162785120
886832413
56021644
1318157646
219575384
157741362
561654065
1377969462
72283141
531352011
489970674
485795884
323900685
780768098
534329922
274782243
400328647
436172663
477526484
497393129
188108824
19068720
103144765
168741740
414003816
76744012
762068414
94185085
444378105
22966253
106003008
205541157
382951939
562577357
622897328
510245805
31242111
24180209
339890076
863776506
1304810694
415836996
1129860534
830271678
20826129
1230072768
23205346
14048894
1143903979
922917463
479017574
552802620
482552886
731166056
1314437498
77223259
417388541
323251024
139974630
1375759699
248419585
19550641
362998707
102219035
1335208435
399845894
130780295
279400934
348661583
570911869
213407323
1149462091
979401001
1327456920
214464964
71192849
906864444
175850071
469661725
614343208
1296742885
17584578
566789087
866996342
204688679
1090890757
79204719
1012020966
1146358172
840235189
243348252
234556342
705310987
399065347
318049407
856195111
105592197
887586565
468949341
15789338
737132900
472280781
479108655
329628740
386505292
732713060
325770743
492327442
1096452331
1296476318
49118430
1180129506
1117756459
322183008
71280219
379479080
540405511
1349959646
328026977
388589661
162511245
72048243
1249502708
84217658
1246213424
1252006741
898678376
187771393
739396010
209245426
631766987
81195356
14192558
207669006
20347310
397151166
501234848
20745469
1276000790
807554976
455766763
65744750
150404041
137954423
1321062674
77570094
799231142
826301749
115679415
287252580
600352663
528175809
295552877
545369729
198305999
52559087
959204918
37220484
24332297
22090207
1290270200
18422649
503335587
226973552
601182020
587537627
58966831
237324246
700277102
360285166
152528062
1350710718
256153861
18124830
17486092
331424616
606828849
287485710
35682268
281630129
184909177
555865638
1236433207
800495130
15722673
360271001
221749428
1347107412
701734478
733814106
863917200
233761277
1188164714
131497030
189134562
84180276
630372439
1216026487
89461904
785102486
234919345
45357919
345966431
938657858
583301275
26860506
880494222
994157552
229291732
46508581
373728675
38776196
625010487
1153947752
786230298
382128416
785396232
588000376
559969624
836464842
525789813
493798148
831572960
16140358
820711159
1335259080
396158429
240753648
479689345
273544629
1286948880
343633893
17757005
34046322
249449862
449088089
531898306
379819355
271735273
190661618
427623907
1205099772
849342841
956055421
382232554
779163704
22126188
613623369
483285907
859214821
411984663
247080090
31271968
393735918
379385416
117767052
457930636
537591246
234989406
77499983
1328566104
382910487
586087993
336005745
356837905
155629096
560847427
27234909
519308265
267475610
69681766
182550591
25990183
513050897
854112937
220138198
264595508
1318533366
1226407285
15702490
17147083
279661212
141303134
1325263338
74820717
823497751
1148220349
89005882
949845114
275208171
26652733
117316488
360080281
551385977
947843994
630865809
16190478
956815969
309504580
444994317
282387626
851296676
542903976
350522902
777312246
1137468259
478889692
17392571
1209427657
602838611
714631159
916428906
14993272
1283290308
234050183
254717520
361859989
16357635
537652397
17355658
257801122
558045158
102116847
1265679950
729292453
126801577
48634283
524657792
552798106
25713562
907296032
122096875
795339080
298856339
49518404
66116304
20414217
16045956
64498225
862329896
44676122
1093929205
842192785
939596424
402102629
123398133
25084980
315092355
256671170
363124757
740973908
231786281
586730005
71204788
281310593
386373396
101264587
421482987
48635045
15455253
23272075
15167351
1311465163
1206161593
27929213
569160639
329276061
166440813
889533024
50716700
1311762968
1311724902
14410652
101307179
815926284
950077800
141636248
32685405
26609292
47766764
49221692
19986003
295762014
1036648956
621378380
36494299
17045178
68173937
530921102
142445186
351866647
190905427
577434930
337934635
942917340
14744428
214970743
151971904
538069863
434547973
1219617678
27572677
315477574
976125894
440816963
47740393
260375899
1229247920
270974417
476569082
418548546
395010659
1163089208
750782275
37409515
103240343
311902008
842217397
82915010
967039734
556555000
276833851
935076804
49960083
600221390
25943136
353496431
90895234
622110368
34570673
180212590
1038913333
27903560
257609590
378222973
27909747
18324068
47714847
45641358
960954660
172704315
22141405
860641297
371825029
972203384
459985247
178710046
25354156
380088686
237139457
16090230
35509582
362100154
17372877
312480764
48434407
1134222078
350066710
18235613
1257848910
1282345370
507484863
278258054
385545180
247581679
563208702
74916268
626801413
253630621
73013623
294787157
829735580
272557378
707231288
1250196656
17413777
309558781
124048686
421502206
772653259
66054995
1257056821
44595784
1202794776
1265684756
127761791
218895881
796764606
18810387
293856210
160208002
937604695
1055210826
79581485
19520006
511452916
23468661
17714851
34586624
65732816
243057419
1034008334
756949573
1225947332
196871565
247070590
24280970
273689587
711435846
1219144500
1216651544
21857709
144033110
156416669
348156097
84659870
14966484
456806183
73657657
601877832
16794789
590450944
184780576
1255592550
19077055
874656572
443429715
1254802471
32451317
20455872
904679168
19489341
207040407
1057324489
1252730732
209949798
14465607
614433560
19408986
299656638
99407203
1010708011
632236801
74526911
930897144
481189719
1181102473
862374578
105992516
908891941
1069380392
46829480
423142764
309535454
238063505
1110168278
502592875
834091766
355630581
128501316
518399661
1166687736
1154202642
52824967
18267091
1061333190
23948419
1232772140
1098912428
1242815682
1209266995
383025549
573600736
1065869268
28597186
291822714
1236562740
51178191
31464977
292670998
745591364
28097349
1081819903
66248962
345759744
263285930
293220183
321353408
30709612
66265121
1067490559
250873039
41209211
398420415
403289786
25539759
323499989
19205708
345008391
1129416319
334933170
848377190
339028650
20022158
252431613
8267722
329274990
796881152
763588974
240112167
29236749
591403936
12587862
24431556
54656624
18284815
548898250
485341505
70807489
1053811860
262255200
227698346
354961568
278570134
1181842302
24711975
538707892
45285656
1102377457
411098552
18660521
573889828
472557970
175531983
183062443
228272265
71128881
38589890
25738274
216423981
401516610
857324316
550311488
878133109
104874562
446228264
988837885
533203329
900187770
190436356
859707440
394587275
335544497
841299660
408794853
212370332
233842454
48614416
238263452
158615400
97486299
321992828
438595674
45254966
829446506
251877363
13520532
320968317
515597525
392811410
35559992
432140413
41792496
131362300
370924174
321765996
588479306
236478421
1021386648
48382433
1167521743
631069311
784541174
379962842
60630907
20199169
345063291
310750803
583322031
1041319699
487769182
28162416
491036467
615034245
749748420
24818653
14341789
319707689
105657625
44616196
982438141
1093257186
604051234
205742287
77398016
503704831
878547564
199340782
1124164045
47973009
52204712
20427198
302180236
211782456
620219554
193844092
178131248
262485236
110939612
116598955
301182041
423031362
27087844
628659649
599329617
770520350
852167300
987166344
15420220
263098645
148501080
768367141
96703256
456946007
998309714
945413126
289155128
300604571
339542327
407365373
33246276
39284036
11392232
369147479
21566839
1040683704
164875441
107588384
1138178221
365502387
25238425
458120629
557116606
253263494
1122315906
15057327
18117404
891464624
20192882
601144011
382812607
22115384
263843832
980930306
124169976
578465964
531291518
594791911
1100239808
564465517
304912237
1104215924
1019060826
481868252
23109598
461558727
416765077
220308641
280358096
1108810788
233865520
17420951
25336782
448123223
410882229
32995183
1094115463
1126759819
420706432
396277182
80677991
860798984
33155625
193759500
18608303
90379747
23235332
1118288299
264934281
514837989
949123994
955972742
111225697
473130929
149788499
720091868
129607012
852965144
582291703
18400385
1119982008
99678879
141102426
389023272
891358195
940503344
1103872429
422107486
239004957
331614046
993838934
478846629
1117363285
117468332
836435058
1088112366
1112453124
766529419
703960730
868652436
11102352
627062744
710775074
443318003
79258361
759661297
818295900
594694603
905972672
197940304
53176643
351219283
474116373
319490086
56449803
497623831
17744351
593700012
529797370
594048815
158545608
61814348
1036499011
21707592
40152912
74649403
466090255
198127132
114581279
170513866
32632710
527290048
949082408
913493126
709385292
946499712
156932503
498979353
774431023
409104665
180155206
74014041
926531402
954397584
829216771
1071301406
248896436
88333194
887831900
72717549
51238658
383770705
1101253027
390924934
117631204
415256606
369885278
81515159
589136254
466109842
53222655
69326517
933555876
369146181
290223080
58662560
1062914204
36301444
14389132
47518683
990294697
393032282
15899102
298024798
386776833
422540130
50094643
930784507
72434138
813857503
805890847
91379989
154671263
158916477
33336675
255369151
188914048
352532987
804997002
1090867610
20906930
35022147
509582008
1090391570
432021950
260856236
15012305
87044744
978690895
83850413
1026354012
78111633
467968715
451904678
21368967
610068596
468783338
152640267
74515144
531341695
436634836
569606994
739339861
778953152
223080676
224862377
256610529
215404558
491833319
1057425776
110086211
385657123
766793137
784943635
19120837
20556193
173343464
1051985082
1075914726
326671186
367015199
458686668
325961700
477702366
413954242
172970851
48475530
1056672806
260568867
1075047698
301496897
247167513
23188146
73032567
976917596
549529485
822232050
218391209
116198288
249299874
261933137
92638580
466160515
546974855
1023045163
1031703187
898905392
111359852
28937494
55914951
611299674
599477012
17109434
318383192
538602903
16417977
24015350
242618658
831058754
27553223
1058972696
737150846
757434258
268023894
28534205
166557607
266481326
392513116
48683587
18594226
189563804
621094406
894274440
459723403
230051438
260094022
460748307
387416970
800605099
1048679172
848377682
734987114
56237162
151405084
321767821
35597737
969370934
22770373
165459800
20218885
787990730
546201002
379065761
577672276
232491158
283214813
557960079
344472219
17269069
787478096
214146861
466634525
30903741
19686924
382942633
114168878
258527170
22000811
16988154
288283415
819872274
58103489
21627601
913653320
246080301
291407994
515442760
19521569
793165158
109585922
799127874
46503530
235887538
371095791
260924112
556331089
770310314
376538020
73525922
455110517
56520458
36801473
455425961
17684731
552203367
350227179
36518276
985573454
388621558
15628274
455748419
903037183
357130582
288042637
185738867
393808557
68526790
47382788
78382995
382926235
14093404
233057900
123662578
542432858
237592104
447912494
408905255
16107608
61445515
33000207
324668468
805669518
191889748
552382596
546890911
390032518
1010388397
18276384
37515801
93679605
906620078
1012114832
467278256
910626049
562323802
75693646
76057201
436795156
248024430
620583354
54813556
18097061
161134741
50725213
32674236
242058542
999349004
779228929
851887776
839319103
21752962
337982353
571533105
53593916
130726560
727403658
91580356
770541577
370683108
38131155
144751174
1012236108
21776552
15503210
612889454
292374563
475393018
43045186
432342024
30473526
456222224
190977898
400364870
491748291
863075444
74628767
471229241
23138382
29015085
563075586
65331285
334188676
322400771
178376470
217025351
605071006
549718905
801208274
47558129
492833134
389868051
997449558
12144232
379943597
25029390
71849541
746219407
79809731
15802818
240595042
350018443
15722535
80601437
75736238
50080995
794551928
37322643
221164924
571259483
438198498
25965585
459418045
523993947
65589378
62829700
17726384
113435127
752173922
22326684
19047860
301176345
487874611
944906917
149877159
15938224
115945502
142309954
299097727
159642842
136365065
801204030
115785580
27671982
972992376
21032998
586209456
178122080
15274836
158461794
40903742
556924139
441728991
495182759
293129157
515653621
753443804
49251875
544689177
324336689
952296307
376514554
305755829
294905318
243333357
806944374
366032105
482525817
16491828
21712715
619340647
173762722
27789999
111389755
907091887
886933566
286977106
25806960
826989518
624179323
243179624
176315353
542607788
26582786
865776121
17956708
21407833
908215922
448300837
512029381
872477256
49226489
32673296
196161118
264359201
209944791
186557080
163103136
390661672
105459789
425204803
944949870
176936564
145163404
455151827
187328422
251864562
299190586
48142971
507938035
162085990
22940764
16162252
18746958
112298239
312947717
116536630
264268489
50174923
16703058
204220434
45766531
189917222
460926451
308620803
751954525
288448821
484871520
504720798
13418552
28162811
870726494
17838484
412247121
22459342
394860161
404884134
203075410
859973906
71029676
26623854
16711026
85226574
467559134
170790201
41014620
905401476
496416034
583051288
270943100
346072615
564202766
17826042
135348838
75663755
294613911
126804710
86679261
268982264
898273184
124060898
552367548
438966172
43112319
348802001
167958125
463460241
18936542
290341257
21631841
43208158
265089711
194114364
185601009
949569619
26918145
883811184
49817920
72182988
215300081
937155788
123610721
932844170
490216257
214622542
457490989
208567296
449111830
33299175
94857536
21713975
807413804
866169558
48393601
821665592
15886750
741319812
849092755
889139916
41448463
237985124
582431201
523638600
346924655
889264874
112069427
564947756
125793686
230724921
223301580
365244299
580981408
193595120
801414722
17645505
876998047
374138602
44295593
195547467
444931939
758066780
888558318
229398617
297860173
19916238
33811812
178903471
20121860
169089848
582882232
61015562
53162642
581418157
826409768
747945176
270237433
432284932
466114097
904850479
622698102
37791442
252800294
38456472
147055648
59348547
586147846
278817907
858489181
633525067
920037018
198054116
144562424
60190688
541076667
21026832
71408601
26492319
151879386
384225313
929924772
452624112
304259639
125128428
427133379
618541222
185209143
52586444
14367719
275769954
515874460
931007545
48351615
908643715
393713354
579874232
46990743
810878046
25111477
26761209
220127140
10196452
57248507
18364807
198921631
6450462
14639267
764752610
930906409
123066284
474054440
508186010
158741678
27503607
410496422
348822726
356337622
440337154
900604650
870507578
22881378
134857842
252778556
926748984
256048813
134600833
920195443
41334460
834178400
82968508
17209400
853878458
322168365
152373515
924173389
250914519
419300133
310008604
29706898
550478533
7789342
415805905
259135724
818639918
38798938
419095470
599699318
135658594
94220301
326499058
95732880
21390850
268941045
52233210
384513941
15633474
889714340
596626436
822465086
786113654
908476596
549679040
241633201
785945118
45956475
483845147
868179205
67364237
914529846
131929758
289484522
314287177
352416057
24771990
71336287
526644748
76486367
914801605
901264759
722217180
420113238
244485406
110850383
27873065
154129921
373699749
72004736
85531970
25635539
14680213
911491724
531942018
33457425
609325005
385210417
327913057
817858087
222049310
99855521
185039684
82239201
466509889
150281003
22233470
56608688
380018970
399472524
17900421
534797956
202738846
867597260
896623310
846410389
905429412
807880309
833376858
390371972
327185150
16640206
449008775
712663286
453424236
136154921
428360220
19957685
586276257
595972072
210556794
878405990
338877211
35007807
857001662
633474764
105326945
614958068
747130818
496576200
422298473
79061112
629833662
821732659
598897646
898587810
271042704
898265226
388727443
61642937
778284775
846508122
828386862
299335087
286334634
72190985
851210935
47111892
27326676
871107427
883547587
24422437
259598603
260287162
270418274
54988069
586897390
150358285
116030492
852875797
707305604
469340194
49061498
859998860
73802951
335483713
30083159
16425672
500912819
477023958
631669704
326461543
271650797
17789501
586334451
17184930
304670226
882836724
336091065
325893346
621969422
870511970
474535964
466085183
878121684
605843566
108378791
876408571
102869873
592530443
341796299
455571514
614659495
475785724
62963969
514489584
758604950
572790409
870707707
238911954
871987376
229781294
244699223
145477481
19921382
628864771
808954476
229974314
558048490
26447410
285496260
388567441
14640141
719040625
487180190
60056758
372038027
45165409
355649746
733403484
31105685
34555720
109782727
255056627
849827023
18653708
45661721
18498813
261081818
375441028
15671444
395173797
144014945
543492634
532918425
53269068
858338550
256693327
373703345
821916764
127693283
99464319
710262462
178003348
59415806
603396141
628061910
365947568
594237214
273350592
767935332
594134619
808075166
381129571
323678809
751922329
444009058
47777838
830908146
634340354
518124619
28126877
365135355
571827312
394064055
234231592
291315723
21576806
370235010
25953026
465312881
366063334
98446420
412346470
828414967
435223210
34825939
21638088
265581733
148509906
466140356
32183502
837814177
196324828
842093208
182683443
173988595
837014143
54311047
637077603
59673815
466157273
779591256
272978923
42074604
18377669
31150336
314613453
528994688
767101008
569114582
15811096
374281474
435099091
145455020
273355387
822451231
293699569
34732573
168671745
793295376
276644313
22093237
26571580
53712880
700018734
16490951
88569658
16865659
58578131
389644099
110680514
399491151
515840893
104472234
18341430
35099519
826795548
543384577
625725123
414396321
19122569
261425083
318527204
348195125
800956058
372163649
253436070
581050536
302720798
236071665
350235446
426172337
50309214
14936335
245627084
14904533
725009083
217583369
111698159
820339568
758241721
372378252
541113587
69318866
500587734
84911639
817060237
14519349
425171276
370961747
601322749
28384772
453866886
821892566
22899318
452381140
76639716
23116225
776858755
590300777
816346910
263334051
36205737
367460658
755492678
426079446
766979371
52504532
69059292
199848209
763498831
155854130
553753344
248231828
808715011
417764415
278390559
217903871
35880381
529580347
262428111
40262562
31642603
589438675
626082246
22209868
160105231
394134197
389783938
633007028
621460254
370654694
130652402
49135957
102270669
384120267
322383220
583434553
15034917
170497699
271495774
793190210
219143917
20570337
381144917
47096709
341008064
26106475
316107817
162287291
233354761
584041305
200868739
255062402
443097895
390892006
287174232
740049012
268557035
454431233
168010283
558291485
369219997
388194226
625223145
493599134
18825410
788479346
266294509
228742576
178555324
759837907
418889692
150513918
17511036
44430552
29906598
518663799
797031026
17343543
17771693
405504484
49915511
280734420
554636749
349256908
264820288
92438106
26592941
785595
43000694
215019930
50880679
185063120
130094578
745919868
40197071
261205723
532334799
359696551
750367778
428081159
283803096
972681
160591174
290479194
23245220
274803389
406396590
20009204
17851800
732010064
593418726
59981169
735210337
56991207
16217086
318807611
12927812
635033436
743768198
548182953
42568621
85281813
19947404
774846373
74110833
157072047
787542288
566736463
149618425
30888323
23101992
781346774
518422310
396966989
442585210
565604543
753540336
763553154
304007353
191018812
229926440
21635635
60289418
226475066
770004186
443044262
15311220
12121742
240395418
454600916
495253331
414860044
67331552
365063159
54817980
585750625
189446110
374331041
22308653
27151738
97946770
444940567
36643717
384022150
15957929
61381217
523497128
147859625
14910806
281838182
370807227
750623330
469852642
637095279
543889702
755201629
148891227
15012679
24645354
298924284
260312885
391200897
36864149
400763921
430017763
733557738
631549490
256861291
54613670
702155810
463134741
19167189
479999955
470587742
311897112
275344930
340934794
78819065
67131988
73156554
209307702
294837567
19479061
498952164
45279013
454308169
724538874
419021764
516309901
399703982
227409095
635593018
613839478
89092670
528221404
465278364
17115595
198532056
704582028
622661135
33549102
59431865
306992742
524673013
223693343
12703142
720449742
549828863
388895291
263139504
385069603
43485094
516699465
535768471
496840069
210825426
593578262
113605083
8646512
84518521
15840710
36556446
89030393
358794177
714436706
27942147
19162179
579610432
14715811
632583363
595863623
713326880
23195603
78789634
287163355
18906599
568190888
15416823
223653153
710322768
211221146
340096666
158060289
463264755
25355238
621395654
588560453
316155035
124564690
380971012
381770158
391676910
450807190
53000535
635985729
50925084
192412826
316126656
274697954
580098977
417234925
608879970
59953198
621443162
603059658
60971987
51410043
263806606
516788778
115723580
41611404
84344247
54229868
326450140
280787441
41494067
587313695
443398798
239221322
379297386
500593914
354399766
87586011
520976471
632679966
345729237
253742253
385512179
285831456
258174099
179854399
32072844
334730492
209368107
174870821
544721646
35611008
221523051
306929008
30909846
160505037
582423579
42091611
241140071
19023080
386767657
230927249
19884044
18191358
71807953
64327721
312963103
345133772
522964917
15412070
325585553
382394345
358730328
47862165
61521679
14439008
196455208
218193050
460823347
153236455
45484684
576494224
101621900
281343000
367510812
213951322
618583479
338760709
325694582
244146542
34190401
137091584
18765501
245557222
30386567
481801220
278096906
243237206
423533399
18707543
434278762
48130304
482372321
248299973
601600001
48177361
60699354
32774989
533269989
14753886
558462818
63321005
294704431
400339754
605172756
334266844
2364311
301230251
378451232
330361481
18620921
492991594
331413514
198193089
18640094
350607944
136401087
380895339
232381861
468910423
472025524
23780154
20094273
29226662
45947728
561345101
543775569
22287731
33237969
2329211
172669182
38167605
418287074
440494966
243520466
584936015
365049617
100526094
74684972
262163983
328049361
50019788
14060372
291372361
129332353
436997012
594019522
485131180
114734854
586015459
425194175
184018200
54032849
403493153
467924991
249508302
351982414
528812892
27750519
18916716
411864139
353964703
56532503
253437025
413380930
545576382
16828162
172289207
126427293
468899868
241375659
20194941
491437293
306265454
402294835
27301268
592929195
239621529
399166033
458019614
18583216
500040844
33180256
488105124
590251361
547155842
593071426
43828646
493945711
19615940
77197634
375286911
254402326
77586218
389834299
18030672
24233192
23346215
463961891
50012439
228450893
576581018
437962853
50690913
373359383
376260095
47206703
457998446
390520212
323601998
254345918
192028387
24327352
282366050
476446467
348529587
413270383
15190678
545742460
485373368
19515059
290504640
581363469
296609263
26291513
516517867
475067028
384104070
25283973
281273731
405250314
16672662
327228715
251331051
110011661
270177196
391684325
585858961
472149859
366352119
265693356
21361003
99333898
571020103
450697476
521952845
475156859
575383862
16384452
582096942
535482569
564042120
18534287
388722520
47864765
388737362
362832455
557434921
140475525
437973594
577408076
127486569
574574980
261456930
407229804
22341950
421701523
406474081
82178089
571315118
14910753
48554454
17517119
28703779
54769979
60648875
569939108
570018803
338886413
562096234
301885093
294188561
243852935
559978753
377560461
171652955
567760312
519191016
310101488
249327947
19886908
501041655
269000185
452237244
436463305
565229860
246547735
57652284
35274710
212242712
559985769
18568068
525938354
246566215
36374979
42440843
27050983
55000225
521446768
552056448
408548118
97963881
559753023
32631520
491669665
356614682
522393436
14068794
495131120
22081421
424381629
550492120
86551479
215683551
408244773
24613220
34376087
542267625
411711195
144350248
122799906
31390887
15793787
547779762
316212595
58223868
518603953
360627213
476416267
472867507
459451628
532800731
425063005
30461894
36731667
319800208
389808304
544709555
37866934
89015262
173459349
15075753
24753462
444658166
547248576
379411146
352314986
14882554
390522985
214924340
474461605
14530027
478163316
224351791
194191844
38925280
100528309
336190254
114083232
269534812
346218967
257452661
109315857
397312716
339419546
456292438
103550181
414875085
330428316
447180085
148418872
327049481
433023408
475999886
24830678
190965203
294145954
189316675
395346614
23653818
527703938
464762308
450033262
149136844
369200652
46966049
483524621
35654845
168755389
186556499
22387753
131411742
31913486
448509834
416497378
537709228
2080931
454045880
50434933
60796121
411455368
10207502
427624514
50078062
384997325
21946875
478099755
38284349
473318184
414461516
323045349
406008501
366409391
38313256
379083906
263020925
305233254
187715274
75266656
54356929
408969236
389281501
54386616
475988554
33059689
160832830
44898608
20120383
524184670
348795299
202055543
122805282
52955216
189670223
73195502
474907618
461759992
228109008
261099234
393621029
372925478
411341145
350101027
92624520
409062401
406336012
439582042
466229528
447040978
243439879
19813284
53519827
20019407
399587117
18491343
27320492
67765647
298345280
84241267
341152802
284394505
21044127
221890444
263203020
52240132
120241711
27754737
290894597
396837565
490574974
172796045
427886673
16827042
15927803
25642394
181493385
195841007
20897273
310415428
41306968
178183368
44001216
16212784
331456884
186015478
359525153
28277850
17463951
261894984
331728716
32374425
210685981
323472401
443288612
273595457
262459859
70401884
458045697
144336881
25455904
320524842
90242178
91724368
455114923
446415837
460892382
301641694
241696083
279087324
84657564
78355897
23380847
344018281
40253215
19288675
264018451
18924384
16812766
145718395
18026634
266832311
29371569
354450339
475307149
69642048
43930789
143390475
458447634
15871160
458002161
259312705
475894278
409166674
242949488
115995931
388576412
289420613
458139222
16248884
374597100
61033291
311105264
134360868
154889886
389266766
20091551
24976257
45751118
236549283
378817053
69748042
23391241
247477064
251722186
116319448
24796255
284323222
411621494
17562701
24305174
182490330
344918904
114614685
466201536
361309782
292114779
26053846
46232531
264018245
19094006
20026078
412614264
325097906
274585158
15045673
417451460
14828860
168369969
61387481
503811920
18747951
416653870
231033837
58807922
483020928
15063486
423321195
92097164
399001319
135202759
26500163
331773499
63161957
485788434
526844882
63600552
523703847
16642079
243383954
125130087
24840112
91622378
130590130
98764683
58397328
25236548
512768798
493123841
161935260
317517251
393887256
309196334
56463610
356604678
353540378
15530144
142459232
524401316
62407070
486319387
462934944
19325447
456026082
436217549
440328562
516646955
16383523
38469172
385010006
380053101
25208451
308472684
49072502
522535264
479561426
423068740
116042856
41385012
313120760
38741486
14282169
30718106
81536715
17258461
91866164
25192474
305906928
66140425
439356264
260843465
24636191
22935909
500065554
17946140
26334820
7712832
345008591
305907609
392896050
58321817
520564200
370728091
16512565
259469442
31414224
25892339
413651442
66951419
82556332
30941916
34017985
262003518
474216194
111737172
157138475
373814994
485221115
453770586
29130296
498973698
349377486
191289864
29130766
127240079
82154425
403741059
301824998
450192340
214299951
222664995
101427815
402813610
62554155
27025359
26534759
515573992
130619386
405130772
201425028
175336190
158461656
29034624
449308947
500642912
17190660
37322666
369309931
450253636
501782045
55113967
516231420
384708626
401102427
511723825
155985479
378390995
479160829
496506041
470753177
423207633
498960152
20501583
420128137
420108131
131490551
115753716
254443873
21779975
406372829
107179377
383009559
450937658
432070656
469782333
73402288
436599188
98737808
468120628
15861944
67817780
277818877
434976069
387123654
407961432
443321896
473759574
14851290
469871182
96469356
75006599
20207789
19948075
144292809
268294954
271842537
406656579
322366577
362097285
206904556
93468489
93074344
