37565767
3396425571
1679703487
472531821
3023037872
3854038335
2880199581
593212284
3036308732
271746416
243929258
634011600
327719494
4875616984
2267115184
729358166
511542538
1370978149
32940821
1048481276
93203369
2784945447
733850197
438959839
355284310
354123556
18102290
109385660
749420395
58084069
3900024304
436294900
430672191
1018521199
478255197
438629312
172535718
420832195
226690481
214237102
325218867
283660833
3004614910
2584662433
211234565
2289021859
374816838
432617565
908867407
302588685
120606987
100650603
353460761
379889478
26550601
629710399
202939902
405958779
1314870126
2594136254
363408652
1247013008
19689655
437082301
