721797026170609665
725009789282095104
367678073
3948484817
130090686
722569756063240193
303937344
4410524053
344594172
4908752788
545526535
3184902631
2284001604
241391534
24575222
1026995785
1227803270
48863964
45609528
21484246
45052768
257255753
1201673870
223971854
17231770
22167301
257625254
1697135246
2292000284
708899208598663168
53266068
547095036
2796602936
3438007049
1714440350
529325201
18195953
525713285
698834149122117633
4890065734
4880646635
2479450105
73129850
2500670420
3722322503
29384627
15056997
245098059
19349963
3524662043
3382006361
3351275873
3869391375
2582098819
564595075
1933042237
3428522049
1608400430
1267937544
233878147
1612807854
204509877
1007574961
2647459710
545955848
168630415
3230549693
3004236977
3085398307
59096457
255053062
2935299418
3000026458
1128528565
509094561
2177227180
16591045
2710752823
257452661
2716639112
289476700
536537262
406958348
2753737546
50806268
2815082321
808774675
1107201775
22241761
2783890927
292525156
19418551
397214879
2542169610
976465525
12101862
528061350
535717562
2469669310
526425773
2298098481
948083623
394632643
1249670905
20128350
459617543
459682158
