720305706683871234
1605434923
719577029679648768
4805389162
707671755792502784
1605474517
1605421962
1605461509
368999161
3284908189
4198627887
796435297
539626089
1605477547
340167816
337736555
366497333
366475693
347142901
337723400
340176783
347287449
366430612
337705736
337372085
341297827
336638716
351019667
337851350
337742645
366498845
337796996
339117259
366359175
337755908
337895501
351049776
351049153
355875871
347292233
350973941
366491668
337360929
366451330
337896787
347287914
350966716
337729852
350959921
366478772
366422675
350980052
337771762
337778424
347293565
305365893
1605416870
3053095179
1605426602
3341841891
1605423582
1497112856
1605390108
68610156
861504498
566046867
3195449022
1605456805
1605463525
357382762
2817387741
2895104707
1605451429
704123893
839901709
2769570766
1605470395
3013132270
2869765129
1605454393
2498272812
2607466514
2881748561
2503291536
2750407225
2413216922
1605446065
1605459848
353718680
2826991566
344264904
320548787
1115009004
1611148345
1611042006
1605386460
2765592264
2295970734
1363204861
61030378
946057740
2700164740
2740617646
32930288
2511400830
2603899526
2515941949
483970135
732049393
447046048
2547071047
2617231210
2225037217
1380237128
794764128
84418261
1541506892
1596679688
1748949338
1645210866
2314746376
509441242
1963591442
719575986
960803888
1670676738
2316826603
1498918777
811997281
554013495
2335608594
2320631634
169094964
2310150650
2307421082
590530033
1032751112
1480593356
260520292
570351288
567410067
714910105
2163515814
1616894832
2192254249
1260289020
2176543704
2165850332
2173640382
299386697
1378301167
2166008158
2165114855
2160281893
2167030734
2170481917
22474811
1167670854
1887772363
238783076
401545308
630725241
1337419033
711996668
433450203
309676619
1308791610
1104642776
463822931
