718004857496592385
318841966
153998882
460564003
1098348188
715965996033523712
2290920080
22411342
4547869279
2226464404
125157653
187906124
20604459
4373936415
1920694380
4388577976
725245719662190592
732922028
4657520715
725800795929763840
2401934150
14910961
23585464
212302405
723834506445205504
702877296496140288
4213239682
2149483449
715746041509883904
4349793443
3302238908
1288747266
3648872731
124455128
51788651
3356526207
17372211
2492048079
236928181
3238295430
472105143
724335487524048897
311137675
2969889962
724668674339135490
58193720
2555559314
718013776306503681
724286562469474304
714614269032198144
2569521432
39510422
172173228
3153140708
26295959
1070063569
2998451675
348263836
719217961236623360
706558548537270272
2834181117
517525277
108155579
102748170
724912445781843969
49944261
705497423678812160
2362397450
715663973744517121
1600372796
331722920
349052270
4479812413
3382164261
703990775223169025
1629339452
4861895304
30159962
2456037121
1641677016
948811464
41933488
714807770114101249
4867745776
4125875653
538147752
3267456386
723262924685365249
705781098509418496
1900934569
713820407824973829
3148800230
716635460085366785
2353508762
713756424216657920
2217868646
724533422308364289
724893189560258560
251131699
1105487282
2162992681
724880638810177536
723163064812457986
4894705553
703443509999738880
2246562063
129343561
717174266614136832
2207780696
1375860338
1242054193
182493733
1000886101
718793336082034688
2402967074
3317414869
2349669642
715622174653091841
3140109174
1967291292
2559925034
4892150077
724181771290611712
35216399
424711422
46315077
705365239802556416
3098518304
313099625
716899494827335680
424378717
3702945799
19173608
16615740
60317232
2485206882
25634203
1107651043
3292391106
723116073801773056
3209012093
705228110782812161
54769979
3061209553
3079888876
855911462
708265425998618625
119930291
33529092
91942071
2306952314
3085808419
22936237
724549640486526976
4280943795
975819290
3412084715
3503962453
362400064
54052856
2319339266
539541627
724375008039043073
711785563326652416
4840993647
108552921
2836862476
724067675731714048
2238059208
4329425952
721125365796716544
19341224
2914194020
1190498018
4702303760
3106148338
2697757255
3635832455
1870181839
17327882
1291626493
3003262150
2435950747
28918971
39328908
1097852275
294203162
334005004
707337351584993281
478042067
3759094452
3407151274
3318749011
2291645455
3010593099
4675033692
3179562350
4364413701
527007725
356503292
75736238
424705392
3019122222
24736901
53021040
264461851
717073713427046400
50160950
4723581259
29130296
2438889943
1685042425
2780215928
591505507
3950692215
3308952466
343283519
2818525121
2295326589
702552042699628548
718728213686534144
721824182359756800
3032925880
3432594931
158060289
703466800307109888
3855131433
63475777
2403872623
704616121765203968
19025441
2838109032
3290707144
2879789728
245634622
722277258799525888
128712272
35203319
754556
722286070067523584
4289431230
67372101
2297632123
3022158560
35867792
4853820677
74167230
15932734
715335932052905984
449110269
4246248252
1548118843
28686007
17834118
109811117
588597181
1251812930
331058416
719690876432302080
3093932225
4637803221
389152308
4852629612
2800942489
717077606248660993
2329213170
4834050328
3514251437
264268489
703218214831050753
1065869268
22216521
826537184
2446676017
4242181252
2396151313
26534821
4772676389
28776695
2842583969
704499191654047744
710990834972233728
3905061214
722514499991900160
2912754262
869745709
260090238
2415674455
3957920723
717065730982694912
144976966
2431592068
722442909891629057
720625129932259329
347813210
3189466303
713253932408016896
1363449445
4177665013
4380342920
722285930988630016
196695409
719531026289012736
710967378763354112
722182627822841856
342864030
253663760
248878026
1225551512
32947980
81305054
2482628143
40492559
720957557209243652
307295048
1583056988
3241476923
426009354
1871441173
351605626
722044581886431232
2177913176
3314258849
15377115
4519937849
3489164186
4456523053
4786018594
46303458
2786657267
422033415
4847087856
219738004
144657491
888079658
2294246196
719175958582976512
3075079049
2840352092
705324020716183552
341999384
3880900701
4748992880
4850076293
721566546477223936
2997702536
177584156
3315619357
721525699375427584
713818819345588224
704015377366433794
2316246829
392487944
2687970072
3319467948
3469471282
4299614536
33186808
4478271138
3911995636
3880121535
2563814487
1668821198
2312076508
1611000890
373703200
44135635
715252612011061248
18291150
1398658267
199909211
443041640
720041879539224576
1345507530
70962235
2717209854
2376010556
1525794247
36939693
3313821422
922610642
4892922860
2411909108
2869209790
111098490
1046349535
437498097
2393063119
37223253
26900055
111225697
2478015324
3259126782
714309894678032384
16710420
717951335530823680
715369253378064384
4900209502
713986791712374784
709906315154427904
716425733288173569
4785202752
3763275736
42953271
716178360284684288
713415305679278081
208083510
14805867
719978771328045056
705755098702602240
370356032
1300961670
1038942218
2771584967
46190093
3219354045
4827322880
3891064218
4570888396
3342522131
4726260439
3245370006
529270469
292562880
3640771343
442330249
707535923802722304
380981827
2431253425
3199810979
3074013672
719187199187673088
311035132
717379898940129280
62631023
212543625
302690890
82500164
582762258
2753195573
3083086600
3127591072
304723046
3996267321
3590632753
3018809793
20989396
39911089
4401993328
702956043022770176
3300896274
190890578
2606301939
717130538134450176
3052015743
576638271
76647600
4903959972
1691354299
824325906
732221820
65455370
711013678070370305
22718126
823112684
4844659635
4483282399
707047911260028928
3213655912
19795404
287220451
716227391014748160
716163334668738561
15039436
3356705511
3972333073
3545228354
3305231980
350131155
1859216017
3404737863
319170699
3842212823
713885792431509504
709475286723723264
2983808635
4410453199
3996067817
13282312
2764770081
2187571819
710032826914091008
2412406063
2998888563
714582094073057280
4894947627
142916363
420761568
3775277255
3057749477
3637917137
3963724092
911514068
460653932
24912459
4861830525
712674582902259718
696765966676574208
4837973643
709281043249897472
33438221
4828640224
809893507
3309307344
181913019
2198106354
4476306622
3640515675
3411584507
4868650834
4656917201
704205126710374400
2402932460
709994085608792064
709709665274306561
32671625
4534703718
3637834457
913844090
19921268
2446202510
594069992
3019160188
526090707
696822085407133696
2813612226
2225706325
704103574100439041
4785235392
2434083319
4885831133
4420731792
709683674699042816
3356020210
1964255318
1380375433
4877442963
4420657032
64950423
3631066583
705177675384680448
3222158239
4404212423
3090021165
3631155257
4813603957
3317014091
30217347
2458019349
3284112337
4215753372
288841963
3273040652
707988812224466944
2951274523
3320841201
44111860
703285300316020736
4754314190
3346015077
31988470
1662779209
52389827
3638165181
3250338777
959366970
1964215938
707541434694369280
4842758694
4260880917
2861789108
1964214006
1964254400
1964256980
2468506477
4861400518
87446347
4110173112
3428266474
704409493120098304
267636030
2258275429
3631133843
38015405
4890237062
45641358
706711002826592256
4636949955
3728392753
2554741
2856070691
228791219
3427200023
3631093829
29722124
4867975335
14658125
1964213526
1976963472
48130304
2717607301
2876796513
2380901683
305791165
552175419
374138602
600291064
4852472996
23492675
159008138
33908800
613722471
2907061970
74549018
1465162976
911172355
457851160
4306531995
437895989
4655747074
15455893
3631202415
635855126
2705797471
702572012552716288
16816972
3630975381
17010913
34755858
1447136485
609656394
630912654
4925481867
488829795
3549270375
2795422567
4680846319
1338765866
416193633
2895030648
3314758074
316759888
4355797094
54529748
3347201393
2834596006
4778003051
2312828437
10219982
4852409196
102475599
701403743040843777
376332518
20579122
2271261812
759746545
4746966390
921292178
24461077
28022451
17905508
2863683238
3668105845
255615395
44374170
227485082
4843333313
4136117243
3633611729
307699687
702144275799212032
188314142
20161530
4727522967
4404286463
2534195028
4686213901
1255723460
46116615
2211324644
4245803590
701684266632159232
4127170933
519945509
310558780
4897375699
149315713
4890608001
3388641719
27721362
260401670
18492940
4854423053
42890501
1345345056
700651809174458368
3982680701
219121881
3226481706
7597712
1126765860
700139979784126464
2208450886
3991179501
4808465607
4878711185
3379320161
1509465157
4268499508
2843255911
2239128370
41773773
3507624377
2411339743
4897062388
1637575243
3785203332
2512732765
1976035584
4866171947
521006548
4698344575
4798453824
459051859
2475024848
1964259854
152845345
1655815544
4888982926
4869955965
153492935
2851367065
3005678458
17952739
4870342601
311654967
4713735514
1484227916
2813813174
45154341
1355966509
365150567
22001536
4781666659
205314469
358310662
2604068238
4876429405
4760707513
4893180877
1078398283
2952676618
1431796027
21837967
4870741992
4751730913
4404092297
3309880826
3687632843
3334545087
2940175269
3992950637
3214214153
3361029507
69176047
3181032174
126734875
383965436
3309757218
34282709
177728250
4847217331
175495269
3141810720
621893
259404451
3244209034
1577474978
1574086818
14169364
2664530719
2423489562
4281723747
4619040136
3421547945
4872873063
331236731
123282802
1954898701
147730268
2611262361
4871154202
4414013001
350552021
2821275845
4779854065
2574956743
3302832941
254615229
2840010963
4880367651
329800196
193030139
308997977
186057632
2913123802
1543821457
151304308
3243182644
4061238689
2405723920
3590449521
4857840193
23195603
4808845694
3158469199
898801170
3022045469
4306970788
37836873
4265031859
3322048021
2165509928
4375013294
4856018479
174456524
4767176041
3095846728
3985826294
4833264838
4002680656
2322530837
337831725
14134180
4652581752
4847834522
26923340
29593066
3175020808
4667051401
3001595159
4102376488
2850537662
2337837390
1971905197
4798806040
803503723
1308851304
2578893744
4702782587
4528096344
635136998
1964220576
4601482041
232908782
201428373
4349234834
3304348502
1626294277
4826618772
4845426131
558818497
4224305416
206453385
4827770160
4857721582
402876893
2809270286
353557236
4616387298
368948092
2382819794
4329849375
4820529076
3187745380
1424358728
4747163232
583043323
30160168
4670956639
498308303
103698357
3177434333
273922155
4816335915
531162864
1108556610
3069690106
1392405098
278236577
4814039053
523409160
3320933284
1086681920
4075120754
184383206
4139691855
4486567216
3938050156
3310957064
4744563557
4688780372
3285975517
3334762938
3090964385
4818514677
4651145062
4780047972
470373325
2241699199
4256938396
3403629568
3193825839
3129084127
3071652698
4257232995
3419890804
351100725
3322119938
538481859
3020042806
340152279
4768991336
98429348
418174393
1497280638
3119570431
194615985
446204862
3687254959
3090756161
3107385619
27741349
3979973159
170050937
466144416
4764356726
3486694633
390082350
19327925
4764163116
410806776
2541678024
42609957
434628505
88804038
4541487556
597698575
2940336885
3064312755
319182339
594806836
4704102923
356324165
4704192834
2524963652
2902701446
17468666
4346579123
124122610
3789984982
4613345061
547969112
415953853
3446296048
3382413684
49324978
230435960
3146605202
4622708541
3314965329
3307345782
1323160280
4380815003
3321341503
303031451
2400089669
4686178830
3538302209
3862013063
1156392199
2429083328
371862231
75498923
120181792
4100103750
900323786
292777349
4687202942
4644581328
163987185
3817413628
3173179067
3290102267
25062618
2283889549
48029066
4501673297
4317466696
3000213699
3437556273
3718520595
3452894301
857001662
703561088
3317226564
