725244646071369728
715799141515927552
3031942490
2905543623
706214645497868288
725387186212761600
726389463094583296
3221048504
4318278628
701465737483800577
709309791164825600
3115768670
722794624671068162
2960665214
709765302540578816
718527061871046656
16703058
3480148693
711689009156775936
2697757255
725977717456408576
715742131919462400
609901685
1323726151
726140680003690497
401898288
707689509660524544
715189121170280449
718908922690674688
449110269
393551041
724056120709529600
725511676733304832
3366853031
725171787391193088
1548808477
1499743544
342881789
722593690468945921
3331654739
718088524197658625
3022707351
718088678246125570
726030635924635648
726006749514338304
1300289576
703917035894525952
724872267671437312
713604158222258176
1062132283
2613877056
718680534818250752
2876331871
719616215434555393
2593580167
20830344
2316246829
717842989939310592
77818394
722555897176813569
702724597528072193
725307016323944449
709470466713509889
3950586455
724033800095817728
710990834972233728
2279856378
3697177872
453634036
50094643
714836667752914945
2984709286
1970134700
3220540326
525631358
143377881
722984537198718976
715496304777015296
18993272
720943390477656066
591981595
718502304094232576
74633217
20817660
718405637101764608
3198643069
216798672
707696112543473665
3545938995
2594142181
725458347424522240
274891222
3392941000
704812869393768450
705576330591469568
2294115767
528646417
711472293134794754
702793806924517377
724920233761329152
4167420612
430198194
701464702371540992
711454546879315968
721655010971361280
109441206
2926682593
947065484
4583075363
4678490953
2285490307
3666704127
2340810258
725339511740194816
4551720146
3837213803
18305815
220580068
2964606814
50093457
2631970169
4471828174
723914728876068865
721380578730201089
2161491157
2766768008
2447726087
2287887180
706638539472109569
470507338
545377339
1146349951
711849882252869632
2256965582
3968593342
715202740608233473
3239216766
2649016570
538425624
544686866
446228264
261190093
2753490355
4857719339
1579287858
2801232406
3318368861
3245374566
711446117930508288
3573288434
4168679234
3304976403
702789204472795136
718283522549616640
10207502
725210248399609856
718819931362426880
2916054140
3156824706
3006278057
17798031
3066983929
3142767598
718125018341777409
3960275320
2472722514
1724269291
712937511757066240
3696614181
3555727397
4100953924
4706270920
3416153772
3236557225
705198824348901377
2309702606
1569242156
711143275223068672
150757591
1318849123
359789177
2321078092
174618314
3091016516
717461174200233986
719974159183286272
724299070466977792
724107724795990016
708265425998618625
866848033
408199479
121656624
48100522
711144121910439936
711142498458947584
3130363229
721737640270295040
711139114888724480
721362425073696768
2685274722
3381471873
3242766446
722947242823290880
202774675
4463149992
723447238685417473
702782120884727808
4649413585
719478778355798016
711101604821225472
702743261903847428
4576210399
2493418185
4484507729
721956285118357504
3131495081
2254990862
4809328284
246452808
440302596
711336112883671040
3401679923
1180671613
861963872
517039011
4878228046
44135635
724720434151743488
724586760634773505
3119994833
3233077239
1125322604
224379787
709911125605949440
2789263566
724723077326770176
2945359946
512129744
178555145
715579163495804928
2866229122
4847369320
2876206883
531351424
3306837340
719834037217595392
714966964783955968
718466041446277120
60317232
2237611408
219329259
721393068771921921
29303009
4011483136
1580956490
701569899982749696
1368478189
596700256
830338710
4309391237
2422680493
703990775223169025
30296229
3281937234
251826168
3131367801
493097369
419848022
65558306
721657899735322624
1886998586
4458727277
855911462
718816485133524993
720346715639795712
718817015666909184
720346301846556673
723850262364979201
4834341748
723479003978305536
3284296430
3104882750
4735564272
718213071114788864
3464457380
2581758266
3066382722
718936136299757568
3324614036
1641677016
1284739868
1031482964
716323052909232128
494554219
723848766575489025
2422485697
718706628258897920
370151505
373367371
3699946995
1905041293
720923269746937858
720173508022648832
3159920865
724246795300171776
713817366249889792
4746074508
2367309367
707669664822861825
2695311619
717500242992599040
721575596875214848
277805390
95777654
785648959
2468867313
4665471674
717523977204285440
2223370226
4022177650
136176337
1609305122
4085110516
70156027
3271255423
4908130021
1493267851
4467671114
719878283387645956
543270715
1315215290
352963308
164386441
707865505663549440
4567024453
702039990902005762
1032962936
1144448460
704889875212926976
347627434
4848563307
377009022
723288594920689664
1398194666
723660454900322306
720117411429675008
720113373392855040
720106341088501760
720103856974249984
75736238
3332191708
4842336473
4914700089
4035334282
721594102303690753
718402055296167936
521966673
2789401818
3785289699
4735557937
717756961698234371
3303330952
86054485
2959497429
594990097
837232694
3683532316
492833134
3248374263
4564665231
2564640128
778976910
4247425277
791679762
3166623503
2874275870
717013201733492736
4835934909
47336979
4875584655
4746301337
94215036
701983423267622912
701982164066250752
701982852506734592
701981947111735296
4829491030
78598650
703798709616771072
3007613504
3817510634
3199261259
4005375497
4911315019
264995126
4629339921
723292466816913408
518753324
2883864873
703850388332515330
510492731
107229597
703856951738773504
620220793
2903166449
723193398560067586
1511032550
705177529674539008
3405505149
710926362115186688
3240223393
2850057038
717137463655817216
3094307743
711147511235227648
722179699175268352
2581085888
88494677
706393438040657920
707220038596628482
3146753779
4724517448
1372786812
711137956950446081
4610753294
702778522977177600
4302292575
2718623707
718772447340834816
703984285510926337
3791573780
707203927314313216
711100554831736836
4319394741
711092065229115392
723081955001028608
38016930
1697365488
704699804757045248
722470124842782720
4714625318
704266832107016192
4439492772
1660800278
722709277169856512
33079769
233933230
2612593338
3145749712
850394178
3021154405
3244311331
2388068006
121635811
2768686080
3816922282
4321465157
3957842680
2339248391
4553853322
4761064634
3772895061
2464778898
4646925639
408630827
240220270
714105722514989057
893856362
1359226843
780852084
91493488
406041989
293294124
702305530740658177
720603960361353216
4866365530
820684206
703529403029037056
94282470
702092158363422720
4636427384
1714588627
4600898635
4221273013
4064889975
4620077593
3102712483
4503375926
288455050
4611764419
3958358420
719374159818596352
3290620517
3323629285
722578631554396160
3959300057
4852178899
711577126797836289
82383649
2856809435
270679712
2207780696
3146721548
3174152367
720778779589787648
2861152027
202729390
1716924013
720175555929354240
720152065620733952
1494835716
4893770386
2762897193
380109168
1035602802
335206333
96920954
2865078826
715411028071329792
331048646
3073860203
721862846859055104
715413873977909248
715412038135255040
65838676
713569607588716544
1123845654
4782796015
3497884523
712276281228791808
3219421288
722418237485531137
2764770081
3271901318
718495384042147840
713676599170768896
704912683993341955
720212845221183489
3656608581
716846319264882688
2743930294
4554232932
2286189025
716422712294510592
170004915
3318042248
2965228864
3771035778
721073646161166336
4611694818
712538590832623616
327519692
82180448
156578294
713373462111203328
16710420
4440678868
4459242574
4506804387
2283384432
714424285528502272
2305888410
4243102039
54769979
2481937027
4602634818
1206526830
107012365
721672495074557952
291271945
721764988314984448
2922120687
2412542835
3238336280
2188734523
28810015
4487406624
722073253536272385
398105585
712772376870522880
717757019013382145
3686488635
191919142
596591919
2776179746
33170847
3188079572
2982516125
3197771281
2347953823
715303057966370816
1644555289
3809379317
4170920232
4611446594
24001196
562266134
841172090
1362216061
441681381
1421329002
1384662740
700695895
111642101
253734910
54773913
1433427858
3334900841
1338047336
1849938847
2872218872
322879013
1657924784
721840906752696324
2906962900
25900060
2294762225
2320127936
1116873276
2650426551
2458350638
27897429
4355797094
4479812413
24404437
332307009
4702303760
892071500
3092625141
220185960
3182887447
3675016697
342840818
4871598159
2888884443
3315855847
335005899
2368480255
4870894643
2314556148
2588109960
4855687229
26278305
2229952962
110855805
903377622
4867581777
2344426058
719599563619856386
342894187
46315077
721347265613459457
3232837242
2393063119
2732950444
1072992504
19173608
94687261
4154041574
3380501921
704070213143232512
720998520833064960
712931114323722242
2478015324
33611715
715273665823293442
714791179158691845
720469569794662401
2792409146
3902495375
208083510
713165788648083457
1055318526
720623292135182336
