42228475
9102082
706562279282761728
715202740608233473
3816236414
2517316837
26271469
1009610930
15367370
139796351
724723077326770176
723914193297137664
1543941277
713820467212095488
115681686
395693272
2276287502
15674884
705446574328057856
184987685
721049484936024064
717756961698234371
168517345
885827515
2393063119
710247867600887808
138463658
2651716056
3233458223
631538599
4769316554
356244482
23028288
710990834972233728
16710420
16763018
45637919
65455370
720273304544620553
353702606
4840394652
4847056776
713817719338958848
2860289139
721962773693997056
2727881332
1433427858
3909925639
190589983
109441206
823112684
35533347
3136133931
320917731
17563445
3880121535
15246592
2563814487
1724039509
1355999240
1668821198
323264925
3309169489
705773574817079297
29154801
377940503
89596911
3539369717
388441407
2501559841
712134982509137920
1455286956
903377622
289066063
4547869279
25131068
708077104986988544
705805045913157634
4870894643
2656964354
208083510
3808196833
787981196
2650655484
3719273056
4796707521
500805074
339760532
1642334412
463217851
579187283
1351095835
38607586
3848954295
714903361242460160
3271255423
715713901430591488
3055319153
75736238
4292036594
702195766459310080
3873587412
1862373380
704682505052422144
182444924
2886685873
159110985
4182380774
2464920451
721133296273502208
3273444259
4856996010
379962842
708300644487016448
51757492
719690579395928064
2906973191
193460192
3407062635
61643847
4364693417
223719518
3316868654
49964679
711113655178403840
717614899434823680
1138327628
612721794
4825029201
4226669961
527778774
1003105418
3469214187
3305963905
2302134816
33014441
3083162699
570281457
21581475
1957568071
3302488024
980659489
3246966664
339793004
2329341225
2845504892
2151365706
33333882
2286991928
36797363
632942483
91821397
2731650196
1717075200
16133056
2788728849
122319722
50825494
53631672
83442033
544829709
55034411
1231927200
2207836795
105941288
11075002
102206498
66308359
49331821
46992121
