4313152692
4196024418
1663737890
545176684
47227645
66693790
40441199
721755203154743296
30892730
2877777363
2911992125
133282509
4611316218
716641724555075585
38019317
718188458045341696
54654545
4402928712
716377687804231680
4242258379
2552820313
3363375743
715913990438838272
3058844755
2809501922
2881213369
1558281840
1636448244
712670788671766528
712128952853114882
399701532
4042169308
2980848424
4865244537
709599210392264704
4884943071
3087491081
4696920264
2805152444
4012876585
2466512624
2808215529
1358414172
2794674044
3283882500
4770760332
2219031128
4342093033
630873034
2709748092
703101001767657472
4853074306
703345896474300416
611959284
4909115112
69080331
717362594
4902511510
2974407963
2396797500
455869857
4836423373
4842587718
4856030645
