4623722713
702365740217802752
252903164
67163944
185437031
266378369
40460333
570341059
355830866
2304537950
3580248555
90688774
4135291814
29487053
14824547
59844677
4828205685
4875111322
303561296
4740009225
603795103
234825037
476214711
4265995725
3246341769
4191018796
3048158575
3722894537
54041162
3402972389
2400551831
2864430992
3375084395
2261085264
205993285
2757130127
3264606723
3188871216
2935492520
3207594682
298136021
613347184
434540825
2538877727
3085716644
3018715505
3028211076
382242587
107727402
573118655
3063503601
521547128
60700895
22950105
2963951087
154817710
3025920224
22929350
3040874506
356474001
576491486
634238390
2925103578
2905489909
278098811
180163242
27232025
422925429
2782818728
2740391056
2364001320
2631753760
958963568
458572038
1046482008
1470943897
536262161
1284725688
1854687452
1475936599
32725013
457190958
173314962
99760699
2321196726
191247123
1635617042
23924409
1164565896
35935116
150109987
42741029
93812167
942114650
262391879
2326023025
1064186144
2286783522
2286742004
968196950
534264542
2223503228
2216915869
37639196
51224370
343093586
15347748
505049973
527626443
1487852168
103736300
39136324
18587662
451589205
776120018
305062390
192732675
26940460
461555064
313002001
8427612
740901798
53962515
70295802
272244906
466194580
223535244
280263264
22765975
41453703
124588336
144174937
51140814
123690564
554480182
17195928
323187616
260872433
49850879
488355650
58998328
44991950
468869035
24423005
350555038
111674542
151254994
396030317
283680474
16133176
34785245
261819791
29543198
25863631
210852133
33278017
62094446
19934445
186697151
137087431
16468653
17559678
27273713
27716828
40955703
28921730
72040389
48863421
47017422
