721173260432449536
469688790
908370456
63697810
709535503855398913
3392941000
3186132864
2706832315
710827551292334081
724099529298067456
1837995782
720016683046309888
34217851
36417257
535403214
719814686267584513
77790716
3312749902
24215975
26815140
3838959437
322090376
719047778475708417
1325485250
339465480
37391190
21753328
719254367686107136
1581430136
605832112
91536867
4227731843
31173529
117198889
721694094603526145
2788074419
2326138978
98731049
3313141552
83760705
2811618810
716571538108100608
1685042425
25637860
334637173
3906457993
834809228
279173142
4911185725
4663136836
2916528438
720344807768363008
721530834877050880
718511913538179072
1608873265
3371061198
4488226583
249528231
703699659664003072
704225878360854528
84495489
2954395960
577230913
709239092442226689
215839286
4418799972
3436322572
60784269
709419484067405824
27774534
707393169416015872
2888674648
707274070937755648
706691241132564481
2769303723
18229088
2708940174
822356971
3316299676
954025092
890142872
3665487024
1179607148
193581620
156470838
1699254204
3301903046
940604029
2566944782
617400291
1083521340
1015493492
947352690
2952202043
1177331575
54908953
955885106
189543993
988894142
160254063
1258065350
2698378724
932678251
3567274096
1007223643
228741187
954551928
36927743
1081011553
2447440160
622959088
988733304
3333667701
1008819373
1577511258
438880113
1080690590
2453710339
437079481
950253576
118088608
1013869268
262653435
162781886
83551940
325017094
951447798
3794808261
338069180
434912307
517628553
4841637347
484506094
2193117590
3280179134
26272384
3167710812
210457842
52337087
582687998
4744890257
568627126
31915116
2459122832
4550253203
68017976
69357096
275341202
2986631304
334635978
105295143
2920954313
366299864
68890992
1284086772
523828001
271150610
836043612
28165254
51978983
2431348789
3340353425
3022732354
35835540
194326242
32312924
56866109
454222251
3394856835
2753153629
4724200956
