4924436828
3188514218
2858428099
4877791395
86984834
3035391082
2294675222
715634932207329280
4559287213
589085775
2798064664
35203319
4621711513
3145481296
100077520
4856440865
1319043740
717875578821447680
4819658230
3090239843
1702329872
714503643672621056
3600307043
537267342
706293699249094656
706565796592353280
2421916806
323539486
702647959268118529
718532516488069120
2798705214
712680513983660032
709808789231276032
3732479608
4017091397
3058315022
4562124163
1008662359
3353600783
4455749352
2606543761
4758955009
298381225
4834099655
710395454413017088
3267007525
187981315
707351565871415296
709998291837165569
715946473863647232
701833436663832577
4722133910
3051709387
272693835
3464991378
3873272832
3312202434
452913218
452911739
155679568
4830566892
706551417528389632
240532330
706222356927090688
893667372
3271852338
2682694434
710019127142850560
709377687509475328
4876688469
4829019683
2409682410
19835414
494808572
4462967714
41334479
4355863035
4905484205
2855833854
3153185112
1377716438
619997686
708394686012985344
2903152781
3301308560
3993504635
4297230033
168694441
3274877018
3120154199
44143762
3223665740
3293278372
2814510731
712676309533589504
2821143737
707682741295431680
4813385012
2821172927
519719691
4670831010
3016205786
2395502934
196690451
3142721678
4855597094
707990893739921409
42107910
62086811
254793803
3306244137
1449745675
3876549974
1075845402
3826950734
704706222360932352
4517728295
18261927
2291313140
312723929
4776907544
4317405434
3377293153
2228725915
701291602925395968
4348066514
3115997584
4518848189
4861995733
4884791058
704828555566276609
4827596238
4597542073
3022614063
3193680241
1462366020
3320702046
70861036
3017344805
2908352279
4884911331
3129373504
473164377
468658002
296021789
4879925050
45349827
51948170
18541320
18057450
3214559794
21214146
2932341245
3367668797
28040798
4898444867
4876537006
765817320
2805829559
3007195278
910253126
593950726
3548685138
1279364324
