711692148459053057
718948354953199616
712826108689907712
2546183650
719211678689177601
1033554918
717049140568526848
716239995393204224
1453292240
870075180
712260941392519168
713450117743964160
714860674766151680
712418682287300608
713794258671693824
3096072586
709838320012898304
704836889065316352
701999943607693314
706189757550870529
704207337188253696
702329504442798080
2992770590
711315568830320640
381105969
4332672073
4706816601
3300472653
4501887553
218756001
4852285822
3855452474
2524228256
3296369189
706943004485898240
3213732118
3764569701
125198464
706017584341086208
345989929
370164425
4835449992
4132213583
944440838
327631203
292892293
2279291538
3151920396
4805917994
4821657981
2847912749
814610509
4846270535
4906287677
3156495738
2774822281
3301763627
4850305574
3315544898
4827445326
4001510818
2654934967
533391344
2194625575
4600989076
2722286087
3258208968
2910490765
1591179198
2746033860
2693446114
448139755
1880266098
4669144452
