2301547809
602849716
700880024753180672
4670619194
1437449748
4252883638
2407391169
2466512624
2288627362
3532369456
4832564165
2955100858
2952121264
2948387957
69419696
2211288620
715659671542108160
4650962213
3248168401
4424491827
2882562277
313153029
246160575
3249421333
306999378
3854038335
2244536305
3063080133
2882538664
205957912
1964668488
2324119496
4901866967
721733096282804224
2990668264
3163956101
1046657311
2850924628
719184500136275968
1032176191
702597909536235521
233205224
2525315491
2864841198
2432716782
4272775698
4029188353
4098592319
700651184009252864
714940615667089408
3258150347
2290617744
4627312642
2551149296
719328189277978624
3356788522
1413677126
3183587561
700626961337483265
2583515119
277808821
717386690936061952
4886893210
716329722695847937
2781674848
2272119690
200298671
2455300328
4328427799
2670674406
4805387243
825989060
787728006
708387568048594944
4855369961
715538061556326400
4568043973
3843712162
710209065817919490
625791254
3032536906
3353827341
478013552
257485530
2877828006
13344132
2576121329
3396814275
715022649097789441
705041395514523648
4923186265
714139249625415681
714130479385980928
2427236922
2402384311
4846826015
226416912
605744186
3234037178
2335864802
706349836690259968
2527345614
3234854338
3313638883
712696549806104580
25707702
3114538360
2724112256
3376197497
588746950
710849686748397569
711735449790881792
3302525824
3324029714
38019317
710856940516208641
4743636080
701991544761364480
3093299813
841576063
709162669371076608
3293043876
234825778
2637908390
1963996543
706687697117577216
2742292700
3306915443
4870973560
1967955732
4705373488
1864760299
3004228690
3215071159
383774245
4839255297
4094005938
4894372065
4710696847
4841700207
246497592
4888055734
4135250474
2794674044
4881000981
4893860957
2681157129
1159478906
4290282629
4621663215
281402123
2949816465
4808392334
4844926745
2539577030
232159318
3004681451
769044200
4740404897
4843386929
4263630097
2898940742
2666090391
4375209012
473285651
623584562
4828193439
