3547341136
276749860
3980587221
3320712379
989446776
725245719662190592
96655484
2749858280
4910801009
719293977732579328
318044919
4065725475
19173608
857001662
18345919
4344428602
46190093
3914611889
4692148656
43549767
191677608
2764770081
4230652702
4927986136
189730834
3392826359
603389803
715548600584048641
17327882
3903570210
3661168817
4182380774
533712415
710683615227736064
310548781
706196165306482688
3309169489
4100953924
63996778
713880240678772736
4289431230
4437444442
713643350587478016
2534195028
326441040
347627434
4877882572
702879461461659648
50072011
4729317440
2810088030
2911039074
3367987133
16672662
717839237828231168
2903166449
2431253425
2393063119
342894187
4154041574
2388657306
704070213143232512
720363759521259520
3151926042
