2284434864
3854038335
3023037872
712469738442588163
3986716288
719954123249070081
2864132027
3115539018
3309586129
715723371170963457
2725684293
3722997077
309441113
2949826912
3007053552
4840794808
3808814833
1428897199
2795602933
2941062891
2531900862
2768387121
1635926364
4906698563
710274569701969920
709482012667715584
4025444728
2803437928
2806409452
2547632407
704404620106268672
1325624172
704481396241231872
704177611937701888
3349210137
700743495988805632
3179599152
4838957332
701857827250421762
2434712708
4461391859
4472715875
3099391121
3998840841
1976935914
2902922434
4050511936
4835247287
2979433660
