3524715023
245459665
3074486599
723383633763962881
716722440064217089
3390168073
4672562995
721485064626769920
722730104036712448
721809196677787649
722181779524886528
3989904917
2432716782
3228496831
717603941458915328
3166266235
714197150024896512
714227342986452992
1246233361
2286161232
2765098306
255018655
1326603260
3149858083
2963970097
721832943790997507
334429383
2343342915
1708391976
2273568187
179907010
2683826243
4741730294
3245397274
2883265187
2593686391
3001814483
714479174048591872
2794674044
3012872456
4831334110
1641910032
3018599191
4272775698
4348284434
43458381
2546820252
710932190746398721
4410513280
2352543379
3293043876
4879047471
4847146199
2704265922
