259755896
250370254
709634197007118338
2898365739
2286232526
3096855143
1287228482
4462507457
405030111
2599711
3293287491
4883312903
3797468655
3881531532
1487292523
108694935
715457986567749632
4925297401
319507446
407890228
3450466932
415100683
544677015
212945548
41548875
1577448991
2241056599
4855123782
726398919706562560
4794814772
394922038
4878809499
710881534392143872
2612257107
4557557600
4853031167
726392149621755904
4263112228
721092869864439809
3066699570
623962496
4322309007
3064431807
720805352250458112
3501263729
724543886782242816
4613594080
3228847926
3900107714
134051026
711538928004833280
4202804967
723745268470939648
318708434
4861129152
478042067
46325306
2408007532
171584096
2850645856
715885571160322048
33453959
1149138769
304447902
4155967187
2685771836
859453628
186141167
721339434029948928
1952513618
4870549473
323417348
704649908574425088
723755087617617920
2272668984
2753366777
1374301663
41616330
4006929202
1923020767
3293018501
726349996103094272
718516835411501056
4249112716
1209700988
4872741813
425762686
726336546543161344
528953944
78036711
719832962502684672
3305135201
70185416
127318338
2529913934
2897269279
24145271
581155204
4892179605
3514005916
92744800
75629691
720989809825726465
3188297903
193192477
1940230142
1059437516
713945085860294661
2517314033
2961407530
722232332376260608
4859980615
236451334
3864549798
403179950
3418731432
214060555
70487986
4354692496
147629076
726007339518676992
2822935800
3072065448
15491402
313430398
3490641613
41606386
11975342
98802496
715215879861059584
3276828428
2400929954
334811020
725385638116102144
105904773
118760143
789874080
713014560806928384
4756200493
52411397
1105667305
722080472365289472
100906161
278347736
3907069099
4923143071
3004671961
1320290088
726261038266482688
283338763
726258141143375872
701640763835179008
726256157946449921
3957369837
3481114767
383897834
4470484406
42698710
1002962226
3717996915
587707565
4420417228
710889426981773313
2755743331
371882114
3430288594
3304929168
2366994494
726240926289514497
1847545393
2548444914
348922278
2853504511
2989704559
217584648
718090055378673666
2332403328
3588603985
457216457
17951162
220868100
3096673633
709568803768631296
726101500578004992
16894675
715054579407257602
1381907034
712247328
4541384729
726143457035751425
3875083576
158216259
32657186
707074073298219009
35100150
2472417960
725880009278238720
15957883
3286254547
726204751432409088
7293902
1560239239
503302629
3170404735
288236398
4815045658
2789654453
27273038
2926114222
716422713158406144
4800470837
4543
28538686
4643409994
720070493563260928
1102729938
92677347
725742836554043393
4758929957
279822546
708501370563743744
713395672578453506
1305511478
3142005903
1548064298
716412406247723009
3414041674
700436702758830080
3368979304
158738165
721291975484391424
720726558499950592
1046284093
353946662
3430469626
2459256320
374207264
721346585443966976
217137224
1649448463
4901332163
327325912
714574401497276416
702096917883301889
2605742271
16682634
232755042
496579777
181202781
546048480
1075424839
4197443554
1689934370
2449245282
39523023
3210649529
2888228216
2287650898
376141508
29804393
1278431185
4127708714
3044821576
1494785112
392348078
212968729
707034723588173824
321761601
2354808344
3697047923
725553721434890241
3549359595
953485266
710253070639370240
2322881160
121458243
901529467
723839515606003712
22899454
725782206816215040
243861961
1053473754
543629945
904377877
3019312621
369848788
796435297
1281629197
95734848
711423869341474817
385386074
3735344652
3076526260
1647829777
2849173895
2846049605
178942970
4824955929
1460305290
78492828
3516836061
4602479547
1639032048
2802422138
4416816321
3361785731
2163873925
1641203659
2411765178
4202341774
2400650659
1641613686
3431705535
4894211626
1641608760
244449979
706868478200963072
1957397833
1656818732
2339911314
249512775
2163245534
41087891
4693911960
37061435
1645310154
2745029185
2934648683
1339220773
135448003
50476919
2259269010
722082940788871168
713048863536521216
90842371
4784043255
3067674939
217679095
369287991
733465778
704676564416352256
4345801514
21834417
402951382
504295954
18019550
210674676
4203903074
726083679760580609
726106363248549889
4173796072
2754690794
294724117
2936911414
2935615095
4644332721
3333385971
258011241
334230678
726122045088653313
315344289
41770095
3711486981
20186775
1415059848
567532959
4083967458
3285936529
705678045294649345
3145295054
716011572775096320
712109385372311557
4803703939
719120690830516224
21460781
833562578
4415889994
2163004784
723529784257441795
725030792078987264
25648338
501422080
3361831547
4854623127
491370791
4794506714
3384489796
2746704632
366602377
54647578
20461771
725974730382036992
703255833057083392
710385812463095809
87121008
705430314915643394
714551310440382464
119455811
715239593017282562
719345300435968000
2330498887
3078503942
722396660043804672
4776259153
402405382
722955599672053763
484896948
4863635021
3288043914
234433837
720241426861195265
85073733
382026861
721565782308552704
719922453640687617
469078897
2234103691
189592040
170573775
167337016
2489134530
490304484
57344810
330389013
3313129001
755759244
722869281256513538
3101125221
704569989915783168
4853418053
2891862319
2804746381
51373776
88637177
383946694
2482953096
3307224646
381507747
29842176
709478334737031169
2808539815
719342147686768641
496199060
2357936387
119731445
3428146276
4924444641
714298216070533120
3897639448
1139745470
44754859
213374080
1209833246
709739143216177153
2846394066
2837067987
4711037623
22111947
1638789637
2537461038
1419818905
4541595894
514822853
2291861312
3276938102
42620490
4112923941
4832478815
1112490762
330417524
4865894951
709133227672244224
1898975209
129345131
3234675096
32753381
9162612
720248998888480769
720673604527005696
14509027
719654352156291072
2992924342
76683232
2381829302
3138441854
22069326
3072438930
216770314
4753462282
2350543310
133009341
2978837366
4277309061
722691321778061312
918204260
4172758709
1641207050
725940240301465600
857779814
243844683
1380717222
4047579071
17578562
1034333126
722453102545084416
3258626503
259740947
2164345308
704559464419033088
714558710996189185
2989026403
1605346351
253448640
3338829779
3131690944
700693306687098880
1654430616
2927917807
2329423627
4846585814
2485615801
594551310
1642512542
4340040153
19255678
145457665
2547395134
4628701035
2503143680
1620744577
21191316
146330562
4273830143
2848385361
3347869907
1640870882
895615100
1646925534
3165159815
204463250
2485242290
4838177354
4194326488
3115962244
2988876414
1954026054
2881237713
2486048538
2485064516
4557608126
722498143414190080
806664703
4850394285
3429861987
281493272
4732999894
2485274377
1640306754
3446109393
58230935
722767288382984193
729426145
2162431285
1646017717
1636766539
721450477171384320
1159420045
709817363810508800
718958599142248448
719027304383389697
2485109131
91071784
3189387185
717826554433310724
237614828
134212295
1225416175
719961731926065153
719244449574952960
2484949351
719232192442941441
719499459390910464
4687663364
3126409376
271297248
3194532834
1462331131
164241950
98175464
701747541663211520
721189986003849216
701440665075363840
2426489478
143679364
2778675109
726070809522003969
715910132442337280
92912108
712287143893164032
712136552877395968
2388698742
711185290736566272
4528845015
716969767576408064
69989764
2878419366
2331906600
4815761279
31152637
184176671
2481820578
2843706246
3131246673
907771878
227466236
714910496894353409
4922588011
3670493293
35259329
2844657150
2794971812
56670280
3242722098
390625575
3256969704
3306404439
720793513839841280
4521270515
781944169
52815643
4429104057
430991083
721314958412279808
4837865744
2855305618
718004400480870400
166305988
1413703586
2746376401
3605703196
17815235
1639947007
4924120633
16638183
120313528
702599692824096770
4092684319
2478737322
717228138258767872
704910600942522368
4218185234
2920396426
705064826100289536
953812212
702938243101270016
4706097335
31492093
718430514949001218
2999282903
30984720
712467617613631488
331844774
112443458
132860203
717657556055756800
726059177450172416
3808761676
4822327457
409699025
388837776
2773462349
2204738892
3435099731
39750629
722400584406548480
1316586410
702337094614700032
715673917113798656
4872037449
4919564534
3783258287
223321655
2495018490
4458625516
25505249
40674379
89255557
33604508
609184721
3073198465
4743043457
825848624
721941411105349633
632971625
4082541492
726051746728923136
358358634
129891106
1092313058
718141893834641409
833305057
20508748
202306605
264412754
4113855980
15767794
708433431995109377
1520225094
46736107
916008001
149208919
2338705128
589204747
704745517423706116
3439498846
164671116
878338316
2857838005
4407911734
1412906598
4789894874
3934942708
4247578032
702873819648815104
2350381778
4386078677
2402482292
712654044762935297
724881383341068288
345391746
4060369696
2572721521
244778489
3259480634
84697957
3314879206
630721259
3161580734
707068241835720704
303850279
725859699845820418
184421206
3388263215
74612913
110758703
515384716
291501968
711174216876302337
1337122987
1548888944
3011891913
2826874662
1037081929
705529976859312128
703820625459023873
4737857632
2231148324
707539716237860864
72224421
1359404652
16032440
63607185
18082400
713453552069394432
701039359567462401
4703135072
15793612
62531845
3407305153
4902195327
723834371707441153
705340297664983040
711285169257390080
2902238811
2319131151
494272033
4175744195
116555255
1025039761
4830780046
367732972
719262068898140160
2668463641
294017588
702148777071652864
1685792952
131093461
722100107701669888
92643643
2381357058
172711746
73133471
38188077
3246604600
1649468131
130271913
2965130145
542750169
89373111
4657867833
174480476
300242761
3167479712
14616262
973790882
1914361777
50904482
188234353
4233403402
57175329
3501040813
54549474
4829979209
4142541778
423398760
698978175439675392
11768142
404308222
56304983
719452096341360640
265988961
232923448
942936476
22775302
141530427
725264058392449024
725169204328943616
1394820816
98331779
70004697
230602994
132632062
3233855621
709058900742545408
706154504941600768
168996912
3131594873
35597957
36921794
4621035254
701609023846674432
24049142
1900554169
997499114
1864235214
908947669
959172672
710257317011263488
712408858405281792
720684337860100096
2455774471
20593022
717129046564274176
596621758
263234033
709759016885334016
1938633642
2898090384
4821691383
4910837295
3673820192
711895778806079489
2201884770
725977127397560320
753401773
520724599
579829663
3233282205
725930164148805632
2691933060
725963669226459136
4891295464
723154220027797504
45720570
3026484969
421399727
1550159936
174298642
3801242593
2363695319
318892157
714124810826227713
2425371191
28853480
3964883894
2317948407
192878570
720923372033548288
2853222575
553902421
725924316903141376
4896075362
706565796592353280
368469727
721316682237476864
4362877092
2787273018
56567361
720445577104859136
316100817
1375473776
716105592864112640
718965320
4433183242
398291814
39198062
2722474581
20437612
534029289
701145203382558721
33152226
4760849448
558013354
4679147419
2693720394
1230634746
710493770995859459
725888374683357184
65797587
1400884250
45838508
151353659
4748922689
2959279089
1228755925
537354161
3281115164
4295255416
717252383915421696
2613514543
708755674365366272
1485029462
263339138
4019391384
411093735
18383788
4902349197
713048338615177217
725868460761206785
3433536552
26928616
4362742349
709787228344549376
499962953
17722324
717203322625781760
3096064017
3284286367
80901127
3104101423
1362175843
2292081475
18124257
366628506
719515388338434049
1167686366
725812944177483776
3031948666
714151992440918016
14828860
725612020301623296
719911939732828160
404092464
1649428046
31512493
4919345716
173646509
236928181
719022350876938241
725841531525976067
4592107582
712819576271147008
4092817997
17026541
131670146
4838109561
722988706542542848
710543538405048320
3930677772
3364123193
1684111376
41264290
719669105415036928
711264250358947841
712588283914616832
259526566
712039438
3010912735
2731053576
711284709888823296
482076560
569829185
2998734644
4836383526
2470890362
144203627
233578423
4468537752
703689176399650817
3314366787
52222747
410329619
701391549020696577
854394428
712032178004234240
159028409
332510940
715181947891224576
3302847104
135869803
720480733937188865
4844983688
87159911
725412807982850048
3269520709
606258357
245721530
701201903397552128
1255549302
4336729576
579191982
725793242306863104
708561027474915329
1112225545
3917145972
760645476
4645289234
3828731534
4176333562
725788843421650944
43317141
725372737502494720
725788976766808064
2180589306
140647409
414437289
709305140239474688
711587756766584833
2355582680
4500800653
112501265
4850750056
3983606775
428525085
3155088416
724984633373417472
720065218416541696
1090149266
718507775177850880
1363237476
719452604355506176
725776578072989696
3282656086
3318519375
26425773
181135104
2884984293
3392103333
719807237137543168
2889328290
196276320
305085363
3165785819
345594251
37844996
725746842240188416
509729528
713312506408775680
2170230354
705789623818194944
3236729844
2982664029
332298363
3983296214
712014227985330176
725686363341901824
1309777142
711964072053354496
17298801
222735770
4888704673
24752175
1093527846
1073900420
305642654
61068514
714520281604161540
214554240
2425122095
1131834690
546612116
720340256852152320
3652464737
3450881052
27461641
725140433295314944
53410694
572404837
710883413675417600
86148886
128572833
724954552982736896
19929191
872536842
2227141910
705785202606526464
1411671079
725650661929443328
2893323974
123680301
31527350
1010024202
563569591
4917893435
718165350785884161
267263383
4164931349
3629298198
725248229093289985
2945003165
315419108
4787739514
86984834
719856165455327234
3295429846
2802225973
3392961136
2272114843
166395432
253704252
704485994687537152
39044905
348718629
4871205251
2437870849
3241807245
702169696548876290
4715421115
3196652439
3299738350
725729953426317312
1965182778
725698920274378752
2484842083
1656313362
1655750575
2485804136
1654813590
3164803032
2485867603
2485453334
1437673321
3140752163
341968339
2485480339
2486002836
705692475931947010
1654614006
707641956160167936
2485934941
1946732460
1654358472
2485189478
715399733049581569
1656879673
2485012759
1669360086
1655798072
2486015190
1654528824
2485444922
2485210765
2486014003
2848353874
725381884239351809
1656745860
4194434369
2486097026
1595103332
2485735998
1655044014
4611061572
1494011682
2485957080
1656597115
1957671104
48760008
1657013400
2162164964
1959911580
2484975481
3278801084
1654945220
1656971461
1656227826
2485844444
106798457
2485532995
2485007408
1281665388
714203293493256192
2486122195
1657539548
2281824956
2485605769
2485148816
16811514
707580629815136257
1657418502
1654672830
2485256341
2485715659
2400195242
3375746783
1877742416
4091754705
3030819729
4209463665
1621358882
723520915640700929
1371208777
818327000
714814869338517504
4736816088
3699054868
15119466
230733716
288952097
3036781483
4415838794
4831997699
719379910708441088
21387913
386424166
3210925330
720157352259883008
32392469
3431694874
710508902681591808
715139637690372096
731958884
3223121497
2354383891
1392733291
722550163483398144
2173759075
716931852657930240
377825859
4831012240
213226793
4704798228
3239213945
278784472
701489341248442368
3579899121
4414661175
2348507741
2454423884
714585719042347008
3098451926
4853868802
30244420
4148729302
271496662
3003750312
985134259
102475283
4037226132
722436531416268801
724977671763955712
722176043172413440
4064185572
29535974
356988701
42590645
4845735779
3346296219
712298200502247424
713730137661911041
2861547223
3998108536
2742612512
996252240
420467578
104255455
389044383
107721149
2561088013
713492469816631296
882043980
2790680646
1482596784
455962417
259986713
224970594
16870188
2254127166
2789358761
712331521860874240
2904980270
2905026229
156047178
715232629260435456
387691850
4048285993
713803667405737984
3190321874
243058567
4202519314
715419294
4749768714
721289020353941504
3589659319
43549780
389450711
3402410153
717547901552033792
4830282013
3240422433
712910203956625409
2847637379
700576410050686976
4644393926
47288041
701076715259371520
1185063156
4924230725
409776830
2876979172
4419873792
4923842223
712364206058708992
711169812777410561
860851094
718841160760856578
4833717732
725629236950786048
3344639663
4273230453
89605695
4202762073
4845706379
1205681568
114940782
700694632858984448
47482247
722176903650635776
3331806640
2949092501
19502915
368281164
3719163987
179938442
712251321701769216
2981706947
255676070
21371560
4028268658
2510039568
2886731092
725624180524339200
371760752
3385841643
2849075205
2281821860
2606597648
3012739684
4890149411
237428428
3252401012
378123630
2874618689
1603802869
3093524955
2769854077
101653029
4795655667
284037412
4088967261
711875491389644800
712692067403743234
516959663
724523969433468928
342104733
718331542485999616
2980743633
28535640
20512933
4493149343
228481217
322942456
48605049
4222359252
222742691
3053760969
2846627030
333323567
455908680
715346691893932032
4504221017
4927462109
563516324
2613556940
4111821443
1183648724
235082252
4859148683
4264114101
201645236
280317126
3342516125
1934487265
3315064746
223722336
712228274257207297
714030496750170112
707730595321749505
711408219910836224
231902177
188758618
1535318946
720248440140115968
486424228
3336363494
193669618
244476226
712542588427968512
2971282894
707670192436944897
3136133931
2304177918
1371373826
4512506353
625082009
2356504662
24510022
4265462272
71356136
99192637
2173977949
4825076565
216072390
725586663976669184
719490356711178241
2362000452
4361435729
1529160920
720519105095278592
248607611
4788783715
2411185741
711907680948981763
537148767
38161014
4524183989
518143238
91615500
709761384863698944
4765438522
4327711942
3317042040
4618486752
4692562476
703550303455592448
719557394007764992
169093751
237312210
3438034515
17790825
198550811
47697930
2280479539
710043653209600000
2470377457
712564191891177472
710261073002287104
542545048
500959959
427604961
364522570
3227236707
712370088247205888
3234302413
2575444508
258114740
704924510307356672
14432326
3107958019
2842586849
269851775
4898274659
36421556
104832112
3412368615
16835110
3625547893
4361996293
719890309514162176
74097676
720122074459697152
710752813534584832
4727670792
4726012674
802431902
3434438597
220904658
2611362002
2731886714
3151169706
3909556154
320685694
2631811132
2614054680
2977591018
107543813
702818321222086658
4905949230
701902423896547329
704755685813145600
16149583
59511486
3937876103
2868607734
708002094075289602
3556223489
349350075
4827794835
717174266614136832
4085734101
2362035078
1086544268
2439612895
722101863462658049
710296658597289984
711292162550292480
3281107645
716866067633602561
40334375
2859511636
1342875480
2926683308
716303908642164736
1895365405
2888159061
720358370851495937
720551287406788608
105972933
3404360103
274488349
65132788
92593495
4113417072
92627160
719630143736700928
4405442173
2884122426
4874509012
719696637975773184
1243899144
407822086
360728156
3128713735
19702108
144978267
1532736722
111627269
248983595
3374794984
269287801
268999603
1531960099
2826079598
3185166988
3626037015
3735330079
431268135
56386440
631621969
724867262411329536
93553769
3183938191
725502552804986880
1335299995
722050256985141248
4833694761
28818311
714867135827185664
122790178
3024841710
93930956
3353600783
3142244469
4914002952
3944493019
1848855144
4655101044
3041726260
181256187
714847980994560000
30159962
4549647093
787895718
109079263
185306191
3449019133
3318321251
2950690050
4517803994
25637860
3282847472
3307166729
703754237721894912
381899469
37910123
45043902
49183515
293727884
709337159468236800
1237216788
3190414052
712309159069245441
33753234
4867577110
3363506643
4427042028
3926659875
22456856
2408512798
725474034318626816
700432664201994240
117150189
246162059
4491146413
284211976
132285630
182019022
1635379812
4114971620
89079523
153133513
4242117139
346428654
25248650
104376710
709476477813846016
18754577
702982304486940672
590465367
4262316137
4824335661
358862374
725421398907199488
106029292
968490752
1680081229
2973180423
18229440
721578389904052224
2152354868
708678022551896065
26737909
402380974
2717697042
722091484464422913
2923215937
2569923450
125237706
2310827805
3980401094
704869245188833280
4912288214
409045735
2573584249
358123677
4127951894
1491011773
283724814
455531480
43413387
115496132
2841782969
4582559127
2890383019
1880797898
4692375139
705617386506833920
2400356203
22842116
147601558
4798372463
539578578
725439613335117824
469875633
1262125692
1154400073
4782566354
90495375
4899425847
1613749770
30013223
705964149965242368
4855963475
4441855660
2196898529
288241772
2794983501
4771256659
95645834
710643058140975104
3649015538
87521072
18150776
711308980803469312
714274112214990848
2309563386
2156689915
715319959082106880
704336977630470144
708392684927492096
1932308443
706821739431530496
3855267501
79753565
706577760924217344
29949903
105218049
3371486872
2894254429
719530439745138689
586120343
573869105
3564923246
411042563
717777258367332353
718459114112716801
2864684254
3032731945
705982936034639872
282091570
163719245
14892194
713377444334477313
4765719518
236445969
705524075590979586
3828193154
2590369928
4310351499
719657078684590080
623130685
548445619
3404080701
11364382
721754039260581888
1712832542
702467226109140993
3181225672
4129671975
2915028990
725420956034813952
4869958776
725408125365395456
14387540
4238023185
579124643
120250620
18025411
4816222414
4751181026
4449681279
322644053
4261603151
43053328
57118970
21625531
3282074839
2361894102
2199048437
707716017305202688
330506059
34326968
707645594026811392
3293465635
453388254
4018511507
718059580790587392
195401031
2740844858
67366770
722013068771909632
467768796
718430947515965445
1603983204
2543685060
2491539474
4831149495
2329246381
183575642
707099789142466560
22229892
317048490
710198394694709248
1499742002
4784712738
133920583
3045276304
4884905232
500854327
272022999
2227107708
2667889421
280810679
3650852060
192838856
706261587108225025
707069564912177153
364508439
714170452122447872
3099155453
2864795604
4489999038
703305370329026562
15618311
361163979
700737392085307392
82837159
710790855850921984
709906402869960704
21875685
3025207277
718180069852758017
25818467
12084832
92927620
4703622917
705013058251399168
704793464936996864
4263390739
284852112
3409624156
236153587
724926129547649024
798717696
368451606
551039544
3842898514
695992968814161924
1484857464
61363822
709062651264045056
3346622944
30148390
15473072
2982155422
699450604943355905
1374978456
3239570592
1199216318
629285862
3129853731
431000969
94642884
32547971
711017791395069952
3981357826
2850618023
720518711141122048
112788608
700571832156626944
3393348447
1065960740
4077429923
4820009829
217732843
362697768
714457842833571840
2981751436
152296867
20219703
4745423176
4286045493
156849527
56604251
3305628523
3876833952
700569780927901696
3344106671
119218970
704614657278001152
858748950
717268423302971392
1638746815
95690457
710998322337730560
1332399434
1004227897
286649628
3274470960
2723245393
115364387
135863001
37851261
416430618
4771681707
4906134280
758959488
26279711
705235515046391808
625128596
120704146
14464949
310471829
596173074
48741025
709501245539663872
2822925790
707642889598271488
722752034517024768
207964541
4459294692
14548322
714820824683773952
707679399349460993
715540513252896769
2163065282
4847089505
1735983588
725365964666195969
3091752071
435202773
4831597349
396938893
283388945
708364120110866433
789553675
168280344
415249836
722573445318385664
720150322627219457
701628552362373121
2920432793
725393914534858752
711928237706715137
956005932
2235082016
113635719
3041388371
4572991823
62253684
540446586
759943675
717354666334375936
124483663
2752974584
408251333
133956240
716855087415500800
58690829
716016618451574785
1255501724
696216621426184192
2307849745
2446471803
711737913973809154
791548656
4765685256
4252983433
714145696870481922
714880150278696960
2789462344
119451676
46094715
4343644041
85108045
717786915605454849
3623375362
26124551
3273006859
254805014
2951484612
2256609231
69339781
1199421842
293425336
2837454619
2730908234
362777257
715156889831620609
1466064625
1639839121
3482277677
186711685
4335196996
25507426
1554474486
267279176
74030742
157879192
707628418255425536
398260558
4695589812
46207045
3112457818
237425542
490070031
3306186389
703232419902701569
385340378
304914312
2213875044
710842259202244609
713367626773188609
91130777
701876905444827136
276761116
4881536302
2365073292
2918937398
703607429724921856
3075786252
4797815379
2709826490
310382248
3222168513
704269917164539904
263325209
33861434
4698595279
741428138
714911531998191616
135945689
73940331
22993074
333887866
398482225
712642582107402240
232688964
132432317
460649603
15826992
551331151
2875382650
16780915
309564607
87871329
570881086
518049891
3329927519
3460953922
713463901090816000
718136309
709991147620450304
4064055257
2961540475
4154129655
722642228850638849
1944941052
24682948
4217967795
94696885
3433608047
2754784742
3364086905
706333684429787136
3397761880
4897522475
358650192
207273339
121488336
2301880272
2546730408
4505085509
54993981
784503378
83799594
2717552925
480198637
33582124
717827130051207168
77562257
1576908512
833127541
707004510686855169
407518004
725372886458994689
714424529229983744
708910692884025344
4885115110
3250830996
701256629191225344
4817047649
42052057
4872482519
227520171
307088026
4818026188
713434755338006532
712229593638285312
710534422273990656
877636064
725371145843789829
278154192
2849358211
2736346481
36183949
3644441835
1031095848
3959155041
45966109
714395530558894081
718464835109941249
2160698670
615640195
397302651
4007824212
179226943
4353419176
4870006159
4861347605
2928547687
235856851
712307378008367104
4808857140
2166278608
988200781
709800318461083648
701984651456417792
423392561
22794400
14587342
2194465001
3503081894
724424963768246273
3392221401
3012848910
2798260296
4926160313
2787369313
4876305812
365163495
159217998
702573884281737216
416451882
709038714773581824
195627246
168774020
725362159421657088
713060200970850305
910789586
4674179953
874302624
151185111
329737924
4864858267
1950361752
704718462791380992
363316879
724817855154364416
103232048
3598842675
246296560
3189232926
706292842130337792
3250676574
457271243
2759754730
2670194599
544620233
709512669665988608
83026823
27742158
215402450
78964270
1250369275
1857489775
607307816
276617247
1173032407
375267501
378976662
388216811
702569348116946945
3239294055
2591907856
3554848088
362124317
243928657
3079054703
27359786
2794719021
2240229482
712394802826842112
4573561763
701366791273058304
442338308
3712181057
2389324542
46241546
3045046471
1721404975
575472526
108491037
4362541359
1643039119
718856560873578496
3040065163
707297991900721152
2910614547
4157589375
1107425138
725355086663266304
817408219
724085122165678081
1430464225
710161017796317189
721419624495996928
1664674226
3131600769
3330697759
4749222013
78490451
2427866606
4794973051
725044905433796609
797682438
478152163
589889162
706936471236685825
47933704
1011817304
236592922
4879232315
2359985694
3409265859
543737381
725351645257842688
711373800567345153
4543192584
214143942
2458517298
68394313
725350582731464704
4851962261
2860210808
4707616255
4779445657
61156416
720017769006284801
710768836375515137
717048079011155970
707930537588031488
4407860907
46980828
3420604127
707927688133136385
610283581
4840775969
4755585501
1485170922
715187181023694848
4818610809
715615118839652353
712883993881001984
151025863
3244795357
17813513
3537360077
389546299
800747286
542031172
361842408
419834758
4201414342
3247122818
350933069
486754415
4488928153
2312700807
1613253001
3331154663
3317027388
713416826647027713
4860257462
263333582
698858800443482112
4913024014
188957987
3061760808
2540867113
3864655935
4451588297
1523482370
397743702
355405635
2911654264
707281835953364993
3972342313
4865918825
709894526744154112
64361152
252244111
713520261278994432
3304649191
708787638275219456
406995175
205753872
725281909731897344
4891052769
718445451477983233
79622539
355729240
716739649717334016
712443078
724870102777249793
208036131
2665561719
2329545158
356195131
2259520904
725039290342842373
4712483863
310941823
1650460111
2910921294
4873144219
2540765341
308139707
720330624112967680
701898338069778434
4858477771
2864500894
125212472
2775521571
702988787396317188
3380708783
718402640045043712
4061572091
712362524902031360
4040070748
2281346645
708830884300873730
706820310507642880
893210953
351332764
171320615
138374436
2220585778
77916713
473932386
524653577
834510445
289359259
700679052261101568
4926392551
2801853545
422174417
426297929
3639321920
3723545779
3147997160
4391553195
3539251095
4895078393
2768720450
4908298927
3368203595
721095120972591104
289101720
3077101178
3378286143
462534055
707962369708789760
3995924009
2814531867
3105959403
425280134
330123155
438505233
4764993322
35262838
4357140732
1246900292
87369246
352098017
4220017792
93821207
252109191
3011687826
3399290219
2521048307
459788452
705487243826204672
703104120291348486
3936952820
2803315645
707234658677751808
15983645
35349150
3811929737
577591320
4291616902
4736157891
3018375669
725295132027834368
3278747317
278752162
720570663447183360
561026420
315195963
440618279
2997672727
44058239
95352533
718054390200926212
3808286236
27286526
320492369
4879229939
88258735
143758520
706923353723052032
228027762
1003137378
3014121849
175224879
4459491433
118884963
123516746
4099832728
2595606786
3045655968
725323173076545536
1562382607
2858194009
214579203
1249899666
567504115
167696539
4704175634
3192316226
719526315385339905
62239007
404935498
4277570913
34771933
723231179277799426
713277059653640192
39616795
1062329730
939654139
66699078
702388802162188289
3089098047
2329665757
14474411
715178202772037633
136342202
4858326352
4779194798
4176932059
4482118752
3214687576
4210227321
2283154664
4122746500
356104963
704662549724270593
247511146
305279847
4621639228
2942953374
2802495046
42531302
978788286
2322908197
6833282
36118431
1397582418
68324853
16198700
2834741189
141738869
717647612812328960
54171601
3026543031
184772875
3274962164
4497043907
709504986753867776
704421080266620929
20965656
713531403044925440
2608095264
102871632
2534123366
23017535
27314662
4858465269
336064106
717346950375452674
4695591049
981064292
2838128637
3072041138
2224109629
19112028
1476246048
58217313
725312215608365056
3219051497
3314966697
707274692218982400
722390822872817664
713899768183803904
1586733960
1213448971
55005829
227315663
113084080
39050282
878202954
586746416
197122895
95913263
704663853301374976
186187423
45036574
224631471
4147233077
1665654158
3006024764
4504529789
1011640428
102399780
712958736135032832
715800852154462210
1931993227
4178474772
700796878854619136
725029307681267712
4619358875
4709117915
4849553048
33816554
291355177
461396401
4582277237
3246327878
2471685017
1655801736
725299931062358017
695210256775798785
81954993
720865356416331777
719658828086816768
705031337602895873
711860245400834048
44859671
3881093721
2308644288
3263803956
2899788842
4288607597
2485652520
327228146
711532507838021632
711908501891584000
877605066
19024699
718261716505751556
3233622708
19387431
856449241
185969639
719119410758348800
4742883050
707460077310058497
3389144547
712266828639301633
4077332060
716913687924187136
3952297336
37047476
3984464105
166257463
725272212194910212
722688476609691648
717288501608366080
720193034487525376
3058887017
722256798569226240
3328329381
2887699755
712586497568980993
2785640112
1713967668
4044528808
4779445134
53798098
293370111
3208825245
407728345
499589490
2584692230
20505572
4105751183
725260649052282880
1231284961
414867371
710595198334664704
2734394397
719135443078422529
4727913578
2848638080
725244759061704704
3189168217
3208110326
60104276
707510093571563520
704280323329228800
309145039
71532915
252777601
3303819613
545963365
2545479313
1840413150
3590010274
3042243094
2315563400
703179778145169409
191964204
3837720982
725224153494638592
1538147222
2674034814
467432172
445365294
3403675187
3401184693
1266960348
323880614
3040559269
159935374
2791400408
174075423
701630737091469314
4513918037
281579304
2212836034
3167457153
132379447
1529335789
3104105149
533490079
5175311
701003675364417536
2536079276
1471621494
326111183
709691800253022208
228574398
323967982
115616695
718326983659286528
3096925254
278403769
582244937
229065987
285331600
193257377
702183139
4750344752
2560906577
776494429
2287778892
4505003474
714038409543557121
725028909096570880
28441732
814659386
4326093995
721126119848681473
4924777448
724662947272876032
105044868
710687037968375808
2810945027
708197649845891072
725174243978317824
4318304181
4919926412
34532584
468027188
53207656
3395792045
725172230188060672
111948274
4905762655
1948515632
274187608
723433202556112896
3665734576
2826926023
2909650291
4660332801
4262327833
64062858
226059559
3876120740
85363846
2794728541
709731148692213761
702349861039935488
45753292
725017274206326785
712765907953709057
77483198
68869753
3160033044
4778055657
4891402478
58273354
2780565408
1069895449
4907162899
373087282
2506142058
3281795844
2420670336
2923718618
4822769637
705280593718878208
720156895231741952
2962567940
3259221486
720535635581382656
125411644
4834349363
617214266
3395693368
14347707
364106649
2894714113
4275942252
23412513
4905398645
708326301514354688
16391767
702475474296041474
719725612701757441
4525472303
3422083636
47422957
2925226761
720671623553159169
3208108822
705420109804744705
3344984086
721239014121082880
77660577
1506978152
713484161865089024
2758943644
2909429064
720179009422823424
1898265546
235747925
3573092000
65331277
8135452
349172989
509045173
499593567
14577396
4741917313
719906519047741440
3092264663
2398910814
873555066
4635506489
561852866
41947736
3453074414
124638456
701714131464884224
718930796736679936
3186427230
4871041559
703750882815557632
462776280
3947811437
122871630
4820305937
47435515
4574778319
714623257543122945
4715095104
712133787912577024
2813901944
389584570
37998233
593666348
725102542821019652
3271355298
3223276734
6062602
1286722818
429464552
4779850231
4359203053
708762662314840064
725067130861817856
719367115711451136
485996838
2290628803
45012582
717767298174431232
707344422829076480
2254461787
3040551138
3600075852
296002767
2395138899
2578457970
4528205679
708473312268038144
3337691189
4534161674
145474547
4701333385
2508801446
750220904
4318603574
709652826537005056
2542463678
3101484140
2465436362
4322865679
696951597222461440
4892922279
64758496
2932496937
89328675
1965284569
4129880593
3807700703
717156370404020224
4736959088
20407737
4560748342
719523797208936448
707603807945883648
704746190567546880
2816215537
72431896
2669013342
20694142
4202358083
701878703895121920
1933510014
713195880539553792
4872533818
3360036876
2266550502
993518034
3296400065
2429044274
4158237405
84188929
31214848
3178446500
2740271820
725074234414796800
3993782776
22611793
703635275398909953
127565366
404221756
1398706105
2833977934
720340798697447425
295848610
709762813254828032
443657054
1899417144
1015029619
2631970169
3904410202
714008725741314048
3814841013
2325836917
582529900
715499472898375684
4899563116
224605645
710858816334602240
3873209779
707311057375772672
1111066099
21516977
2899627101
3323647299
725061383541370881
278616812
3318001665
2781623115
898469185
2697756943
22487484
3436230252
40144473
61436331
4029368714
3468650536
707927431194267649
556231383
163856861
244661644
3683290036
4562454393
117467411
4328101221
4860482352
3262689650
3241967725
3154293748
4824130092
4158623068
20291037
3330258226
59565822
511465310
932858256
708909741444079617
706579625275695109
27686136
106804042
34356297
2826514782
3760613001
55825138
257233729
711971284658364416
3041027728
392789624
712161068571873280
2812338377
716639456086728704
4292065340
4642794433
44283311
4908390158
2295852730
2910936725
16527791
894863538
716996963129040896
70800413
2405367643
3500561958
723132403795927040
151000885
1004355900
551399305
476608314
714433082250698752
3123125810
171125421
100763026
146814559
23527505
334628535
2861118995
3046400827
4631191097
394382282
4915022819
4149309799
715293339898273796
4833353211
4015121296
717692458658881536
3551046674
115488644
4257515711
4344935058
714504017481711618
712396516254552064
720967200975269888
708382845606170625
710264900363231232
471462891
4204386159
79828278
610713094
3109224554
712251078084055040
101023723
874076467
1464971456
3113748814
225355234
4339510281
1333273896
775130144
35730120
4783841936
3253761326
122641345
4124978061
188417844
2942707754
709810229026955270
1645968337
4008249196
3405574925
46288576
239672340
2560038014
602016801
4888637604
4600538063
163810926
3179554881
184742984
725025492282314754
21768429
720612138801356801
708388052704448512
832012724
3316169211
2567188366
14250268
711925140829966337
4824346641
3730862236
1358306532
2517030957
3976434329
545471967
4887208919
21408161
2766801921
4906083997
167402501
706618129749663744
422863836
4856478069
3296674377
197383976
3315362855
718246841146597376
3367472241
522150871
2749464833
1344355574
3267444500
226114231
2360710370
706472520833212416
58940317
21881766
710527062465847296
581266756
4772463552
706379086814449664
709358278644469760
22076893
711856730880155649
211132546
4915533927
4211056174
3025887668
4167023025
308376446
931489776
21152056
4467257776
714412064350027781
146059525
362758715
710213515173351426
3390974385
3461581282
1654882519
16266029
2565916618
138959641
84191687
302038437
21835886
37380183
721846664542203905
712464962677899264
100800565
2920750849
303230692
710655792530198530
2365082950
707280262581735424
720594596397465600
719372041166532608
710142344406945796
115890285
201531380
720313771751796736
4902072904
432374283
4431175528
41072123
340526959
20413986
4016505747
967636982
715624085938528256
255574600
3346719730
2485813980
172102111
71290395
3037691051
3406510514
719567973355294720
2425628768
3266889673
2598880208
27703769
2884717439
2190206321
798176227
705447190727098368
721569621308887040
82292014
715145215594651649
721418068556189696
437284909
832767360
701069136420409344
3700483634
3492609620
3383029541
2387036796
192252846
81902831
711086913357099011
4927820441
704215427
2445658218
706924226184417280
2806257166
705398482731933699
2485610959
720992136649437185
50374048
342194776
724879250814291968
698028772289703938
4164171315
298602588
4304458936
712081358827294721
593561297
25559533
26966566
261996587
714494437481693184
155612113
1320746534
278488081
701000965
1422762486
1654384105
711965111599017984
44399362
477762236
139918664
260628878
2158215737
117003797
122978216
1674649356
106665417
3304921488
1656513560
489554558
36540228
1871784512
719200315527020546
2484975944
84946207
23959701
3308010693
702311080542900225
167725549
4125095962
2485724251
716950757996630016
334151145
3197387880
700320445
705884220623708160
66630130
253064439
3111902685
535782434
2485058131
714512134055600130
30271475
443904414
350810245
25850022
477448489
3879180982
716006137582235649
505000932
701779473184612352
2738789891
436289728
176395540
14725607
1236155778
121643043
35652854
14753367
3063383608
715240561385406464
39370252
716317394151411712
4781579497
703330220133187584
815454144
4837922163
20986334
94807708
19737576
970365151
2908501246
90240013
714094892151128070
9678692
716765110610427904
388255062
707287017537798150
140021549
2788685082
25434732
3306867382
631067964
3241705728
1557663038
2726402508
121093450
3036337623
2611743367
705875436811657216
707343644404142080
321734618
469337470
718178560268230656
4152645797
724306328320118784
14282378
2715058428
4580522008
271506886
719288054893006848
39057002
3232550924
4906489732
715370875323883520
1619917472
704309740386586625
4899274282
2858225143
21313252
20351634
2776981632
120901038
717954315231494144
415003896
132278290
296527466
4828371243
1325123942
1438894244
31233834
383156472
221415181
713804178921955328
46419639
476205914
721691997744934913
80022023
3299330747
272216174
717582462830911488
718239356083904513
4861512539
3189882765
3341833487
614783489
3021711790
705546980118888449
554388703
245893504
705118296614551552
2542115118
17274731
3946672935
3602631856
17219333
386489232
2731542125
2557093171
715626438809034752
156979347
4362361036
31566892
2458281191
4257903965
4849565386
396139772
605610641
3222277658
14667549
260526724
4897679393
1908882582
100464956
2216619703
701035790873153536
4257900215
2393254075
712551811467591680
2318977970
3200194683
4678058142
716289900593569792
225014353
705468757590691841
4872011843
126394652
3979995863
2510238285
2485193156
3360038523
2340845844
4336002557
4886030657
4766919108
17144792
3185696394
701951194432937984
3073820341
711435394492010496
3253391738
221143114
2200340863
159548142
874314037
2967425871
4861282571
708814032455729152
22934806
14323207
1513434746
364026068
478154032
4424429717
80672990
1526216995
350817404
2780616815
75186504
4724912474
718865753064284163
97076879
4590777137
4779136753
878075305
715309021138329601
35702477
3422252362
2301308676
4847864111
2805938132
3120964760
2539036838
117623078
3119013802
4291992852
704884041531711488
70486027
45134589
4737752897
350459051
4499792357
711995475948380162
1092740712
4891191469
391914989
405719012
3728410873
4882152435
724962266467176449
2615061454
2837999912
739006940
724761032971923456
3019811659
707212748225122306
3520660395
55197230
248510384
1404261446
41927792
30602040
708152165525692417
3305945245
170396885
2424875588
47622514
317018584
3110854743
58065169
724959029655646208
308810029
35126535
3882827663
53987115
4885188373
3312173237
602039655
294684053
4423067662
3289527843
3320743762
2274271405
724639199031230466
37911834
2312551957
1931372551
111641151
282126062
258579086
719730058739478530
2385062904
3270530442
1956732865
4924129900
2577062304
2465277138
708268505888591873
3183202014
4897721621
4637858424
703411922335432704
2384230790
4389678496
702168873869545472
384354308
48663310
1473383857
2837478683
2674031779
3322947506
4491874108
39567462
457606210
119987998
717090047208521729
724947472343306240
65834432
53153754
712251674656645122
56061546
2827547370
3383852933
4768926558
4157161048
700835570088599552
2264495468
2335563566
20250295
2357795082
2972170833
3365157269
717681693415645185
3021101322
2986501968
724940423836385282
4556228952
280692830
2770385862
353784025
48966967
3403115212
72811089
718174147
4891302156
76666280
4241831261
154501995
93762339
2365180338
228106883
106718147
3477210315
901830548
3317894157
2615555816
887563736
462881716
49883584
3083773153
406923325
86980973
4925149654
4913626523
719459057678094336
3184661738
724920016848691200
471117606
724911904787976193
997720832
3170936774
706540493807734785
99201197
160599963
2979563907
385830016
713679414052188160
96779709
724906228464422914
2717498841
527358438
229648442
4818436894
58211685
470229942
714876269045878784
122456118
709338054352175104
732669421
3255840382
724609760142733312
724291727608188928
1541303822
2907224021
3254653190
3131561907
3948183315
145681587
4276653257
18087978
718443895160442881
699585028255305729
78887266
2921438308
702080520172261376
1412812573
383423545
1407691201
712401837211656192
4555858042
702500682411196416
724870651769720833
721905250328842245
701402065906438144
3277742100
451540022
523663871
544530640
3557055678
719017788875022336
430090127
35916003
4514713523
712955831780659200
534203438
851451962
2652269497
2955737977
1408225147
2358393888
277885510
3157080446
2740603905
208589075
4597302797
3141371114
1012624945
325203533
4613973372
710726485745786880
377265586
3010444394
202419873
128909238
2867790896
128828920
4306439301
4845795853
18485022
710101838654263296
710355511107911680
720974102031310848
713387886121357312
2744161302
138415853
779800748
2982363265
4041735513
720922746436210688
110589306
1958811572
230658126
2330357748
824713183
312776763
392596704
3279278040
805862324
2257477355
4226919975
3375392915
137786365
710434399574220800
3268263026
4585994027
279238078
292112878
3287999672
724809661917089793
880505094
2800614563
4882161316
2909822484
283939533
281825798
19680009
3018331781
3252873205
3377940305
202549903
114123862
4695307520
130207985
44802676
710955912639307776
2496806467
63562959
4739863195
4211254191
48911858
712879729926283264
15328569
724795713943654401
720659583920766976
2269338943
4837301362
4676553552
4861958147
490733101
420418805
2541884220
719059021160787968
742072531
712979186953035776
467939815
1319966786
220305639
318875752
2379868518
1475837016
705484935705042944
4857502845
14801602
720504372329897985
710963976629133312
2432405889
1244405413
3164880535
724378975632560130
325936672
704018399580581889
3843599593
713369459012939776
3247172676
41590194
3221893021
3223797228
218287045
73362584
395626703
49600384
3924749662
705587221147942912
378757541
1678700540
417934137
3201143057
711751279819685888
256866719
2935475304
2383397084
3263531642
701543350860701696
723006465116512257
3178903195
4849531425
712136710541418496
704076537147039744
2916008492
4883677460
62916480
4862712320
3143029832
14734043
2582379741
4874661393
2876111038
1360277144
704641996367990784
521727102
3172298598
2985237623
2800673760
220254186
717797749454974976
3423012243
1128304752
20875534
356642681
710019195673681921
1016761154
4303638194
723625274932232192
1129306764
4869920433
3412476946
712675168078921728
858964134
482190515
1579318328
2755411342
2606054684
19878468
2971080282
2923172318
2894506072
3273973574
3962891778
4913868087
396985625
3396280570
716713982472687616
47277874
716345442825605120
717541758473736192
4827572533
711315697394065408
710922290859347968
365333764
44626577
2510903131
4747872982
2175197528
2895243364
2333201677
47060120
3069088547
4218525315
3288048840
2279657496
715588091168337920
724710694126518276
159325509
3873780493
715514374220177408
1404715974
706722233402527744
713216226080661504
323215147
522665304
4295349612
709610683260755968
242830453
146192016
116968698
719261469481779200
31270805
701394312513380354
1899298434
2550325104
721325474715201536
47142662
4925647605
4824886393
716683462741073920
21327200
2437576909
340226912
4856079313
718597888150929409
722400435215187972
356001375
718407721800761345
4900509748
38893748
54138752
2462531774
169475820
724706727778746369
479915001
714307614960721924
76399787
708088857909141505
260315771
848521819
724705453855379456
708630574936760320
1109756508
2240643168
716670789655797760
4024132233
574284967
711996009468006401
217294731
3034703519
2282706721
704853400802955264
484968510
4821342099
25635369
2461218698
3153163290
2980985413
714955981969498112
3295432070
257722106
23681248
198057200
100823608
2414733385
3282752316
4810168694
3022701869
389744727
758055444
711200804359839744
147060213
708498755629101056
4780331673
2439080450
4274208677
1678730568
2451566672
4006262900
405801432
2895018209
235990722
701879835547795456
721210928050647041
1899863832
2327935410
3674527214
3328220404
3856877895
3298724636
715328247005884416
4874653169
709461798911647744
1965457854
55717947
631443423
2855565261
50154968
3991468512
721328627049242624
708656294605926405
702537382424420353
259726901
3632492369
715360543960215552
3304494310
123660926
3240397048
376973347
90822233
438410743
1098393793
3377987176
19162028
3246389984
3296128299
97445096
2485764823
4729914557
711626985626152961
2404785602
305415802
27010212
1854528950
2871357311
4200083780
570348808
408678226
2486062567
89566009
3332798673
4793991377
130712773
713250077901369344
526656673
4004249326
239060622
15597997
2871709035
16070147
3158181554
18396090
4172174487
3012898754
28662898
137654023
538349906
212048538
2892098534
262271449
457054444
859115521
2484960116
718872826615234561
887422513
712059828164759553
370975479
158854665
3300423923
1191655190
805806739
4729497985
480806748
711497384904298496
3361439163
703335858406092800
1093242720
248300454
4824336441
3107563942
719205795284533248
1064335621
50957610
157353690
3390901643
716992722675113984
1137917737
2240285426
247325767
3302876790
3588826095
4628184160
229693212
2373671887
4796355568
2561579615
3501864983
189030574
1585156040
3353790814
722228334235684865
18518492
14227616
1271198666
710377596148699136
102070235
2596104955
720355640959451142
3589685059
220604692
219757549
4194795192
700890240743972864
500540468
4860895572
348212327
718901625595801601
36363015
2515789664
405004304
118061177
29314553
51441749
450884885
721451307110965249
528538448
1491893024
326494013
815348096
2649056604
3170851138
830283252
3353509204
513955930
410112575
3346819463
711251008022773760
64013768
3128243188
236759882
416694309
631355079
376667192
4697430427
3238413427
4595050885
707976077507960833
74872792
26646324
704005354443706368
296019064
499981056
720881231584317440
102754127
4844428623
719681292795822080
3249579299
711219080766869504
14673994
81561432
16580485
711609203622866945
2598169269
89015431
341761689
57258279
1043904199
1452964520
3096888325
173517249
697250446650421248
21344656
3377046808
710751063020797952
1667952342
3524523195
21830246
4718434189
2516791893
135607706
476289967
195914665
619456208
3938670195
4793583766
712033562531401728
3092018599
703552136689233920
282770248
4634727352
710574605375815680
1616437879
311393435
3357415727
271383969
285569321
1436615984
2547286864
1104839978
94303323
19568978
724654745479073792
1340836458
1027191788
1012162958
210961677
2966678640
1938240282
4001257361
2941575774
3376601242
227361686
620267245
112974216
2652550042
3980735590
2649481496
703688194106200064
2831106742
3053011402
711239170002460672
4861808147
724651530842943488
257857433
2857266612
190417424
1055667962
4903130878
714342707775148033
3392182090
177896663
3386626541
3750202408
407872712
714259748976242688
503452498
715720885647327232
716096486409244672
722464323113603072
4903539638
1931662568
2300213490
4699020182
239820851
708021158206152708
60083094
535591522
330564019
3388529536
714424185670524928
2485807688
719527907668963328
366308799
1113513810
229420256
706618310130081792
3318679117
714654485763588096
3527330057
713694802332807170
458629694
4859083952
2312256006
1667807330
4697528359
4772918542
2666527975
220459887
716146018316853249
369231158
3566750374
714350409326813184
3562224792
718819555460689922
2485752774
3977156473
553428503
16436464
37306848
1526251190
2416571196
4444808714
2692713836
3486862158
2242332804
703378589316575232
204910765
15718552
758829793
450303504
1594113216
2565954846
695532105120534528
732014191
1478806212
379187261
161870606
378761003
3403137132
1585010323
706665518044999681
547894522
2497095835
719197574423453696
2648205988
722826745854894080
2212863895
705159713034518529
41167358
702832078841376770
2955633059
3018852798
4892122089
396994303
710576421467348992
713217358572072961
714779176994078721
708479773513613312
391437534
162069176
329980861
1475446100
4695917658
1286716136
713092169225998338
718004836894162946
2541785664
3749009541
3305431980
221384131
894882836
702058570293112833
2187481862
1049026567
4328114235
704991754106376193
718648514
51268291
1020652454
3298413973
3239404093
25962858
716012884199911424
4244079869
14194117
3319881750
545776218
4741315249
713400030124609538
304000717
422683236
710142561743216641
98845303
572918793
20175973
3874623514
24201041
710076303370756098
697553404743262209
719654392203452416
712737952187559936
103212620
712796328779186181
83587685
2362071392
704629992903319552
718385744063176705
232632679
494289324
710629446940827653
2846132616
944257524
2154544176
846736998
136595296
2946653293
4800048022
3289266050
716779081468018691
381196703
168645663
133309420
2958673432
237347234
2205735871
4924289499
1066727210
1365959132
1061222316
715360324665417732
3439225185
697968025102893056
229901806
460294856
2566414476
1628428922
65734178
4923920121
1531321807
1154688066
205917335
91216782
712355429813243905
4774277174
448261581
288315875
18644141
51613328
2592936468
708123352393715712
82345528
3219292006
931697838
367782855
2328253986
1851617713
723920920247672832
2717331828
958676983
3359216759
433675700
724602089226297344
2984884671
724600854309822465
4462260434
1032353888
2290460844
724597315055439872
720701548347527170
2329855650
1626791509
1945235378
46416452
190773968
265750831
3493806143
712994163973865472
272575388
4658032392
2997824767
716094743474610176
1452287522
2163424886
724574556862746624
716463162090913794
927719113
265843380
722026056656502784
23267780
715633992058474496
1923960932
306953875
4872303825
2507360656
714514690102194176
25552369
21470364
4861620452
1495259773
704865262080794624
200997981
3247591645
3120027192
65733169
64653416
446391113
409944605
3395864985
571212190
708250332090867712
220967107
30933645
192912919
2292710250
548923855
2245517908
3875482696
4697347902
925103738
707259445538070528
4248511697
2882368639
277573283
715136899552120832
4869375527
174322313
2895852664
3228732156
1078660224
722321123723980800
889894567
2864261500
179938337
4874361748
2989530925
297974295
4851210292
4607904500
558629950
109213262
291049229
1571334782
722149400844308480
294157475
80264626
2599573861
718073518823501825
724556524312358912
720870432400740352
718453184390422528
72313149
724545177210085376
3341094800
4812333337
993627828
451204694
2714321725
2867560402
1887835500
4085748699
2521775832
4529096981
1158578420
711904845863776256
1415926088
607929006
2874116176
2759472108
144270471
280064487
4015339997
724221633569927168
620116966
4367511799
166915719
294526577
852927266
90074958
4865115556
724456317037879297
12865852
145439148
2423799696
1517543514
2617064257
1954733683
173787544
14595023
20121224
3082350394
724102086011420672
1437623743
98484157
3073514763
3385252949
1620991922
724420073167806464
24750533
2742918205
1101657913
701472107452977152
2844587025
2882262358
123028418
4108761681
313752737
724391053294329858
201529558
934638397
1086256794
3984379335
724383712985645056
2857525239
2853774403
178078626
279490726
220637071
276079304
724367382521761794
703045003673624578
393072228
724293421012111360
956713350
851569728
3807948681
4083654254
1688336947
383932172
1155086022
701110529985613824
724329855416823809
724338139569917952
1924443685
61029950
109957418
3410096680
715619964
1711782732
61676745
1034429484
4361454377
117237113
1488626298
1034566003
724313069837541376
2947505062
3392777170
493217467
2919964742
3960031935
724304429751635968
1467332090
4699849501
1959579373
706221097214029825
35231141
3140992741
724288679276105729
4659620364
724262291428888576
2593519286
720544864010694658
252649611
27514464
142714135
723207070070136833
3233692438
4764513531
706019443898523648
286396050
2864750405
721698949028016128
447767886
4606021636
173233917
13695552
724260880981086208
724261833893380097
397054302
2904896338
3097753204
2474156593
724252757071302658
1381204422
3864397401
2931522070
288704249
571451822
155544837
85108987
187548829
3759566959
1180214389
156656563
723186023933468673
4156647980
3016084064
45199546
716610916402352128
3044374881
353118551
106840094
92653124
2766273694
3312544251
723876661104676864
2292704594
3545498476
3812213243
724208950338568192
721706587493040128
2217898980
724205044665442308
48332693
27001270
724201537082372096
724200620672978946
724201210832625665
475719119
510726882
323990166
1552671744
2153584470
446111686
35797450
724109763471130624
127741558
51701160
219596608
2846550961
3555150012
2883680257
32924594
2990599016
4714354092
333025592
700936924987531265
2849435484
714784365616701441
3417702795
219767980
3086271657
724126669175320576
3779220502
114929853
2968495024
597626296
1579061258
4197859934
45267962
723946929458176000
3145368849
722144026514845696
712117668145438720
722362134777184256
101079359
3102707594
18270746
3358954654
442770116
247796089
1499235540
2764395993
136400927
16534999
2724557755
1597705926
724052516879634436
18086969
710406014969860097
2293490420
720943511
588492837
3906206118
724024404628267008
4405432109
724013990217555968
722334510
723633897439932417
26451265
718753569298636800
4679179494
533183478
3483319821
3607205419
428184393
320837926
2935332306
723969318590025728
231901941
16723753
723917001069060096
713510205682806784
3182377859
2697497948
717943639280779264
723958951272951808
355321783
34847815
585460536
4103420293
2842576301
723735042854367232
723951401517215746
212325834
113153419
3284804275
325566315
834227785
2264164353
4691105558
912206564
2382593634
355617704
3297670856
2303995897
507344211
2724461082
3912115042
4846632640
1651833200
3237212086
54465102
2713165951
3253817966
235041107
878380615
15830958
4135506447
723903543762124800
2545669736
1632954090
325438282
722447974387884032
24536509
3307546183
1301272398
4888870947
3129127529
3848042422
383958863
116531313
99831673
123888453
723879621259718658
722352634674319361
476410624
153082210
15445210
619089511
723870744095027200
4490089335
363217484
723868829747535877
1950318895
110766514
713785401459089410
415632554
78370468
2941431352
723412075851091968
716565763536998400
719414166902087680
723701858255015937
723839109228163072
4163138956
549640094
183515850
717597420566261761
598219258
522460550
3167018546
723458090016886785
24719097
722347474204114944
2228282107
296512358
3685287196
3274378188
723784674640797696
1038275263
3229809541
4904700556
723762050976079875
713638116830146560
2808513524
715853624971300864
4880312559
184200709
721125365796716544
723741106727432192
106046907
723568068786577408
3236560526
135249926
723732851766775809
1630235258
130518208
1932550770
185935751
4699835598
4386777793
26879392
13266432
3315343410
1540083235
288911020
722245345074221056
702757846207881216
26320449
716723534240690176
2498104198
2310363583
723678183137005570
723133710032314368
2984789793
86628663
65351428
1877678910
2227712677
3362017169
3342355138
3271305494
745232629
3534865096
714550306479153157
2849902557
723549420818714624
3240628226
621251441
721395121594322944
723097824892727296
915446162
4861327468
403475026
3067212997
723606601354100737
3099955862
553117283
1535897682
713718847996608514
136252190
723594116236496896
716939611230973952
700848997498355712
2696436991
4693563032
22580172
4320053495
789187878
2835776717
3315445576
4838939897
26384108
3394548785
4228837953
58483272
222256882
3356953409
3384600731
720405885739212800
720855865436217347
721423768720142336
21385533
272479766
1247438594
3676800256
25670427
2794045402
723393963277717504
21083086
2873445992
15011714
33000450
2515605194
533196191
4811039022
2859992382
3436682578
723518850214580224
372793650
18719836
3311038876
3252795775
426566157
2977717991
2197646854
184509973
238574668
22113592
532881432
836741478
189331867
4255025187
3300380246
723498411933224960
526576768
80327811
2375024005
723490601451315200
718404929287753728
720162010311340032
723478977378013186
2516628168
723274187608084480
3408069881
4654701333
721866637738020865
2499079764
712190079138193409
29959495
723453688946159616
719301799543500800
2988049900
717019877047803904
2819726613
517392967
2180415110
233467399
2200414033
725765400
723435217965346817
722890921763733504
2834265477
248868797
2785042244
112500591
2468191135
66381765
723179615485710336
2432121037
241075744
723394984439746561
3805553472
1459191978
4136701152
3250153812
2668511677
15171172
3492448033
49338455
105353007
2516931654
717068475580043266
266273675
123800030
2340978469
105944180
1295549954
3309624807
27504804
723354091137601537
2575478876
870372120
723338248458637312
4200068472
3037368641
4706448853
710516476122255360
312672062
721914220569313281
722076515601682432
4690278642
2508717109
3221608985
4634655019
723308864330825730
1480305458
27025390
51295795
720274670658801670
330973576
1192977198
1000478378
2931866833
149202025
614739631
4291409675
4847688753
720949228269355008
18632877
719846860052152320
1408079623
19978538
723261002624708608
3303207779
2343959479
715292345604907008
3293339763
723249577126559744
22921532
723244061532905472
723180199702048768
723238938886979584
722842421093101568
2665113895
721391662388289536
723221474656555008
41221449
69309549
593910388
723133796673949697
30342670
34242066
138489664
107148161
3474791892
271073176
510362316
51202856
190936968
129054934
723185545904459778
26858752
54305973
718482796067627008
65659903
18082945
102162383
2362123591
723170357838913536
721803295665184768
101214575
85657838
15020436
18517702
13394632
2271873992
21712198
44408409
18541730
825039042
2329330501
2616078570
21341063
3032930980
39213259
250721073
414659222
3417340721
2818727014
2351779988
714330746496876544
26040812
17268454
84217658
1876695571
986397114
719453675060621312
4643820383
4264477275
192552004
3358970998
59643307
44695720
1707839131
87661005
860879906
362991846
4438599328
4717104749
712667717757698048
723085506309816320
702436554363502592
56993925
161398513
723075310313308160
2438345795
723073702171025409
