83696994
3210722171
160850438
724078666301485056
4414728135
46303458
701885769988841472
3051725225
313199716
3201888929
4728759886
2434163319
4715345421
1423997096
712772376870522880
708071590768947200
417451460
35354684
465459450
3327420822
3451267953
107912421
1631970223
24895587
2796723891
725094755097522177
4091754705
104297073
3879759869
425881490
719194511847591936
1956356430
20830344
54990667
2234809560
14410652
135577188
710548247111208960
3319501608
2242085304
4492866016
2382939889
1125937411
720480488817836032
707007159905755137
24255681
2620948461
725359369928335362
4092471166
724486026668990464
3428818389
2281531585
2369242651
1074293473
2484942198
14134009
2792034505
2674293457
4479812413
17032867
723514180565905412
45790520
2734367325
4010973641
597697138
4824496516
3464457380
720811727256973313
2315717222
176946754
181759046
352462668
3553228812
1072992504
721548887920496640
36685954
37153105
2698376641
1400943320
4850744244
192392840
2486053459
11108762
515764230
706934751140126721
18993272
3056001609
41417613
3191699199
1485202639
1689955292
4897514267
3898315708
1367974088
1909232906
15045673
30872002
4004610382
2231942370
17078060
721133296273502208
3166867476
3023037872
710723351090626560
4581974897
713487484525670400
722537932981211136
4512850707
2375609028
202228055
4909002009
43196336
2387393474
93083596
3912021554
1199563304
715273665823293442
3434421484
703455407327440897
4524980836
2988785197
231901941
3145178862
722406634505510916
547511938
3297895955
46537726
4921365480
3017853049
4243102039
70156027
167621823
234996840
2214755390
158667834
1857985849
74610516
25539759
2959950035
366517094
3957039263
459997690
4813736892
199909211
40279063
703028343751450624
192538987
4848127139
16275044
1222960530
108593067
2692125771
525636026
2891261245
711293647053004801
40997125
1607318150
2996321914
501010881
2194923408
718118238614237184
46315077
82781637
721339836406317058
256203095
21588316
4906853915
128712272
2914194020
2800260499
3224850985
705460486146371584
167956442
4047931276
30877353
16542382
720243777491709952
2354196326
272963548
347976255
714557332550606848
50836292
1396422624
596569548
3360648226
4928347811
708265425998618625
532603860
2800275421
35216399
2361826866
4564665231
1146349951
2911285238
174618314
3034782866
18345919
135344025
855911462
3221794099
25974930
1075589358
3697635196
2541152706
733517750
885733974
561654065
4785454030
266234941
706148599604731905
20944649
941943944
1376536760
4415280438
233933230
1360321357
4867512352
19702108
273400168
400524509
3303330952
628742620
630669007
1284732630
4844983089
718009645273522176
110863694
2490568460
4056983819
4853820677
41957116
1432673634
334302856
702580211884273665
2589212653
54052856
715783841382838273
714727895567114241
53210455
26271469
717709608484278273
3312489389
446228264
542550562
2346790179
2583747290
2582977111
1735797367
3535288876
717045686471143424
1191786468
4922884573
155201220
1041912878
153888278
436795156
97383592
709715191127281665
4610883619
2245087139
3094732790
3025858443
138463658
580128900
21577728
3624462563
2479805844
710333459315564544
25375688
3303078113
15367370
2922205746
2845207617
3932314393
156849921
2893095517
4592514447
41496735
207646972
55935057
339539939
2434549171
3795292154
713600861184794625
112331224
3372584393
39524149
1347818630
18246021
4616004919
443848889
2338130646
16440035
18211217
26896921
712296382321676288
529439093
583112820
192749697
714221649952813056
4818664846
8332592
544686866
495454597
2833087549
3383955313
4004486194
4591936452
3315520855
2647845984
3272316974
3074918210
1829303797
19008189
841857038
2588109960
3998221213
3553085713
4718579906
523290383
3228094632
2860720757
708168986043678720
2532253980
75706482
17380151
562577357
3249458081
48593286
4786420650
14742479
538360789
14395912
1004075138
176314157
2957849818
473285651
357668606
393551041
374755520
77128292
1702896516
3377787424
4173751343
2291464934
704523480755249152
1953830600
4409192353
712171899724414976
50851085
99141967
4911586479
389768752
2828705712
38976390
2911039074
709655215352328192
617076212
4649106135
21436506
137630483
3314152728
3291439363
42834939
68476851
539626435
710780548814389248
35238047
2417097516
2965841800
337950848
3665746092
3311375141
130258595
2148299336
1145797952
705471772011974656
3654430214
2178293725
2824227881
3366053537
3947301113
1687964760
3661168817
3063906639
241738155
100285837
902685973
28500437
532482483
896972016
584041305
391103500
709085397586939906
626687605
2252839610
2216736289
416729595
4746473109
798849650
3905715985
1154209735
27455517
1000369441
1525105776
1569528030
3250425398
27473343
257119380
115945502
100108352
2574956743
2813495660
2785859682
100567301
3294572733
439085084
3004905346
4027594573
218257109
570281457
1074134694
20110886
1473804164
942868836
4272870988
444522871
1273410253
32921812
707044723240742912
2533653547
2312494016
921292178
2279536274
2954839276
275231929
2559925034
704149961856970752
2409511567
224591625
2248166209
3485534236
2288526260
24935003
4925746636
3233984155
3028642107
861281180
1433427858
19173608
277334813
1258009003
20633903
704739720455032832
2651716056
28039035
25194569
2499047413
33585235
441542218
69421956
273116986
455051657
3899435764
2255620342
3158469199
2389712107
2615067116
1284797300
2320127936
805725044
2514384050
4710663541
1947843480
4927934483
3188618684
1034767358
4813914716
465290310
2939887556
438009484
1514829096
2564640128
2712941675
3187830859
621559397
2259012509
4195320252
703154628041412608
4668331400
165951929
207799137
26900055
19569136
160376514
2998317053
3232157147
4152949041
3115816309
14828860
115681686
293294124
86177206
1160445668
6742412
4859440275
15932151
841903070
3069589914
1114768922
15745657
902596597
199238478
2306662920
100638300
3427200023
134179360
224356287
413673858
1110662156
2989323842
2856142558
61004571
857619919
85484909
3351571273
3188480306
2595275948
4496549793
85107516
1135344264
702948603531235328
524176313
4254201020
3206662271
34280404
2252069544
503585510
86584390
467394861
2848815176
1117210608
3101613139
380824789
21426342
518744362
443670861
62452257
3187320511
3423881170
3845485522
2882768341
258025056
3796452077
2527828914
438039367
42165528
3314758074
323713315
4856026475
29985071
4178673436
2450500926
2670349022
373367371
2396424968
28830480
2576661460
792660210
4855097572
157920406
4757624958
358440442
2994528556
2926113122
2288737831
38244366
1958082043
4828311314
409703516
18042278
4890589880
2177421912
344108179
2803724323
3240385912
701045046351699970
4861856479
3240272615
4551720146
199836331
114270196
60174428
111138017
4378607056
4378290196
67175124
15240952
113050169
297457814
2609165725
4476656114
4918685888
45660758
63627909
173413459
133984183
81189900
338448758
2825186511
242618658
208568172
1860281588
821785831
1972212750
3426366957
3240325433
3240287871
61608747
564344577
2724557755
19276719
4873167561
14955583
3565863797
531351424
3023863007
4754835088
4493486173
766966770
4828469940
3091342635
4214995037
999453985
4893217551
592174038
4511789549
109297816
121387213
217579025
216558300
379962842
33420694
357964229
407990089
84982979
2600432376
281892256
3257412572
313682467
1044211926
115492035
4041904698
2165745602
326359918
2395996238
2424289652
3072167853
4902477995
3418141156
336603208
495312625
93986815
2998632626
3043999643
459789426
224266909
2834644547
571269621
2447681461
495129608
2617334676
1201661545
18746811
163242091
419470357
4893351489
2422012555
33014441
2908646959
1591687903
3279241621
88830663
4195626015
4875896757
3872848049
107480709
113511446
65499991
3399019600
2466170298
2466137910
348083461
2802280964
3219784978
4809178566
3000098276
283350568
18782063
410717872
4717892303
4877028999
1188435716
2560164125
572147667
513561704
4909208494
568151409
415880787
465901733
1118058950
436109726
4505747452
4730271432
73525609
4883806773
3077388101
2464711513
3565669993
47184751
4824067024
2171232373
4566527141
4248523065
21642891
73424051
4866557111
18248716
2941619457
250994481
1073115355
3660585492
2986338775
14829708
903377622
2263666711
4005375497
635622629
345989929
135709610
2540699294
528140390
545377339
136402916
4875961163
384330450
4084626327
21283508
20709117
531226626
909448512
3418353868
441126263
59511805
398599602
2895094386
220979645
750037646
16052515
16703058
16585101
3901296617
98744163
2708101094
580492949
845996948
4686170306
3010900808
67052442
1689378834
2632757957
2228839956
3298168610
1275525446
2973322269
872434830
2770784507
4344059326
1658092255
21091805
3470996714
16394643
3225704708
2401234760
3194428526
2434108123
190589983
177291959
506869937
2983054407
394478412
4869444615
3092625141
1372786812
4833172059
134295584
2411694794
1343585112
1184202672
24198166
2694576948
2585061890
18760461
50094643
1415594922
1219144500
1216651544
504966681
81774795
196871565
28006508
154900260
95687734
1020857448
158060289
2391736202
4851508667
1093284751
29879755
625780336
2670390968
1933042237
2287887180
1727661715
381033115
2518356194
191575386
1370971824
562372370
176336596
754737276
2928451870
2905867079
551345941
17905432
2866089008
129191836
2168933815
694671152627609600
19102612
52796785
2801232112
1424605753
720528240
826537184
4787502506
389448651
3938052027
436803573
492833134
4817373982
216798672
2916017550
30492475
4187388423
30719558
833963088
170025854
7314672
3105514152
1516626181
28247096
3144725996
3504423856
125471278
18906599
49031595
154988632
26652733
33521599
1049681827
2440499917
164322849
25169797
93637779
10207502
2848609293
221190916
22173790
2560983060
4809306722
250922773
158286198
4828613175
554335063
823112684
2280996480
2847737745
944440838
2842023901
856586640
58966831
37707292
24305174
2217623719
3267321966
1958773633
143157367
439884475
2827148094
339832905
93949532
393838061
94607882
15700729
1345822466
2744119923
23330730
588722733
1669492729
182679029
33079769
1949781798
2472722514
465219967
2207780696
2523232337
3872855777
4740290704
370128703
1065869268
22289044
264268489
286233279
3154125441
2590422858
18953266
292590965
755784840
4757687428
471517907
2459199644
4732328901
236487888
4852560899
3421474983
1910627910
1251598134
30359711
40325728
111832673
529022626
1128075277
245194552
38514688
1392171823
792608634
3185488506
972909709
3097169659
539357972
20677839
2647371253
571212190
4843676938
250034113
915771092
4745057794
4764896281
48602825
395721162
904039464
2329200196
4299954755
415552102
2803774200
3534236001
2865488616
4793062468
202510181
3017752532
1493267851
4789686983
604261155
111388892
216408616
1358290958
95126536
3300796727
472643827
386065794
316444368
60784269
951008132
2439800723
356199275
3022849609
3360817660
74760597
611350965
2435903672
1379288282
1421960875
431071870
4691916871
109192303
1343178872
409062401
3313002820
3415673069
4816859537
143169070
2316246829
60317232
2574001358
342894187
4127443547
450008984
2414893824
4720817601
575747486
2393063119
19220761
4745397493
892162063
438829747
4746074508
347627434
4822594882
4188822493
577337789
208083510
109441206
284291118
2546110146
2975602937
3184471478
352539661
967466442
829735580
1118682751
2581758266
3273749714
105295143
3679891156
4331410463
3179662599
35632685
4765616508
239760871
2370870121
582681311
48485615
4605285867
2867005220
700113544
4805402596
