1740526963
1942267262
3854038335
3023037872
4063458539
3430361668
1574798796
3396403665
2220434528
2885152162
116189816
2823409456
2887060655
2888270386
1337514504
2465991937
2490318795
466034808
2323049950
2219518320
2189340474
2148230330
1977441637
1574687239
88559972
1609677468
1455831134
1525175149
1411629312
1371332977
1210642706
628838204
924105247
382904635
826244870
254354911
551158759
436996822
285120978
796649972
112820507
792481508
107993225
355192294
466794998
421426825
132632584
631349153
198492924
377717832
284384922
161205936
811265402
809892998
605021679
702327457
781499863
624889616
724907275
628716715
152110819
633531162
298530455
197446154
212742713
743999870
702265357
479693998
600696268
567475012
593889404
584972764
571866503
570365484
547823406
520785471
360110948
465309755
461283119
288891515
179324654
420739746
316506124
108148288
397381884
334163048
276726432
371340806
255214750
375622054
20539413
312253943
305383001
333888508
334175322
330626676
322913709
325008683
257706318
287737316
219551254
302773289
315244969
295703734
290349748
304479507
202250461
292626891
145068521
269088934
253163714
232739167
251823600
214540676
85402199
176137077
252125086
268028415
245411095
255844690
250701317
252336159
240127138
242098491
232657101
124623317
200297684
127898466
128442473
128051106
127948780
198726178
213073817
74622205
143893916
153214170
181174248
184562266
52252338
163270156
127308063
150640415
75110900
65069408
85350022
74607142
33619179
113363980
92678809
77108822
98898272
96794138
93149547
64496889
42160664
88903060
88455961
59269983
87326506
18966649
41621029
81294116
44387758
68764930
50989104
75200651
53661875
7015142
41623606
65181702
52016542
68554263
14998803
27631949
69598144
67067851
45048171
68337997
68335987
68336342
43791022
43337371
63756119
57333935
15780476
52469277
45908384
52641419
49167147
15123323
15023197
49561554
22009267
14937939
35173368
46680899
39567365
45915264
43987770
14636963
