108320844
1493267851
821785831
2878701780
29251012
3392941000
580857186
724580845588230144
336145241
2989323842
621400341
893856362
211068552
2593580167
526985477
3398030380
717359740259422208
3292588877
275276082
307039086
4691189473
1244608176
4678257476
710113002087796737
30500021
3951491722
49372625
192538987
4100932397
3435940588
701761304386793472
4735284493
40966769
3163202456
2287887180
342894187
714202855666794496
373367371
27958450
595617610
847804376
1029560786
4812435194
16710420
2496032305
723307674331418624
2659696782
1299803965
191677608
3405505149
66540938
204132287
733326702
720920250401890305
4774914322
344018281
4624500980
713415305679278081
398886217
27671624
94607882
716913662649311233
604486877
722150230070722560
51738464
387661638
4102376488
2383812842
37725032
711393889731657732
2534195028
714903361242460160
1072992504
208083510
3233194597
2353677134
705187763482726401
387265077
73119923
318044919
3185488506
83312898
347627434
712392667510870017
347234638
260057252
74610516
719974159183286272
34367582
165145111
1537114890
714614269032198144
4437843736
98047247
561654065
3029140895
3239288246
2272092822
710990834972233728
3309169489
721344020040052736
4717892303
701674178181599232
23049758
721188040060764160
723939854027902976
704215172236353536
4384206995
4891614994
4914539795
44135635
3113652247
4263938832
47372671
336638653
326441040
4216126756
1343305784
886886838
61095768
714146188677816320
4299954755
49709066
4551720146
3521395697
4893125805
708993727289827328
694887512859226113
3316868654
4519689507
1376628199
1901871524
903377622
3999319457
109192303
388441407
2296723068
379717031
3875376621
3296504462
412914400
3300330087
795181796
4872183652
713535791419559940
4729317440
887998063
704289848673357824
232698219
25207508
2816007016
88195539
43196336
484999518
158060289
2996858037
4507853954
3031917432
76647600
826537184
227410667
2467794883
538481859
4289431230
2678371992
2478736706
235703548
2771406515
3443868502
397073235
2352209738
1575689569
3979803552
600580221
234827348
3115816309
111225697
2511584504
721133296273502208
703990775223169025
191311509
49964679
304061756
1251812930
712772376870522880
18305815
531887269
713408458473639936
4218156466
16004747
352963308
147756074
27789999
715436553099722752
1618641848
715432663956516864
711146010521767937
718696598671261698
14241002
4863633911
702879461461659648
4870642869
3138165577
1435725865
379962842
385729657
235337115
9376622
46302096
3409039601
387151655
41919896
3417755386
709497411144523776
292929271
3271255423
708063091418763264
720660111161630720
2438724661
4788715166
70156027
35216399
3904590373
4165642155
2488997646
415552102
490411633
4765364386
4848049753
23258472
717951335530823680
4547869279
704889875212926976
4756017559
857001662
3436319476
317246039
4746074508
56449803
322389129
3656965641
712134697585922049
884304968
4508630900
4679513822
4855720452
115945502
703661055835136000
4851732400
717950516496445440
2434306537
4799346261
2439532910
2440548048
2441763583
2440196822
761829432
718431963053498368
3023863007
4706270920
4355797094
2918929403
4875427757
4860510948
381108914
14346664
3331835352
4586677880
861833365
50462805
712361684145414144
16916866
1858754570
410170867
19341224
515655160
350557906
4785202752
706186209949712384
706973116476612608
4499473048
162301746
705902960967094272
310810863
263692122
316571644
2852457007
710920492354416640
28146479
944145019
3314758074
705532607790870528
4584443975
2996864446
705441494698762240
2211112023
539684179
3410448446
4889468712
15722902
2908352231
3376420582
29023872
1348346059
3509784732
32419544
704353017106206721
3331209113
3257934408
704774802230288384
37597352
16391195
4857577607
1706287950
2278024478
564248337
3590632753
3311054952
4636949955
2198391794
1040556542
115681686
45450902
69739698
709492573421764608
14828860
322879013
4583075363
1620539378
710560065279893504
2581758266
66265121
929278123
3284112337
212543625
1611000890
2376010556
1187407874
1363449445
2223064093
700286457
1396364528
705607680145149952
2417844248
709087996851691521
702465173919956992
1977419539
44377087
4195481594
24079510
4351402587
1657924784
711939705562996737
1949701165
414003816
3248946385
3219303120
65455370
2856261082
4700376662
715488064554962944
4842923147
714548598055133184
309515815
4410402554
703762638493372417
708300644487016448
913844090
2186834279
