35595347
720666857385148416
720675603616284672
720684054484492288
722083351784329216
720665574704091138
720665611190280196
719560259900149760
720957522966933505
715976576203112448
2454423884
724304744014065665
724848315628699648
724657382228267009
719627051943260160
724911039997988865
2363174862
715943351313272835
706022494373679104
4879301290
1642303326
15964377
720365542322745345
717991775839846400
717993973873254400
717994149128089601
2908648426
724848338873491457
720682857522454530
720663642333650946
719709002955943936
19173608
4887019636
3072300534
4667310200
2478015324
4884261491
720674146192093184
1146349951
626706066
721938363062841344
719709131687530496
724583336962830336
720682713729142784
720664205255438336
724845438864658436
720956071846785024
792660210
717196298554908675
719625954868523012
20830344
999453985
713397584786624512
4880347978
3066382722
17327882
724723077326770176
4725506001
710125355462426624
713767803279556608
719366986472538116
31516519
33611715
717978080665538561
720742081266847744
3134037997
717978255341592577
720956296334340096
720958369406783488
1350303332
3391266399
172852209
3003750312
33186808
631263486
723102273715347456
717871897753554945
3023037872
2413425949
717756961698234371
826537184
4922195111
2703937018
3392941000
314547496
710990834972233728
720185507511214081
26563525
719909447154470912
405022806
3683532316
1624872816
2393063119
719210365217857537
266135498
4520004796
202228055
2316246829
710560065279893504
721403270648983552
718422742710689792
21588316
2792409146
208083510
1494835716
719211814727364609
4922712551
719805163486199809
719072036195205121
100009414
702474754800877568
714275861441212420
3719273056
713817327700041728
4783012516
712412826862821376
394764412
4520408472
77684991
4439523072
3019828335
4411462399
60420690
713411061811167233
3154954035
2502535800
3321766076
4722375323
4873079068
