4855164370
321723854
3021974115
319170699
711663413508886528
206774019
4883225482
411672013
1360793929
777143324
210361226
1853114688
1170237883
2358583968
524801369
587876194
364217383
1198408214
3977593828
369611617
164459673
1054185769
3354099657
3432301719
3300996378
2355793082
1669142983
1849402826
2967887879
3368944655
3383470035
3377981217
480020761
1734768241
3273994734
414537656
3351684279
346232115
3291084579
2693699076
613913776
2979538748
716216865
917544152
3132129093
2397818762
2260438751
950592104
3193367787
2285738774
2246155639
3194746076
2740524633
312164041
178853268
400412969
2807266043
291941733
373631032
1866293118
1004245453
3132440122
3087890571
2957413822
1653949362
3122672987
1284460213
884349612
1924751708
3033557560
3101142477
1174035146
2224564923
3063884136
204006831
2449990680
188179629
2925221215
3050898283
59537628
2223605921
3028029834
373367371
3033038289
2996428686
2752230550
1914372456
3015576555
1454936252
938388709
1627899014
2897970293
2961473752
2975194912
2994975868
2984951362
2994434729
455399390
307170980
78081088
2922268456
981495014
968855384
1410983654
292510966
2950615745
189932645
1038641570
1578682770
870788281
240949097
2934467250
2920841987
855636774
2198251384
1053046753
425467018
900913758
216998174
847436132
405773418
1522697185
836465496
522662317
142882818
1355102887
572112530
2246059368
972895244
132165020
2858135481
2410797257
1612131925
1036253604
266947873
456117719
2846191743
2840760483
1229287082
2709091379
554987022
2828875408
2828400906
1350940447
235342736
2799575313
388524829
760197810
2601869216
1373544589
449581156
2194515663
1247782364
196413932
826242151
2830357178
2818789590
2765151890
2203219558
2663393703
296017470
498935632
853733137
965778144
2493666664
1588892246
900791226
919164746
1457494710
1135337581
2260621015
1633869920
1365472609
108465379
989785352
2713881527
1679734628
1877382582
2350370364
2260800171
353470706
2693614670
538543940
2379024188
2751194864
503861610
2724980780
486069662
2267951668
533374669
2705764078
1544422753
1305684487
1684238100
715478006
1537881150
2299086685
865285242
2731155541
2731046840
2697351347
2734109487
1018384771
608893755
702198426
2615896603
1113170287
801071576
2707057797
2531859438
514836231
1411792602
2357228231
848377520
1663305031
1898369634
20726931
90753157
739252338
2562797883
545704920
1022737544
971103331
344758320
584354390
2627767857
1620956972
325158917
2576292628
470490188
392081182
2218044300
1918635907
571944829
221725638
728888827
2486496101
1525811617
2562947182
2474578958
578539099
1102063362
2533355176
1220459670
2495448932
2490744289
519149760
2481107724
2484469747
2475952711
2526621118
2198223044
132692850
564848459
2393086189
2203657647
601595565
1664103559
238634044
1434113474
2171611481
1614191995
434316930
1056411632
222452046
2239277610
631101224
2357803360
572845274
364574158
2393351028
2294146462
2398847832
1145423216
2423806660
283395527
2272545319
569063351
2392081370
2357150488
2378109164
553025751
985208654
221878167
1550649679
2394678989
2209719641
347609268
760039446
1671182744
1142683200
20993876
2222434976
302231807
2336366445
1566209258
2355338660
801544146
624320006
1544003677
1393625370
448397411
839898571
872913061
164834680
159924241
868844316
357965198
2186708832
799450525
2333508866
2318087531
1548189463
246017729
1098797286
505402220
45781681
1890644276
318784675
2322880631
1492958137
2322530824
235418197
2299883645
2216458090
2294415527
2308668040
2312810040
500311450
1140739182
1173402704
762153450
801496315
1677155431
723160843
910266308
389686335
1694253031
2271963861
772962482
402970734
188909741
565826477
153892618
1031603557
2153608997
571375289
2246504919
311098157
258521042
1669521782
2198557793
490023257
324396343
232812941
2183976298
409771517
2209971204
1363234092
158298929
2184234473
95435464
2189787922
724877124
535617788
87586011
1612018056
872539801
700269130
1661515484
715067668
1608940428
862214239
1969856312
705742722
542953171
1315600717
1935318631
376240922
715428562
503724270
508376618
463282371
927034178
705942184
538573943
705828611
20190201
347621880
353151774
1730242820
768549829
41874953
509655043
1556799392
700614508
261386979
926138484
174675314
271574867
516020988
476269088
104969775
1084300075
467047990
1707817868
34093115
128473630
252296958
524657792
1894848751
238923113
1458626696
1902570738
1864545738
563256655
634869408
1705608794
1884538826
1873522507
532685423
264588590
515826417
627143316
243879258
974987762
1610822101
59804598
295360514
937537926
309723010
551932916
741529260
1602117715
45943032
905087390
221184332
1120680074
189391358
25951655
1271282304
1170457578
898846388
365264396
572293081
611182020
936026016
1583763234
1638716298
1611891564
1628538865
1582370570
1562614579
166829103
591605616
1602037400
375853256
1051903206
1155166645
605077260
61624609
1260331831
708118154
705095724
1561631154
495567220
573333789
1149014443
226406956
750507230
345210891
265291236
279369510
1049136888
791877414
1325242290
857255352
541824114
621597356
355986065
184494473
890707656
256288034
833711046
914935268
489947797
1035517020
1471334544
1460824986
1410339966
205525230
278098811
267536073
546132182
287344992
917665050
1347791808
1342785636
505214787
343162428
948699241
276262291
411916390
380044107
412769315
367767562
839131304
1284907950
985099424
1270511102
521538647
1028550301
314913277
513404925
556362815
1162137774
1244996737
725345994
164529199
615780883
1248733760
574093296
322791506
292530886
1051566804
900944120
864372781
1146592297
249940239
394366641
842679740
492350230
567594355
517060554
716332634
523854583
1222101642
253334223
563120203
1184081700
547078482
1072334478
589486279
320537526
