1941436537
3170691362
1641026712
535959141
464219067
3039755829
3065107884
1166527369
3054540176
4406440395
4832564165
3243937779
414003106
2347839324
3579286223
200538184
4867118501
4311954617
3032536906
4898363827
1291743990
1105472372
3854038335
3063080133
582352792
111448275
4765499965
3248168401
2326438713
4879258623
43458381
4156538843
2882881814
2894112264
3283882500
2670674406
374669419
61003804
2690677040
441151771
719173956767498240
636991262
4460685623
1003136372
4605630808
718879771631947776
206735576
2979380387
3045334025
718180721014267906
717366479189049344
4707835933
2864841198
1413677126
1673551302
2761121093
3128003877
2318731683
1861528202
2952123056
176995600
3377499863
1602052388
710239445987950592
213399567
312755642
3052826551
25839589
2781674848
3067827791
2699802074
2576530672
478013552
768675906
575869197
1562404292
441173043
2784764369
313354921
869089862
531723743
2646938354
576465654
277808821
525973701
4748379809
3111353884
714556773319835648
112636927
4909418845
4780633042
787728006
979359450
4557872896
825989060
1004962819
708695480881057793
3972463517
4737234735
629614876
81974865
3272558804
706991151723708416
429196692
709769920352034816
281402123
3004782635
4768807643
708658448112750593
4850395558
709038687523250178
1633339416
192482422
1435976701
707675945965129728
705786035435913217
4831091908
701869257005649921
4414729814
4272775698
4905113865
3861981853
701428097191583745
2742292700
4914580814
3579012568
3028639477
706664948680622080
155548524
711171959
2266263029
830008406
592848274
2889181962
3232606337
3193178915
4409247513
704172454588108800
400334354
609559483
4295579122
4692361280
700516164040962048
2538714150
2794674044
3939732263
2784866181
4874737013
2192707059
3294954508
3306915443
1864760299
3110373473
2865928406
160764672
1947987487
2717801545
4839661312
2527345614
2297036467
2161870429
3051997042
2959052239
1638659346
3406577159
4926269467
433641156
4884918435
4924410574
4842376078
740984436
3885832407
3033742485
4899403701
2597136722
203235255
4911517011
2597135047
326832327
4861560192
2881403192
4634258414
315504955
216252758
2687105245
696175602609557505
1306250216
3905126903
2956389026
2188108719
4743535089
4766945680
2865021375
910291196
4388006417
3720693615
128046501
3243209779
2972401534
4847596503
582667556
2950573263
4506238529
4506158902
3991063037
1969559958
