4192815919
724325005820047362
714488713930211328
2456422226
1047133327
706809263176478724
4251369622
2467597340
2864854440
1284630871
4921118849
703191910643421192
714785435659210752
4227475792
3014889545
2392336964
714455768318283777
2346869762
2415765410
259298597
4417927574
4864497298
4804117696
58129325
713383055562563584
4041273219
3437959469
538333196
4907089269
702656575429709826
17459903
4897211885
2718607536
704099277316882432
3281174499
4408024572
4515751272
3299842741
3376160693
4713354672
2227554325
1443350184
4870980496
265260401
4641527713
3125312092
4773566413
268556198
4863759977
4863705441
4863056710
3982724173
980425172
79062163
4854807413
4763786135
4831766833
