2545543615
192749697
722083301410934784
904108220
4899453591
393453224
497413679
4882077305
4841017216
717447523
2205363957
4573563087
764127402
470562500
3013022176
4343519255
3154563604
1486424720
1597512402
411523226
343846798
382694863
388311458
3782979509
1089906302
635728527
3679007655
1498799454
2508483356
913684262
2403462135
3539285836
1191515094
176679470
3346996462
446640922
1368103620
626002822
452620145
1307480714
1597157557
452219705
1955048744
2195576351
433299040
1417079622
2702710020
416003313
182663266
435404449
464979736
614028595
1400406882
511079291
995954172
341778657
1491706789
1498121364
855168852
2977464641
2563842010
719439236
2342926747
1631819558
2759370327
1975935878
437836355
2881930107
724694065
336833416
362916973
2869519204
2773976158
847715701
1323658626
527684321
2799068896
1260989400
1678941206
530865574
711644820
397714648
2362228613
1053638323
400542315
1515218504
2450719959
718644187
1003213813
1058836537
2426540785
706398219
2387520522
1616544672
965241636
330630440
2467482955
485354514
2504718913
1210490162
2558136105
344502884
2394364929
2535752165
459659758
566824802
981077808
2300138919
2532073809
983653704
2418941221
2445994463
791978432
2444658735
2382999070
1587156410
731325872
587752169
520953863
1611700543
1173606092
828267085
1832933269
1355305994
2303253493
2273642963
423963642
2235679349
2216225314
480927574
364520136
1601694834
313560611
1592017172
603045221
1976983230
2201344727
981072630
240512897
2208052130
502426021
2190415721
2190402285
1924186910
1494471330
608458011
819723229
1592420826
405163099
1370722069
545453466
612981022
447249306
422988952
571409103
142688466
599777265
1135737463
466895715
1250522311
561535588
1223122363
595022389
1184458700
921841957
1104129145
124778963
1074872934
103197460
1022011410
718303831
898737403
976023781
991959746
989858478
865469810
625699338
230586874
828105973
747361218
170090032
245544907
890153112
333827164
357352279
729852630
375347014
557349665
849843883
404592154
840721302
233300696
425334047
480850381
582351258
614496917
403262922
602739283
422916972
465093094
489934819
527786524
98024129
357192276
455425533
546303476
245922915
547281467
561687093
564918109
348592329
110233897
366332479
388600138
545673488
235345658
259413219
432045449
371493236
381923073
499837445
379862745
509160780
490792719
473516088
347044088
