106699394
1183887576
719558109438603264
24416431
721766740502388736
2383328197
715364473020817408
4401461061
164322849
25169797
767633689
4507955772
715110837187260416
69491812
3133713049
41281473
4656018335
4198275023
2349661610
2539200439
722305565158825984
4831994693
3884314361
3881379676
4835560140
302410276
715381288878780418
4782433039
3356807716
2854815620
4370867236
707100403595415552
709103642943447040
2650235127
2858706208
722146585451204612
4195870333
722259865872306176
3184902631
722258503868395520
2790700827
2929600757
3090759583
717445892719165441
722257861414371328
722257536565538817
721740663499436032
3222087325
722256572915851265
2398603987
722256722719555585
722256983840145408
722256177657159681
1039409178
4832841748
1036542240
3004944591
708271334799896580
3302926144
713373443991797761
3301393510
701610205423898626
2606171250
2722214434
3143025607
4887042598
4849236107
4220157819
4860777165
