3288605093
4666874839
725302162587287553
723487920829673472
1046580518
2287202562
708061337184804864
4558431443
4778195234
2378222486
702716982056058880
708603962774175744
4884313132
710565047748141057
4897504156
4902645963
3078168466
3106195905
4748416222
4793229317
190165969
702280468125892608
4598454379
698810064891588608
3351644895
3299010377
4749717617
2570181205
2230842212
2205214933
615372460
3449719217
4645038978
3740061316
4876183740
2424325844
4902105072
2823247666
1952943246
2316323784
2820099101
3005989486
2878675999
3165092261
2238240518
4878279340
2245538558
3129998620
4881701164
