711334334448279553
3288729873
555373277
3250962678
3077627245
88168692
3002388160
3239288246
2842915310
2393340769
3982457593
2728143275
2968061056
3065922244
702780246026752000
39067136
724792677452124161
3180104533
2966914787
4386686182
3150481340
722858842443223041
38976390
4342454716
706071912321982464
3284112337
719710504118272000
719725764116094976
719760218410889216
719751939953717248
719730067249709056
3331305439
3364822696
128370270
4448516360
715070294617169920
2800681614
2798858415
1064228948
2592330638
283043739
718990302485196804
704400234928082944
2724735427
2436205644
715018762324287490
2853274678
2266456045
1118358740
450201079
1482906978
110835004
3982680701
2206912764
2440758768
2853043561
4409079854
3367760422
3221148651
2725663345
2351739462
4168234393
2244785664
705074447523385345
3301787170
966565596
4385091159
701177022580662272
4765524854
4709126127
2574429600
3057215438
4890439899
1490173682
2972859035
4251051227
4141789941
2878675999
