715487707045040133
715508895284912129
241007239
715499488765480960
723831839589208064
3448656014
714430545653080064
1032909492
381506930
4582531521
715493308508798976
715506455349211136
718093771108298752
715485418112684032
44023872
21391703
4103776213
722995206837178372
715499780466728960
295729956
2501559841
4384934114
704362329786290176
722505206848700416
704360890749972480
722282869234671617
2946028950
4672718054
715494436181057536
189123075
2266138392
722581733313421312
715498780058058752
722921979586588672
4613004565
4884449818
714291823619903489
2441794741
4773970688
707206859346862080
2274239288
702689457393135616
703289108777439232
704000617627320321
4023675020
2920360688
700638388165054465
707906103653343232
707864097702998016
715495501924343809
705856326879088640
713131378762579969
61451881
2257889272
1409552192
21753328
4534937234
2481587834
4010754439
41281473
4656018335
2990687249
555417427
712577804806840320
2931965257
721628176544169984
722009619543883776
2160516510
3226646018
3471074773
91142333
715530090617004033
3434402045
55201783
2823623354
3170406992
1014622340
722293267790823424
3540163214
3303242305
3141385801
2709748092
517952195
3251458021
3101525912
4921363400
3604904172
1223623610
4888626753
4613177232
2659696782
4764185593
36466855
4370867236
2991217433
4359859762
21310946
4345804822
702255465795756032
707868451684143104
3046845514
226416912
721587014982836224
722227379104518144
2402794219
3131889251
3107470439
722225258393124864
721688638929526785
1038266084
3393544813
4506470652
4506729560
4888322648
4687092337
4832683973
712209609457410049
3046649671
4506370094
703191904276520960
704274600717225984
4687780278
2929167354
705898265967865856
3821492472
4892500461
709710966766702594
4258101738
4897838435
707510790933184512
4600397352
4927821579
4407483073
4753800139
2721085021
3857292200
3297234626
2973598795
1728264014
3011183138
3401954960
4502320460
4881207903
4539175033
3957234974
2939008490
4682775188
323659264
