229385617
2853334792
707999642529763335
4375390453
4375334119
4375198400
583116800
4765008600
4307385262
4253351653
4658002157
4430362175
3404283489
2925196549
2950924621
3301776687
3145921583
304092454
1952190259
3054460919
3053095065
3029272473
2882448697
494668464
2781786838
2901322438
2932960606
2345256058
2923656851
2379293312
371772599
532537460
707202619
1470786594
2738271812
2507966148
1470624872
2455300328
1967611255
2744449565
1541483828
308662342
1376826631
1682794705
29873759
1376733902
1541557958
2578936044
1541436954
1189276909
1376735041
1541427980
1375067124
1376752664
1376743458
2589289841
968762460
1318935823
2536201198
2569894492
469731152
2511388157
2459242861
1687955850
1673724896
2398576656
2415659747
2301468150
120148321
2290513005
2333847376
2298151201
2344968206
522162622
600470224
168019325
2240687702
2304018608
1288063951
2274639565
2273339210
184950588
2229247696
2253762954
2211130340
2239750770
2149617182
719190706
2219956329
495074577
2210971923
2150080645
1028755848
1589126604
494068375
542779953
416640059
1463114106
1399402014
72945650
410159941
1264142635
552041015
488570502
46924882
1013973416
1034927364
234880074
1102166930
1054949282
997547653
781434164
552085099
782159138
823584836
799559802
455987751
786688267
513722175
212585289
581201849
576381524
69215263
500965726
42475361
138541796
28782781
484161451
109549701
80131408
487913417
487896358
498976847
403661928
151507717
272351363
418036899
308694546
487613796
81330539
305857824
36026247
375681990
490277825
