1969454683
14410652
721746927033966593
3431886741
460313287
86177206
25634203
3480349520
717174266614136832
703561088
2977111295
636173086
3023037872
2849556094
58203678
3292833318
720751602932559873
720168648787292160
720188315463495680
720172719627726848
713817332200529922
176336596
3031942490
4493661761
3186372811
16190478
954546595
2369242651
4928347811
3656965641
247983953
313977721
701019047329042434
711261581175205888
3271255423
2596037802
381108914
4888689280
236487888
4147378522
73986605
2945359946
342894187
4100953924
4547869279
4102376488
700511834361565184
3836008983
105295143
4114148242
4860484898
