702149010983784448
2801782618
619075241
415953853
4079081541
721539606722641922
465047990
722234890826227714
3019122222
102783330
722229227517538305
722227379104518144
17353463
722226746905505792
2982461789
722223339264208899
4837315805
722223037672747008
722222810836430848
722221323544633344
722220166826864640
3392252739
722219886496333825
722218958213017601
722219552852045824
722218276231778306
722218561884839936
722217962900430852
722217765600432128
722217487958413312
700995428662120449
4179151753
1694069840
4896013811
3178311260
3052903485
995354376
4558680734
23574067
97383592
242454628
114120619
119997122
