1094492948
3105327108
220623683
2194876592
297646813
3054053650
85497331
2391884858
701881069717614592
705062868933214209
2416860835
2639130947
473263300
721125365796716544
1038006979
110007447
281244257
1036533194
721674394246979584
24817386
4343159354
4923863962
3316605116
4177140440
259183511
4747916484
160925137
721395756305768449
720929908566798336
720925046357647361
703286017797853185
4177088234
233356535
2465049607
1038914545
707249829617864704
1037013420
1033151305
2567054408
1039239056
709045615150366720
4598473415
1046527904
3186934824
3247420054
220392225
2975692289
3305849816
709314174573105152
714494377205358592
2272670730
719140463983403008
708855309616418817
1033111562
717651571937423360
81329207
875396568
708321914595336192
1037866621
717090257401982976
1580096761
250362250
1036333513
1038984493
4149701055
2490482300
716926875084304384
715048489223372800
54137375
218555775
2882945503
716481086746923008
716479618014949377
4738627600
4289462246
716173203861798917
4839781142
706375971444809728
701740127505113088
