4691189473
2287887180
3500874438
20830344
701761304386793472
3416153772
4786472053
721798580403585025
2485075308
54769979
3331835352
4100953924
4332740714
379747365
1625350388
2245899935
723307674331418624
547969112
2998451675
248878026
412914400
100235408
4636949955
34428405
714876891899932672
4895085192
4927986136
3300330087
703561088
724375008039043073
4705335097
3032760692
484999518
158060289
709854549171896320
717554036510068736
19173608
2434306537
4893125805
3155025981
1955132936
4499382678
2438889943
4760950401
1138806056
715273665823293442
27789999
703455407327440897
23305759
494109515
3308085366
2302134816
4338733993
877093688
717174266614136832
199909211
1036634342
4583075363
2843768360
4479562812
712134697585922049
3282395822
3316868654
395700090
46302096
4224729994
714662067911962624
585264569
2734699135
387813577
109188899
715018762324287490
121656624
4769846497
3246106559
4676174161
14241002
3184471478
2464933328
826537184
3293195288
713925255828353024
707617643474255872
2478015324
4921372709
4856133020
2920141108
4410378792
3023037872
4885703096
3306629815
19341224
2393063119
1558861508
4381232594
3311516142
4102376488
4382312592
49383253
2764770081
710227582101225472
4828469940
3407994333
4887692889
2534195028
177307325
15455893
89277004
709451681814220800
711953362124574721
2533241094
702350033467772928
4513070533
4802634235
708715440315326465
168627816
591368817
2252839610
709932203594031104
3310659202
4875185817
3327937874
708840467522314240
4658196589
2258275429
704459368323006466
4891022396
4220715076
701177788573868034
