3147283063
408525622
927310362
2843469225
4923989207
711872057403908097
129492859
712551758002782208
292948138
4904913701
548718135
716656166307237888
454359890
2284933968
3303888677
618126139
709277446521098240
722238178363621377
405674682
4565532346
4170084977
4088204476
1718236826
4610883619
354203444
3241503365
74705668
320260136
2961472233
476617010
4054373309
4133604073
4829016089
38737371
2765901714
4710690857
4855136111
2999667652
4773996527
2609252604
3432526576
255434395
1047497659
2659696782
3285505765
284608126
3117608441
3350019959
4469798428
3980446935
3032105649
1193362190
416099690
634759942
3421978475
3364506369
477022374
128500678
3151091505
3352296640
119427585
285610040
2751747442
2372847947
1926990289
1375087058
316227953
1541493661
2438165453
3003603100
1376726786
1450993105
1316226464
384942869
2428802106
602777651
83583534
1329992941
3049893286
93619360
1376800254
333291753
2622022925
3002741409
383956028
821829361
370029959
63349325
487912635
487904823
492048888
488579462
493948237
493481421
488595862
361821122
492211932
257603838
492055855
