351721082
2314891850
2659696782
4837315805
720287751120093184
722222810836430848
430203023
2300632662
2262519410
4418062273
501306422
258851472
4641631004
4133388132
4621594887
70770268
491731159
623418435
551146071
59518834
438519612
4357570577
464130377
2800221084
24926339
475402091
488833141
547791331
2768247214
292999376
1373809668
3312681637
3296871357
3392859340
198627819
554075192
347026865
3303661877
3105497238
3297801173
608483507
288451818
23498323
281249118
2996033203
1601980292
61098082
278239707
2347171723
265221116
1879943130
1676374052
979705950
1024803721
2214423361
81733920
829543868
2577668173
2801063532
1956837762
2406545183
2663145697
41474748
2289030300
292060296
2454093035
2476076238
2494739964
458912313
2459640606
1949932621
547364601
2323066398
2231670409
2400278384
2398112534
1554726974
575779689
168892716
366092409
562553367
227917048
61888004
584898248
2261897726
898958844
252318928
1601241583
2230420068
471475269
1014059840
467542114
721025866
550626137
1636104996
1681161470
352097756
1219986834
556022316
284497508
278764244
785058302
569177347
1373399785
1357673244
1355997685
283194716
596449141
50474292
364928552
410835708
366959762
1323494426
1059792522
489071615
109224718
548425978
521904660
315533342
464036615
385119064
1332872294
935734266
768326376
400417642
459601800
168378307
361871636
1220489474
219388406
531803028
596144532
264457193
1257857886
273221631
471573836
276190340
1036485024
19547464
539678175
438852466
396104431
76446575
898049162
61602194
1144282574
808068938
369016899
413546887
1082127936
584376850
443504296
619360987
1135520179
1137266558
479529997
1040437333
1137637158
1137022268
187351705
952188818
1088047963
115112941
963457074
857953208
600419208
955783502
487204846
596834828
942640934
549365271
460752445
382884111
390789074
854887806
583497426
744141480
295223926
105668316
820363596
820237100
499360607
35323758
283664052
102581645
404472941
520605418
421155181
484389156
569509221
556280318
408999621
521950587
226533799
276199887
369766105
147325444
717279738
465185172
351840961
704045461
463469742
599653200
605411599
371333908
579158472
594296172
481637509
168642576
265047197
334271438
273147596
291416109
347654285
427899691
334479539
355622481
532821960
543740431
518029653
548916795
536688165
291648896
355879156
529024317
265022676
521844992
396685476
359096129
168262308
516967841
425424623
392340762
443112878
466185145
351225684
386746640
271997412
479808774
389103059
502327552
502202511
501306952
332542042
333745803
360024988
52173406
377100592
404314965
489815143
339417553
482217283
233785964
407413649
496664433
482476734
369277424
276219559
442369064
