4409232074
112194745
2376833214
949545120
3246106559
3227635758
4487504476
701618359138385920
2835832612
190438206
4267356312
2251316125
3320791745
218556688
53501454
720567793
3214488965
2567970016
2164139466
1254978090
278098811
1877561370
2951556566
2915054312
112713715
2345828610
2344234819
3128539556
2405105594
2284608023
2792880548
1066860079
32566969
2517973335
117181813
26519137
1406691746
382257224
368696253
32396316
62615721
635613103
257561160
1226671110
546458286
304765662
112591696
285171880
295712099
120375648
1055544770
46476923
14284612
553738171
846168451
369822646
523433349
109163419
506711677
483528312
250975514
314849741
454085797
366737377
18925527
36659726
35974423
16370851
112621512
23486104
19154824
545630673
434747856
162211933
20690429
69176530
16466817
