29786589
718966847933169664
725442085181100032
4222701088
3992056192
2596721894
722587722993561600
570171292
2466447313
3314125085
4231239383
703743176612315136
3253805107
983671430
1906524205
15830809
18815685
715168530031894529
558627572
213778624
1556154385
109472552
886025352
2333017830
202774675
33523706
4828888534
3574033395
4842166287
4833358811
3351279946
357893482
125361922
829278338
3250804146
4710751528
4471073719
1390349509
4562056465
122324493
32443478
2434604876
2191771632
1324765802
3520766477
239608565
279375632
222691723
3804657273
2836963574
948351103
3617375297
3804826708
529311613
465683948
14822513
101485205
2364648582
94596011
2775902326
3462557772
3397165971
2187641378
2308859502
4047277738
33906521
3610801335
575447329
3845074215
3819736336
3401644367
57657067
2774092716
350400687
3272586115
1119041263
2182438333
117420879
1668939356
29758300
17104047
1338020744
3084452200
153577027
107454254
68508469
3131618518
61507232
24243231
39302767
902958210
1683766344
120214070
2601768504
35485780
2712617024
1283949632
48072588
754989895
3331878741
1511305764
2826874020
1634804532
1278123914
3074874413
3298661441
1940462012
3207809752
1717178437
20575643
725088529
2768345809
244638840
10219982
739293
2782357530
2326914290
584102135
27577280
27657835
1447066789
63214937
24257111
21922848
1118157618
2175022669
268937262
47101907
2196688734
291889686
1012330861
240289033
1530227893
878735510
563972504
620484097
402809112
248877722
1012426003
75065785
747899413
190485879
432022239
19154824
469578244
28190985
23716103
209156158
15650816
14609143
96774682
86543248
25162921
38301539
49780582
22661919
