3367987133
705902960967094272
390512002
74031570
3947579063
1880997871
2165131336
404198621
3242789271
3196464738
3189128984
589696611
591463560
3067204776
3050524443
566795725
2954174985
2979178523
814264052
251973138
609498025
1909873952
2858161735
33568830
535036041
2559447902
2592220568
2616108569
2560637531
2547010280
294411133
2516144762
2542495340
2528927017
2569454416
2536482997
116322733
2569843197
2530903368
2530800571
2530604251
2568300220
2527762454
2566551160
62153303
2521641378
993741038
1498423802
539302794
803757764
1713692328
10912212
1408919144
1666576976
1555977332
1556570196
883262785
446789893
98196335
611317856
1373795502
948746665
1035972734
953044825
335059053
479981601
412023358
417237464
563330985
490691492
440169322
571324335
394415446
590280987
996388910
22230659
842199427
1015968823
741971604
543005035
25014017
422241776
440762957
252679066
132659992
451947889
