723337868014399488
4440678868
2659696782
626807880
2385728197
1125431336
935658127
1444113698
359571474
718087100
34716038
2177014923
343600889
446704740
587823070
265590761
4323390382
571152245
299109582
381027079
466778098
716138648
372517986
4050181457
238745549
482213408
345685155
3951166001
610312498
543899564
811778720
348799141
498293369
631260344
1268320676
50716108
411165985
354097474
2893794873
3231724692
308312890
397728791
556183951
317474345
388903337
707980194
627735729
603293001
2597153682
3028482704
350539547
3384164405
3343616991
2997476022
372956171
2221729652
2705456221
939439610
1590606961
338754799
998558413
3196547602
2793378509
490763021
1195725133
3134271072
406364233
3066124564
407904151
378250235
489651406
1167949422
258242161
1264254572
3044271365
390487538
2988640301
456127741
2924393339
338619333
2923329068
447396610
360971084
433603338
501876206
1254902610
522773010
2810287442
19137935
2779805098
2504359006
2289813021
2840720302
404253493
2787514433
115268588
2806385321
2805070144
752446004
2781464257
2764952296
2571639711
395606212
301175137
721236469
447675499
158789585
480937700
353848614
324438869
158899635
583004041
2498310683
2315076977
1467912066
1863894571
2432456376
479208665
939938832
768785258
2396859714
423867020
566566318
282843496
425352924
1138453777
2364474630
704012077
72357546
410327111
476270154
251921347
233523629
1373365850
24296105
327149442
345122165
249375445
754060082
88107230
859830163
2255640834
384058208
2228857916
372892016
1729975580
345183796
2200895655
413503736
550103717
412673252
435917489
1924933254
1291954740
385170720
301142008
465664477
1358298402
128008175
501135943
434522185
471221407
395013014
1884832856
1614012062
1508186270
1614189584
87862182
1837697342
400370450
1449313254
1150963261
252743604
1604934774
599836640
366059634
525466033
1483717998
1157926938
1228770229
1450200926
384594498
332912923
1398383568
1400347202
1388482309
481635615
374788694
455920165
1016501994
337999492
932067450
1025315676
400156541
985073342
776695410
622829635
988861820
547248082
1037468196
303511156
392448549
1112870772
402667632
974326939
37383833
986881345
1026846848
995518350
351357293
415536994
78017674
387144004
893400462
978850788
887807328
974622961
281839664
541715008
486621061
98023238
317985824
259460017
758887051
375932720
440064539
848342714
468521021
437825912
911645834
864009294
602222975
371971775
425276173
330047216
871857270
423604001
489978236
345421091
251382901
140650749
607622258
142833106
337246006
250823307
402781471
115801376
107772743
404483565
206735576
491501733
322025589
821728692
832176872
393762396
410315875
590995337
274388914
181422957
488671590
282845540
731510630
448337224
600574290
250362206
380608848
745581204
370659253
742037384
733080644
358794857
393726715
559712907
363795635
158104190
380283486
133638109
612819090
389247116
381028924
330463910
627032687
627021553
397680770
239571471
537778231
318709027
607572875
252232994
85704608
487732974
77916008
582094079
289043518
356524054
344388155
343114331
88546513
304125448
77209242
543876317
304172611
255701646
333493591
343032727
417466333
169185103
366062046
408052602
133519935
508015474
74877247
507957870
425116964
256700636
262425439
153686029
171234959
97805095
338768956
510466989
407905995
42536016
354015489
262875858
244790983
487947580
276594543
507990892
370340393
90063019
527767609
337277770
111723654
385427646
521847373
490933419
185756328
177439944
409308883
426800736
498485534
330776860
463032733
503289023
408924982
348091153
386273947
333186559
409935066
514868506
492602087
410203529
314116486
496613416
434221106
286317727
408621700
153612921
346872180
310665964
435391043
224781759
321613971
376727701
435027596
