4564024162
34155255
63354862
703011713013170176
3309633989
1019719244
700982988658454528
1121743712
339733481
2467015682
124523575
127509164
38887649
4807054770
3935283076
4710035488
2937929917
606444256
4350126736
3559517417
3813848061
2294255712
3917371092
3522849202
2385742700
3278841344
3010646022
609143303
264325602
1628783730
1594160605
252870925
184352101
1272946578
482685636
336729601
151946470
268006464
20272205
79193197
277242797
306933780
260611672
89541081
22730806
265020801
252787035
209618811
243387168
238393108
92686523
221252484
89364165
197726427
223738654
182910215
