165694708
4623661994
4832847118
705060447767035905
1038991435
719187719176527872
1076946247
4410466706
551440408
4823235112
15063486
705089342000201728
25062618
4499537489
18906599
3656833335
1922173405
4000726572
2298017769
4300656099
546175325
3654170780
1165481719
4331386933
554985858
3288682283
2195381875
24200188
3351268750
2771091501
3407999853
400524509
3222121930
3404609992
2752670337
3759073939
3083297011
2203792730
2490088512
3227058437
3300438651
3419145562
1472851164
946179834
250172260
60784269
89630070
156981013
325548163
3132668077
1110577860
3128033386
2459785070
894303098
16248319
3063083248
471532340
1005423415
2627478842
15927802
78369638
272388054
760344530
374710346
521023600
254777469
2722266553
19784264
558222800
2333942250
2602018340
619545256
20252025
232191057
17986973
1212956642
2182649746
2450696030
38532025
1281223478
1623154104
22441413
2308917511
458044902
1624229892
262705042
262501747
1434635390
424747284
71953633
1543811382
2177307282
279765212
243771108
242618658
1884598778
25002819
1613168966
228634452
906620078
1584177223
65375897
1408853089
146181311
26122639
615517378
414768061
148207672
374191346
1498541910
1511191297
463211147
267889663
627843977
227614989
1549688394
291478469
1195893846
37960918
778210513
836133583
898728732
468043678
157059562
531476360
14551503
39198422
66363285
376191151
68527439
575389079
145245196
469598248
384664836
320174573
570447536
999453985
21002366
22509548
1379584350
1074480192
713463571
592485074
971340252
245402506
19770271
227095480
620532546
65725988
1421701297
281582041
22628816
223359056
603742037
18927538
22456513
562288022
338768978
523740975
54221385
13396002
18277519
228598405
310788256
398358441
47804988
878494854
531478621
275705822
857121152
342854573
1022437082
895530031
1154439486
500300203
1095907908
80777708
620781649
60091288
16473577
20025833
26434583
104874562
405269668
39749321
438028035
1269084428
54229868
331693829
14046665
277286205
40224448
270122572
927652092
412491691
1199074608
1187083609
459544649
840067243
40450296
19449708
55944740
598605306
596949983
564743445
