141209349
541278907
4440678868
3950586455
720735592909246465
394328859
3041415695
772022766
4035410177
1296601735
893497502
342528215
624278095
298299807
800836543
715439690
2159255645
775217035
428652602
3256607727
704839661722562561
351833072
2970280557
2518239839
967626511
2406936531
4892385305
3057362723
1348115426
2888098563
1694437759
3233469844
891892838
3069607845
2752114828
875989669
928637731
2906501163
2273710926
330733316
1202824820
4541956397
3091128419
1667811848
368505472
347089185
435438300
3304863071
269566095
379502960
745423550
407228246
1699661780
410302276
4365423857
382168651
108715318
280761783
180617335
3416963068
2358103045
4068359357
2469599164
1038493633
2284974118
518972423
539545959
186265817
540071543
423716062
3916387757
318200039
703478762
3876191609
623521497
3383792145
340556085
3742110563
2784124529
373109976
393037323
497160550
389832216
373643050
580270502
3418963612
632554694
766222897
2940949275
2920029930
428598576
3060009947
3084593360
523973450
2618474925
95027676
363987600
3277775204
555990233
3366080842
506732214
2760591066
364060343
388472386
371750986
1413742880
3123999608
349831079
183447172
1517546438
337790379
2875947594
2602854047
3169159904
19278548
347335639
2891646112
454528227
71017633
3152735963
416305428
362203510
2503174736
294277840
1333039657
490500252
1716284520
3097588929
928520994
3075241072
2664947273
257271672
1513453904
509481257
2504354057
285949618
364354362
392950792
227533270
1107909157
230156773
432035177
440596253
3014763083
224407974
21127077
511298107
52443978
364937330
2371383481
458138791
2326090584
2977478938
2958396748
2919123691
285866333
2271991795
496614276
431931670
1323596700
402300884
68504041
1529492118
911407806
363900683
279779475
2882741902
492765330
310989902
427023406
2851648961
2846898953
2844271354
348065164
255540695
2219517503
2816148400
1634395646
2800509477
2784807881
474241702
259473116
421674826
935440964
2751683049
1491896485
2497830168
311224820
45648887
78168280
2216332094
1097087828
2674109153
357681817
1375082772
554548274
2553297133
356591458
2538453073
2521757042
632414554
1945577683
2495065369
498076225
2214406145
324725024
2161575013
477320222
2173288269
381188837
1166121948
1962599028
369002457
322088653
67109824
471473439
2456422853
348117050
552288775
1924462160
501267872
386193936
1584638340
900874484
712770929
439408653
310984253
2351306405
1149376442
339956404
531856215
585646770
834542862
1636217178
405102879
793805772
434948237
33213574
2326777679
987835050
481432509
801216145
465969954
267425068
467754511
339472681
854018328
774845166
880715095
2234289857
2254257246
565659760
1186118118
359549152
950113273
992985114
853897992
358478565
90793005
249910266
1009915729
1007593321
531811432
215749009
1593472381
66521605
522494401
1437012211
2182223335
1461139884
304707659
59179227
1605697279
581377654
1905486102
1195610940
265189439
1177499780
1067229230
716832190
710288014
528007868
176555878
1942561134
217584824
333106947
540050391
1904827183
1895390928
470261618
469026928
1611038670
178030282
237080566
440515084
525901426
1879546999
317411772
434552970
920027702
350012960
1606489668
731951665
1716654728
130281999
70015295
319330771
1687412052
366299880
553128561
607592143
377700067
492559944
1656380982
373008942
1479919190
572166971
783652386
781424035
1611936560
1115887296
501302484
976739808
409608303
233531043
1543961438
398712807
1549416529
704356010
233664340
1518689208
1523671333
706168578
429496015
395709214
1163480240
521786756
1415412458
1387684076
1256017536
1427053105
413531962
1007613362
1409243959
1409005969
1387135196
440187447
188061188
1397512100
321505633
1388240150
1345031623
67415960
570425289
569635074
1322804052
1316526145
228071766
386790966
591655041
971007944
464226919
123090816
1199535326
1231157240
533302610
972592208
420093065
1216100815
299146406
803510670
1191912686
786226226
345663877
95747887
420505658
869078526
1072547677
494547676
351008203
411168557
816063272
1060869362
240712025
879181592
597466706
733942230
790561986
1061850776
1038622796
1051710655
1018888236
1043821710
623121422
423729087
999605305
1003092626
998447810
366400477
981438644
410079418
840720288
970797900
861981571
294760111
489380923
333086432
497477196
946886660
279838521
933007400
72738296
380642271
502142519
554785530
885372667
384552223
872463799
321735465
253727146
633740170
428399354
806853973
605871896
417164629
416015373
632111652
390510466
752526516
585005384
456531204
379374635
720311478
751666910
700230133
630829635
388006381
520007315
241728640
390949258
622186120
161809876
379151160
608463413
611305590
606761324
385743828
402874814
499540863
445698929
355180301
305911158
273996147
414264562
542647416
564231840
22412332
509539507
551402404
509340774
515010602
412544736
493754437
529521012
77751261
23067941
483624644
16432050
426982906
497436152
452584264
524984640
519108652
27533929
260394603
457706093
313084144
515996821
479877288
503966927
513754662
510937746
451082926
503860241
478338363
487966863
407312138
498198952
42142743
359152574
491501637
326253317
340623952
113090480
23461209
227812317
23450304
412772984
407866312
413267178
446694001
475851446
410570498
467955374
394289504
13929092
327332317
343775413
352041380
452329949
452589357
233264837
57872443
316319816
408847726
225897968
294596632
447420463
446662525
444798842
443440973
401526172
344831826
415767724
406940689
434252047
341863969
414160482
392148648
416428188
327192264
237086572
413466069
419678773
389138219
419968664
308216881
23652121
232072890
408933740
250369990
278801846
58314724
79345787
413382892
410797694
413538258
47187708
413257763
413420665
395954246
397520871
379438625
403663815
208009894
396224246
253821452
286482416
347415638
367381486
336619811
390998700
234132875
342443386
381812571
188802001
380638708
376995584
172916572
238221651
363817384
332316466
364691366
354084565
287402282
338784738
356657492
355905895
265201855
346357707
23496501
341651283
161398851
339403792
83735973
331373890
305957951
317973463
337669850
337491452
21126394
173611679
91061111
33309829
20640332
41628255
32735359
64777527
