3247545687
28193822
4447132272
2360707987
3983488641
3283386284
3182271704
2185483322
41223975
1558096452
1467629551
43201946
2660680741
1376714814
1189295203
380118889
2262166352
86667784
30141815
41426732
518698238
55092723
262339896
784442935
965471436
347909002
14478423
829861406
354591715
37836909
604281110
347575590
73952764
418442948
29195853
318012383
442036455
562525914
352423565
320993630
76389527
324460825
263985008
445060758
38977471
91960719
49747742
132938788
292089141
34010457
75397412
68068542
55666556
342423239
417354114
415117649
405998079
361718080
22574648
17493589
191636223
19889696
42299903
170179045
166758085
50938797
53454031
22435341
28417892
14480700
49597434
54317536
54316526
