4876364381
2465049607
716829421072748544
3226339184
3146008820
36916922
86540477
22810509
4188149832
14104847
4549917683
2468054402
1380522258
714612032
230988581
323423056
751871942
2451764461
2466170298
140210053
266659459
1683260238
3295674607
3375080242
1641271440
2344936356
3275102701
3295947557
3239207601
3217345450
783655560
205360046
311497771
3072804637
2457907200
14566445
19290107
177644273
3056406404
808458
3120102123
18676311
3104430519
163851097
47253430
3130148574
363344205
48572412
2174329848
3107941126
76057201
2594218632
1480241148
9629222
26595738
2635174433
1850994031
1854512664
899032327
691333
1641649490
137460929
24088682
30968420
75538283
337420999
803575969
810367088
458046710
735721495
480161922
701174365
163252000
314970646
594097276
28995763
405860043
80376366
