714525246553001984
4857619191
4486364059
573165696
549099714
2486058656
3347709004
197913288
2970122426
4547930962
23959776
723547717713190913
295597205
4121860397
3873632355
722038655121027072
1551206947
310175418
385072513
2423166942
715698756834820099
2692688090
706116872760983554
1022344573
3805253772
25127634
1069522856
3207764559
4037732740
281145380
701302628542599168
87017657
1153538011
1339698558
716582977166159872
1379994174
2839335324
3260391482
2547125526
2452837424
2780586809
3033228584
715304482024849410
784983968
716303124869357568
2797907509
4925417726
713528456760397826
2603299801
4893690581
707921033064484864
4873554825
705430277150089216
4459200413
701385869199015936
2777981199
448070838
16799472
455687665
247031829
2979970443
768819619
4841638029
4840290741
579223166
2729707982
3666862103
4208883561
4096319063
4038565702
607176185
3498496934
4376889017
2468076587
342007406
955570244
961009940
4483284496
3214441630
3307885201
2916014346
3994324697
3535391535
3944206043
3844205777
3747398893
52015826
784675711
16867434
2779409546
339653667
3468189792
3470092213
3471221000
3307836060
1086078085
891959041
271867145
3284525797
880863542
1860141031
3316149104
1880672880
2305556521
3365073014
3437569990
3305228630
3321287892
3316681182
2207890876
2414834909
3312720793
2665416144
890803742
1693630290
3283325090
2539897226
3086806831
3383632635
2188882011
3253049395
3250973973
2909983905
3306141173
2858548836
3186870565
1611172760
2336820429
627768616
585261148
2275173404
3124605225
581665866
446213670
519921962
710855854
3096392234
3036470220
3016337509
3017884759
887701548
2997570024
2997549373
2532510967
2609946646
2942017676
393654884
1734535826
307257119
255073085
481552341
2438117627
434344627
446332748
2853616437
2839386128
1640127884
494501928
736993363
2519840269
2491975092
2438243512
2445241523
2366188454
2232667671
2259385421
2269477263
2304492057
568514167
382615725
577489594
718633509
528650400
803788783
409891869
1927899710
1910865584
877703288
1851995486
1470119959
1904084730
1777079840
1303286070
481401919
621663383
1017550080
381812176
304604395
372634752
524829485
425803217
