719598311590793216
3294249890
402260609
40818516
4706270920
3307503563
234996840
619812868
34386035
217634501
154350597
4686096776
1339060338
723279253
3298437757
472920267
356244482
717627639159128064
1258161890
350197366
3012895199
23789498
2485471267
331058416
717077832535564289
3419080214
1952998376
709497411144523776
719296759156051968
4890187717
3277814538
3271255423
4627478657
707952815637983232
707535142559023108
410226900
1649173568
717861566029369344
719155621468225536
1128075277
30877353
2431253425
1097268498
718408813624311809
219741109
26271469
208967993
34704729
254934622
715018762324287490
3580248555
230927249
716928692501524480
1325147197
368988148
714262935665786880
2587100717
22733268
3816236414
714451419764490240
42731742
4569307222
111138017
2651716056
712410643647897603
190764148
880237465
3102999358
3023863007
3331835352
4547869279
192091856
54884378
708856225878900736
17376797
705723502033301509
2616166573
3836008983
2229475223
96193857
4715266823
2825202042
85861034
3843009257
20110886
59324480
2923391538
30753680
3990358228
2857195695
4738429414
634763540
859229761
1559025151
4861803170
1008159265
4700436012
25298129
240901822
42310748
1669574551
2533221819
2715189193
29377231
4453143914
19479214
22136891
4836744517
1318446541
242847528
4038522193
906604656
3635365817
7597712
4915480804
463200836
2822910689
3862239733
1099542679
846871074
3309661718
4064540242
1356992605
3164423109
3254157626
4869956757
16667912
2282706721
4289431230
3403970817
422254528
140857065
4691365230
4890528285
1258385136
4719086140
2996533537
4839428734
536723320
145900720
1338047336
478383774
3772895061
1155825620
2960772875
4807835077
3176977620
3302124517
2941027065
745809097
102283681
4628094204
4852392908
383418826
3404539072
4872415091
4143265289
3320712379
4842922936
883035882
432010324
1312120586
106240651
2149325455
4029018734
1305789096
2565732564
4594740436
2869223354
3152198759
2982862708
4496107762
3408036279
3291322476
3188208532
3310800620
611350965
1241482806
86335582
3189224460
1111714945
4834567467
3253946096
54443091
1562937696
4514312787
3511023913
2168461388
52777209
59461030
4776543861
2890103754
4209839393
343772856
120295432
38957083
1020857448
379962842
714469454
4720583958
1016899946
1631271504
1403364408
556168181
211899041
4558752015
4662797732
526543074
22173790
293275271
2650147916
120181792
4506050577
258226360
1367974088
4251627138
2505217933
393768350
460848476
3893162519
797557909
33529092
2203995476
999618498
2585151378
4448516360
4559632394
2254351549
2953295697
19737879
59374265
198764723
585373512
1049681827
4222181171
535964550
16492765
110071965
1149080197
17418337
21091983
3103901558
538711270
202441445
4342128803
344831073
3234108048
2892478027
317284206
2207906810
381308128
155102206
47390480
3500774418
24222640
3083490650
3249473730
108733116
4307235683
1549684704
3427200023
2849307526
3638310498
369341304
1104124604
281329811
3318393120
972909709
87262960
2606801967
325577961
2498964074
2207780696
2625497896
2581758266
2850209533
133113981
275657210
842580410
330594881
634279890
526718082
208083510
1260386228
18646804
466442413
16606038
28465478
576539583
3808092012
2512732765
1904507551
2982404955
1963571004
22075828
575476401
432146849
490771886
27553468
3602774836
73717434
174046229
277014798
934785902
529747739
4194164063
1618641848
4146984858
261749735
1072022695
464184516
613280139
3330717046
1710869538
1101621901
30362607
16518900
55989285
2203768105
3065872938
20675681
18655484
3105603074
2842493639
5644772
121655584
133022865
367932654
104971300
27789999
4092200054
22463719
279134171
431071870
2616520477
18772468
410853772
2937854619
160373854
2458978868
207033687
3836010753
182265955
3400912157
55853657
31435069
26572089
1619592512
3127751330
2203755894
42034114
3063755097
2528990736
1075460258
224704470
2258207612
3819522268
1564676498
25826256
976664240
3008665736
1920237084
2883496247
18124830
2574833642
16148677
717958574
2854781367
61008839
1370971824
3047452899
18740607
43630962
2450465605
310354977
316084728
76525772
1325184366
3383027231
3430726985
288682934
27086783
298292141
174618314
3313719260
3707595855
3031838684
1318778208
101395252
1102372909
3804660435
3312579937
93776473
529573545
2316246829
315073177
3593640435
18190205
320566533
1610239584
25735851
477174486
15905092
247903672
111388892
3082159592
1030495537
1265679950
55976150
403171779
23025248
118226008
824328062
2417844248
3404952826
124075592
16023914
3407135421
3228959978
3434719150
52944689
999453985
2598626905
620933230
102415827
2771377717
500410336
474202929
874850683
3306538976
2203730634
24240411
593735572
1419652974
20289597
3002495489
210522936
3239554958
2312494016
1877482201
2951496810
1898509585
356434482
39003445
2241671448
77223165
3016960252
2975562845
2830629595
22341769
54762949
3130175680
3017567280
216195586
501880281
27741349
1434635390
371932584
325450455
2577175568
1052554452
915137490
18102933
25320639
49152138
2959996658
2991886559
196229864
17757005
2923106759
15161837
56021644
37838300
893993077
1096680528
15785754
25841137
108015741
86409778
2826383723
25679111
2701825014
1368601634
2334672679
51682281
2157663212
2377373731
2482817143
34777831
29496283
719391704
164322849
2742011150
846221305
2414072383
2167674121
40443752
2592051254
1342464726
44209472
2289118140
16155581
9084622
60200562
28096105
2551659325
2298866723
18906599
231256015
2533608049
1393877221
138864371
292432931
212670233
18810387
992193380
45306829
403715681
52750457
40037388
90310822
34835736
811477999
46303458
552382596
1457359644
58966831
318182225
1117912124
81527275
2459328714
151990447
531291518
254237744
20819456
16563471
40933275
2428893655
2434593013
2434287943
39885951
583456963
2319174332
90055266
59687988
59186941
16692057
942917340
46869803
870678264
239712441
16921998
314987960
26216022
579069568
2310769921
15722673
125471278
703561088
110162490
57225858
568326591
531524449
1576977277
47431330
495464885
2386243182
577796848
1963954820
16143703
874606098
2220788531
347627434
406489223
23010592
2327583103
2278462040
2285910900
97912404
106822606
19214284
573171520
41174721
166632802
239930426
86177206
72547151
1928360803
2300407362
42769016
22154446
80579719
885617154
27903560
351361539
18028981
557398067
839319103
288489092
309926085
541121054
2310309216
1669492729
23330730
51738464
547969112
2171342526
38925280
25169797
17798031
34976385
1336169892
146250466
532542705
324329328
19563355
581074462
212097279
525737003
191052555
531932499
228118184
307735441
2272193310
627062744
18393661
86330984
22456513
27909747
168418797
2181121594
743527070
189598561
561654065
20347310
727132566
2286207175
23039411
33079769
429186166
19199660
1230072768
875627605
54063059
786230298
919085773
190905427
2269730019
36801964
29284444
2305888410
1075358762
1581599582
209941571
22099720
42126668
369820501
510409753
1921721731
259562750
1284943735
427153052
1679728657
588532665
111381659
240393970
466090255
19163689
1441093142
515597525
50057841
62692433
33611715
553126021
31393803
1968003013
137859132
829735580
88494677
374734796
35784576
552848796
893856362
1431873422
23416370
1164147576
177307325
95926972
1444446630
16992416
170025854
118834118
48088063
16349648
26219693
64946742
307154654
542962969
825876614
45031918
1158606878
248396867
2252839610
880494222
911505115
627843977
338615240
1736127162
277501298
19552528
1525441063
45156531
1430814439
104068896
1370016014
376203685
50836292
715044396
856195111
509018908
1726371277
2233655412
1655392543
196871565
1219144500
366819502
1955132936
140640762
68819317
758066780
514523937
940368062
1005486031
59909115
1619712673
33962024
1235918263
1379288282
417451460
1255621518
892111028
374284216
113092693
240760644
518976581
398919818
158854781
568240602
15256077
262401415
72717549
332637055
222695674
254732884
26900055
374138602
1959743076
263471041
1366631
25002819
249203597
754185648
1532592625
2216394938
450697476
316406582
731208732
189681171
1209417007
457712573
2250605707
14720411
77197634
1055920698
231295638
27866022
2203894262
531283897
273787769
19653442
2201885592
18610043
291941733
239432753
334266844
1419537632
205883446
884304968
1732760192
121307698
28918971
1615120352
1308106963
1555276638
1854896870
342894187
935076804
26278305
1177626974
1947400939
707305604
6037362
1556741598
21598830
224027124
55086283
35051304
2227061582
952112047
393190233
723917508
18662181
18879998
760203547
34360376
314260116
14465607
270636028
28478345
2198297694
16672662
456743537
529548712
218160482
1193072786
14225587
546222571
1507220568
182550591
1096901059
129019194
1382194524
28252610
21565264
2163167485
169629177
63892430
294892027
163671640
49671976
352462668
2165373073
2159983346
426565939
478855762
261008103
561310591
576587778
272133104
158286198
72350324
286349282
1623862416
1065869268
287142039
18284815
169394331
150813360
414900957
316126656
110918004
1441402320
570911869
779232708
157897077
258069035
1321399808
121656624
360080281
169117805
89496720
260920107
1096452331
212302405
912598626
59764483
915594294
27618505
115945502
312938622
29120250
14367719
75101602
993951462
448547165
632466068
906620078
30467603
822232050
1019060826
26257638
619510222
149315713
19917872
222998682
2157444841
36735027
531476360
586948122
30944131
19786336
2147823622
24305174
292590965
1009195424
757756885
827606220
800922559
199399954
529562997
1114875181
1654720494
428081159
50094643
337892809
40334543
45574526
381676787
49135957
938948774
15139258
361859989
109441206
80601437
610943786
1660227277
1588866992
97963881
242618658
1713244021
253661386
1062184501
29987506
264268489
53717114
11102352
70156027
27783848
56349680
56107478
260907612
317652514
17971747
1447849483
947843994
266943104
324602503
19686924
501709599
345551240
33811812
190089336
609973457
38122727
16557667
44258987
499140225
217543151
732980827
460748307
58853276
36684945
16074611
335437228
20850483
1415086196
737461466
18019121
23205346
555646164
440688620
1081739791
144350248
45641358
258527170
867527701
89005882
47019515
263236921
18927538
73657657
32497478
631293644
296558572
442192189
710262462
1132232611
18244206
20958510
554335063
981019117
47625072
50925084
264129564
801204030
332866727
16703058
1018957536
965032207
926748984
601185704
479132341
850284440
17752368
507597672
205835478
25770408
714778747
882053713
342460950
202204333
79638576
621491329
14093404
38842922
258598841
169830256
588479306
552010538
1834801
260567394
362540519
340033776
44778859
368480219
412065930
415662786
557402157
386103621
77282328
444057430
31198845
549680368
10207502
61318348
569762875
722461375
59110981
117759777
715593794
333797068
518682671
498230100
597168901
31114406
17095267
515170075
571533105
554117316
41400882
397153645
201453157
26122639
90400363
288283415
100116053
22949998
174316096
107745212
190910144
22094180
88862363
332355104
109782727
15300388
101264587
183301058
347057474
320937816
356837905
180074028
334537201
199051860
278622530
342931674
43334571
390520212
308210202
20713266
160491983
158060289
166382029
64723403
39930469
89056028
19286059
177584156
19795220
513957463
521760728
57652284
574045216
88804443
66137053
289019185
354100719
328053246
73408582
29063596
16710420
15453428
78800334
16659288
53597324
66951419
160591174
146772127
26068217
19424979
391837240
19850687
451200221
39936990
294764291
18822612
250743117
205425209
16697527
19947404
183408798
243195043
521871781
40931878
80758998
53678140
18176907
23195603
408942455
83455758
236037775
249504740
524018698
318136173
464253728
346237926
56449803
300471051
500324634
450208523
354536012
223709915
50434933
388066965
36372001
478556287
14651202
73099646
396052955
36541739
34701889
453574801
70594662
19408986
183729766
176909116
188848758
471746394
114547606
310540580
36079719
34942467
256113470
359471622
426705080
424682145
300502354
425059776
300554113
311167009
206522478
390254149
109126346
312139398
52906688
393456223
18400385
37080099
32121888
374331041
19418408
49964679
203449438
50687410
344516847
58181938
21044127
21343653
244209277
344408358
36220671
262349987
105706625
318971627
309262500
15932085
14344823
292923201
76808845
298790890
329450781
34434801
41517468
29888040
56532503
218027755
24369882
223261212
31059685
294231047
291545711
238325803
14730894
36127794
22170369
15029174
20016382
