3164774293
135577188
2338237189
724580845588230144
258025056
3676270160
107766082
713408458473639936
701922449449885696
2343879919
722798069654360064
353672532
718527061871046656
3261398631
3247500218
722039842696261633
231853909
705888557085413378
1328778984
14297863
19726943
3311654904
712767105398079488
2886834023
71408266
2926128044
1458658992
250525657
4482294142
2546562188
734930461
65081413
420919532
4834050328
700800823
4694072792
1172817386
3054472759
4774208654
3040030648
4100953924
2886253346
3875697311
574998716
4717892303
2941351219
3427250171
870423624
470191356
705422030963802112
2364021598
2976634499
4898429954
714377419
4849097990
2336163129
3284112337
533712415
2815715756
2847234454
4528309034
3911707993
4698427297
13987392
2421067430
2393802698
722510907931172869
17798031
3271255423
2464018248
16062087
2438724661
2574956743
4339711516
702166244573761536
2465203014
2431253425
550578976
3625968736
404299686
2463676603
64916996
1093307340
3911216058
44135635
719187199187673088
4809178566
710560065279893504
531351424
2235067650
3138338070
717029315007946752
568032922
705441738391838720
3274916322
712872467438706688
701285115574378496
347627434
423977954
710278115
3322438176
525713285
709001271647162368
492424341
3503738956
4350784692
3347003583
3607906634
702164052466921474
3027167306
4898583035
21588316
4824422625
1203352368
4186498038
254135866
2871668321
2497603068
3036878181
2814213373
2923138299
4298719392
123837156
19246655
1951019052
4187551398
2341139364
3028232505
463100232
3806706081
237861255
4143647353
71962906
4076850880
596110371
319050143
1676972539
405022806
23134543
550853157
260838783
1317712621
3363921843
3735142753
2911828067
53825535
23260256
2994137513
803551784
2209125307
2461243788
2956557422
41548629
2851807492
56391534
32488823
1553716784
1342073965
2185305534
2914923409
2708201593
15577615
632993481
53052051
1951235436
2859393136
409765810
2798003730
2791173229
2326094407
2444330390
2784565726
774215424
1708682162
244405901
1967181110
2763517179
91226899
2235101221
2779292708
525894088
2201873430
1676194938
43519655
2728165164
234482705
330652149
883900254
2719990489
2339567606
2648381887
467639730
2386037198
721126415
433983859
31507811
2683281451
479178020
168649173
181996041
2300467970
64264739
1573220838
2384326502
309461515
1707917293
164698939
260417833
101093613
2312838973
19850906
60261918
48572412
2458902796
240854513
2443613544
2423685283
1948393004
30095544
2290463779
134980601
393888637
233607666
70743982
1399414458
1195283059
66530223
178058981
537521311
331196360
388267409
497441104
