4795735775
4440678868
2659696782
4925503078
3108006217
195162948
706979688992866305
4888620017
608823939
1182871700
1098950845
4704423985
162549892
4054453365
3246734679
2869277979
3529517295
164021985
3402187078
3141809781
2569330508
272230161
207475291
342204801
924473809
2893291054
1187173784
549253245
2951603793
2941377351
2422423668
2422504508
2510962180
1675635642
2818757333
2767353243
2739563751
2744930885
2670368580
324022707
1963862455
615243289
389809816
1442292144
2332444583
2305769190
2263219130
785381130
2230631767
2149780184
629504399
1945311211
1064349458
511205781
1302089922
973254186
20953296
471679454
874414321
558073450
1532262486
1608467396
416685898
940427300
422956801
1551414326
274026955
1532279833
625344405
980868654
240926845
1465625503
928188966
129709859
393149585
150469100
1332874002
1228375808
1210312878
392444977
99583887
1164013938
612997798
520902004
1076937740
1093464583
98038309
1085011788
1025591726
1024533662
1012311590
599788225
365169812
956711192
942782802
935817811
924398166
395487636
48177942
868048760
888000912
523411996
415472641
420014720
596879518
816417715
789674460
227841236
568349630
195490657
566764622
637271940
743439564
395064776
181824749
718181588
391570987
224288149
490397264
287926165
105271800
284293484
401150047
231340909
268833966
576850203
75951974
557148472
149889729
571852573
133023737
297650123
475351304
310586430
192097648
427952627
277706974
215730516
438147462
227772783
150410805
