634132862
574496048
715155367236411392
282034689
3437993877
3739408877
704121480762695680
717193089408962561
710398583355256833
1483515956
715970577144684544
713014818953949184
3321831363
1191257221
2542131216
2577781230
718496159468113921
4745596893
716259691362447360
717783442184880128
720696601157701632
2701643387
701988679225507840
716982960247980032
722798254832906240
714829604356132864
714155168288215040
4811551998
705538245510176768
708469924792958976
709052013204643841
1034029364
4617024675
2800956939
3201786454
2949789940
706002007497302016
722662566816784384
714972020644118530
16236786
346665367
2427877111
3294884614
3431622179
4576192460
706405051
712528055890259968
361925497
546269928
71836829
717094006656786432
4605135623
3399417612
4718766622
3309146742
4461506175
2366390365
2202519416
3913873695
3794453363
3407923102
233647828
4846829793
2784170003
702442438
577335312
6042412
885625610
3239685915
1657864633
714468108073873410
270655303
717775008534122496
719440067077488641
1565249677
710813720780255232
709810803654787072
714637419040153600
4802454080
2525224598
4464325887
599323844
715605511832473600
714787896876605444
4020217527
719717898185519104
4388255482
2218559240
936276248
3707186472
701468710406590465
59483409
403026859
375257774
4744284949
89323573
720947816835727362
711979518131625984
1902631015
4395630929
493097369
424321753
3104652934
3481983196
403828161
2889094860
922847460
47271556
3013454626
4917109029
37350587
4164970580
2420850852
702202245
4498704274
2720627318
1917838652
364279517
4174188437
710144690796900352
717069526991417344
2635372961
715797687749197825
3397338651
184065976
868055592
709035339898298371
3084782971
721339912843313152
95777654
2827785023
46218803
2506633333
394970418
3301856247
1129410818
1284506150
628936977
273525474
348732783
3420335085
3025900581
4837315805
3093718423
4802402558
787761434
703244125005594626
343308291
3320976388
719383881334530048
332308992
528739646
722098935649734657
2549016857
2322937225
3351286293
367416244
59009527
338713421
3883831636
1549329612
722213955763073024
717070209115414528
2606051580
3770780235
4850953684
139214387
3854038335
297613787
1860260125
2408156544
722211001999958017
3015031480
197595393
4839912239
4692103394
711964838793244672
716395261099163648
51588583
2897185620
308566976
734024186
2472865538
702361411482226688
1038417019
4513361315
708320140270641152
1036338062
4566664589
708419077874839552
714567989669072896
713835920940773376
1195651093
702093254196486144
4885114841
703197416967647232
234194427
363167257
703689959065198593
1222429345
4895877459
4891418404
703746361137692673
304753702
73933358
464960440
333011781
14914938
486358649
3306449848
2326941825
2425528560
3030586610
448438557
1188003200
490686362
549578992
4855022883
700858160324677632
4890624035
2357560829
140492416
698197988448038912
700857624066134016
560669015
104165205
3367585144
700531499309907968
4925898797
700478887696793600
4927990420
4860403404
700493105242513408
700794003785011204
700801339723530244
700798951528734720
700800798167605248
15923445
700532878334156801
3509765775
4927448967
4800343668
700527501999783936
700643497389338625
4926027199
700746895468138496
4916892197
58578131
700752790608441345
162982695
111698159
4928520881
4892452737
4877780843
2582764448
3558581541
268177117
56293707
389322083
295422839
4064522770
2944172464
2376261129
541066782
1645800366
3245657679
205925375
930295898
2323998945
1083306235
1177104584
2720281964
4921830501
19008189
4915814068
257535775
4911320332
60682153
735050322
4925448355
697778915272740866
4799196796
1538832012
4878754167
4923943584
1608470197
405514351
2492214895
4831167033
192167351
3416327368
2732105253
3685964965
4537572023
4049167121
4243743935
3244558384
3402055870
2331141888
412350449
337846114
313647302
3149139687
4057209448
93080678
375267106
1849211436
38485326
54804311
3252591815
4885712021
4899100647
2651888838
4924421687
103106691
179130674
360971530
735431834
1166662316
124765669
2955853845
3711407302
4423027816
3457415237
2472124664
258887048
120036324
232905913
4785473129
93496339
1594758330
170148462
484745565
35099519
4865767372
759995965
118046102
3308647565
85008170
2741969761
2932255857
352614803
4818475505
2693199267
2543875482
3251596228
4440300035
2724604746
33911670
1737416142
286417078
66404647
546494946
278092678
73377475
2525829719
803498155
159707773
3293696029
50633745
171327101
109237155
157449891
176459610
276234522
36058108
422458175
4914237100
412442333
112910279
4830364121
3349397482
419068462
65194422
2550858750
166246775
342902276
250384991
466543819
3407521787
558257649
487666656
70215856
2541248787
2176902418
4240326022
4753601297
4915622423
39887757
50498730
418996035
2816007016
4899890302
59598654
33495086
174426425
2276877977
4910185361
4898896192
1354814216
544724207
1255568630
3384542541
2667563480
2264368850
1608128966
319972508
168734323
