2562149473
1411675393
97383592
14855279
4580095214
2726165593
2786278220
4665463884
722232259764490241
2314432183
3366513286
1630543472
20192882
2785121515
851740098
720372787664146434
3230665228
376302246
4817629057
23748071
1198397990
716288303201255425
4009304782
2789275259
461576749
15944300
4005289872
3367987133
709835906383937536
4114650202
2316246829
593921333
707329335116431360
9811342
3223635620
599592340
342474927
3194360472
2804444814
27057076
36376384
80969635
23108397
2396903208
1571899218
562555844
93992869
2235731827
2149813171
273642717
860101308
47517209
433870667
897638228
1411234410
145707063
164081562
1245418711
55895038
987130837
106859203
19407246
994333274
1112415169
26389405
1059467370
133148110
25339573
133410760
154562384
61090716
31165467
443132718
271051766
23856253
179279607
223589681
