2687764388
4833343487
208568172
1047204218
1957368350
711336112883671040
704289848673357824
108593067
708063091418763264
2828705712
204132287
4893125805
3592503441
339832905
713676725796921344
538711270
115681686
719187199187673088
1939110636
712746491442552832
373367371
40908168
3153844428
601346238
458359776
2417844248
2302134816
79646958
3259126782
4873994928
12980002
1339060338
847770697
2205198069
17148456
702956290327355393
809293261
1620539378
3045390808
2997910595
705902960967094272
714678926472249344
720567112863907840
4922884573
2431253425
327672977
1579287858
3293095195
811352982
19173608
717804192857980930
4332740714
3320712379
2329373178
317561814
717750470559797249
715748827962150912
20812660
93992192
391035513
2357142594
4863860536
190878483
3030071640
701524638497689601
716766387365101569
1657924784
2329396765
1952437220
4847190860
709094651270008832
3284112337
710998180117159937
346924655
3968544013
463824316
3277814538
713459371292884992
4102376488
46302096
23110106
4530031518
4895186632
893856362
1727699204
258329760
3031838684
381108914
403992815
1338765866
703535588180410368
4090048576
1493267851
704264402879553536
3288598806
342894187
2393063119
208083510
347627434
2584015260
523764909
2749858280
1038476209
847804376
4910801009
53409654
702291903673298944
25477701
415552102
862329896
258025056
586674717
3193030457
2766768008
378206995
2753490355
336638653
17334157
4825847110
3281891192
3290281720
1579242656
26020564
86139193
38685099
