703606168451678208
697525146274418691
4893775779
4896113441
697464845906616321
4410493819
105056014
4884316144
2367726390
3427053725
4254599914
40049806
3527856132
529694095
61344211
3438886631
3641827512
3231482135
476252081
3611075817
455158979
3266032465
3250856054
3248120678
3336861327
3047470862
2889339225
3333696015
3313484907
17629501
995341002
3101176276
3057962907
3092541919
3061768773
2591659057
2963591957
373703345
2876956674
2923562501
26076552
2450665358
2557083954
530792618
2832326958
988166942
2273495875
2665326542
2550997622
2709615118
34704729
51674513
1375295970
2507871302
1106256690
2415888577
2504624445
2451235098
2382863222
2298099438
475253822
489456122
50735431
104970805
22686368
744752340
2164541756
86108210
455410831
112040233
34741599
162214776
192807368
885496692
345134536
127304126
