19702108
83695067
1972145059
4923469004
1146175190
4837315805
722222810836430848
242732114
2232471007
4896320854
146515018
703647203697565696
709074950498480128
4519385298
719289641300598784
20703645
3313718852
2383721767
2895049609
3271707092
4518972996
178737117
2173474165
1437449748
33449164
1449382285
2846184633
28567481
710364926846509056
19683199
2464864208
253440488
4917921642
21762642
4903012053
162979970
4375031232
3312973808
302702670
4864294271
4914751066
3312913686
582849876
3444335184
4374991752
2467407084
4374918078
282287720
4851054664
214195047
41268882
103122226
16518607
1001872554
588559501
1702867363
706840649
2177196585
1061350476
114247916
336963385
76793800
82407271
14356706
725078556
1373283571
4508276894
3474059429
288900021
188550165
618720479
4194148574
488414032
2211924120
3005947449
25239974
620552773
2184841976
3063292368
3353414531
772038805
3839766015
2254393405
3837275781
3777068721
2546835132
714894272
2446869582
1270055930
3385366175
46783839
32472520
74560269
421977419
354137263
2897412130
196228443
2549588113
218922058
3398061981
2978725049
1284899184
3418772153
1058720119
278816980
2844128016
3293977520
3293680272
546139160
3272316552
3383145261
1405392271
371281369
88011228
345583248
3258098641
3270420284
2426453600
572871799
3301095706
3259104230
3016909430
2417692771
95558225
498410661
775193406
2840853851
3305940999
3190029011
299334903
2293502802
2880417144
48781983
2204095177
72887166
3289310975
46725755
1378349492
20515090
37839629
602252551
436971534
3193510069
2364394976
2550425197
21063952
102246979
2242662217
16248319
318916501
16586626
32896052
1691752808
25591977
107460942
1020157884
2258993298
1418166697
269938879
2409241610
197846545
3201885207
2768294115
3168044044
783396589
2859154649
2813984279
2576053238
527148575
556276847
346921768
973753897
19561019
2763531484
409723545
2400287090
3168453194
30236344
3162074812
140068597
3041712022
2972466665
155554244
120137449
620130811
172635054
2364205952
579114403
1543437272
2346301802
1974090668
23001804
1969053690
262843879
596859864
14956673
3130529612
106817676
194321816
2995259119
2304480166
14105540
1707857599
374259569
14415783
210960620
87193787
1271823283
2978376018
3144847071
57341314
364621619
1051878806
147700865
236743947
2800897139
2902156208
170888575
493227062
183963815
256628776
1574681400
232342189
5664562
2265533905
182130371
19637347
497385338
3122456818
855552331
1970108690
1698046658
592244584
497702677
2592036300
2471903492
2513811746
100638300
522794267
3093598883
3131328201
3014275314
73873141
3011476025
2852391191
2900562663
3034481990
3122904994
24046313
565625434
55848336
3091811320
3120826446
2393258641
611977298
69681766
3069878418
323918881
17877864
71165327
2235577028
3114541962
834727136
260340277
578321883
14505871
52293641
33495086
820205892
34663615
2826695573
2209606452
347586885
763929312
35767916
2850057857
718706882
3108529628
3044730550
870618338
99561903
172846897
57497901
191914406
397487196
218629760
37599351
21535166
39398387
2549921365
2217052843
65198665
2869107334
523192452
2938306264
50343263
117836693
728265678
2654763241
557525537
11408232
393861856
743856512
131877564
2906387584
182384817
1690336993
2545027398
178203295
1546670743
158077330
41265099
174880584
2918677578
299869924
499079335
3071812475
11238462
973691400
45940480
2940121050
600676901
218584634
2660043780
172592713
22058146
2406652741
3066375712
33307287
2893523961
15197279
3092083786
74318360
360973284
346084664
24085294
2865512151
336392062
2841834604
1016765533
1352117443
3036244732
513740524
1007347928
166333205
446177563
2311992044
2485025344
2388784052
3034707569
1053756301
18745819
2600116279
3021792565
38619478
75400580
2486034890
15134093
2854927115
2410047224
140427824
16050296
263036685
1952380376
2978614918
1048324927
1380475404
542237726
2307107947
241278590
2709213739
110007447
3008291444
255795398
244308249
125827086
1686790926
2842379615
229322507
1886730414
2798576574
123036528
314065655
1927168466
2431915068
326548362
2728264865
87346728
434046531
365072257
332890760
3078409737
18041838
3003749515
140635836
2806011133
343283519
26113992
2841543051
2996621406
797502427
959697078
17881816
2358302712
20267632
2535776749
194663179
556942410
2916201505
741788137
2918312640
18929351
2789889671
2528783070
2538320492
2796519581
1942363285
2721131467
2419309056
2364682177
90558519
1462971776
1549236769
2885912877
3064300690
2827494384
17758578
3039472829
3061756646
208286555
293832920
2328055122
2859147144
389244267
2478980054
3060707569
23307208
336053144
36241120
1363864050
83254797
24357823
2883515106
2816678559
384962002
1636660530
24438792
2952934910
779004253
44294809
385316218
23532836
1447571149
17850018
400334819
169265434
47759230
2883447489
197125366
541465065
124373905
151964062
112573581
2775874786
1972832690
2567525434
561634788
1884316639
38712627
577755183
30163946
364005026
19290107
3043843507
17136422
15516987
2540556883
44507218
532374319
486358649
1881047419
317378810
894527666
21492808
515990245
19046757
24694707
107224514
583383887
37232932
121834801
2954152614
561655444
2189561935
3038653574
2277800833
15102774
142342983
18415825
15444539
1446896970
2246109054
183068544
2766364211
240888240
15740809
1961704669
280678037
19210640
59337089
210823231
979402656
125714961
30349066
618270157
8658682
2821286195
2408007532
16570335
2507686879
358800452
15008882
2841869554
212200248
16818325
124826748
2804308122
1134647833
1413438612
2315771641
22560451
2914399821
171996376
1942382558
2987102854
21055680
3006795971
89344182
1593831691
1684364353
33615135
541049765
2885701672
1922502259
8492162
53149580
823551745
1481157084
1894364112
2818281892
197083588
76760945
1616368981
118269391
2425270260
2795798733
2934356161
44150176
2571558955
2352292708
2648819874
2851254693
300511943
152532312
245690648
349418922
14619266
1921305014
893960792
212690402
164257726
162942164
127608928
1488121166
3001533310
2644096852
368998377
2168164591
2157196274
223604189
19418529
2155760377
774454417
2957131175
25759900
21336297
2986394308
185040942
32722084
2468310780
2468374448
2984754753
855452238
2925024806
2161228198
33757215
1384996994
462943298
2270800215
2962044152
438105683
2413031196
2909145652
1654062889
950798946
195625589
2586350731
1587517454
2468240984
17724300
2586910404
161131580
2363036930
1129008805
1424084624
356379164
1110616046
2832097547
1475457458
2958896558
2916413089
24029775
2712734954
280887570
2956566416
420757238
271117759
481297034
2942344818
21108734
250409825
979004024
76479067
126089296
2586167756
2906298336
1653993186
1944926101
2360768707
1643783682
1723492392
385760731
2964859672
2152209149
190022350
2854749650
118934834
27023063
1347655724
369579452
254687050
624556771
475085842
149011029
583952189
405022806
2957745173
1634404717
31407357
1686290100
77834386
24550274
2921876159
790286910
151909735
7668952
764256410
440367061
99379334
612153309
2910441857
2402492202
418887093
1640905513
2704503032
232230665
487249114
1142436252
2317424407
2956614912
2185345147
1408847456
163795193
32330465
287818581
254260683
1035927176
2275935115
2214737972
26931124
633031199
2480912532
17415778
2713229110
1705133024
2538316141
2898826487
106258541
362274217
1414195674
2888362443
358116535
237506355
2961296387
80604379
2326288325
2929086252
2882879587
767750846
599471121
135983248
22557810
47710780
23260060
135717857
2515776749
2932911603
408130382
2805469752
35323590
595190199
2786321218
2958926238
2812410811
2273432036
418459695
2854815620
390323805
1315846148
1707996487
2751355381
1586846551
1700724558
48329469
1670476291
2892476293
2570774133
2857450072
1383277208
2153250886
2896743289
2943187725
85969474
349682140
2332200346
1029390812
2416389580
553068390
62679632
198587256
592222488
2309156653
18531718
2960867357
578528529
1067217487
818455052
275231929
327015442
2959988607
1262799864
1445073078
2952195328
80635387
2798943902
97583989
319161109
844846674
2920412927
2840970639
2858305441
2788681032
1928254134
123382694
27477170
97326608
105254052
2688488109
2492210048
2821177077
818097600
2869943541
2951747461
176949490
2904772600
2651704538
2820251207
36929632
933632466
23721804
2727638175
28106041
25072205
1376731608
1541518729
42315030
243628230
1617553740
2183271467
373054893
330947746
524466958
406380024
632251252
361256084
895959212
62226963
571243937
