3378143759
2903083167
2349332505
702269550
2916757240
317684750
720408186319187968
4440678868
3293398436
586137207
3950586455
438453321
1525715726
472532307
260815678
3040402053
2745650488
720083326829228032
907228644
3310133542
1538150509
963351776
2653695332
717112010685681665
108536329
712382764822175744
2765055261
4627177415
467965968
3407614607
373150028
707333266408415232
366552740
1278646422
701619438165090304
703305072751550465
2407935312
703004677483405312
942676382
3433037319
3566511208
3371253357
3317767846
4919120404
1948267148
480020764
4900270863
1894599026
415224924
4871516650
4158288183
4857615827
838080516
4223062161
2229181458
1542329994
4160586195
4820173126
1641790776
1893507822
415211793
2430527431
4696990297
4691434934
615406931
1035673597
521573688
4455461188
1870123945
533526693
727362366
1046654046
4281859715
850179638
4214399195
3153733428
746165497
2264529946
1129159704
98864777
425540969
2832369622
1327362872
2209969160
324164276
428482849
551233264
3124493006
3893285053
2942335989
921722690
1928250432
962538906
2748244042
719437380
387931180
415872785
856952748
3225340870
3750249196
3342362369
878494764
2242062810
454279729
2742097512
3603067336
379217488
2445927425
831805657
3437186249
2833023803
832167294
3426620855
448165710
2268857898
3402029187
3396329170
355715514
3351832355
3325983610
3289979336
3386638247
818551423
3366796936
2523703035
2941662183
840515293
2198851912
2968619884
983834989
1127032502
308015190
377776940
635067645
457145116
464973137
2755707799
617609094
408937033
1370759245
3311851157
2326000322
3238330357
2313913200
1419663913
3232488120
2222358672
3303974885
603125193
2635219768
3060655157
410919894
3183374951
2235144643
3289161304
778284918
1391278070
3243524387
1498347452
497319820
3233862975
3228186766
3226923519
357977465
3174501478
124749485
3166614154
2354056453
3164100844
2233520173
3160572881
3157849275
1158128240
3121152958
2246481884
614517870
3125965717
2284365391
3118973705
575893545
2393930104
517843715
2939625814
176144528
3120975747
1408706412
3052847545
2610872761
1318325191
762542833
613957034
2729561932
460803763
425448576
858981805
2888833335
3079178984
2600490966
3070469425
501177616
714923133
593618239
965149080
2922175312
1192178982
3061946312
479816649
469826318
2269928830
2965094968
334041082
2979325289
360120416
3041012302
2786491912
479571614
1344579589
3014776703
419578836
3012490331
833307187
626230881
832105201
831768156
2184670399
515878984
1431868885
3002194948
2763147507
349447370
748278181
792289351
2996548996
835479026
1541388354
2981311293
155488241
2182674106
785616230
563351651
2950249805
2275998752
366348575
2959270162
350694549
434671630
2852607375
2886431961
2944495461
2929639409
2927034887
711406555
2461324713
2353858140
2896248189
417539009
2883649575
2388610847
550163401
980772422
355272817
2881487511
2758965178
1321045460
2261067954
2858740283
573062406
365848637
445551401
2872169786
198737126
71893970
2749493151
2223500513
2865477396
1344206216
575853361
1364954124
2357971793
2626081803
2409598644
1494432234
2528623917
2825182655
950990310
497367885
2725275238
2255889133
2799024268
860729348
1388120869
2820912698
2507161823
415082412
1347075240
464123507
1173675600
2312246126
2766828022
2423875342
2561479536
2587348052
840685976
2752509159
386692483
2509069554
2341166760
426287792
2728628032
1674025249
1376741329
1376708100
1375066866
1189276591
904832694
422208018
2577005449
2374049290
711159481
842102048
519955595
557364699
2554709036
2198456326
1668007086
1538992423
833952799
388364662
1930702602
2277358416
1471190233
2499852934
129060976
841812955
2279926662
2468159130
487152621
1023412512
2453887494
2456748721
887856234
2445769910
2444612078
2474697785
473437648
2398572998
2429944644
1431875467
2385896294
2371850482
1401136988
2393212100
552851333
1542424080
411139314
1038242431
264527775
2369100019
2219644131
1666379844
382294550
485991337
1126557115
569523392
2353797746
351052682
2355029247
2352566124
1914076698
1528737391
2347825772
389054172
458932035
618727172
776706294
827658530
915700596
708129326
247965946
2319763519
2304824007
2306899560
2303729557
2302250048
418004616
2286254826
2151666171
2282798444
2272246910
2216287390
392177831
1160934973
760591940
1619160744
61003804
1338072216
2235132140
1374551094
404464730
1616348431
2211283909
2210012204
2163933810
774325904
2177462463
2165402196
1643262271
1577361456
1721690970
1897136137
1958799727
345420863
1933676664
1583924340
1063867874
1898600430
1881447384
1866201312
1790942426
1400585288
1441357260
1722815682
1699616041
1702163174
214162237
1676355811
344009535
1618732825
955682203
1570656547
1556354918
559130518
1544452303
1193592896
1005289908
1480906584
621364184
1335369288
203474207
555396956
1330617385
1468653786
1426664682
911392080
463155887
882088368
593903776
1322606449
1007886012
784147476
404347955
1408809944
420004030
1360577450
629990064
611093578
427566248
815977460
1308994512
1258364658
1273779295
1103582762
1104204967
1270841136
1257444110
749655625
1066959445
360909121
328025965
1232647512
1209128618
295879536
1171888740
1180520461
1158489516
550260107
363991101
1184782225
1048904334
1178766529
591930712
1144416973
1037553144
620484066
630596177
760136102
1125691902
1118437843
1125203299
1067147324
1109988325
1102388760
785873780
785801012
909465866
306817689
210841344
1061943696
1040163367
1054527338
730732387
1035060493
786029209
1014286070
611050953
965390306
548334831
538502978
955932384
706189722
932942040
930436488
907358472
605993913
608623498
352785695
883313376
874321806
860396317
425301514
309319743
829953068
839070374
836795268
836510370
546649606
780199916
743015299
774555650
605105280
763079425
735874524
582322889
736771722
731302087
724424521
353944858
711249768
710928362
630169510
341721547
629092650
504702493
629648159
417421426
626795461
621016565
535641439
615508529
448175229
614048310
583360072
607504963
555543420
595629906
261235213
422366076
557298352
58932852
412700678
565889256
412639928
