877379335
721917289638076416
713219671928008704
3364589120
65007261
3983343485
1336771178
3307317892
794546882
1852852502
725425700166111232
2751618611
4870565115
3247368589
757159999
19173608
34704729
549519059
2793367408
2771406515
18844955
3403559897
4437444442
319320722
720967777134227457
4717892303
3885897676
2885866624
711653083529551873
83682387
223716235
2434306537
4692943512
4798701630
199883469
2478015324
709250276033740800
1620539378
103327494
542986589
350197366
2534195028
717484315198808068
4893125805
23721998
704353017106206721
4859128444
2749858280
3327937874
710140885611184128
845690522
3739067240
4846287026
705902960967094272
703990775223169025
4195481594
714149180298674177
165783048
153283018
24935003
3246106559
330624184
258025056
1536803004
4102376488
705040756965294080
397934975
705587159504322560
3314529347
3367987133
708868329256058880
707557640579227648
3719751939
307699687
45126015
4277271318
708472451441635329
60667165
1969508851
634852899
4479562812
2961068658
3633611729
350013426
1259906438
38802633
2778091990
3288598806
885612152
32587313
3022045469
702291903673298944
701711687468994560
49646639
3388622559
247971267
2512732765
4578799157
24518857
3473817435
4757624958
121656624
31479090
4061238689
419258159
394447683
4107195712
4449043152
4063285643
3687632843
355869749
552168662
4691189473
3351746294
4482707536
3452957836
318044919
3913172953
3181032174
3285975517
4033576757
4136117243
930245052
2596671277
15589520
3740933056
3307776386
63192224
382728933
3376569867
3439252101
4371599354
61727100
1091712824
3202368201
806010806
4795359535
1338765866
329275799
78194344
127499705
3590449521
43196821
4430503527
4198222373
2920659436
3315562255
228134082
3245088569
3246358172
2960492291
211068552
2585151378
374284455
4844550851
1275386664
4633251613
4495715146
1385840035
3919134861
55418201
479137981
80626778
88550047
18198499
2339759474
1963788462
3271255423
294580585
3884598859
4154359155
4616312615
314016613
4538771833
4286853023
3310659202
187918066
16703058
4196754560
206774019
4500337213
3772913417
3226192205
2898636656
1257600356
2853443310
1374960906
49846705
29054598
240413628
41165751
30492475
2368134462
3388611785
4422984375
2746308553
3285820909
3507097461
319276183
204863403
4505209882
3957234993
30160168
42946369
2816395922
38976390
4433841208
4431820693
1895679738
4416452541
3437556273
414725701
3331918745
231279440
3927572774
37630113
1262150760
417268820
2773132337
2764770081
3810200296
2554071175
3908662753
3214214153
15219770
3131772218
3452894301
2252839610
538547125
151718215
58820514
58739076
