623810741
2417725356
3311876545
2825944873
14104847
4753362886
2333960522
714449820459659265
4822354078
3818623779
3112176795
599099414
4834136087
91203972
1222762838
249420175
4271211794
1528239776
3186954354
3411775589
2813496804
3168011713
28124774
2717472696
2336088685
1717229089
785422771
3035735458
2780785301
3039873158
354528021
3001058922
2903966450
2857001630
1872231805
2916085358
2884649079
2909481870
906977792
14854703
445111634
37260062
473882508
317259459
250459104
891803976
302510445
2176721196
30156367
525520518
1725759614
406039704
1401610993
9236202
758091554
1599860138
1069766708
127099847
505094165
