4623667880
2405882548
708380246748303360
725109738124484609
4680846319
846389238
46129982
380379813
719324323316674564
722287582252441600
3221022109
721834157479960576
3322871914
3285814753
1325024918
2653831720
4744930874
717780702020894723
753182580
319857566
716992172483022848
716728718333448192
715896657276190720
242881611
3007304450
4413157093
108764706
713904025243148288
2786375930
710944836661219328
711347618807328768
3589194995
598379829
229314548
27327405
2820814893
2948136634
4872553775
314200034
2308840388
2779829385
702597043378909184
704329533911076864
233368485
2481802126
1572028513
2903320001
3952388779
173517318
4903114535
4901958615
3728627295
4639824745
4419103157
2307155540
200065735
4602917722
4842182450
250802860
4864147127
3096692248
4852296245
2394767576
4810224235
4836071014
2757574138
4772912970
32189072
824261942
852225734
1506021696
3081781338
632106887
2382581516
425149561
611347646
2969781741
4640100758
4658525166
37141221
99633298
1195052058
60610273
2880232465
129310126
1099325438
4194577912
2332952662
46536024
3365204374
4438346054
305809437
534858341
4294636939
2973702352
4263602595
3040769693
3069568287
59339261
377776224
425061651
1308817477
375724931
4182450076
349157203
3364927847
242423173
42330475
765911774
4049965096
3295957883
2458388460
1554442290
116056751
3528146537
3595949123
3235661
379386088
3689442441
3972678857
3242674725
3863065875
3826365194
856793990
3890933919
250638365
2441999877
3772665019
214575273
3765939433
2724486462
3437159625
1897242512
2821830402
2838522133
448397709
3426401313
362157917
1397803452
3632625975
3296454449
3535351221
17131147
3434777273
3343479418
160408442
1662473839
363154442
3146009291
38772962
3351236774
3317934050
364466367
3430104550
2800504459
622937063
32857647
2398347199
3417870431
1279433558
632980187
28368234
20598282
2297581710
2287282429
3291523608
27626551
1195051970
624925138
2459802230
3389068211
2333653107
2617546265
37475757
2952329799
2722428116
148723163
2943160279
3356513381
231053135
394917162
174081007
20711107
3353270807
550294769
3183447870
42623278
3342863500
2328029441
1395984674
3307391577
123954788
21890303
3326087447
45973952
91200980
2499495888
3037323791
2767349395
31587782
3311192908
1250180640
138960341
2988688612
3305776865
1621486956
2998648774
2561778673
2943927754
3229389284
3301026520
1004144918
2940487936
3298514627
14527884
316062286
3219547178
2559242580
2323130083
2333017830
416571027
3194357798
3063482672
3122999358
3225745042
3199990613
2323127383
1378093297
3179413062
2869823898
111421906
23257596
2664582450
393911126
828019802
30269476
340390755
2596647907
2994581955
2583164400
1279172514
166741197
52101682
803225652
352125248
3105093433
2653703587
3154287375
709009015
702437579
442365248
3089313328
1532366262
3113204373
56242266
3105642672
3102328189
1701862748
3096383436
3096366696
3092081662
721475712
2675138623
541257333
3079303487
1202037980
2377812604
3064535494
1053800202
62713968
1167995311
205712970
104633261
55411807
275691810
302864449
1527678289
2976836278
3024326879
35594698
23975937
36362863
92424345
1444154444
3012089463
1666328419
2253253672
1544356015
258550378
448450848
386609326
2938346227
2773918463
2991210627
261890521
2952702565
2512522954
39549162
948779833
2942215435
2981309944
2979103467
2811288299
1222998470
1013169564
2974903451
81963643
376704821
868703227
94110665
712381512
74754195
2353506134
2955211381
189271548
2945318656
2936488690
634849672
2710125168
803126166
2840575233
96840774
2601886452
48738682
501371655
2321634474
2916603891
2915827138
2909456953
382275353
2914104572
77823747
1726283095
96628933
168257090
2854477039
2904079964
318471537
51510704
2376913691
330572870
221205342
2391186243
259857390
363241495
2416213896
250936560
20458622
2225527896
34293909
2848571951
435139878
709552629
1885361376
19221074
117130690
2879882714
2198291215
1032961075
2874218520
2874146497
632321611
20143885
2859038791
2722689938
2838279407
73268138
2786145706
59872224
317794502
2809525306
76129234
261236430
1902472434
322600653
2845339548
439390533
1900959534
434533719
123341458
538268768
1849940462
2779190361
93897559
1849856390
1197573864
2461172063
2802186042
1054210310
301072360
2767174082
618582701
232679820
2715560670
1339504032
39203369
21003009
260383690
2733244351
2773271227
191622107
221840850
930852481
2742661308
2736365308
2675551332
558741062
1182979873
494271041
27085342
304996427
338043430
2466605178
2726949653
553143785
180139321
2537939675
81725200
2675508865
488031136
2721716427
2319106964
776576316
1239163730
18561680
2513072726
2655150276
2652318512
1110020736
581679344
1486864284
2508628384
363970509
2484567199
2277652160
2596615766
392812358
2416833762
235427293
521824742
252428862
2632336289
506042723
344853115
2623037740
1601465702
1306148965
61376741
1254236239
1109579245
20077903
2631556571
2530488139
2571056893
2404912012
2568982555
493406798
41536463
216294014
33386552
267359393
113990679
475186271
374556861
2544889082
233631249
17219983
1662394038
2272249464
1282100826
2464961774
389841076
2564490424
2563717546
274831684
2446164199
2493571226
46108608
338284073
1214131670
2544042041
2252326492
2495499811
2491095385
1654303550
756033708
113525961
746273322
110743804
2519610874
1588674770
38737217
47353664
2469297961
521416757
26085025
2151374895
1306665884
2458608307
450615810
2456750569
278749326
130882940
313572990
1316749207
21061670
831442304
423687040
2437866962
2412235992
2298600493
25040678
398416402
2423949487
2418166812
2394773006
2398982061
543710497
222875633
20690557
2412586002
2384084941
867139476
2188957256
215704397
2294763193
473314062
621435837
2391189882
868348938
376826712
1273293890
2369307450
863016174
1140157932
2275677976
2375665353
1096449746
2353525585
2360279467
2362645915
619731071
339725485
2363070006
1146115021
1723707618
2347054178
342199025
1050395947
2347584884
600320913
508384979
2338633465
2342847122
2333519191
279712161
285584272
2333753500
2330440078
1512191256
555073930
484371999
478304954
15229408
20564778
2319552415
50534450
610407521
2216841362
2308886922
302347987
457508059
2307533203
18826101
792176623
1284101479
362312438
957647641
2289046319
2281594740
97585824
2282494764
2279177621
2278180376
418067999
1230143966
310011656
2272805502
2190607910
624557681
2248974607
2228971022
1081746103
384418030
1945337137
920959502
2231041505
629760526
247930136
2196353738
2225853195
1294976460
1058852047
970351430
2239310402
38596023
2209285019
2230090584
393710273
2172774096
2183545668
2148771081
2207547253
407467495
85337026
347451064
1915825098
2190676020
1731381282
719478855
551215961
184203350
123966796
2151895093
1099025941
720655865
719623761
1354787780
268964278
1010071573
850324051
1408409467
1739573466
1182583634
1860131323
227537109
1643943350
1733533340
1699082630
1643585335
345609399
368547405
27281950
1655884550
437408892
89600207
285133944
1423477328
46211588
1372789363
1685920494
1657924586
156351984
1450451839
1662636217
1651146288
1623790843
1577685992
84385961
1626341234
43794249
21839130
1450300584
53268370
443307142
1604922176
277506480
22046451
742998338
335992151
1496933029
832066904
175132026
518111480
346143947
1347389948
580857040
1563587959
53629429
32908209
1552273220
961597316
44135571
1120431444
514564676
365799046
378128442
1066970712
1077793496
516804722
1526372154
477858377
116348766
637125744
1253361991
1482971125
1479890810
1423511606
255498371
22786603
473956540
1377312974
276141755
257973563
813771906
1472245758
333649022
1452749414
596854416
286909964
160037509
1068705360
392228377
1160243318
414269510
843632407
147816149
1289297635
100066341
71935537
260889660
17933639
220389690
105668991
478118865
23187930
1007676200
1042407806
1326947935
1213101277
1208825562
22510358
87337818
1344646254
26895434
474539209
136729949
14579415
1328248478
767881776
853694180
872314634
246479632
198149354
1226034002
761973230
173875314
17766764
543357307
1255991376
66158755
1281083719
1154948263
508263664
1217125136
22013747
1264835160
284306478
568544695
65104052
521556181
1250029933
956543846
1246189304
550632128
1243986074
721130826
1233264655
1232932464
31419974
1149505550
1165940298
273286534
1208798736
1179290137
310386117
954615234
521301601
891775135
1157132672
1086683892
1173810746
909827881
937993922
1162028478
177278179
972516354
461747751
359771185
283311633
1143757782
1119960552
28448521
1032074227
425454675
1101585404
1099620361
1095510900
1090305536
1089616004
561545851
273705873
949783446
1066342980
1062910280
257930285
979270447
937454742
283757732
276297956
1002585222
971325722
431625045
209265811
956327450
935944580
912894656
235388334
21496358
478184876
19367841
908915742
14261212
913449896
34529488
44101620
216688326
52660116
291246471
613161426
858315764
635671600
821923921
35391258
430292134
300469768
486243052
860816018
484335931
599494656
858919832
506839068
121214200
725283684
252265337
840221010
57463354
482916374
115836032
290021015
794293550
628930318
16047529
317869940
88718820
30044133
534633625
778763989
778085558
459770730
497479293
774965888
771940980
574042001
764044664
760269102
33316655
303489253
511320189
750211699
739045927
49503527
733603092
730439946
249723676
707209993
393607922
389546179
630277293
444770756
153265848
24395057
620031363
462852682
487146860
29443675
611334440
25136930
608543967
579424898
382818820
606696543
418136372
472081265
597938074
596459738
555339787
317744180
43272900
178597161
495542487
62282621
348020057
34124925
279773022
146155514
512377299
17464045
557601880
22092305
15089940
386661724
253113115
109684228
548882112
549052698
316706792
74316828
24015835
44118667
546084999
508331702
387329833
90451742
541169330
402504199
473445981
126959307
289385806
20764745
243786369
370268165
108659775
417918694
518755054
528573805
383956946
342800834
520438544
45103664
198984637
36343239
460509070
51441529
237781906
337726408
378572698
493475634
21330526
504723230
426203514
159596253
386104728
146040695
369556640
259838826
498056803
179304540
434969727
281758052
158759731
300333642
25873850
52407793
326604612
472177518
392834716
461523156
403814547
471430347
470326257
69696867
125737485
116956865
194394363
460379354
366110731
350912454
429810408
372573463
152276354
155871563
426283860
75156776
343023012
251845017
339224171
68496924
19249900
216109182
357618095
404892012
223009557
269089811
397684976
21862896
360327577
19981753
17042869
46180114
19339778
71019945
37680334
310577686
329911072
344140432
54229088
187569693
368517310
267253820
103513969
237767875
357216759
31782530
353274156
313507780
350370257
320663540
174378266
338522325
17487323
298281489
199773436
48527569
27779734
32659733
68880123
126159534
204308314
316620570
151579610
303859240
57342634
22426717
286262558
281569054
67053584
263782358
187945965
133034975
201819791
18749790
245845761
31288732
237455337
243903324
161382516
242462485
22658484
35318338
103711802
216169945
209180887
200162837
208198940
143339948
193733831
91006165
138514364
194819848
175458532
188649697
15689888
69142155
106459608
165864565
115645079
109607377
108353904
95285720
92445138
93557064
19221593
20868243
61278816
77230014
65064366
48004310
27328740
61319349
