713663466607919104
719578099407589376
718530974187917313
236174510
715335932052905984
4460038992
722264871383879682
1141720776
2997051844
710209941244657665
2790019287
3347941265
276241089
1002634105
1659088698
1700346348
3068569676
601937795
2999207871
2970716104
2882714812
2227421707
2871604235
2888888480
134932430
588022088
2824382075
2382558855
2824546464
1584336018
428770002
393962346
1975217353
497446875
623126812
245494412
444349673
2756814940
389595199
389173173
1669451510
1146320329
2488341471
2612966670
2411503427
285341727
423727249
2511292182
435388827
996118530
497566186
328111120
330675658
762957866
283312132
2733919305
336902969
1669509079
1385985619
276844366
395473485
535338087
314639147
42634368
2612703189
26815677
399530627
385126953
154257437
572982512
1582036532
1661529224
551008064
438789641
2749220813
1102688641
708659561
251959147
1695246421
400977864
101424024
1059195854
2149231563
458139708
796123208
968224795
1140030468
1376761573
521830081
2502778639
171238421
2495599911
2319405766
281286523
1059784956
2238991822
2159541148
2164035371
1099593301
1733659440
1728484190
1697165924
1679398417
1631804480
1624253515
1541747402
42139435
1518387596
747928370
634231514
77676103
1434917760
343436477
268983185
1330599026
1438847702
1326000674
371467923
1407366014
1077891559
117796517
534758777
1321523574
627052279
1275275928
1105634178
1267251966
1266618265
1260993072
538965463
1195459951
1237560643
470515087
1190555258
1177227350
1067340169
987022596
1184488268
393139959
73500415
1146561943
457935783
1107504409
879203107
1091015612
1078018891
274321219
1109865026
299855959
191272055
470413016
396125414
1097059556
162563389
610379180
1094011274
173305667
931008397
151937657
32767027
496672650
414314712
874372862
1031850480
54149526
816489625
475385338
426808852
733183272
1037904000
244706479
433839169
1091611585
552312330
809101508
1093239985
50097338
145381815
983476380
497114382
554728615
133886795
542155538
833849666
104944332
438821046
259477489
855543498
879200486
553987888
334372393
618979454
110154468
53403852
1022565960
480952133
827169109
64545741
859273633
624178022
277149976
554094590
985393940
1066528249
1072329493
910871970
701703030
705737610
633682020
726984590
371414374
330529596
818501497
1029855408
510584710
989844385
759579104
400095785
361115498
634045916
852482276
268589061
1006614368
1000942242
970076461
975871112
762950371
72304029
962212526
487023465
886218055
592068391
387930539
428431918
491237477
708089466
599393181
637353026
821544230
19678976
944670632
348140097
753324235
937451046
754412912
964032434
627065551
763852890
171051498
558721819
440621577
726016009
625779343
759561810
791039700
708801530
870294672
914501803
897055236
844213214
472964813
868699320
928580486
878604487
820430466
803954790
876591072
551191849
734836459
77407140
875093204
915417103
546740056
448648717
400297870
720869533
840817880
602361001
908660191
875011903
430224037
897199446
842515200
889398738
876034796
764757254
734673048
579088108
840257018
890207731
897083802
816608616
254774219
520845805
887441977
163707819
896607546
448098489
858371101
148410945
893692549
586532011
826533391
759603758
794943301
636323555
487213233
871310366
200399036
718355538
612428373
636242420
866904523
608077002
362526816
860360418
853941385
827329669
730173836
636282090
851772072
598960834
792086372
758629387
849347833
847972320
608862579
459296681
573327367
444342662
145751362
299606798
839268378
440694002
399618556
703581476
223574399
43583117
763441622
412236080
229518363
715923312
591711775
492743433
727145340
424759470
539455293
633180604
521325686
743929608
756037650
762251520
562620938
607027497
762860282
773196001
409960070
798315307
725394991
590063046
744152209
628481254
385686645
633379605
299827645
758708594
66929626
808727036
546070141
131386204
807091843
338765534
457585315
225955456
296766050
634712476
334799943
804784508
402177661
616918406
603310301
789014365
233346404
732167155
485262781
226987320
247732370
770914405
630815617
615304497
342536663
28231159
718883648
64862426
718922970
620264537
514332105
591811290
606466665
539240379
520688304
709360296
634169960
297471062
756028495
634185279
608219225
348613595
609932441
731460661
616950275
469702188
757328107
234448903
284295471
789914065
377161813
775508438
306442407
250146985
337716962
457081962
264444658
40697734
308625627
150904165
763055888
787844719
464533727
619400683
25694472
479659196
786808729
476628626
786030685
596720342
515046225
313069706
634098276
491680022
304605082
394567450
779637630
743024395
192909678
630857570
782617248
281437945
547223694
390277531
481293927
626227674
733913732
540995325
126043988
779329304
610971323
292978922
761177862
159121103
751160360
575342667
629959211
371934629
637241306
637371299
578596943
744303505
539435115
777370538
756914948
756365473
98943962
633846596
521725688
763746252
603050862
56517921
708335750
519575109
622949909
451616468
477929748
592959835
602083203
629926633
707917592
529345552
519724639
346529359
591261524
762348182
625110291
719070846
72379973
743338506
345873352
611094064
633904878
313641547
510678171
718404115
589322161
547566863
308316856
227398716
770492419
770027736
270230338
453535626
45850812
769732032
633206136
622872423
397108884
561438730
599836898
569325000
747485978
293327185
518280869
768925274
768915463
742908162
383291129
365288423
768541926
712829574
257582681
162015347
768367460
763005926
741247243
634060378
541839315
728729684
583843844
393382543
574652164
560487976
99490626
567671801
722637468
594913744
758316906
715956926
600884904
490320487
351399574
580394270
763631520
467917141
762673201
450509523
616689021
375298829
633298129
740721540
485942986
633491729
107541417
763516100
624681063
477370347
722423570
287301172
568374442
224998359
314811011
495892704
299582826
473537394
747368600
550321162
739949395
380827708
581652472
609799583
759165871
610504015
763286834
29639958
720327104
628524532
151506895
115268892
754880125
704918456
282333393
757617098
551870861
634940550
727346630
185042895
37918220
721114994
353529460
335261775
498467231
453740582
158892603
276204036
489749969
381957599
262658844
715522682
619551682
706532388
750426121
315131142
618562035
399659832
725315401
738195481
752374932
514776780
575393656
758484440
488495819
566888733
500988368
631202013
714527450
452389840
75096961
536718088
754575092
78388598
762309890
437837216
602395415
342266387
474827244
632043915
756049656
529764996
117465958
763291386
755817403
39499470
633110344
619219478
750974413
758456120
712931407
227375375
325826888
307639543
700344589
763350108
753190172
429224126
485000607
407315808
626119478
719088823
550665873
633953064
413579759
633806588
494258461
751606489
173986642
217607031
243905904
448824789
761931306
738847993
761945544
537310282
632349241
746878470
704586445
259845984
606424067
290703013
139006025
437914557
312288378
96868033
618333853
757292430
332540822
631325697
560522668
599763676
759777109
720829658
351288335
188884093
606981030
607687555
257120105
750178884
596786865
522846332
299273898
251312051
746297022
236359318
269802604
719930923
762387566
735293377
456459666
595663278
416697098
209752456
426635089
761602968
195054353
407714224
273048767
763745408
29641579
633148647
607670125
610219266
108241445
165868249
636569411
181384680
702005539
331217808
625434088
763867914
231399718
757666106
567959145
611900500
761881099
761484391
740642670
754813064
571610302
633777352
714850746
422865868
635826122
510077728
487221235
273539548
300181202
611980829
636875038
590837580
296098134
591153584
77666805
592356865
612671006
748493383
501211704
709777076
762669871
578795645
57512405
720478141
389076387
539244541
614705291
621725417
535471687
703905858
295431776
552550716
740826667
750528042
504036082
541686056
381467659
414702686
631122265
714733549
743730835
156251503
415490452
626448153
755243496
495278756
508618745
482660689
711712212
258509089
344177289
757811676
80569004
758925102
579443702
752083519
711502304
549697325
560745776
758195239
288054442
759394698
634971101
610491653
464256727
721459142
719116028
598736208
468799897
757802329
54212181
496319232
752102491
758326255
548859562
483232337
232161919
589233227
215750993
751184870
634862553
410844645
351112051
414034170
553166366
450251363
723368911
524719675
747907327
569494216
451445022
597727386
629578002
757170984
427472534
280090320
533671176
755519420
479105661
448526175
612234101
741898987
744380696
759532320
310349063
508779666
184602677
634131500
215244839
477341214
368545118
51831881
571141958
577808001
522976805
186415580
359501858
608183092
544435299
105274352
473232979
759441769
744789871
755292764
232645751
758223506
626592468
759630470
759351452
728447263
724407344
535787164
76300361
59715896
751505078
328532009
621931133
149210518
617438871
453648477
758487104
759597949
461568095
759607484
707193061
758644998
275786938
712770156
757847389
90874196
728800140
759521472
759624524
759360930
742655702
755711624
572632649
268367364
544742798
759571332
259231492
314207866
750831122
619078555
513331036
604435043
418863854
558237334
756286567
76408230
546427896
277446861
224766087
519007441
708093541
305567692
158650831
398628356
451039822
636584296
257280965
504979448
74525938
80691465
755795311
447233966
633485625
343144773
300054872
344494751
379798739
597045573
728231257
465413705
625241139
745252645
360767159
493626741
739739382
719646565
28221583
711961454
323894710
619894225
595651576
227853895
609124104
553725704
357842902
746145146
394949664
577609337
565621561
504295435
450689835
731263027
745277234
624327417
532566124
464946445
596567354
273342271
599819486
100167537
355551297
614035704
289599975
728748786
624615861
606442490
736078633
701967782
416016636
244783103
604115605
624147223
590241545
737794848
383523665
476936240
333619388
468603464
738819697
709190088
740567258
700993177
720947724
631696425
734216330
724396548
312278260
702117008
599294048
339824762
527315406
558563569
608347684
707711526
427656708
629171032
497719215
583327396
534730570
521903093
68877650
65343963
569434094
635803277
461056145
737267845
454196457
711614634
725559146
324655029
51875753
631137356
123990258
32163405
722521766
317365164
710621220
731849430
548072090
421488639
320543621
323485177
736070378
87866537
369870380
593950552
410555762
734211092
723081205
725076212
443260117
237502526
115777790
722591726
611424833
735498679
734987072
734228336
605479553
589436287
87071413
35946524
529363323
722914490
721445238
455054702
636636807
734177432
723141534
377835117
623767825
594173412
566971728
282633245
232613905
636686552
614310041
636638820
25834955
211002917
732429534
532379832
616211009
708455401
564127207
573959165
398007739
715544478
221086781
705030254
544004549
616673562
725923490
708488690
734349847
157225737
381281121
239805627
90043552
38946643
524323896
637068081
721314847
524802121
591570973
731204552
465767622
384370834
734181224
595275804
546501264
734241998
628088623
92877835
607731799
468062570
730203888
717492696
552951927
734239261
727743643
727269679
417564777
481392784
734218398
734217031
734130264
376153577
733083720
606963163
708465841
401291557
553933241
724675548
733945458
283323796
734189766
262617240
337964251
734187673
77337466
709634690
731749225
21142002
152046645
81025112
620601463
607986834
222706808
731857976
726680408
633195069
713920507
317275747
709322437
596403297
289044483
564044455
553044205
39924109
539439516
394521567
714012518
580949864
333621174
91099839
631213324
439595723
596647955
398265324
700659294
420073314
732294830
528300147
313702841
308343700
611160943
616925341
727611722
585787487
624396089
713716860
482601668
731241302
557239691
107327625
731271624
729972824
185074987
489799951
628335118
726810128
472617383
377751711
614432288
526838108
540331431
608343763
154926267
731764112
420013962
595667871
99282688
129401475
716915131
635822116
545708663
731653813
731431946
581249223
731628721
731736900
553040136
627583449
345631633
557644644
415144676
710459173
394210290
715880089
615519343
102564831
712751617
91853855
730876596
609876227
219407292
200720929
16833144
321400712
28340410
731236518
460663872
731271193
163721037
721799724
731273611
731253109
463289192
625327659
609881853
26986538
323536220
309505532
362868630
495398188
730866546
75826375
373270413
539710372
725341676
722089688
611903135
729971095
723056959
623447939
464960856
629777265
729391166
531814144
458006095
726188010
601500747
588032351
106203674
39684813
507129002
622515487
727098924
386919161
634874039
597253910
728440028
564994793
728343313
410796445
728303754
728581050
702680678
258116088
728607067
427538621
403099635
568277679
489731048
633105251
381437974
728565192
380465009
58143231
715428936
727785654
728639670
728638194
173114288
606897211
702443952
727476133
728605370
453585896
634625266
728619246
548607550
579154160
710302946
724950782
637253388
111154624
726473137
473502804
132948586
593221256
512678213
274139566
636866212
725207684
619027948
726454213
724764342
609621512
353462379
726077690
705728239
718355912
379532859
398729239
397760703
420587371
714852234
724299104
282743020
724547216
626029832
619166101
447577560
560225456
724190222
706571917
603743460
371604193
629372553
126274242
606820915
160964759
609099472
714916632
406412622
191258472
719728321
366845810
463792560
711038930
622018926
545370665
332403541
574576629
462324466
232970093
276354552
702533040
583876860
519880720
718617708
713683436
612953060
611275373
541041604
718703258
489395413
599647310
259340650
718458188
304411356
718223750
297438751
585591663
634894426
305779840
193629887
169968385
612795295
574871627
438859674
718737013
126789009
252216325
386141462
497427640
373682836
596342005
483238435
709569336
243049604
714779166
322420158
64492522
162403512
86344310
20543202
707184162
609300184
567096967
277690572
554451263
365964401
396737148
614458051
718656708
467724556
407499572
451714350
616871624
715905505
623945456
342741744
718293200
713600552
576867345
570587250
41819923
515064199
593336493
624911829
418124899
560631850
394926086
712944990
264195495
326929924
359912741
534813851
635953502
716792826
718656956
588785112
632314158
718713594
344801035
303333584
567720502
628968492
587103392
624843547
485367571
635939430
597522824
715309021
168442783
254725540
706363626
714821874
449423088
374133008
382141294
296587138
564312264
622904080
74045122
91429692
612117382
311870728
711672589
628625827
234403911
713526254
587052207
613201950
718575902
557035632
177672744
620083951
255528749
717266796
580941818
464930448
307302020
718657064
193203679
504845026
606505069
88736607
335778470
115362587
400362377
564013792
718714249
634064304
533388358
715429484
579238813
399471525
718753501
343433179
718761278
152101126
718352520
629735430
571677730
717435660
298708299
484132652
717218809
275466430
332752609
514403288
718474008
390994175
298721646
603832604
718631244
324147464
713666834
547997320
408593953
237192573
587632682
717473017
717200118
337615898
708289278
153957205
717230478
717454188
637286759
555415413
718753538
562244506
706568749
572535906
714780050
553919856
432421802
718270867
144301529
708170059
718496605
718690194
545397994
718570992
701745776
718265701
555239262
716505799
220793481
718743530
718761924
637068868
716299854
276611808
540488020
703184546
248178011
714707191
595735066
716438118
603422908
411278733
714597458
713979896
612142666
281807017
413429962
364095220
631570590
457145377
586017951
708038798
616795686
497394229
708344766
129070376
625263049
337984048
52414005
156494067
708011936
636716896
630398009
600781758
409232937
702328308
188792603
603755324
635923552
617443051
408805508
701960616
91469516
151000609
551390914
705719268
269491910
590233541
568791029
158172083
700333159
560623751
578414791
276325137
619627234
161167772
635546289
628192507
58864371
521010958
225433929
258988312
459001837
615753084
700866805
140636954
635078665
622115056
704267124
146115367
232019792
97978995
509640273
631826330
92207338
628109823
380657191
702166862
586736773
702233558
636397581
458853638
637282595
637086663
308201928
701406691
55368874
27713049
113190843
264588145
636826152
702240444
702073339
237064008
316207590
506767110
586159094
245390600
576786111
615905305
702225649
269369561
584189662
151498724
360758711
602851876
565976587
632951844
602189876
632958568
701578465
588587188
614100249
472365595
621145736
701596375
93380297
544903806
701629520
701985330
392330705
367532704
633317729
357988856
311704245
702279655
628725095
332214441
701082349
635072579
24391000
132311618
567060501
702141318
702043663
626372428
230240472
237083060
636774096
174707073
439614300
616450398
612963302
637089670
431869907
228398489
301366773
635782597
501204979
472675666
630854891
599753910
702316063
701990300
55132002
635741474
366975688
598587879
278833916
548094028
621141663
563164671
700501404
547491466
553838413
702298831
303553134
495435614
53598541
607920662
613255158
510085923
508355177
520882256
414430580
702285062
284281286
623403057
702281060
702315488
702104018
702302264
557637215
702317316
586368972
702283676
701467279
392306302
53375855
205508460
33687353
700009267
702314888
459260906
636687936
279597637
169870899
613074764
702317810
702312110
185662147
702235153
625108457
370144437
636019233
701477341
637160545
330156475
701797832
598062438
511046574
138224998
429367139
339236355
502270640
635229810
482579530
631238380
608462875
620960143
623249989
470728239
266643235
628235947
627016403
552067550
176965255
603872293
636775044
107302288
353999975
702282062
465795951
702257418
622347671
582446194
482519879
636575716
631303721
445433033
554175132
463249353
617756207
331268529
289623093
625057320
635273931
440927577
99501661
636835900
464649355
549837614
160633389
341916011
201727519
633516309
595655813
436681097
549294467
586055827
524639515
459533206
231327327
519899800
635877939
546383938
335421444
316237139
560601996
635717255
228456367
635847255
626677276
178129188
528824442
368167216
462242542
551633891
312507351
612017162
579163998
363800306
609348667
339441722
464131534
635777143
618724589
17959616
575148389
635747245
597989749
611269397
551954778
405331830
635785179
551492573
240040812
611956636
503636075
471520511
551630503
584796962
634058669
603885085
625231674
542886293
455957795
390515724
424606273
635756976
553287905
632380107
472501971
635826892
634826092
575934109
625828286
564284552
44531952
571449131
572453918
635832827
262984088
203624378
635217906
624388697
377795710
635954922
635829163
635148481
497093136
585880108
343010143
571330994
469899108
500826524
467063637
280713676
283216503
554196678
612802873
635089120
635749714
572883855
563384041
443878484
433834935
557445791
615265770
248656416
574031446
431011431
635781368
338100629
635713218
466130236
312938973
540630873
433095557
571217248
408331707
635756812
408076249
634183228
635817012
419589528
214760836
635278899
632561862
635556687
447943851
633686738
515119087
619702531
511462762
618447037
383707865
612681261
629023180
503452448
557325052
632749600
71697945
334216619
379869426
632603688
533635112
520867444
630402449
40687976
262479413
617816064
34835040
570911659
540556292
632945176
632145140
628338109
559717527
316507931
631794813
548514841
631999712
624648027
493311847
632901509
631637054
137564977
441244804
490122533
428518197
616824819
605865273
44524983
327131675
396993907
256804785
500975206
429434351
79792167
630028272
171750160
464965918
463334714
262379375
631678748
632552577
479906623
352031521
590766184
612623938
494419425
632554325
151466324
613201357
314160317
632962775
632311526
632658594
584143371
578731263
452483465
613594868
358937049
632183429
255218597
614458936
545611532
394725279
576658149
601060875
632971764
630906532
614769536
251443265
631760753
629921914
566848583
549421152
572903557
479949885
631933943
209297111
588885336
580045821
561081512
144743218
272378348
632545589
66253785
103242527
612879412
632482137
181725084
492835334
601822624
597798598
484373279
610304670
17345928
473523707
334377411
292600513
472325284
610155976
332687243
629506889
631081342
341045260
162033401
594643034
519128638
632598831
632226492
621735705
633065961
451718169
614725149
631556599
626236091
493510813
633004044
633010141
609003133
605628923
632866234
632976284
632997098
558090686
379031124
331637658
633057390
618024529
479965352
489923209
102895639
612968608
390973208
532827423
432972331
550567603
583143567
473222178
534874805
503325636
580048206
586513780
393163510
166829764
105672917
605497193
587866421
458748593
388510714
387888910
587869181
602324156
608899143
31588119
608272442
311739678
508116205
591076209
294302386
435972382
566241418
232209800
364175645
600153143
600762111
602487884
348836623
597059983
545712270
590834227
49409585
480148451
384137472
598878341
435868852
450057565
581983343
409566552
197118054
387810467
540315189
536858039
393620922
27471314
590425719
424031119
596994964
591034204
596663642
254504732
397226326
349118183
551798777
587964370
547249780
339971812
595852719
421900135
592953334
300204706
569688267
458982035
67610572
568560236
588769007
587293166
443939706
219905829
136593333
585482502
91905458
257949783
260185809
121641111
318672735
540365495
519507679
588726807
587249874
379388920
157308979
590118126
299891534
225007183
591120435
587849521
474891739
158192859
324921797
324206605
42392334
456316146
560407557
584802900
166190864
301791218
275986222
69165719
571428512
238764409
593303771
470366654
329165650
286383673
465915789
588919675
312958634
220246183
485390674
515541533
553867394
581399443
322837000
545777135
585958757
590636559
562566083
406728567
584944147
30588517
586824768
565996882
587987631
591039628
589717893
467760566
590646645
584232358
590656344
574943257
590343666
588738783
527717828
405217316
591098283
557267178
574463180
589374746
93329231
555329649
542778582
555561742
591008636
437088143
579024935
346737054
582367896
589765007
588627225
447364550
439376808
501837110
447667187
233543606
453347314
368734592
571938931
508208861
475328436
591037892
213094828
570789106
570813947
573222363
584352277
285306911
311068674
491958673
587767819
550619943
554828515
588057715
565795683
560194903
292045028
589660011
591178035
565227251
552921528
404430845
256250000
447371781
460706674
231952027
590522006
577026909
198326203
224852082
575016090
449696572
591032345
289170334
590657129
574580356
212836569
625048487
101054100
404511245
