717421648803004417
721131925490966530
3254878832
4847666334
716022671574609920
23274910
233452685
177481187
4896686944
2182954380
4889009315
4862155682
1087753332
38715110
4848325425
604101035
184877464
3365026451
4689551942
278828870
4636750333
1708204872
2224205935
30533959
3812920274
112785848
3688607352
3433325903
30909083
3279768590
448479624
3214766655
339520515
3246660636
3242063870
105540523
2215381572
40115205
2365101770
3245844699
104553468
3151949244
2508327535
24500118
171647940
2419596799
2960059141
1041221912
401780630
727580208
1062434449
602536255
2876450729
27806970
2891223840
278531001
377186892
363826409
1107160819
2837024239
273158088
615509815
2770820902
2760208263
715353438
149347176
721959019
2748405441
254451189
2691532021
1705162418
2402496092
83284171
299469668
1381260187
235656747
486942793
50766647
2619112061
23493792
23033989
2582635226
2610503572
387971986
211367827
2503152811
362970798
2238051728
509002322
470556003
327672052
842941957
1244901264
348789816
1877505138
883972958
1561305798
2169203966
870427831
2395117975
2364722293
189359086
1429017565
2352747775
299761450
186537082
28756230
33282663
2350943460
517958988
486179100
799797696
125533903
2229581250
246147957
