133347354
479236813
387661638
717664579963240448
3019582981
720811727256973313
2581758266
283749703
30500021
3891703408
25314325
19173608
708020083403190272
126848897
705000662518599681
3284112337
717554036510068736
4064624112
1493267851
4413033672
1339060338
17723632
710683615227736064
44135635
19341224
4887373775
395693272
2465146394
2789166227
46302096
3316868654
3314758074
1956515965
2393063119
379962842
70156027
702240933413257217
43196336
3548769135
3096162505
4717892303
54769979
97285407
1049681827
1729270614
2659696782
2496032305
2399910186
4707467188
115681686
254536310
702194839241281536
18635250
190890578
715477544351338497
2478015324
715478368582414337
715474023824510976
715480007359893504
715473088540856320
709853706590810112
703990775223169025
437026988
111225697
3307776386
4890522964
3430176958
393619151
326665662
700661366064095232
261749735
121689892
4738497264
3001664273
2377099926
4875977234
2508050305
902319876
4651346533
698562318351863809
567626521
63826026
27553958
525636026
4726128470
3222795979
708111032473001985
4729317440
713220523677892608
424927514
714424285528502272
351142250
272918023
1551435109
208967993
27897429
3542103674
32058824
3279753470
4841646236
191156581
721782094922317824
1097268498
22523182
44832407
274517122
301374864
488319821
2872693941
26652733
3331209113
711703346592288769
2242085304
1398194666
14640553
705501945092374531
3284780220
4583075363
721351548291391488
2547796205
4831548988
127499705
531351424
499202239
519879854
298012348
583142443
708626346403110912
2294762225
458359776
3333356885
60006552
121656624
17010913
4874948752
717814454520418304
4906180313
716326723814629376
585373512
713768020284301312
18087450
714067958033735682
326441040
4837973643
714816875784380416
65007261
591505507
708063091418763264
1657924784
51609807
2954067070
452069303
4700436012
711119933992665089
15502432
2316246829
60467856
1031596824
2749858280
990264619
17327882
143483210
3434903014
712391107439665152
3052099927
1400943320
3083086600
21901503
1880936238
28985451
717905238837952512
65455370
860691823
3087093887
3424241752
1573585807
4786138371
4850471967
3359383738
24935003
3311054952
710313031578869760
717484315198808068
19403055
3402935435
717950516496445440
3367987133
707775609104113665
3267262818
4861660360
3379125117
4439735303
612828830
708387839583653889
54052856
23084977
1105527368
707980992569413633
3005393969
33579552
3224850985
704006510523904000
603660185
705607680145149952
67729222
4495515442
708391853251428352
711939705562996737
845904164
3580248555
3956041642
3545938995
705902960967094272
4195116076
2329210838
45450902
3435554675
116517137
865636782
713718543892647940
4102376488
704026660367147009
3927572774
1002252854
80626778
3091382410
144565150
716928692501524480
4165984775
4283782033
709846226565406720
2911039074
4260880917
704519468953817089
2771406515
38648459
2398811774
18305815
336638653
701928621854760961
3911057572
715548600584048641
4869688528
713899506681548800
705187763482726401
599710346
3744401416
556736472
378735981
704006675213193218
2992876677
4584443975
3308085366
3227019684
61305465
4821135339
3622223535
713925255828353024
715505002974953472
701285115574378496
4853913459
714508367562051584
714451419764490240
48293438
4342266195
3950694159
16004747
2764770081
4700376662
3401688225
700436622844628992
3101574493
3609237979
4607503932
3184471478
3293741005
3384930639
2845681325
2903166449
567841401
4714948245
298600255
3329715436
4906901836
4828397043
3005762823
29476670
847804376
561654065
711391331353026561
4257110325
138635034
1596748964
626603996
3612731472
602954914
3311516142
19147357
708416386037587968
3332044263
4819035887
4509866893
905898240
258025056
375864094
3424711689
704523480755249152
4547869279
923885029
3314535722
3299686409
67139827
61885589
706339181803343872
3181666940
3087665546
2931763326
312392989
10953732
2710122763
32413619
2211270193
1945206481
1334243580
1425566540
39538468
568190888
