66656765
3386090800
723153007882412032
4830090502
4837315805
3854038335
719947193977815040
302727349
715363576727396352
69628153
2516480606
1653241057
4843383623
1002124170
1119041263
2952257673
4856655975
2462323412
701725425010085888
4913719845
2398235600
3300234543
4835207944
3327502221
992223804
700817987801063427
4838481783
4831158892
1117566121
3450786195
3230296510
4568194098
2904066957
4321947988
3535712056
314471623
2966807032
3314789110
3052724104
3171312723
3126394263
3033850911
90051733
2848005753
2467601498
2559592595
2720190886
1375315088
1376727056
2663346231
2580389350
1541505066
2535828700
2290656910
626069092
2485108109
2434297801
2469022888
762196848
2243191239
111995400
2263807504
2242144396
2273752118
258456866
2207986552
1400390088
1012954826
1230040754
1974698299
1045060650
1917239610
1925985140
1919809406
356834393
1486071158
1653715742
1390427190
207912348
612355302
1671493470
1663827895
970240010
1630763486
425804475
1319591983
1540453603
531732525
631413503
1494323070
1020696668
1480868468
872364859
1253086460
1409421876
1438050985
1431590672
1114921291
288698585
1405113721
1310493948
1399143650
401494839
297691713
297077208
407868765
802941721
36906566
1031339628
258429820
1281337394
1061670108
1311601926
870176964
900740797
603721372
55023603
1287097794
1173112675
1277446464
636406067
299291444
277627979
1114441856
1181952180
453475077
185877556
601934861
731427535
1112109211
1111863114
886601605
279233484
608350989
983260836
594799679
1034994354
1008405248
160269298
67425291
605729013
976559334
104214068
587645941
916338026
430042289
229285533
988789682
100343853
958453134
470429343
581688346
408106829
928199744
944706553
943574792
921222432
545310318
408670846
562295934
626873350
603084978
