4690116416
724415566841286657
720064719189577728
718468518711308288
3934358535
709475816262897664
4044144975
435488496
4499382678
719596890464104449
184322258
711615792480124929
4352233999
350431217
711925274644848640
2467599008
436126846
1286935416
4139520374
4431240981
2844447768
720292270520401920
2305431584
1548636312
305142797
223951506
2971606720
4876808654
401080502
718656454350225412
4775059168
109725194
4650758924
2328834820
4899165539
4264575493
3092443319
356270994
2766768008
3933179489
4275320235
708629317526290432
714794357476429824
511420821
4875013748
710893687400763392
191383270
501672027
4796705914
1435201584
4716530434
82734818
109350611
710932467889348608
1659398437
3431926468
1590001135
714101596192444416
3246487410
3313010260
3279252690
49794620
4701609036
94406656
723898382
1650632904
24719674
2385136196
156322264
3545283016
1191529098
2360920959
2750568162
4909987960
2968186384
996583194
471391394
622106312
1288211419
2733883087
31497295
3765974494
581123612
272426597
1957449403
394303078
4226181789
2508681578
2521547313
2867935546
219900135
701831761404231681
3698743634
1597938164
4869725691
138901446
4004204385
2737479027
2916220633
2722272301
2303477106
35067421
13532012
165466036
225231369
4869510383
169570498
2992577530
466970304
384392074
2795364368
2574202355
3727473142
2156982498
46721461
4126112057
204848909
3381902848
597797794
4309377017
2732284045
4641236666
4792864527
318724106
702104181168070656
4920398853
4665987910
3511354994
2320822783
722696204
464905373
3824208693
3048914485
2279320206
4912691236
3032250651
414260257
3709683682
559810428
3300541372
448392343
3013423891
23018032
4845852189
2220885181
572549993
2714874608
4269175044
277720145
25660561
4756344323
48487400
2565607694
4024211794
3386002685
323186769
2937771363
3933590412
558909983
4690361713
426482562
3052566699
2262897862
1448840708
405386963
182384817
2985037894
2820159855
3283744854
20207761
1340289404
4734316675
14645160
3028793425
1330159027
2423845435
62608748
3193247551
252648551
401710943
4706270920
2496483186
3277814538
2975468251
3314535722
3332044263
2807667949
3105278797
33148341
2700401366
2588991477
37599351
91592782
3254926411
4012849873
4554438929
4593514281
4250889743
3226338417
906647966
4468272111
3044654953
1623890792
4527001067
585439502
3311152882
2957468270
69175925
254237053
854969647
3109424874
4137767417
3050650368
456074740
3293794476
1694425855
2710806905
4553867835
4167184942
1852556412
3310476028
2267440711
3436444738
2541034862
3370020405
2203298052
4378604247
3944712905
1083438518
3436444984
2780783821
890289480
4260445107
494414897
3423756795
2453652424
277909707
1629913512
173417868
38756576
77128292
2714607003
2441859584
1015029619
360726742
213773653
3088290999
2332951342
3248226019
3361786709
3514154595
3943417647
2286189025
2926724522
972573127
605362790
3529329556
1130192869
3784382293
56827422
986178128
2474008869
2676262681
282180698
88145441
41483199
89707472
3761143462
2741759388
140952982
2733056830
2258322408
1603312075
377199941
2445868962
1457437914
3060423441
2807933599
620993475
3970229927
458084183
192894240
1668971995
3511541834
3000523623
3171294195
1117833241
1063910054
2228594978
740459431
904290026
2734045614
488294177
431980801
3981536303
1392434556
2872620538
3948121819
910968402
1618504796
3597086116
621294676
2815759745
435667337
2502634702
518037486
2388138318
1434828373
410833901
2652410137
1661739294
3431679137
1394331943
295701094
2463899676
2355023489
3089515260
122466499
3400020879
3431789842
2904191866
1346777310
2902157714
1534703461
3468342260
56691643
32763999
3410999633
2338248508
2268388122
3708275903
3292368563
3063644992
1367939328
33160996
209193517
2883299727
2410481007
3730046061
2869402520
2884481442
3392472064
2760134096
276440904
1691309738
3559768397
432077192
3664536196
930513408
2904708197
217791323
2569591839
3034925183
845116070
1960665589
831246415
385040138
2395940738
943682864
31416780
1519722392
38013921
71464554
83346193
2870376958
2682105606
2840869542
408578456
321845460
3048854266
3105733867
1099504052
2932611738
3196292605
387337151
2438998560
3217287850
2404767569
3344777134
21818383
3346433337
490694117
3312842801
3302036944
2575793299
95740429
2900734401
2154666861
76316512
111899759
3351231154
3007816372
894885746
1962422936
460404076
3069879859
3107758424
3227737335
1551211375
951009030
2920048708
28777068
1036849982
189916971
2174765248
413483863
1676105371
2957026817
1106140585
395773875
3368046130
1356778202
2535138278
761526156
1119079645
3282074550
1634484986
1027114068
3500607015
86978674
1595436770
483345369
38545800
735878196
339090163
487017808
3384369003
399790225
23636912
2868582022
402797867
1433400414
237610270
2415729313
2878133343
349359039
1650799387
2518184528
2154811641
1563627146
282506519
1708652592
43982791
3087334598
1725053474
2926844607
2909849465
88388748
2226178596
3291042424
3336847917
1031016728
2218598995
2483339996
261158248
3374867621
112854915
3140830881
3074528571
3371806599
24360835
835674032
42034114
3341455816
180283392
1904757385
1644683106
2744295692
2566135201
3139137441
604753204
2427072056
1977380238
3231988536
1280192917
518488040
613445169
3247703020
89495154
3349489564
3242791501
478409132
1370803045
309779442
1524476515
2291428702
1516456004
2267352799
2860950785
274295451
2177421912
109664499
1317278070
1347989965
938330827
346117478
1085558077
2283405374
331126571
1605744104
707538014
1645239654
175115371
1236340764
2812150850
2310127452
2202380756
2993744184
2196009749
135940948
2502731413
339235524
740954192
1924501530
3087456907
134057223
3221920761
377568205
3012739800
1520072084
447040547
627792717
1340446602
805265448
2886667320
522622704
438419068
3190674574
2875679335
42450445
3035648591
247368341
2437496822
143377881
3158034996
2757103963
2864750405
3096734004
3218634844
478890481
174310412
422926675
2870337183
2887237962
870260017
2900788570
349829126
2881601879
249457691
2558766323
234901563
2750799059
1024172582
189881826
2764875040
2379125214
547216864
3172559772
2696289885
3004242149
1486452487
604619919
630204487
3151987719
1653871621
2257121711
2218697421
3066066400
3019969994
2686927397
2877672691
2170993994
1313535938
2246364224
2410208021
485546674
1575934338
2851108228
1317415214
14739037
24564943
235142841
2991948728
3120152801
3039981586
973421533
2901802971
2219044925
97340211
102368517
1076394487
331453540
15741883
2292983652
234470696
2572844671
2560031816
168253175
99348719
1933908630
2425778372
2236349062
840314696
254777610
764914704
