2659696782
4837315805
347331967
2477793701
720635489867456512
581446890
717940712646524928
451687681
2257070426
1301814253
2458512813
2981941293
2638252313
596906967
2194256755
47489753
713070891270283266
714851647567097861
3512627595
2611953008
218887691
708176344
176502770
1051133034
272609033
66012198
2243092694
1574323748
69070987
440435174
2166999198
299770964
2923869753
149942579
2466186791
597582969
4176511214
100812608
4694523631
2359050897
601529271
3752090292
388525702
575799181
3207356843
885850460
346248139
3057409341
420352233
2155961308
4548437188
723335833
4399789893
408897832
375930076
3132342975
4229323132
1886159046
4221440547
2359611947
712964827
4213988363
60581417
4194771453
325092913
3421430321
2975353832
715464377
453386800
3959187736
2319422039
1125148472
290607097
503785906
504134000
427608405
2687824855
3722421917
3405955593
3540025818
549839333
971177294
2567745402
1115329135
612118799
2297886639
2539378605
416686595
3227746603
1483837646
3302797797
2277983343
509102697
2524615817
2243403826
2749023374
116610509
2772830763
596809210
3393880023
3393509093
3090971812
542303319
930878754
2755023012
900751843
3372858184
1056610922
3025274885
1876993190
626888489
586976405
310034707
3011214159
2408988057
509245485
504700878
2905093895
2381425372
331254972
344466241
627755107
759614712
379514083
3315317609
3351393107
770543695
2411478814
2285559086
380682699
3348141999
2456726730
476919873
309821976
57151579
739561400
2290416387
2957542413
1544267600
1888580215
487736813
977544205
328830958
911218262
708040770
3220668654
504791183
2893169694
308517571
596890749
2755848013
2795205080
632651951
1849271882
2845466581
3185466975
435540177
1158706027
3148931865
1941283358
759726008
1436550164
497438654
2351342404
1604763660
479066939
599639408
1107397596
2600757217
437914471
918152748
1403390467
3025786330
3020089889
1705858946
185690388
2975643927
2975625797
1646194178
450337329
565019000
281820494
605855691
1543845204
411936617
104671163
377590266
704216416
1250382614
583188286
2932908137
1679322655
2379643380
2339541884
2898704021
170579013
439780157
1722844694
2546942161
2479054820
2908506356
2888169772
2541169001
768451124
549576812
1606408608
746272333
498412645
1633059804
2866806863
331324625
2342445592
327959546
2891289613
625744324
2192932041
167527431
753658411
1430997870
1606757238
339135768
2849208503
2481764921
1380340033
747639512
611248324
2220578692
2173984846
2809443147
540407786
2382411600
582162256
2559535808
577776972
2366160075
2788382224
608446083
477267737
2827259503
1146742272
2819997752
72444851
606828265
525656896
1222978531
476064949
634262626
774233084
449097288
707321483
93545770
560888043
50164655
2281397196
985755828
578556494
599622537
486753788
343114509
1242741482
618634493
2549167339
82203333
484434725
2683525521
963249427
634141150
737846954
713754498
338024956
277792736
2601371992
2348032061
462393490
2551132592
2548820838
2455710660
1210689198
344279308
2227930972
1049351616
2488611925
528958112
429453557
2337488293
2522470851
2313153351
1306434001
334809404
2433767574
1010000754
121502400
565572079
602383259
509555737
864723186
2437702647
2323247022
617582764
2418105303
2253351574
2355795424
579833522
2233904656
2339898399
1250252390
1164739304
2317745234
1645690664
603745256
1676515921
2276879514
414260754
2281210351
444466341
2263843741
252405394
369538820
759546380
338611112
2249956078
568468831
1122664525
707561269
346851149
240098468
451452150
609996670
2192285488
516115222
2196148744
623171936
767190218
412734179
302109456
1038313898
310015497
865155799
567693373
1931986344
542685515
286452806
1072312620
1419160879
1859085648
2149914874
1190747341
776244758
1387962452
1965468678
477357149
589468266
471522653
605875567
458020830
484126187
483581686
1624405712
1932521366
1649095328
401026693
459774074
1921454689
252285299
1902199579
518064643
413560210
469795365
930938408
536558702
245036421
293175225
1097156418
1053844890
346924868
1692747326
1424265254
601140019
1559358127
116580410
1645874196
341871516
861965467
748065140
716187318
1226435456
1608557544
230831619
593097583
865333135
841962361
1491785612
569285782
1387480969
305240386
1191794755
599367544
229912671
714494953
410144769
117540178
896208764
344263308
453354996
524907956
584941083
407324451
756220440
709032859
429476890
1442809897
494478380
251481615
1426264662
1433915424
264476244
1411703582
827390251
238287026
1368357858
381817822
239621529
1387055934
42469038
519007779
609748893
1097143568
284190105
629533428
1383183198
520482231
1122795703
471596887
571349438
379827899
382290824
412794324
1175468190
473255079
1325153683
31444922
256703540
503381702
731845206
1296985622
325762501
174639516
490902472
822471266
565983943
1292287202
343463626
956460595
354017366
571494515
251382733
613441400
466018190
1253135790
730946796
1249983758
1035287952
1242492554
1176174702
446319374
372856598
520783655
456121839
915903002
134094972
467985818
1170151080
453678626
722625252
1158710102
823985546
98288395
595878104
1115330348
624811984
957990823
54003807
599800901
705439400
1078122662
1064232852
1053854538
628854715
514949595
480827719
1040333083
1016261635
116874090
923370720
799462027
1023837937
342850113
633337013
193640112
635758744
770587861
411815852
425447522
236562030
499581464
965284196
532596943
374204624
920085595
618749129
609157423
607205020
854347482
177982126
838675652
926882076
380115679
171159957
630264913
838499484
577969957
497619995
630253042
358555322
453155591
826304268
508233370
264669060
857104490
855161280
545519895
804469100
799136389
607341034
827539891
430331987
465286602
501346560
796888184
706063068
490703229
519751274
20483196
753367286
750625590
546363519
729763706
631086614
295250940
522634960
239520320
534744115
