4665580342
352701848
2354001162
1326011822
1460569537
721889497982640130
714610369801633793
2442647773
326923930
2150168919
3567482129
716058275310125056
726294322891657216
1558835552
84020674
540471387
2954700543
4461884781
701029064719597568
484975506
4819980358
2979815243
2864137901
715149515045601280
3948681814
2247132945
1615761698
4826956271
713839953478828032
287880336
4753515403
576638271
244321682
2270092922
725870256472870912
2270079434
4440653354
3142957939
725741883444580353
719704401762459650
723256054176309249
2778226883
1463967937
3466899981
725797841495412736
4535397620
2610347365
726103172608069632
726026806646689792
725803503336071168
985288333
724358901681012737
3803041042
283350568
726061861959929856
2468828976
725261640116101120
718417856464072705
4916540452
716807707412590594
351182635
501202067
725952430442082305
735567246
701064404197109760
4694321682
725365715818012672
718942681020243968
2924693388
719634541934157824
3366883241
1885070136
2327096451
724282392131821570
435358401
4482880213
724669097963864064
104936367
2823929267
19691332
46766971
4251477674
3326126589
704511129322692608
721415297031368705
851559242
4854426701
703246548533174272
318630514
725732486500782083
1463029980
720831130128125952
2730416591
89445949
2912491766
2823689979
1599229550
3258109516
2904373731
749949463
707314760962981888
4916868394
4799827603
724279274824450048
41238653
2166370339
724949622582579202
758030761
725537826465566720
705740490348634112
707549369936039936
4430792655
706208558547922944
4700169740
712522183214501889
721804161407254528
3187336591
3928666876
708406653004087296
1290356024
1035769693
3532675334
3029428701
3268301424
2148184576
4823540057
2151053057
4831478240
1395636452
2960032297
717886805035630593
3085929515
724551416921001984
725440888453881856
718909917462040576
2563691161
2895157636
2388068006
3131223412
722521711246225408
1661602398
709024628744781824
725418830718066688
702859963429953537
1937737608
333932374
4846447693
3255010771
4827497545
2384353230
14134204
4855864181
701813150283333632
703981474735923206
1154887063
4895595014
3192966987
1520302656
715653232664649728
2420644928
2970366873
4797773242
725343656002072576
3425769069
716015450857943041
3238174896
100277835
4581602362
4309090769
364350865
911706234
4157983049
49680606
29216260
500055248
236907773
724464250337525760
336696207
557764947
3300762655
722682626465742849
4419146493
3142566169
713672391088545793
721533157317718016
3328153610
701644149821321217
2719127022
365271637
716030544484544512
2867390800
725143535033311232
370906583
722688564
2799396701
856450920
1606894951
3689050992
477089139
4875161894
724606972042072064
232342189
1278727452
1395579962
1133065290
258123196
79073099
713554283954880512
2789424437
18300792
2227084983
705434964976934916
711790445756416000
722858694094905345
718161203617472512
4749445583
4548721512
723273189598466050
4882185388
21130587
389152308
718823834552508417
725031719267618821
16680318
323731157
1308347089
716115169026310144
2850803489
725011663724793857
2946197604
398225746
2427633730
3403330174
171125421
3146095821
2632067385
603711259
3049836873
133879298
1649506759
4911334384
4876426158
3432844563
4838866218
2942527909
3238155786
60349138
714522665466392579
4706262369
724959230386659332
724943436764221440
708326881309818880
2247004094
2532923636
27966942
35343705
4252235718
2860720757
799514160
22611793
2555884458
188899793
1595816779
3246124717
3322666687
722161138335547392
460270060
3063561310
724016204512407553
3300906188
714839525806067712
719505041468624897
1509806850
1862452195
1883931056
2279678916
2295099169
3009928088
2445577673
2238972992
2784088630
246207547
452315434
2793422244
3187145860
319499865
1445261856
704979805796638720
707254121456230400
51278779
1137964512
4617901753
4805604811
706195663210553345
4542295757
4764964764
175956364
176430561
3399171724
4870983095
3414542547
2721211302
2241221
711878318480609280
136817400
2562176940
588557021
22972326
721735774962610177
724732002239406084
175618371
21410147
2742322900
723610489838776320
722630037019705344
462638629
701984185662058496
4914592234
2350974886
714618847597301760
1272575096
722885094440968193
930546534
24287357
2869314761
2953653238
719763826397310976
724702498070487040
56161580
718880474827997187
718543341915275264
3119338672
3299636394
2514219738
723566899326517248
2917110506
716359109147291649
1379190266
721932549719613440
3069790986
390194037
2926114222
706264424340963330
724185666637172736
19652417
718936023477182466
58966686
4650435982
4883626798
1526277584
723208486742450176
3158300916
4510999222
1016555852
720748673085255680
2818833669
3101684457
2371894539
724623458471129090
2293406545
3394580165
904201081
2537463830
322372080
2878865934
2990613915
714198484098789376
4641879367
1576126830
3559829415
2975669925
2872426049
1120533468
2874024466
1649473807
2800886779
2561426184
4783182373
2935886301
724536206244110340
228325178
2736511277
4378450396
4378483757
1868548710
4271159422
723843694898601984
706167095520796672
177661556
707037523265122304
2798455215
723882287465664512
724486782889385985
3063473483
924286878
390941970
723857575238737920
724464548292497408
3086137668
718548070858817536
307447319
724444831725002752
2436977038
718251123547746308
1719639216
3011389702
719288493789339648
2421488743
4816720779
2647417133
2593619611
4654166749
715022794950455296
3147073459
2879118658
724426625652236288
718653184676274176
2921114076
164856756
700576986448601090
3291190153
3077603391
716203621671567361
2333123433
724343613425995776
4516993720
723976892538298368
2419783975
781652202
718288467768315905
710638429994881024
2868988859
704461027052617729
707025707256451072
2764442897
3325703592
722176325440503808
2477271830
701598258435661825
723310354516733952
715982399784484867
613113485
4714291686
1311926647
634639222
1628710526
710592354437218304
4506686681
4503600614
718165493031559168
714199024383959040
701956708340408321
64574830
706617843018768384
3211460307
2947218927
718249817449840641
3320827688
4193484735
708788469921808384
3461374823
3084305998
588071688
2181395377
4908180792
724169867046313984
154701298
717293521137438721
710458901922246656
16155503
34134203
724329941668630528
716534282118766593
3375536714
722966706415489024
451568528
2873156621
2319826604
2305878290
702328988094443520
1717297796
16475096
4041590841
1304300215
822104857
236632932
716303062139289603
69142575
965742223
3028105349
723666169224433664
4618117636
723505703323877376
4581315640
719485890750504960
3544739779
724257580491542528
1470353930
723398666245951489
825097651
724044122177298432
3609545905
4243930827
3493648574
705253522971885568
1421181726
911219521
1069147195
4899535163
344035511
2757755467
23155697
2349262099
373229181
1368551816
315931464
2226723039
4151998040
2855009942
963988939
10154442
2612892450
636991262
2348986382
2459033677
2570914722
4638490877
2563833015
3418483121
2218366981
2417920184
628752685
3347046537
2355628343
1413877232
723997431596195840
2716206447
713414089284915200
3111815624
2795730278
2975244530
4581873137
60812831
723991653955059712
997443732
476123969
3851500218
716621125107761152
3254167344
228137001
954112428
4790810741
2572846836
11226742
705047621367418880
714520001651167232
20978842
723957802281132032
4040749756
1091106858
1245109422
717698324829089792
64297760
2835071463
2469926190
63816587
2827163414
251507588
717185211277164545
3397065202
3050409008
3055280613
2236052838
278540502
13790282
1641404935
1349689932
169153155
427708501
2829875528
1127880085
3374879177
3155045513
3221772877
1447003074
3323724080
2954197907
2906390448
2573882755
2753883446
3628153033
2806350843
4591180519
3145282649
4736595570
4860993795
2927349986
1481553608
4071748823
4866603447
121969985
1699272091
3721941672
223026677
4511575993
4496775201
722533757962567680
714834977364566016
3381848175
1643438010
4652585121
1202292324
3401579607
396709486
4650815542
2379972175
554485345
4580992093
2774775332
72374849
2987741783
106963497
2894931261
16123781
2869351426
2596855182
705978213453963264
3091477174
3239767856
610074364
2555366455
2875993097
317440158
723496952726343681
141086619
22703178
198127077
2828957054
4413157093
1429213207
440315329
714374320357818368
3273520742
214329325
1256446020
1567187659
4826058370
759423494
714641836183265284
4928428143
4765963273
709465087212322816
702841775615037440
713149875014209536
4420845737
2911425230
723315079438065664
3477724993
711385356491423745
2778119674
722903768963092480
3045143090
2422251398
3091195531
4764871200
4886542552
3387131157
2436014010
712820879378542592
723233739267014658
722624522659225602
719706466471583744
3339878866
718815498217988098
714212312740139009
4714399506
719084944291704832
1865675437
2827972690
717982966031507456
2300117317
4867381498
713959534314651648
711873920031334400
439150203
3281879662
2911572657
3437256671
2821036395
3386266337
4518645555
3272687689
4350561378
723008850140475392
4313830453
3218998063
410451183
722569019501514753
2153757759
4903547490
4557578785
720490941543542785
4343768902
2967849386
3048201521
4585564102
3017609174
4713104173
2553998744
3797520568
722264036419579905
716482372003348481
713507899956465664
3763676541
722928106344816640
2560695030
624839388
2959411701
706893732210204682
708990771551141889
1011978775
4879672133
476840933
3252179533
2923442391
1459876340
627788010
721841029465403392
3793631601
333725393
218296812
1379660437
1449534918
711398495823929348
4801594812
1408278638
1644007922
1368161810
1572646194
720072371294511104
3245015295
2158166215
3042040574
3029400881
3982317141
722853906032668672
4790796981
3293703634
24018175
4114737453
713849145866498048
702941615162269697
3648429856
3402908103
2389338252
3953940793
3184775025
2984853746
704638184454488064
1508876084
702222426902499328
485714283
3221361868
4883028363
3293963045
2465473200
2404884001
3128668338
4056870310
2968177045
719663638248873984
1188640028
3177053563
2334560075
2606098561
2268932616
3573658515
1439614513
720467930719330305
1311661698
722407983230099457
2465650213
3080161409
4877040731
3302987399
4505893463
3928988715
2888731105
634704467
2730988071
1594116470
714941198700580864
3022180895
2873911945
4103300264
3145579645
158476551
721419878620663808
4865709712
2164888750
3016176327
4793645884
4652612073
3236867913
1107398995
4614266911
3898754243
4504447042
2320243423
4715451598
4833274379
2323065446
2353760682
3065477048
2251771316
3006639405
717865030578884608
2691995000
3346113797
200178829
2938567782
3188230326
2462329028
2450220787
178125646
718516448428236802
118153612
4805335512
1504119913
3187162794
4902908919
720299702349074436
722500438092877824
549573960
216798672
1574327052
703976268749021184
489592874
722582131965358081
721236498423668736
735331070
1244648797
2900972537
2859437900
3243866192
288423815
2759837817
322798678
450608213
701843548052856833
4615215312
722106862091444224
2738963948
3319029072
818993779
3932041632
722520716156002304
2895288425
722162294042439680
705114606298140672
719191191946993664
1302227762
4272402082
722483400997781505
3166025425
709457586651852800
230808371
582763140
721109151342927872
2807819008
1898990982
718838680979390464
715911005600149504
719684562742325251
722390417862496256
746210749
3286140342
4816925951
1961071741
3401640250
722366752173244416
2264619349
3384397667
3020409445
773162683
716376171861114880
18072295
260933372
1073694487
2946309130
1529846010
2292099198
162932753
2837496306
2278327723
2559377195
702678991388315649
708056900353429504
2936578277
4020190463
2738762754
256748501
1226896909
2863979930
721286387551571969
411873856
581187364
718179775844454400
721217785066610688
2956720606
702889859753574400
722180905909952513
4775428452
4865661034
701060771002892288
3494343263
2936756227
2835082205
714778937042333696
417817094
4700563460
709110466828759040
714708734539390977
721997491370094592
4470620300
167061158
1357963177
701227111558721536
2463744073
700642605101502464
2973704732
3631285042
712719949119168512
708483682588295168
4007119696
57146585
1882384519
470393000
715552532140072960
2989330156
193569506
721827057513181185
4185781032
3248288594
4206384467
22569910
2316006313
3226388343
3282699810
721778235965444097
3527894355
711967721190248448
1463466134
716853878977761282
32772956
3191659754
240309055
3131724376
450656414
3232157147
2765209256
3125122017
710123765913526272
750763662
2742496578
720323252858589184
3641099293
4384297755
718854538409676802
3231011059
3482747781
3294042720
719102536448212992
22686121
2365153464
718470228036812800
399567870
1908609114
4613498237
2934164082
2222109581
4325663355
2485431576
3544953672
3309488532
2476603609
2608341391
3319563552
4303074316
3144987621
1260789115
706998315137822720
1790442674
3289029953
1487006670
4844076003
712798801795350528
2921114544
3087357653
3807857356
3221787029
2846216974
718730695796006912
2886654545
2669047743
2407510553
710236818583650304
2521914811
2744095636
544459972
4534173919
137449463
3088017123
3363190103
2892567946
3817818853
39378096
2883008878
721402558544220160
1564347247
716684942978191365
3394889271
3351020746
3295706361
298816747
1395598760
719660131022192640
3645817037
3033448994
1623827886
721334411992702976
3042569891
2257135137
702916305410789376
4877418797
4319238914
614751664
755030198
4618499477
1284865933
3012264600
43509326
721252938807697408
3342975197
1464727124
3882186329
720188413412900865
4832658442
4866053878
705231262198468608
2274939579
700565960294424577
2922062921
701484997157322752
2179022913
1046102472
2270676492
110771724
3238458571
719043014233079808
4685977152
2925666204
214762415
1535544062
1606698794
2368087279
1524097357
4308841403
3162146653
2904865861
4613604377
4842080999
3280315615
1609237194
2895710912
2768063920
3138241017
799780573
1105620158
3242810467
1465763036
3076248045
1090322582
536044495
3271594154
702913967077908481
2366416179
3798063975
3033310134
3988273214
1246238905
3320814027
3189157482
4561487733
70765603
3220841995
453508040
2891700247
2984336561
715875321761906688
3097557918
4922794274
4906528174
3035089462
2653250019
2999756277
1630996898
341303598
4011242189
2411960114
1113158161
720350379733463041
4481853263
3105763847
4821375093
1532406307
3377721641
4152774747
4854006340
1135177662
2902755423
22976715
621241078
720725346702790660
3066728764
2794859030
4843068980
720789970340827141
2855756940
4540302558
1893746936
3226544694
4040310807
3352498933
720729926702362624
759603306
1449970075
720362390412374022
3539492002
2698960177
2461524320
306918306
708265425998618625
2909666976
921753781
4790255227
3741222993
2983586668
3102072952
1040075826
2925898615
720617719674986497
4708397654
3294043411
719234513650364416
720365907818590208
3029613271
4921718080
2467597340
3398489817
2434506949
2617737293
1177242716
226772428
2954276700
2314593009
872557980
3029194330
3287850607
4856460444
4319052928
711613530898833408
1345537796
36840108
1569242156
868570794
813045984
708657533
1402970964
719465219915784194
702252959816663048
3878384379
254658807
718844440891256832
23479042
111865049
317634515
1534006478
707557529040109568
538434525
1558468884
866717532
360030693
2483952445
3253902018
2894208211
720188929979392000
3051225185
2780290692
4321600875
719641076013920256
709348706026450945
3580252814
2693534030
720138795623038976
2291657917
2361256708
514977856
720109701476839424
389978664
261390956
709074147431686144
3402227967
1328097026
788577427
3392864302
1255703112
720074807442673665
3127222973
2195133939
252901982
625922957
720040317530030080
2907634045
3307384205
3041823699
2192826226
720018413511438336
718918657695322113
563078850
865527421
3154341287
719960531596128258
385241504
3190955390
4769800222
3958600937
2804721640
4824846307
4890758240
2859654760
2861972046
3254452075
2866265925
4051538656
3127917317
52151807
2485721041
1343322816
4916745628
2868777021
3319467948
2217307627
569736668
99683426
482753588
1695247716
3700216640
2449747056
1126820742
39194272
707849262579769344
2719005422
2891590857
348271724
3133519833
2307913118
719350326088871936
4747486467
707864762
715655078582026244
3161296755
4686480830
719306551266152448
1713749138
701489511289769985
3236596340
719184759071576068
506505275
704721721354493952
2780275845
4896003943
712311838113804293
702224119295778820
610357380
719627394894716930
2933864328
977852395
1943910396
2292974015
2264956711
719602413896904704
695803377234608129
458256650
2422658579
2781676986
2222283618
715349094684819456
1195098133
25422049
506516950
367456536
717802360047869953
1373308824
2666975766
715888758487384066
384399871
418221407
242083585
714113224757669889
1636803540
706468366811164672
712489533963632640
717371507928903680
2894102861
4745214115
3197846393
3224546646
708806365540536320
1164048012
4340555653
327073807
715768590155300865
81450232
717870762288398336
800838937
719304776387837952
274854227
1088242760
1137769410
716090244987117568
718847746782994432
2428205413
2213559181
52343223
64633602
79853164
716066687364243456
713335364971335680
22558759
133828438
3645074123
415875942
430294482
1296665106
2377464776
1378319995
481407951
709346011899142144
1436518819
2196316071
311254913
572509693
712327323090100224
2207469767
250501037
4460725094
3753684732
522885399
417848974
2748397863
2896279086
2717480161
718291329504161792
1105581638
703597719168917504
847946342
2755880770
714010314
718841335680249857
3774547992
3017826237
414974000
25839589
2965388235
2598471654
2874390546
2650750882
1415190607
3278930876
4334111188
2280276257
2926158914
2460806925
70183984
2938015691
3040720710
2713679808
445997350
3306627448
700578889693659136
167703166
3326709792
3344193316
1344794810
1541292902
3253063056
718082100876980224
3152035676
718385141039632384
3503326697
4614213563
718332689422688256
393923501
2952929673
713176878866178048
4680323671
716026620474163201
3635259088
3355931615
718097964443561984
2658463878
611959284
2817980720
4535612207
711711038291496964
2989722553
2877285628
717948356488794112
4744897652
1520965279
3238023437
1428239630
3230017260
4825416034
4761226686
4891046230
2389712676
4056257440
1578013682
4728803777
3864057557
2345932338
717669344658857984
4127736082
4149309974
717582927002001408
704138770996555776
2447805114
717530786526662657
287681758
3399778078
717492346053664769
3312351429
2167349748
3066928268
716766433393258496
3421260794
707634599510327298
4235035738
3471209592
2751143755
2790479054
714232410897039360
712437732992274432
3339940924
2282511224
2651968292
4626929246
55660997
285005422
3675923592
3061998093
1358728375
700442445046099968
1520305598
701775474452725761
716844708295745536
1222973785
2245599253
2600318246
307958256
4864353125
228091880
977179363
2882798363
4702982557
708735187698393088
1699857614
4776972614
733054434
1452959682
2634378896
11814222
1464393846
409288226
2325967111
472383484
617547277
3232599392
2820339859
3343345455
220484646
2486241210
1898885586
2787213630
716733756967690241
3289003013
3041296405
771750518
3634847414
3283627885
3994983028
3284023381
4243515449
708173100051881986
716308863255863296
715710516929277952
2790969301
3438179458
716575726661578752
252510118
14218961
1854946814
706015953331421184
1914226033
2822735106
4114669160
716084882141622272
710054545905168384
716491916586704896
441542218
2836382686
14939869
2293838324
15422905
706384199914098688
4108301836
3962959812
3426046317
3431414727
499060178
708696875935727617
4425075794
711508575865016320
361423994
4899565343
288488968
1680954943
2975371278
3018415409
3089203115
3266624216
2168296418
610031730
3228628548
4729159397
3921057615
2460227324
4655525319
707699507186765824
3303034074
716371756060184576
53690751
3467999597
4896528879
2284468779
701089389984747521
716358728258338817
441650899
863689794
2157670938
3195792788
4331169856
716093375930359808
716131929893023744
3393239391
279814627
4287786019
2408001956
714231639329619969
701276179
2331291608
4315266675
702347157693734912
707621126235680768
3004531761
716028111947702273
2954238143
3000395759
2561014786
2865935520
2984571667
1107955866
4874816709
1576366808
3304772596
1440442549
2222548417
715868671567069185
556220195
341314276
2466263892
872136768
2434440084
548827492
1262444064
2852573890
1659330638
1066516543
4508983833
3028525405
714451587025014784
694591559589822464
1861869871
3013098962
142195605
702534605308616708
1202221932
715642188584128513
4599724216
2217066912
3009658111
2488050870
2371085347
4159450220
1121571222
4920655499
3309186794
2493484428
597444262
4229100712
3383485505
4152105513
1044172368
1739374124
714142934870962176
3244590903
3049966716
1615796695
2267402172
4706770153
715455141676232704
251807020
2890119554
3027587527
847829846
715383748355887108
1287588763
713895185327923200
2475920412
3389531560
4807127225
4827558134
714665468989145088
4839166427
3467315772
705609246579097601
2924762875
4101226829
714555409550299136
4893312911
704142785767673857
708510940321288197
4690648812
714944470198980608
2345073420
3689157272
4880147632
709906234330079233
3680271976
126476520
295858834
707298567342448640
714545122692743168
3956466023
2390459181
3207522641
715176401356328964
4312248434
2357283061
411826143
714139185079263232
3037109707
2802895446
707140196337393664
1591923744
1620290665
3146007221
2889236244
4365822268
710581076259954689
2926445806
713918635610275841
10436352
4486109363
715002638580989957
1669876806
713907392308621316
739715502
4656077740
72349152
3272499149
3236835984
3282203468
3347817257
2566168248
2458766114
702766364189073408
4665115937
4850795039
702832201533165568
4503620775
711999763839893504
3228506134
1697861916
705359826587672576
714822350236213248
1024235934
2587816400
2304416217
215248629
91895744
711900046556422144
409493324
326952828
398803075
714078079015059456
2305909477
3065127220
1287228121
3087793172
634972547
2973782031
4920105017
2565292508
4847395026
2300744784
2291599164
2781713077
2754801608
896025901
2952926892
2938860510
704037070549831680
2906736133
4713204560
714575632030519296
710580105140002816
1483449499
3432446494
2951788074
3467701513
2723142106
3248953146
4850813539
3260720306
4072335312
3214654453
3200695995
2959717834
4070391267
704366230812102657
4839500224
2856090617
4059430752
702157454617026561
72783659
896626825
3772340356
714513610769174529
2713166534
3361376219
3029252783
1341833310
2234673607
2962910944
714396894462668800
3313175077
2864271597
714362138618368000
4847414656
2924885317
4890580004
706335910368047104
2809743168
4442942234
4729509197
2780658598
1467503774
4716320892
3161897591
3346831251
108999361
2528422097
1499743939
129891449
2611352640
1105143816
2475649526
4839231837
2427751872
1018641360
1228168026
2845972912
3762760709
3280006232
2349872938
4527469695
3225538741
2231767778
2995996371
1087108507
713850813479837697
4827793350
760221271
2943375959
1259129750
2329804819
712938972775903232
122216229
712397840962691072
3112855625
628285502
59813894
4615374751
2380690252
3308890953
3161711846
623064381
713212199867703296
706168856897843200
713156618914033666
713772137744613376
2312302825
4859904948
3255109234
713895178973655040
4149694889
4260358228
713906619214536705
3064998581
711681286520348679
3029052814
713873940591034368
3251891467
713866709199941632
711429693925294080
2256877020
3785843714
2869469369
3178111263
3345048999
713831303607685121
2982119645
713829182099337217
712428156905463808
3431369673
2811494210
4206137903
4843798887
76463250
2964692338
2424168505
3076258835
3000637569
713757878125920257
4698786222
3065531812
2871560644
705598634537127936
431049832
2364629720
3257319176
3677762655
2806212435
701495336330727424
4604868733
713536927547441156
713758549315362816
2245844593
1401544940
2946459676
3270129206
3176355807
2213042792
713131143319658498
1930821613
701885064
1278915860
1553090546
710740032378634240
2832303044
706771233828794369
708375307162673152
101843139
2879046499
4074004393
713643462076268544
1219183818
3116161212
353252603
4862077689
712038975767257091
2977322686
2441585468
125540940
2164157478
136733997
4565164572
2901340561
169846687
1445988654
4221131835
709740336164315136
169664664
1914243841
3245443837
701859201409228800
2326366036
3098538180
3253796196
712645110102515712
2198389678
38570287
1402841761
713481126103228416
3428966848
2984120867
2367140187
562244092
2323818303
709047314132766720
4450709512
4853503594
2477153335
3379353941
713352831475048448
453053384
713439557018976256
705332089848270848
2590519248
4846877459
3499404074
2293754928
2924824557
1913962002
3042042184
4805335032
3483137547
4821477921
2992744257
251414563
294184918
476766328
2828878896
595660714
3296494530
3079939726
140073
4834450699
3918617297
4682397486
1652533519
3403978283
2262839708
713333670862528512
861928345
2297876117
4886021638
431898401
4711128734
709613602609561600
2975758407
494882030
338515249
710996624495882240
2507026124
809932831
632469239
3352370055
2766707812
2181176541
712687153982078977
3381059271
2272287962
4899989860
3230553737
713220043400675328
578719061
2303763973
3237344719
388641384
318711107
4923061873
1564563949
3002418277
424774869
1252517072
3403720942
2997455176
3064290310
459735949
2346191304
1270013096
701146960821006336
3347620611
586013183
774857978
1206076310
2169427706
3432632292
33324684
25118804
1243333010
3851097969
3253016798
4874995976
2972249164
529599780
3383666261
3309917259
1601896057
633537432
4445386636
3318140648
4473642256
1620379188
1707977426
4540154840
4834341245
4833684965
2583360420
3345694467
14987432
3721853120
3294126793
3621752592
1916008387
2857769165
713118355666763776
3013605418
3441834074
3842430291
1423181868
3562672223
1219728751
4494020974
4744688700
2261839290
2756936067
1232052092
39016231
2540834660
2429451972
2996326259
2892826834
2782701539
110249136
3291894315
2911322408
2865048951
711183232713105410
2416617476
2910327593
1347796873
2546989195
4885613532
3306023899
123614603
712726236028645376
2899899103
713013745988083713
272275701
2465397726
3297945536
2215151993
4121802933
2525676782
24560836
4843865398
3310278015
4108204576
2959987694
703280968652689408
3352015017
2416564584
3304130826
712663777645314048
374096320
456230344
4850616220
3963090922
4810534093
227569479
126383482
2522013541
3428117662
3146159129
2905824144
712936735718711296
449974822
3342275337
3150505760
2287389937
3787389372
704480397216784384
158851327
712459596833562624
4320405136
2890788875
110025912
1663575595
2649099242
2329764361
712776523904720896
601152269
3133653930
2193819180
1622209675
3972390072
225225660
4557633396
4917122104
4916265203
2962754434
2882530184
844186866
4896166107
2251414402
2400807932
564349845
3620753659
2579237533
712837218029580289
3593093719
4561352117
4628104651
2361754074
712470831549394944
903597877
705520378798452736
2969088321
3344596252
3338081699
2787238503
603946744
2229153062
3508072948
1265113658
302235043
2935480043
2297199140
2508811042
2499184365
2557629446
1668179900
3188582875
318590930
3276353532
454609590
226873959
708045260249812996
2976381822
1057841323
3096547403
2938570673
708957224081580034
703327484687810560
46012966
710944010555297792
3400405815
3305735305
237931401
442037391
4901871454
2996067446
3313667096
2822493893
865714644
2485430206
2559392913
1961308783
2415865901
3152320344
4767659182
3156078081
4125212414
1692694680
617897846
709521173646696448
4776495688
1710771654
281136711
2825143775
2740122160
2719017870
26941522
3289037981
3008699825
703976756039049216
2999925896
2395274371
2770251539
2921548667
764114671
4617546794
708474746539618304
4405922903
4902410411
1598361109
2160788697
479854951
2717271817
40472991
366091141
2998337416
348724371
172324688
2759391469
4023124937
1436714407
3160291345
3250813374
1714840440
3388570685
4025498313
4427859094
3272248746
2955225606
443824766
2821657062
3296775014
2949045675
1979289380
2783047067
2866039354
2230562023
3297747902
2626052277
1009867536
712653656353587200
3315837671
2707487065
711467335706669056
3031883158
2597046280
3416823808
1652965880
2837793466
701101055841583104
272861946
2424342726
1480938337
700076724298649601
3035454105
712414589435191296
173496684
3286495843
4039001668
317740655
2617811184
1578748424
3188786080
635961497
4055506336
328942141
710964599382777858
2882411377
849586867
3193147658
703032315191042048
2587109041
220198008
2376871422
2855913784
712555860615163904
3102344735
1251149288
3438149650
1689350178
4025338232
1109346433
1665392846
4852824342
3148896597
702005306562183169
2299177166
54757426
4606670177
1939045027
3308597168
3078685970
4691475510
2836392054
3303220758
45299705
596035576
3310285436
260942115
2843470010
2825529337
3150523141
1692190759
2451431858
2972232389
3139675217
3865678703
2886328985
2159925138
92294837
4341839113
3533252960
4807193773
1606743044
2787642191
3438213958
1312776456
2784881678
2444327237
4692508087
2855622671
173845100
4464816496
710161435230412800
3240969392
3414121187
711283574457176064
2182874700
225734157
345538022
1627797241
2334719952
709870113122455552
3087696483
3418887645
2427998857
4118105722
1253452357
2600542916
706922190961123328
3932446163
3080783890
2205417131
25791402
3980198253
703685963885600768
3307155403
2457090614
3099712847
2998670865
3752543368
3048369600
938113752
1495865874
4593904343
2547260065
3103352793
3041047635
3300609550
242381778
2854809934
701453062762844161
1641951524
709845635256737792
1448491260
4839057980
100318680
28419232
2174955006
710592626387509249
4318458137
235785633
2214761623
2429677946
711591940190564352
4426281912
3234240744
4765990247
3153980344
3006084987
2464622532
2773655412
2854071501
3237570169
2797696922
712410298230169601
251726935
105023473
2887591721
1281661782
102017261
4244565695
1441384016
707235829589143553
4886110467
574045362
712419096898494464
4827771796
4319018120
973938728
605674078
3355527155
3652326735
2962655559
4615771581
2247434236
4633948642
2437020095
709020768663900161
1141463918
3085153893
2818542342
316717918
3041848502
1874254309
3011089048
710892921231446016
1344392958
2267718157
1494182048
2882833313
565610954
2784330301
2386422971
3054047459
2893837875
2271081775
396887065
3426444430
4808889501
3874323695
2619340125
3094773600
2891444599
3184254106
4159342827
396992844
280820731
4871060933
711265253183627264
1731664664
3233843827
2890715827
3245884611
22466748
809757516
4558988842
4889740317
3095573919
2752780649
3349204498
2460323347
3252890894
2357583544
149354748
2957198927
3087470319
204509479
2321041734
1564907149
625749891
3057031648
3299741578
1520662885
3374083839
1740641485
1444579568
529339436
159525327
51854389
307187559
2172364614
77885425
2725973252
2931852409
3092796963
36463678
486045749
3025038693
357956751
2898048772
2227619168
3231853872
2356959944
3223312819
4274308814
4919876607
1181045281
3888342434
38117295
766434236
3973954941
712364004652531712
2600564623
3397496110
4516352837
2510689419
3316132802
797507682
1597048286
39027948
87603593
362050240
706195814310346752
2435507143
3025291498
28737900
4632860533
711246464442359809
2742851266
4879847951
2389023613
3774576503
3305738080
4614824963
3195137722
2770379711
701114562901245955
4865565681
3950046465
4522637121
3146254952
2887740957
3837352529
279814564
3027863836
4702245819
3571568595
15955283
4457263758
2757694213
2613761108
148925954
1558393562
4692180698
2652882685
4910859707
221872069
502225278
709990024994017280
28688337
3264024849
1930640172
4452715161
2917492774
379387054
1015506690
2260410498
3159977305
3225369245
3217862312
47132222
1455401592
3076009899
278937066
2937149061
2723013691
3760385712
3196133306
2823430893
45280729
3021716298
2897102629
996262688
3128416770
4738568128
712295650466111489
1246132099
2569552462
1435622528
82342991
3009257367
701950320256098308
2246931413
86873375
435386407
2244079080
3371408109
537445126
1205254032
4794407002
585658459
2997942400
707591689138008064
1597269042
4718904140
4758399770
491023086
710626526597947392
2957505341
3463218142
19537671
710190735409152000
144414012
4188555137
2249821189
543850670
2941437135
3411343173
235558657
2567948329
4202871494
3313481377
1890663054
806701040
2473694468
218026364
4892304053
1278765492
2191190707
528986883
714620485
1256101728
4786777100
2360114992
4851439733
27032649
4011976204
125363289
4915760287
97646907
3401556311
405482390
739326217
706645329496506368
890528203
3237513065
66195021
2376363620
3907928298
394207926
2387594552
1674672055
112518497
2282336148
1884312402
4812182084
3089261072
2985278464
3811831041
2444486099
2592809238
3711124582
4902911950
705422777109626881
1560932797
4840009763
3129365011
2265855731
4369943477
3355665923
1697951582
2872637513
78198601
3095995853
711353862943219712
64575249
3184520642
61914019
764414983
185817287
4553724972
46722872
270142248
2426632482
2615729340
429540306
2422551790
711791154803515394
15840348
32809159
3296602530
711404717767675904
3309093295
4756989194
1549504770
3298270652
572981684
3131496478
3807015196
1917984402
220582465
65915857
2597448672
78466287
2414632992
709988652131209216
2417059411
609960904
4592115614
1390450806
709627569788702720
3510331996
2238205856
2917051717
1126030236
1056351612
4855189204
4653720746
308642219
509685346
64041828
1641898854
353009630
4228523609
704736529885728768
572229411
109650968
2422231698
2918192970
3024074355
4856889110
3325569116
2678323951
810062036
611165717
1714106640
1518068432
4566062954
1056070938
545787632
3382733483
4146204621
50536744
2878831764
3932677094
701957114344906752
3361886368
1085027022
42297889
712125221797437440
3860336780
1387280616
4548956173
41472145
3430790981
4840805418
4873618902
516128298
4600380612
3112240282
2972517846
2994958269
3032043406
2870327092
706484948
2338754919
4081716013
3309259350
2450677214
2564157349
3123832800
2534509511
4784843773
203192623
708724902157799424
1621016551
2835478674
383480415
706691362733817856
2528781776
3244253319
2959645414
2973181874
3322090259
3792984442
939402596
3248559066
4739918898
48378001
2432881478
702309585147793409
41891000
451255474
360967520
2888655724
3019138637
3309697713
3327758491
4650068234
3292238710
2374222216
3224491398
712110247226179584
4748641107
4731414006
579959281
1651166533
2204039125
2638760065
3242960891
2981546170
2450319085
710644039348068352
3857054837
4634593212
4449083232
4875518116
2444759222
74603695
27820619
2475076744
1405876010
2697185670
4880006254
3647152757
50436710
1948403520
1475650886
712070249319944192
3600442460
26563823
710945500002799616
3284561334
3838228097
2779582836
4614548608
1546192357
3406178009
433498967
4799113768
2312880312
147643994
709534289118044161
2597277650
2463948665
631410667
708588647923257344
710631464224722944
3369846070
3296488598
103540502
710728631799033856
4328218997
2772293054
2942405867
701932472661966848
320564892
1562473501
770377860
45667850
2468315419
706496881925365761
2958112900
3872501254
2436272593
3996348132
4851649690
2827085269
711667632781565953
4875561456
3087481224
4037329573
700425350455517185
701201862788194305
2741296325
4860718453
2406611613
3404570059
2826728530
4357465872
4699685359
2956546640
706593175943557120
43783244
3286949040
4734023599
4666052882
2462441237
4492689193
4833832335
4672170889
4409740234
2887833657
3176978956
4616874736
4852201379
1101784736
36989756
4145895022
473985889
4103504714
3646682957
4796479833
4600635449
712091401413009408
1382929916
3304073953
2940272873
2813964900
506716740
2780021511
1530674328
800911885
2967059787
3567259634
3316345517
29897454
72596862
2802807182
2974073248
3018662831
17079497
3378100361
119899153
711822163917942784
619414189
725402970
3125390237
2180054532
2841789540
2761483120
2528407489
4414372453
4840397190
722938783
933045979
708514066860347392
3306351659
2730806501
2969323756
4742370524
18648201
3367902712
2652993748
1404150926
787716428
605093723
1701946597
1935847448
842557795
394974741
4740332055
450823058
4793890520
4920033557
3269319776
171502946
340356168
2717364216
2484547871
3338503199
2866217539
709603289160003584
3318016467
876978842
709146745888837632
1959390097
3066838281
2778142901
1016002873
4921735985
702729735281881089
439283357
4704676304
2326512749
3925146929
67176055
4657514100
2797029624
2230645844
1006970785
326893191
3310743641
55112875
480740401
851168106
3800868134
277169663
1229995896
4660272312
2978747211
4083375315
2249125308
2397844677
3347163016
428818046
4435586002
539273344
4174430719
384871314
3311016405
3128461333
3300912008
4772462893
2838908152
4755991881
2569932542
2649872852
4692826422
1581779606
712060018934345733
2995128765
1881765032
3305606173
1419258295
4860207003
2903221613
912604476
2406391546
709873968300335105
2239061317
1542554096
710434822339076101
45543376
1720190718
4843745525
720575467
396082868
1077785749
882863376
283349610
3431619645
3024173141
1935408091
2741113149
2809364182
4119836183
2931275811
3273458216
40427734
3621259879
2310831978
4601460635
3370772237
3258515773
2452220684
420796504
4607053812
2732787602
3381956524
1061273180
1423390699
1719294678
2542141150
605920253
3102954089
983857940
2985234847
4835619850
3454903092
2715047169
3409026604
2275176955
1593717566
104867433
1367788524
4785749440
3408134062
3319126037
706635399590875136
2629339918
58361610
2757823413
3863252968
3382368365
700706777701027840
1592405880
3243840649
2760663947
711311233094385664
2544519596
3295521659
2155953163
3325006068
29065091
3301004903
703310291010850818
3071353595
3000500535
1944464250
1014606601
1000407553
1583145924
2716098241
3259354663
3769177655
3386713461
3091203595
3067181334
4895092774
2513683118
221506843
707122359879147520
327247795
704711207396184064
705398247032881152
709460722363699200
353860050
2268103242
322130754
1269226628
1284414576
1902184754
709789517402648576
3007976872
2178287594
2899264772
4819789481
4839863434
2922047964
4302415817
4776043337
588504600
1670676036
1305411872
3076488523
1286095664
2776765939
2350796812
2645880381
744550286
862336513
2781333368
3139448599
4108035927
3971508673
2215256545
3237169816
3975315857
3817778415
2981345295
3298128916
2202424630
4840899932
1402414639
4840373391
3243568698
709166081982595072
504270952
709061780983644161
3191377584
4861323732
2743647165
3092093847
1214497634
1455799806
3426228533
2878428197
4908599686
231342720
3143066846
2649294948
3797112735
1315067822
802389295
475277729
4689759937
1433275813
2699147820
2313872322
472466748
2728423565
703664617155915776
271198889
4031585698
2307431131
3289191613
559131961
430001662
411785041
3331754344
3976582696
4050052997
112516185
17644605
710953975692926976
710641071806619649
3800730018
3163431864
910913610
3429257278
2846867386
4060525733
2840717285
3645572841
711678578417541120
2428025714
1662307646
2905717347
4612569497
4903176965
499519041
1678977145
2442582850
2333826312
4830833373
2169416058
2730227567
2275987291
2642678019
384938750
2940526702
711940117510955009
3265716751
4335540275
313805791
4710818257
3082737829
4430120927
4471267575
4230367222
344125648
4151092516
3017952544
3729116487
2401662127
261636072
2401159880
3224674729
4880745259
706992188622839808
2490350762
1166856529
4842738982
24213759
3178458802
3841399834
1205736247
1393193425
620952801
3319428131
570280992
2966306457
3387229253
4903030593
3188422217
3377923132
2934579196
431060283
3237020855
2418060330
719156665
2736612722
3029104163
2244544683
3428162853
2779982009
1278443562
3580255163
4572052049
1112703151
616039465
2783852885
2455114800
3128620247
2698333250
3959789489
2960600620
2829880001
21110525
2975358035
4891661176
4564945157
809932615
71725306
1193012090
390214806
2585539868
4091840853
1525552748
3264675788
2399800818
18818158
3067097585
2921879412
1656831428
2885932553
29334663
1591343592
2356944030
386800455
704406777589317640
1355526182
4547358381
2719854145
4063372522
400819577
2453743249
2780538444
2354360657
2309354952
4205129116
1722800744
1864728715
1056114710
55658157
3092360247
3179462019
3553051814
1278933792
2293711422
305822586
2926436150
2792507799
3000371320
2306912360
1138597334
304803762
2986653039
3042251067
4061886437
707325059115982848
19293805
4789474921
2769427138
711801280704806913
3428632210
591178361
4867697585
3690064275
712026641732648960
3254645061
3370794526
779044820
65075926
1004624528
2753712200
4573430440
4852839613
4532392872
705938545282846721
3499005672
1549246568
4748393357
3229610795
701456780388343808
701537765901467648
898954903
1124441623
3092543332
2779939796
2721531558
1036218115
21129606
3227175230
1534397994
360893987
465168977
1436559032
4258529848
3031776631
1242031826
1588139142
4282851857
478155625
3286797798
2788426370
573021641
3268450836
2602828596
570515658
2801132752
3053309394
2748590343
1470658128
2554016479
89380326
712007497633173504
709850352661692416
709239687446048768
3288624809
2973404422
2670012901
844984910
3294685984
4883925718
2941868075
3453022874
3971801956
1375494458
712008298111885312
3231524585
3201706415
3852111329
4150800912
1537820766
3244504860
48880176
2961666257
489404197
704834597918363648
703362672134332416
2261649996
2180652388
4460058376
64702738
702927266406391808
754007911
2358207134
2984509287
364581806
1120694197
703958038395363328
224846521
3026303656
84139704
2948481483
4882474613
18921849
704821773909532673
3293370582
2633843432
2223044860
1007906762
3389012535
3096635550
3002611094
2230300182
342331141
2716882403
2939264103
4559401462
1371875472
710227611717242881
2149799652
429540538
344289415
709927238586789890
374118348
1551703525
1667054742
1511666534
2543849440
165252115
4219234223
4033312589
711734944821813248
838833368
4609643061
268834648
2172475860
2169308575
2204287640
1594869493
1180146092
522416190
2880956631
2463622532
1286427667
3290892218
2811602043
73687235
2906512079
367809207
704732556554448896
700828290542608388
3396354315
2843963044
1657117302
1941093301
3015711664
1151950644
2846926456
3180909247
2872815549
2271991544
610231523
1689196165
255428690
18518500
784990386
3240084015
100352986
711364127743188992
3137758909
3874124532
2372197629
4219508654
2810255056
2873193477
2988222133
4547595201
2680627134
401627879
4679567252
40489542
3441204555
699961963854614528
6351572
3044866487
1164753379
2968523242
708454243590483968
952307359
4320816153
710121906935107584
3439313866
1380452910
3297025975
4174842352
622214261
951810468
4713112778
2463623680
2299781145
2953526919
4921032082
2398543634
2782566225
1892972215
212082362
1072209433
3946461448
3031954493
3125420768
2792597800
2411665374
702220010211520512
2937729633
4776820109
3082824591
608666578
4412318421
4496434959
343757667
3108300520
3363424930
401337501
2803070529
1077882091
3341979317
3981973762
3302744870
2941284077
2936165560
1319234114
2896965250
4781584002
3428281295
2562161899
711939600730693632
3373739409
2945189690
602127570
1393175622
60813638
4276873463
4567054813
703610765471817728
1499160254
752976396
3137429975
3043391572
2954329120
2486733407
885784314
3538855397
703358393118007298
3256958510
710904684211474436
4922015937
234528502
590377021
984450600
3191899383
3152225102
1355693707
3428970196
2945892420
4017921268
3294439034
3144708782
3919921513
3063317406
708870718960701440
130733696
2826459638
1317473071
321170102
2975473132
3815846842
208464067
4566597557
26880350
582203005
317680799
1104293461
2485926350
48464478
4149404433
1254060564
709861808367083520
1045697713
2790653430
1731599708
4876481902
3198153933
42208172
2973762429
760005097
2832140557
2958683351
705125672474320896
3246298999
4671092232
981444667
4372097952
835926530
114411933
4887550572
1701390673
2926154409
4513291640
4853125170
157535297
3354082858
2965378177
708492285
366606178
3977959949
3129393325
419834364
4767741989
2869632748
3903615084
4021104019
2986907247
3560933599
4384265399
300897212
2431963195
4784730032
4858357775
859695066
2406700776
2874977171
3300507946
1750986578
2303679480
2189345758
860578184
1100792964
3374655616
2831505869
3318766873
2843496618
859175845
928663009
335380275
16299436
4127858301
3245210346
4071155656
1354580910
113970947
241054148
2271884777
1169361493
2241643783
887721865
3165389633
1335898958
2943929021
250713565
400673753
42694485
4887741630
3187954167
2876995125
3325516803
3783413232
2360206851
4643659794
4039411274
33571796
707656470096158721
2343340923
3149515422
1858471640
904050126
709531963191767040
4717222528
3022601753
711867743230754818
173882759
2911602042
703227263920300032
303146856
4020921912
711642490
849909259
3702035243
2491195162
832857866
4453188493
3353224197
53880332
2787867176
1657309104
2834710212
937628304
3184028029
287494051
250020709
2154990374
212678607
4884056415
2408460102
2246898158
299986139
2426175848
2601668492
1644911718
2359871262
4870049913
3033264377
1230075486
2400886488
711833953787744256
2726963048
3902011936
40973794
3829746437
4728172522
162591490
4831320855
79288614
3924223814
2450479194
708455146427179008
1355528089
2952296806
403269377
221232350
3891057793
4306712959
989401513
528629420
3312256125
4438081334
418652605
211633962
4890746411
63351285
2629337918
96023372
3156935859
2181994436
4555192525
709240996727431168
3278401831
1647284690
2536146790
2482819380
311836844
2838349962
3328924531
2290030844
3224672928
139020367
268735744
68486117
2971901332
1566958237
3105713612
3590273414
708959093608685568
2899804016
464064131
1548942373
1575361717
4889369924
2444898362
1187330941
2945119825
3974655604
1336570440
2254479986
338435592
2580952381
3580530972
4515377772
1207497132
2830860324
1905281930
701889650030280705
15989216
3312696570
4187047219
2936351418
4131028692
2350999134
1737480816
2901383613
2885330690
1070585252
3000453402
2349725856
3690168792
518137074
3352759821
3038572916
2426293747
1170819349
1953247429
13198512
3173784894
2571338532
3161819679
2820528981
548825170
3127698957
2908516801
3218001604
3238246836
3164820673
3133888464
2931714620
1315659830
948572533
3315001229
711640342437560320
1961747779
1573734468
2689123854
3234780145
2355781333
4160243174
4693376094
1665753835
779027312
4265107032
860880132
3237545190
3561119833
1141785674
2582960262
2918247606
2368522430
247663896
3021661460
561638311
41932601
2302362711
3763954593
2945884190
709256721852715008
2935144388
2789803125
231615291
4884002772
701417658764275712
2908663148
3120162549
3087303018
4853744416
2148379712
4417822152
707064667445850114
4249515020
1515132678
2471618894
2796933007
1182988152
3848088562
701574249866252289
3877090637
700550506041618432
4911596811
2413122509
1319501976
560015777
3041535178
4840247674
360544942
598349465
2467250241
2270261327
3006946935
2235257046
1351087674
2574030211
286877102
3054474572
2536766330
706147494934224896
4905206186
3437219038
2930941307
2775693247
732834816
1459695894
3289852594
2883616845
2929255242
16846306
3188309323
3164481413
2696695045
4833356908
4318793173
25262619
1184437495
3489642737
1956530312
1559270684
721167127
3020902397
2927878668
2815702482
1112690778
3438694625
3815316919
3000929398
225992916
288503857
2996356154
3293038495
710989952490848256
3254650428
3406482231
709597033217204225
517650420
2984748139
708672773988732928
4356033915
1902044876
2400553770
2954066377
4716164594
3099543311
1523465407
2189177034
3264252077
4603713256
4663294034
2277227317
1046870053
2877869322
2308889353
4192115539
4798261342
711406453601337344
3107752352
3195262879
1890722202
478908825
3426422014
367947649
4873170567
3807906613
1035874328
3074094548
49025699
2218365272
1474973616
1273659157
2984727102
1857806875
4342413928
2346007213
2744722684
3075904042
709914473193205760
704147216114589701
2935428686
2903115846
3394306713
2699895941
3443647094
4876270337
91440308
528105898
3083400172
407411963
101122943
2924857027
3252961970
709562086569803776
4727732567
711748098297618432
3018308144
3258795789
3920270841
3368738327
4826233757
4575281491
1609831616
711730264792104961
4120095793
3235543639
4889945812
704843553738915840
3101563206
486422859
278761444
3465840074
3158409086
14607600
2934695367
2938927029
4896780040
2795348215
4837255061
3118196596
2941555959
2312446093
1434391220
3060170029
1623988190
427941671
346033757
278989518
1597850714
3080166907
2595455184
711744610427604992
4831558431
2724679682
4394522412
3160073759
3026875463
948817123
69283312
2666880700
4764823045
4852236461
2565812197
1687070448
18321886
2181200605
4791779576
701345332223807488
2940120868
3146832799
2358798787
342515595
702603977439977472
3609475872
3059914231
75145910
3137376886
2175988135
1053826796
372509242
4445053396
462533057
711720430806147072
1367472643
3193649396
4017449532
3528771375
935597568
620153991
1419397393
354429681
1186567160
2691458588
45454551
3444396312
3263681239
703078414790500352
3178186847
705827357190443012
1663832011
3476648356
4800256817
457006672
758208667
2157875436
709843754723753986
623328412
1278886712
4150962075
4804297872
890107148
101871379
2531237252
2578294127
3382738540
3241434881
2794974613
1544706991
2901996493
3831392773
357323600
1599217003
504139481
3299804906
1556261689
4694699893
3235438934
449128587
3076571567
2759522210
3572117896
278665338
1695596412
700816688397221888
1035354529
4870667554
340868971
3366080599
373746229
3024503253
902239705
2147756610
2910437283
3580873996
1682883128
69658593
816277159
4318241714
4565829143
607458595
3371412094
4914618529
3408069743
3071472869
2831038352
1449519476
4085956888
546680173
2220244609
2863441416
4566850694
2827070730
2485835730
2880430372
419235807
3155092631
61447398
3262189043
192024066
3679095375
4395318443
2773482807
3020258137
1651684405
2286774966
3160020069
3700943957
2952437957
17765953
2903875592
4845898385
1575975098
711719609569845249
159045598
4310876723
217917591
3039535419
2239427820
2512296888
218710564
3002210237
3289928888
1419041820
2921320046
26057487
2924331395
117133908
263946520
3106369047
4184116993
4826099386
3292316873
1583664716
2931567261
1401641185
2363640419
4194026428
1256731495
1964048893
47795381
700401019503640576
2896562182
50738790
2544958398
1539507350
373600341
700721217175691265
2957093361
2511451410
2564079834
1202480293
3094776164
1650949302
1581875624
844353685
2878592567
3200039812
1396212493
2172453992
1296116820
3825441683
5950332
407145187
2266592785
819472573
2414088138
4510209887
3261292730
618792921
2943126100
2692338744
399032568
186501138
60776120
4091815433
3882536307
2252686051
2349204715
1286973212
435233949
282641894
2352684726
3051584374
745193150
2230304581
702353113156603906
4746300518
1539866029
1965666636
2715710356
1433078174
2298787609
2230602376
2897125509
500963924
2429702515
2805224580
3017746082
710217183587135488
4100864818
711194705107628032
928026343
752006156
3119119627
4636377998
4883143721
2504220017
328949509
2761477187
241497334
3162945751
4251710716
1899254569
1151396143
2658362055
1537599596
4716803053
3302768554
2934771758
4280498895
1012424485
2413337406
1643620249
3572908275
2477557488
2151480120
4093158130
4536761561
2495466421
4700910499
566760304
2844260205
4821739709
2895696219
200992219
860254123
710433172048252929
2780821226
2574263545
4324180396
3827736860
1465409666
2652797696
703320845847031808
3329010907
4766322991
2320887073
154550429
3543911773
2748140298
1180425217
871727749
3048302528
739486015
49701431
2386078802
2688104597
1410745333
3389902564
2166395221
232944353
3182203255
709920540354478080
1380883152
34441654
118817807
329959873
618669120
769780238
709910485655683073
2501874292
1636698949
3006561557
447440518
446730442
3192840187
3088070763
2344654473
1006668576
344162935
704874076460822528
4287715229
1023212700
1127112842
387185554
3061131136
4390640429
3197459923
270050901
2842289566
3047542562
3230056010
1369984621
2507308893
2251639206
2932657324
3193131269
534426350
711703623697350657
718773330
554610935
1917668924
1689969690
2175443037
4349405776
617535443
3229042814
4773376572
2244301114
42409056
86199435
1104572394
2923688967
333320765
4870655842
707101464
4470358156
1508126755
107546978
3341926571
4160335581
2223526513
3918203533
715003460
2779072444
695402947509760000
711682414259675137
2945031460
3294492981
2425087690
105605699
710552696806309890
2332563904
2834663993
4382836815
3772688181
3408506134
1915254355
82355972
2570826129
1937995056
2937667439
139145959
1617923010
4119618134
3163369643
2316345545
3317137099
2969123669
747239876
924583892
2970841557
4786783815
2654632699
2886177653
2337247506
306468547
2346603706
3429982491
3015983562
396891180
518128398
767773164
2458085499
29614894
3145201245
3382054438
3251660510
3700678755
705985709664940033
2490423481
2979640829
4684804392
760388209
1191746035
2533249594
1952372472
3550754655
1348321424
2195112229
2336750690
2372034253
3290441081
17022502
2923983268
3425781653
2426503104
885091885
1468297285
1323407701
446857239
4829927861
1458728522
3033469911
3700354404
4830732671
252371876
3426847335
2756575026
710844384498065408
227580156
2831992080
727060009
3037773377
382823809
4128476920
853434277
358875618
3260498803
1431396564
3439559566
3444360738
3231533875
702280076654673920
2587972357
3105493374
2389601668
4822835885
413400599
1421896134
2957624547
1487534515
312534209
252309810
4625912657
2635243699
1887746828
2703652088
1569096864
2758813106
518397053
3312694116
1639048494
440382600
3531463693
1686619579
2873296965
867511476
581112739
3252719219
853455428
3303010313
1387172894
1894036830
3304275942
2183568074
1864583137
3309459553
1132073443
4475389246
3281916596
1213737824
2612880501
3167257151
4139626293
2621666099
2980558756
3135685252
70508201
3015850251
2495272728
1247389404
711641197161410561
623156223
1932565056
1094868518
709915221134086144
2775845133
4851467267
2562739261
4852475542
4123926315
3706261634
629419843
1648664538
2409161697
4312586537
2369860204
2954421433
3876622337
2239759244
2764354924
338000238
2258046358
506103953
1169663156
2347328533
4270977317
4313385688
701889160278315010
2887420053
25005882
2959228005
153614072
389842318
3129206668
183552771
709550635159560192
608320048
3093643403
2249152000
1920033379
3299726840
3181120867
1428904002
4563193763
2812464121
2667681557
1219274971
2370703350
327857096
3905539712
328592902
1225674362
3101707781
2898854989
2407834549
502752474
3839210774
3251897016
2792645243
3412302670
276140923
2542562647
936673063
2843444769
2437179624
1160455627
4846607560
3346783671
537807392
2326901169
1550833681
1689322201
709159069475471360
2408842714
2991709006
119924602
2955392769
1154949421
2322497682
2391551451
2647332405
2334871238
448507460
621204811
123445627
2575859498
3017877856
2891708573
2724765883
234882246
1191601388
2504323222
608309055
1167264570
3356294657
711604552970190848
3225318557
2736708106
86627710
2923312141
1480764595
1335570396
4836812673
2784393504
84892891
4084552457
1253734904
108321812
4839713933
3051800230
439555636
1528152301
798932178
776711102
476489390
2799898535
3050667011
1643800254
725417498
2940338550
315363137
579468259
2914369565
701534518080049152
2358248709
63671109
3347167810
497554534
323729565
2453006546
2870117889
3097133788
2910646220
1245162536
4425375252
268980993
2160721541
3578615655
1325990586
1856845567
604127530
2363361552
4924105335
4710895169
319880280
708125207966384128
3270550880
2437629871
2313967752
1491008078
2350852021
2697504241
1228463570
4647482413
2796576214
14777828
354123820
633349091
2821714066
4797217157
2940348757
1258012940
2298589910
711667048204472320
3062068837
345250159
867439188
2217191281
4783202317
2762189311
261518529
1733668080
3160895563
4861599756
3034838387
3192739008
3021680684
2726047340
2945419988
383663507
4905843730
2326130684
2569176638
2432710142
998219358
1096974030
3116764510
4661146515
2897736076
705210591405674496
2903138089
4847418210
594036621
2254748666
4841793457
1216424168
4866006729
4303598778
2360079612
4308428957
3220819299
3149635846
3268540812
4856423474
2669554683
413570691
4236307091
4441468943
3244865573
2608209962
3307454800
456973862
2956841074
895605314
2364529490
4854625705
3839977334
606816243
1355269651
34318891
705480746400673792
2970262783
3244603915
1390861213
363908550
3165958992
2995373777
707105630666903552
3372666437
3049697188
2586460100
4916992138
3409553194
4315444581
137106242
330663092
334447635
708530321671589888
4795763899
2938706637
249138522
25828764
260375795
2912073548
3026713778
3420720717
2855209464
191415229
3003305880
2428266180
2470691426
2814102804
1296616790
2412911002
4789602808
1687749102
3304618375
2583541344
3258734798
2926355058
2829895452
3040557498
907301227
902184120
4581625512
775168874
4059790634
2567668790
4343586579
2775114181
3419503384
3445612220
4729173793
695769145841995776
2261578531
3185547320
4599760304
3701113933
4198779575
65495479
2929342820
2877557203
2280801116
3163418318
4786234477
3139690944
3612635833
4626564972
706534399379173376
529586363
3255847260
4129545612
278745127
2755725228
4721897802
2513053927
224469570
440676532
2905592892
142527327
4918128144
559026785
3146023199
2756081594
46323059
166840007
701511474632663044
2471543112
1082038796
701298885352755200
3221884908
177833874
3249140718
3154406698
1605329936
4908862387
2989097731
3882786982
45034160
4870575141
993656173
3159561139
694683686202183682
57669117
364012372
313770631
4833264838
4824331034
14648384
1168966970
3432882777
519591373
2185005396
801533508
1105864370
4560924314
4745688823
434283015
218006811
2785681021
499098302
3359876234
617184731
3766487662
2374248864
2357200439
405934590
965329916
4388213895
4487370017
28855375
2473731755
69475311
4176632475
462752425
44706213
2402791282
3154858840
4021029082
204466091
4166412256
2905539782
192744194
3178588195
4071710711
390044498
2670436462
240087104
47381292
3215256079
17289855
904672692
3349327701
807680534
96851005
798478460
48404169
2743293106
278839362
2886789583
2797192581
55658701
3731845222
1297603106
3709080076
23093589
49053929
14195229
2432766487
559126442
54143513
3014417999
2835976560
1031392518
2996636389
35646307
34686974
821006058
3301251007
2851384224
3298344559
288485064
3426867082
2872693017
201977856
139822210
132375000
973625017
2266307993
40467936
3289254660
2444852042
1918231844
3192410304
432788634
2869845507
2947038658
564255801
241240931
617512162
2894192153
3352599621
1570057933
3350129836
37251374
179477284
2540384526
593207509
829608805
3215917755
442575385
3054160601
224212699
2281564844
3015069755
2867818315
3306361601
14260768
3229228184
165914304
2757376664
401874492
3199264120
3288901348
202054768
2978203324
3193203556
2966986749
3239678783
2697935880
2888888338
3085832169
7495282
3109808883
2689070911
248890537
20796789
517844926
636581271
23938429
3064310009
111689711
150770246
236156953
762522504
11140172
260491050
262730040
1259113308
508622213
138318839
87373741
2512136432
162989921
2372383927
17722035
1115518728
20080650
282180768
2857538765
1691518056
2694932191
2276239006
15444811
1254044786
1686569990
234238795
2212977390
249260816
2888223749
2365982668
2158443098
1876409467
2822354329
855696444
19198997
50485355
2998966755
1287280266
395354774
2265309800
19457931
2952949980
89798551
200332054
573357745
2892644837
1281571592
88263903
219864499
2946281944
2977571966
2957179228
2965610974
1586893790
3014530595
847295917
546557252
373061077
544846099
1954810520
