4855164370
722264871383879682
4704367416
3397175693
4896298354
51784211
2443823527
697529628232122368
708521838914215938
1681880318
714644346843242498
4102720707
4122236301
1624872206
2328484627
4282176973
2970429202
3983778499
2392085005
4807943834
168031577
34363640
3479807656
4309636995
3233841922
4552778059
4216680303
3852231434
257970536
2334895936
4192502112
2872567221
424252300
1576956066
2818149626
3225859360
3590061088
3920092512
331794703
3880493232
2177172415
3808853597
274569070
3315498709
3577456632
296917865
1549197211
3292076110
32820122
3317364674
143725393
3315955146
111169180
3405279411
136059272
192760626
3236204853
162641384
95552929
18548136
2196402214
3108785678
3022889996
237024645
1554054288
3359965793
3178512003
3243838914
3238892949
280081398
14737410
448338609
3160427750
3147746901
3117237479
306479396
440760081
3108562493
3108667957
3106722805
3083962089
1072264130
154761108
394882876
3070798615
3070553095
2904028772
1424768557
2442770708
2694210090
529601885
25669535
27599956
378175700
2906477923
3009557456
70927550
3000632778
3016737356
1523280967
2837340336
2967439916
614660983
1534168746
138782240
448078365
1429360140
8772972
17587674
1432253720
1390838023
65269508
151669883
22375555
1426506649
354043418
174532283
432884694
27583010
2976960222
361498154
865205911
297126781
412800213
2944298161
2933777654
2411594281
1281055082
2900967606
57548429
1214429394
2879191452
2343243836
184391585
390076591
40384995
628953666
26018767
1406706704
1723492392
565770775
422098705
2801249408
43968752
774630523
97532646
94138345
19744707
1151879304
390245245
884663766
2230288045
470896034
327737265
1064048394
2471325110
2287229574
521054512
590316496
57473091
1364880302
869614100
93749888
771641210
91298698
1721072196
392986364
1362654464
475489694
36006900
2319357128
19098745
2272398192
2249150383
1112820048
2226772332
587167497
1629434814
467554406
2185436424
259559231
57871213
30583286
1584375001
1624976964
33037304
1289050314
741359586
851741858
418829698
1208723029
1041648248
959744384
173943597
455263720
1190707184
1049077730
1075978778
906945452
982110817
602248344
415782161
26813774
111637916
251367156
49207618
442221665
477738153
37166909
126129989
126133019
118958287
21310978
75662531
36558962
60749573
31246671
60841234
24656734
