720087489294241792
298027175
722283098591760384
2717017470
722146585451204612
1389855482
719202078049103872
715970076558495744
703292421044449281
703290783093227520
3267358969
1254617270
2280091436
18823189
1449981846
297549966
703153285083955200
713891498211860480
708411822
843134288
4581139221
1869819337
2813638944
4673312834
708307964734472192
3243956545
2858991778
2299100390
704873567603679232
1565025463
3191560706
1881034218
1583257789
715003128
1578945001
705425049822449664
4427218513
700549408299941888
4902330999
1401392648
297258606
1551874279
4862587165
1613509052
4822560066
2148085501
4765414110
3784404553
4809241997
2379539426
4739075053
4726217293
3075760256
302748777
1582386488
1445061750
2750968993
2323060795
2557163820
3278214158
599743688
1521151640
2793467374
4426658354
3254772840
2823148958
4309739772
3234880435
4301678952
3164290452
2724869676
2160069998
2779771073
4138103354
346657836
4125914293
3301068085
750839761
295004759
2825821591
2803034791
3994653914
2469896766
2581606555
1582158462
2792029833
3942838752
956159886
1248134310
3865403206
3254333916
2696873134
1279460744
2801502735
3319473619
407312373
3664989855
3664968077
3041889382
2263204458
2171951906
1953204415
3498601633
3464301672
1599919903
2293893309
2311193282
3406450034
3135242897
3386337672
3437200743
2750670293
2948357709
1282057861
1410251071
2316478219
2705383411
3115821944
1408008186
2270756473
1652228120
3282525608
2713520900
3281294586
2155608973
3277989494
363380994
2435645983
3328147703
3244799011
3232709252
1877527304
2307147818
1535556768
2944379277
1475819899
3175081747
3237937768
873025032
2832293072
3180902599
2505708487
2278259310
2775400801
702071772
316812567
2855958640
326986261
3144589978
2344612262
2572832741
3119436494
3111780397
3028766563
2934299713
3097261048
2974126175
2288998609
2978423503
3060576542
2430800563
3013778882
3045438887
2806434400
3016433503
3018068072
2235243079
3013695326
3025003965
2425710554
2505693979
2980365728
2959055779
2996290729
2993226681
2678832062
2983298165
2984456564
2978617149
2948496735
2549153455
2977277988
2977060190
2770567003
611959284
2965094453
2937750756
2550958428
2432908987
2479082592
1529228611
2917907910
2556515767
1659292394
2862048367
2909593291
1090486747
2771988290
2903033647
2903948336
2877409768
2380425108
2422552496
2548278504
1454579880
2514227862
2787004536
2287188954
1241160638
2813993744
321762669
2846220802
2813826144
2848248984
2225578140
1528489148
2792464594
2832238964
2577956514
1167382722
1195759993
2419894688
1089060014
1650725720
2161233027
2675144881
614635381
1656373519
992150252
547139329
2450661816
2564383286
77153058
2726908297
1594758624
2168913409
27699139
2267742427
873022952
2472667614
352724505
2455702472
2716347715
926953094
2733761242
2217258337
2703318313
2666386219
2388431425
2443189454
2341003454
2642693090
2320187929
1906695145
2547328045
1566795782
2591777118
2618865184
2577175994
2571343459
2569871658
342520837
562336060
2377862155
1602670843
609517618
1631062470
2548684825
2473403786
2540430798
2405994715
333435764
2396909690
808388749
1461288926
1541574102
2492307775
1891098050
2156112812
2481041479
1427084852
2464233223
1649110136
855318870
2200005062
2451379813
120279014
296299387
2429827009
2429156294
551473629
1567376612
303566049
2410476120
293012489
2337438949
2390120424
1084521968
708277388
1838506538
1337704038
237064623
2346157519
2187374832
2335615687
977298679
2319761671
2205892805
2272240656
1892562409
2272415942
2218538426
1681463172
2199097968
2266802268
1514312000
579307508
2266551025
874434847
173350163
2260638324
288215711
2257986252
403797569
1654102682
1616895133
1270506356
848324281
2238396212
404388271
562459659
1630861790
1567363128
1609923794
1945080248
314085293
1393776734
1003138386
68884279
1918794678
1636481305
588763387
1478375131
1043458099
814484911
2165496056
1891918548
170549199
325241423
1142702107
1877305621
715019823
603786607
2155786724
1638501386
580272536
1084055383
1475308268
391089870
741481393
804942290
603785821
622249995
631461560
