4837315805
4239687388
60784269
4889670528
4855733224
4800924737
1930188828
4636156332
4510507095
4146273695
745547869
3442807459
3744001693
3653433612
1014410281
3462810081
515089283
3400692076
3103729327
3027280977
789985368
522834797
3232777265
470348605
3169169406
706940128
266341052
345068846
313020762
336962416
380069931
379472095
2985821112
1125549768
354019296
398269029
3016461887
475858903
464670436
758253344
1483028023
2931754398
518633788
2496364874
2905328266
465763376
433615576
876946146
784783243
1083772694
2249428634
348205015
1038442316
571470427
628983567
2850699528
181647401
264422280
2800926896
1912243608
1655687023
552377902
353764760
61057340
369653012
1963629738
377747286
2750341023
2729369058
501378877
2687844128
2680095145
2661390314
2716322033
2700588442
2610940758
376366395
1027953194
420696165
2458072020
1669304389
2271362719
391582792
1465304802
2542428653
2528945651
2497995424
876416288
442227255
126940746
827908418
2379559075
600624442
911248068
2366730325
341229034
419826760
163995402
702128130
1578802758
343027657
324598880
2297081754
1070077532
2251309380
2254080698
2220124280
2232573446
453320449
1191557948
335471117
2198960053
2180479759
559914587
1220059166
860871740
1924913221
1465210435
575810083
1602514598
881559751
1881705840
981763914
612239473
340771701
34165628
309998539
1713391430
615448171
444770741
136521266
362846167
762754874
604589579
563002163
1669245048
1361515759
387734776
566490796
1263546325
1634016013
1634371622
1370962189
632231893
1247833736
597558799
870924504
1604897095
938351048
1584855806
1584399440
567749856
447563149
881428616
1537866522
611966203
414780255
1240532502
727696129
612191667
554936766
840494870
601650516
427917035
565214601
377776180
595087360
1463706877
1463454925
1453578834
1093685492
341789698
1087193444
450287835
53597346
565344408
1345218331
1038550928
324471050
1048885614
983458572
1049120558
871038847
870694705
1239680450
945131953
603230145
1184865170
1053909463
1129663284
1106901055
1098976579
208354419
860218908
620689602
944972006
1031598408
881347044
580395264
998096281
988098991
768055530
979709006
518905079
453663340
627933138
539597940
556582612
917039665
519164535
898766684
185488398
888044316
887500632
347357991
613664673
596919291
566668009
621674493
425348922
598109434
50588838
498145693
270170417
353060311
559622854
331983041
590263054
516066744
594550019
54338506
826229204
455234483
818672755
378311686
552415964
556464243
736026326
541217807
284842680
100375634
438619996
748745341
16856155
565911917
497541201
411334025
782795856
104642156
619665937
172908731
772790173
421522404
484307310
441388173
536772083
533814123
612733111
730070798
601410741
451072581
346966742
349175704
531406115
721152211
371328768
400368375
524960277
337128960
599694828
467085791
709935740
610506218
377725093
636085537
612581904
425546271
554126596
190101531
175087422
61137750
341899852
324155312
308115888
441457214
235829134
231314602
576558815
166782653
326430955
35880396
51908714
593981008
445796249
467994829
425935500
350598087
363776143
554709728
612524109
317555225
504162202
440310610
375977796
471745205
