716985372643823616
718046697386033153
3044783480
2276321233
943745948
229724396
3804766812
3066954241
4064968773
3379914072
714086595536805888
18906599
3854038335
3503482402
712946165973696512
713348473144393729
2369318094
4615550542
701478197913919489
949545120
709772349281710080
18354906
1887978842
1322257022
2702127844
39371514
465720874
615865182
4856760437
4849506060
3335508798
4711626313
2856858480
4781272820
231104010
835227511
60784269
1377188995
4604570533
2699519000
2791633680
4203523467
2214138864
4142705116
64926756
2582511584
2826607075
361214706
2876092697
3259908666
3708363975
3584690173
120111833
49936383
3376409835
3325194689
3233424326
3176819067
3107973642
78884601
3156851289
3081904985
2495924449
2914147333
209605116
3125827509
2328304832
364486687
1008783588
2391741704
1497693384
2498284442
2957968099
2315509375
2563593542
2851176916
2909776295
2543004132
2751541973
2806553856
2332135842
2291405316
2846255103
2836555545
2852720552
2735405533
2342606838
287743077
622073561
101645150
2564981557
2596071200
2578124492
2472125649
383631313
2755128019
732766039
1489964742
2500292025
2765920310
2452872000
2758958400
2795845400
515901341
2649335198
265036674
2724323349
227102463
1385558677
33228412
138368786
1814182578
2685999798
2596641420
2749341489
2748917621
2738666088
2321308284
12397052
926155998
1365666289
2736942251
344818140
2575910682
2487393785
2355945427
29169161
2688508440
2467409805
2465880842
2149107868
1189466959
450642662
2579747654
6760272
2319547717
1921094040
1151036479
1399814264
328067361
999855408
2578113108
2580605358
613233453
2460218472
787317506
2581361515
1328945990
331891810
