717681323025047553
2457056400
1110467820
717078247570325505
708057412448743424
1332748404
4693515727
2376160895
1628461219
64795878
1708146006
1888276939
1167233552
2871984853
1666728060
3404352399
278098811
3389152012
3366320529
524945908
1018549945
3109013597
3160377024
3166127581
1578116317
3051605849
276266913
2233505186
1369967528
2838426302
70410052
2425272796
344170113
1523689129
1720827222
1173133766
1600932242
1213947648
994927530
952591573
920337366
622310854
618685483
255048218
618421321
