2659696782
4837315805
706185548411576322
512299130
4465938567
4377718282
4263351743
3233335257
321650189
3468115347
2822972862
135192790
23789752
301285775
92085280
210656998
1254165366
23812834
3039724899
1201723590
3020937455
46703353
2377451526
349411991
2953196658
2595503275
430051245
2859485163
32831719
2792949255
2768392629
23816753
126843214
21423342
1539356082
610715034
2660595048
119476686
2612189906
2589686678
2429593436
324570203
523309826
2512533074
23493588
2441756034
273186014
1535639491
384418030
262911635
2339139823
2361994454
39326645
2248135578
2203612170
2181006131
1041271686
1633701013
981704599
1355857406
1732280948
1262571787
20646509
1511902501
442376068
1447948010
1383066031
28096154
1235961678
1226371603
319374932
909196260
1116859663
739492963
364569303
1050857383
1016315880
950684388
928640215
36971600
437408892
624426765
179578519
33191848
536583845
522654406
223955118
22920972
461606614
43025867
19570275
125127553
362111360
297030359
288630449
245937043
46587318
272589582
17771996
231198473
25150373
30948732
231190075
63341941
21391344
55614781
62897871
53485759
55353274
