44209472
2659696782
4837315805
38595910
3392664093
1722530138
570131309
2529833440
2987485766
2985725030
2979222567
2975208518
2956601245
445060537
41688635
279616590
90047059
2903049889
23196066
754948136
2834379606
976040610
2790341934
2378036053
21653279
715352318
2648939320
24737315
34079628
45339642
1084051230
2385778159
192986483
1323445489
990345727
2436789381
2445692322
97346404
256822966
2416795166
2438198704
2405307528
2378131356
871871094
2356025851
243237421
253604734
317572082
1124293290
15822069
1961384245
1939665078
1915227259
924576517
43706764
1609436113
1480659157
393653709
18798637
503748982
1108415431
19907542
1205813869
1211139614
518863780
1066000844
68275834
411895768
401467838
300581455
23147300
629064612
243450234
801643177
267942959
164864374
286419726
589273325
25744783
531338286
510905727
504934552
364616363
33908069
63998638
443982941
40356855
390459399
336873926
89618702
85312292
287419480
420477309
420915148
175318187
46241009
84150746
387914794
372572376
19292619
19272735
359617028
353476259
354579746
352671449
81122211
96777368
82041553
19085121
