723913973309960192
47875290
2823890536
3726499301
707545123568160768
707728353835540480
707760513875386368
707737584642953216
2164699563
723474870101774336
707739083884392452
284426825
704692486166421504
707736295955668992
716921021916397568
711736023466831872
3046845514
722859049155436545
2176340827
723932499844411393
4869000623
4841430359
53723222
3253928135
3288894569
3300757667
18469093
4862289463
721406162692870144
707855274254733312
2478072326
3152332339
492314118
159071440
1216407811
153479839
406520937
1104253250
860036395
851708581
2200430476
4883038804
4882904169
4842598929
2240612102
489518434
1183366448
1183299007
1277525966
2809732395
532171645
2214173946
253695994
124908515
2745076284
309756852
2650802106
2745164612
2650780262
238042506
1530884520
1529203794
1571031204
850816357
849342444
1489245642
218411994
844787880
199240561
929372431
207453252
1248922304
1591792862
2230005204
529600055
220714746
307027608
2710470601
2589374227
2166650149
2992679081
992927221
2342137009
2496289009
1919949756
1095851366
566425187
2423923297
2789144904
490527373
1080407593
55002332
248429775
2567139294
2543830952
2826686029
2731424070
2800456921
1626576307
1633212847
1937389310
440665637
2320719906
191222853
787150621
2752251276
2732919158
2717350645
2584222970
1966054260
2537435405
1215788899
1147944126
1147804538
1133919806
1133544318
1039339488
165868346
2611655532
2639239081
2662744178
2588487102
1706620339
613308325
2224989212
1922973114
144526604
2478581365
2610539460
1584594704
1584697135
2340372456
2342448384
2432449597
215690738
2290986962
2343870428
2717565981
494943706
2739824499
1412099538
2564894436
1937834178
910959991
329005652
2397183866
1636360548
2410344602
325095971
2396728309
898286503
147518360
282074383
1132101380
17134385
546923441
97748394
2698550671
1475003954
1651388094
1479869312
241282547
545325451
1469175158
2537255565
266982245
2579723952
82828349
257428661
1541589151
2430967495
2150370342
2687562884
884229392
177685336
2474306606
361175159
274949967
364241334
2611497522
325365862
1628414726
2473590000
1251153998
1638709669
2374130299
1287243642
2724468453
2555106241
966487488
2517239532
1189056624
1629758623
286795847
581531186
2288217277
2331773647
239775710
2558647554
1209743143
2615207850
2517776293
439330583
2283705883
2555206466
181522558
326663924
366173827
182919623
1571128478
2349956454
366136346
385794091
2486056888
2336352714
391589976
2663134939
1209914360
465666587
2554834538
2319304159
248904980
2535093007
984859898
629295061
230461796
494776740
2613558330
597222090
598188074
585537138
2718619037
450906659
427461261
445406161
383894565
880326127
277976083
255261956
1206194912
139598099
170846739
502555872
249280541
167858749
1652453209
504537102
148506170
1405122744
1549582345
2608291424
1967577594
228718976
417003886
1271259685
35824622
2234152951
2617849735
2616077168
2165760003
342633615
2505750885
303723203
144465492
2340480158
331792277
2400160303
178418448
203070991
2615963938
2470757448
2576779836
2577334561
2587119799
2610541268
1688140376
1416013416
2222723858
2412568880
606105919
513055432
335976852
144350248
183036873
2591650754
2468095214
275624546
965943979
1339206822
962943367
157434638
397453992
436795156
2345308428
387791760
1014028934
717801499
480377943
776042792
174953869
32447776
923720004
86177206
1565345198
91539866
2203093568
566254959
1645063657
515893594
2346519264
125319468
199327827
1904759318
266564724
582531209
951046016
601143116
1730582767
604506869
845763512
370538169
368614465
593994116
586569229
1268944741
1727941104
1598554111
1412199187
2458367438
1412080908
1966509258
1960389804
1728327804
1582355538
2401412864
1583116171
1964468436
1960110980
1617666631
2291383646
1245567103
151156781
598303964
312018593
339028394
2583896528
266721337
583138357
1400148314
385053185
210243315
588551138
2641970729
1582373442
1489799023
1582309062
1565169366
1964445342
1960376070
1727985859
1078027862
2570514877
234317411
117758664
2313952862
130815523
994584600
630503073
2559573800
146808904
343313932
2299212205
196915939
2557270177
425931092
630361936
306177250
373056157
540761840
630220621
1687788523
534465453
716563152
263730792
555751453
1329352717
543613799
2518309320
491331269
300898260
630476625
629512273
629270186
2539884206
625744260
715706431
630413545
629485684
345892762
204789079
408518037
1088334120
365660483
297917731
2291370697
2217800420
502021814
1171423122
431581468
367350694
