705480309505191936
3252448199
2269179564
4496891115
4104305478
284188758
237376748
3089617168
1615339826
4662396499
520995345
717063554483032069
4092694882
4837315805
3346595829
3104044956
3854038335
2904727061
714481342130626560
4378162948
2990543591
408635158
192749697
702416966447996929
704919452048031744
703439036128448512
34716038
500389608
17466140
779094198
47984347
176067276
2279291538
2566983589
2227291124
716218044
4223515216
702242160
4806728776
2982461789
4634901647
1419421676
2884097410
349414003
604022199
252783570
622524920
2215954560
1665978991
2178841167
1561516196
498064090
1482900902
72254160
768054043
450397702
739734080
553909721
572264152
507813128
1293650574
275895065
1496710464
400507537
1395930331
1173987025
65459937
591542066
327251010
331902733
373396772
526239699
810998779
1250069671
265858563
1016573245
414310219
818560052
1103988769
1090522807
1086524035
565621437
762091400
592329211
986831178
458841490
490088898
35155813
633467058
581586930
76517197
763649533
550137682
429116599
702037765
766860050
581533485
28381197
599117358
574546750
467625914
718622024
543772966
281290956
706210232
452611628
484252328
382695510
574091591
400996893
46186400
529029507
388562030
439609498
439582343
635641452
597630413
633970281
