722272700358639617
720687611040235520
706661110355730432
721470832984395776
1514807432
177468091
899078450
126372672
2231643602
3882161592
718703434921213953
722244662371696640
75146304
73245887
2227312522
4865841059
713826762111590400
707672180037914624
23209958
29621419
4130877613
722251917582274561
3193759454
722250655436521474
1654325904
1888438873
4203987448
716072814021885953
397456938
4181585774
3309099607
721447503166504960
722244541118439424
721479271194173440
42389891
187197896
4269929386
2936524423
721121088105787392
694880675225300992
714362006376067072
3720888552
21936941
4064657470
722233850265477121
2191392871
2314807344
715935575845552128
720441644844261377
721557752619728897
426058946
710560065279893504
3467911094
284576503
706229845848494080
722222181124599808
718199980926885889
59205992
29557034
2840957589
721342974316060672
711395442697699329
232027882
329210183
722214946071662593
4857610744
21683088
721378396249436160
2798817580
721375888944799753
722213760652283904
3913276996
715356366978752512
765996624
722046876250476544
497342030
944681796
139438330
3741742032
154114173
715199619085557760
714692951859994624
246500501
1213478564
1301827592
2928195974
4878848463
3457442475
1626706862
2487390142
709195879136120832
722118249643708416
4819610422
721648465332301824
722189096433631232
518997430
721721007661301760
2245418471
705137878691651584
714458168810672128
722180419764924416
722182678431313920
716285715605229568
716650131978915840
50380011
4563713187
711984328335560705
4857289198
718736090711093248
715749635428638720
35038097
166801851
230219412
718055336532447233
287098579
565782013
259710070
35508054
1204669424
722143928577687552
3021758840
3233242262
381892815
1139268878
264842309
705394646902579200
721628446045016064
268446489
4751992032
716446639532154880
4786132700
161138216
721133296273502208
4487692995
244989827
700792683783000064
2566414476
127773540
2887865747
623896609
705589955922276352
722136056640851968
233010453
4202796380
710912765565792257
3248291426
4875408400
4068197121
2741423029
2991348875
709472024050196480
719927633744633856
2577055662
721045947925405696
1546182769
2163503072
1629070489
1173759224
4875463916
243371187
722058702598074368
2697695564
2762828856
3838399996
721950741947023360
434639246
62876244
57859803
2166688784
3514011195
714860245378412544
396739485
3318836306
722086676135329792
504910306
25939481
707109690405101568
772671858
456522412
719624439122386945
716393770078482432
15772453
3885608474
61795458
320954564
722078648581292032
721466787284385792
4687728320
722069360513130501
3722154376
380075546
624707244
720041511518212096
715060518575349760
4518076641
3099501222
722030572789481472
521563
4872521049
718883924600946688
876882860
156021816
198204603
70423692
719540679534374913
18058470
3435606076
2862081815
2336771035
24071682
74896316
302249210
4727149115
2831702360
721491879943106560
1414825562
715550096205725696
3311725460
720750380125143040
696907259654213632
3319321458
707532956
4661166621
4351837098
2814570247
715689995739107328
467786491
706452981844148224
1014300738
721793912747266052
721448938432176128
343959128
695979548761055232
722026024632868864
41645279
2731989357
2882464834
3339786773
215461804
85465182
205471502
2499837426
2827950269
232241401
1105436240
51623734
721790647817146368
4638937174
715984304623468544
4899050817
245869968
721995301867937792
721273262987177984
4914102834
715185210661412864
3393516111
3245787319
4627531026
719830247932325890
860621815
1582619070
717531977142837248
1135545086
731317580
559313574
274401073
2420648089
1704703376
41862724
3104645660
19122596
4572856932
3035888443
3223964438
4513579581
319020598
720615573189582848
721927162081755136
4185668961
4450356076
715436386787004416
721918397852815360
2631777993
3161832024
2341977604
1489482722
720809762112335873
721120329532203008
3122151344
2959432861
2314730304
721873814574014464
899346931
1328230129
4768857828
718448854023012353
721316241420496896
705452546857549825
904481210
721900161203597312
719706402562908160
717806336382099456
2691708300
47154669
720277662715879424
19468123
708453535927521280
545556451
704158296467374080
43491272
2411971038
131921650
118816304
28396918
534542818
3949802003
381960737
3002616786
4856327233
2983206142
4874147952
119463051
69078353
706135285676032000
4721321858
720775395960864769
325191108
2194554906
711570870259601408
4295911812
22141587
718634913218605056
18346027
1500105205
3026610844
721782094922317824
721575305345937408
4864721932
1445324563
103957468
4867179334
786956510
720362160342319104
3167581929
2874359694
356528503
721539675752509440
721757120849453057
721864249174130688
4494777634
2873963996
721852738699538432
721149181352497153
790577978
707663033946902528
1006095146
821415792
715673256032735232
4854010594
721843795474534400
721852026053861376
62118767
2193524157
717864316934991872
712450409105924098
106891339
2567042844
1961080614
720732955698536448
2613469027
4195384633
721640576517611524
1037365346
17445538
4785397532
4435179915
4202147892
1397532859
1602251960
43829870
4875532552
49511465
717866798591291393
133709355
710585294068846595
721818381112840192
240293544
719220083608928256
2710239117
721807999073984521
716068912023146497
712305888170795008
710589556832276484
707301892796379136
718224884384591872
471333218
717850740409040896
720010118214103041
718551303841034240
719697624320843776
477651597
1910844492
701158682365661184
4228800033
720423384509616131
721791028362153986
49592977
3846093279
2865558595
2735586154
720875731140481024
914596062
400173915
760289161
703842055378771968
719445846572548097
48422946
721077157980536833
750926029
23232659
137078280
721572490690957312
3077779609
167350944
3398493744
483337158
300400318
136980913
796197138
2891363905
221475570
707755479779246081
125950943
715433338073276416
721771006281576448
3233697895
721755901754019840
3485497335
1114396292
1584500023
468933486
159142379
927535586
4844097142
306987232
720359647283126272
713817736175087616
720980512928608256
61589346
719276054381215749
2458561735
949492430
721737068322271232
997713498
2429479116
1323436010
260660444
721735375975235585
1577967186
721743822116495360
32818414
713048546136686593
720687715142864896
2533850862
28446220
3173588135
700403924101038080
721733034324545536
1318231964
721735404248965120
3145271190
708993727289827328
2962599495
2587807755
717421479818825732
297925002
937729638
720800661500203009
2996031595
3627356174
14086883
242104138
701096963564036097
718858331457097728
707340961609850880
4836399705
2402708245
713170367922065408
721371169300066304
720407255879970816
3098188615
125674363
721706798294519808
4783229936
928531555
721699336015380480
609747279
2400408805
514722683
925310696
1214081798
2455824056
2506247172
52832405
721601623487881217
721490924442906624
3724455797
59626860
4259686218
715678793910906880
2422739863
74338270
713081161942179840
721489914194444289
61972551
721679207546400768
705188281953161216
561408294
721680013083455489
3422687903
721544652202110976
1449711066
715316654725586944
2779819096
702020766032912384
719267513687670784
26648060
3293330606
14836295
339674225
721347898059829248
4384011694
84384407
702792405188276224
721639970084155392
718561226104651776
715898014208909312
2310001282
224230533
721339961618771968
710395520234037248
718863674291531777
95130488
1089894685
703334839005515776
3072407069
3092280690
418140750
400568889
729569310
489230110
2247202506
2968978319
107531507
97972400
4033806322
705625813132029952
700812569771028480
954942176
1339334390
2237002676
4745037443
715142870898860034
711093527535427584
3108006452
1462155074
707918356871917568
720395326465511428
32327813
721204487310823425
2732614432
33320692
720638590095659008
2997445457
3287498719
3080935221
159004309
721135159475437568
474038326
389038971
44182807
717554036510068736
2650225394
241759613
3105043526
85383082
709896342689046529
720146229510807552
721540190389538816
2205052540
721530834877050880
1065074052
1927607898
719354737607503872
2922367839
929076446
27790250
2227750235
708516686253596673
2300596356
717149197418364929
3814615457
1105925390
2438346205
718981142
390281065
718936189651197952
4805468252
4907822702
2354032128
721518772482277377
26824311
721362520057847808
2245500138
721498778969194496
721507062656544768
245563643
240714601
4919964041
2964586301
226322098
721064263817670656
709821426937692160
275761255
3427715952
3026668195
3132763926
161270367
97041599
2353623391
705558865585242112
26802971
3157870975
705609866166050816
2555990506
829767751
322348743
2181347304
721484105850822656
2252973811
2800843867
721496230401077248
715045712300531713
2327349896
719302712169533440
3688395572
1102797630
3320826402
470801743
24506754
18587394
721487289151389696
370995848
703405037037289473
3177233348
16372168
2523713275
59265489
3125381225
102525834
480042981
505944795
709931541493891072
790761434
707557640579227648
481702226
1483586178
3439051283
2427766862
56565446
720079351383851012
717403059815514116
12008602
718253879532613637
2407649904
27471147
2229196163
74808446
721436452429533184
2570470021
2473212500
701441173496401920
472217652
420282318
2523905238
65363706
3620262012
3700472952
533265176
2266855404
715941995806593028
2198729757
708072024439009280
721448167229632512
360858607
721430610942644224
721441678368747520
718903706708746241
4703395398
105674478
4190681555
246973526
721429884342435840
4461341242
42404721
56853084
2916372597
707982548085841920
720311064408133633
707413653537091585
63903234
714874675575148544
4840283916
721426246685614081
2201979912
4242144557
3281246431
721419431813853184
2169041354
718163066920300545
719705748540952576
1158027612
717738729389973504
769707494
715944316577775616
710484009160060928
294116509
714601892417024002
4625884696
300468137
4854950974
2760464485
718645833193750529
397112954
4076850279
705610669110890496
721364856222457857
718476785537523712
4279686316
719636721441378304
1119995593
721111478795939840
247087473
4280482340
555501853
3395490316
2268398407
712667632793751552
1564278192
2783696176
244675238
40407926
4832280332
2986303783
242031052
962191448
704065553007300608
64301495
717976257233817600
721380310907232257
586159387
3938974829
1630176624
716822215346561024
2566952931
52385144
2273139366
2573939444
717359740259422208
715970878224384001
4226799514
711356107080523776
1656290510
4883584173
362066161
2332462670
721367510864498688
2543765605
4201255101
353116003
303585613
721351554910040064
1503370800
25917444
4661988567
2263311342
3304365181
4116796703
705396930285740033
4886031841
4910212393
4885628973
1695983365
721359582937747456
1132487502
718968269567188992
4855846340
2513548212
3629664252
4045136669
3402417034
3901930883
721302985767260164
1701958830
199883469
4478542877
481704732
4834028811
721353078369357824
4733816407
2972209684
2859859124
2249443753
249064693
2778518179
721118860020043777
1123537717
4871973029
184952954
3150931920
2344958274
974459137
721341736912601088
720969330066894848
26117448
714788016838078464
413111794
1050627836
58982035
3072741197
36820411
470739222
50113943
28777940
3405564657
2843819033
3697530500
2436953966
715513086766161924
3253989741
538349906
17833110
4516905567
4138794358
4233015916
3316847654
271450875
376982853
292467181
456252227
3904978753
3312448165
715738296270393344
4903203711
2497413258
35887166
2903979420
4668413720
28375155
3195690230
720058038682546176
717196323875848193
62254683
1900921129
60996791
707640775643930624
4824767751
2318286558
718954870838075392
4768830375
4270902440
2429629898
1345612754
63474727
732278540
524210460
3191865876
1582833498
719555112574795778
2994856092
137012233
2245798890
714640626491531264
4853794849
116986353
1434784670
719872701985370112
719116712122138624
721234904684503040
4185656532
2665719584
91254133
720154345933811712
102586723
720552478471794688
718689900044791808
441335009
803234132
2911681373
1120050264
16643532
98798468
4606977913
4044799701
835962787
708131651126099968
4192091533
481493801
2334703573
721206553622093824
721205013343707137
721204814164701184
2895129140
2482762778
721010269841797120
702930852326608899
721020560667377665
721193081312124928
290249731
396306676
16976373
721192252752564224
61658962
924142728
711265690318032896
3953695528
1155316356
2821521060
713255710809841664
712323988815536128
4230140559
2984201026
717850109933785088
2231092860
344014051
2448440684
708073295489458178
721170620218793984
232666165
2785141896
1850755483
2461764031
424479663
105696739
720372436454100993
718758761263939584
719580356077178880
721168549318914049
1634124787
24400068
531538768
721108019455463424
2571476310
3379449915
2503163917
703862791040475136
14778328
21103394
1598061848
719227924516352001
38812130
720952448668581888
860675371
1933037436
2549027496
3864483503
4915632844
621616864
2866420020
720496148776148992
721133222906695680
1453312969
721154736775258114
721092946343407617
3283863271
2247258388
328718691
721060003382054912
716282274715725828
610732736
3709261212
2677932655
712871111822876673
1717342309
4847086821
721147035022266368
1131161113
4710651438
721145965638479872
4676013132
2340515609
4881262996
1161741824
3240177962
88796660
721144522235711489
3309153560
24146855
3818950275
933893491
359470131
710300889249144832
383480961
2582854496
793745114
1152570420
37631289
21712251
2164285373
2288232365
410017427
1033275102
2540688307
141309843
721005074818932738
589327937
702295892167102464
721114973280165890
2192152713
3994813827
720812158972366848
4099630336
78825732
720253256748920832
508225851
1722647352
2778279982
704455479926239232
2763414210
3098120728
3303250041
405258779
2442892662
706521354422652928
707004322333196288
4070021129
718590853644558336
4541587633
3075265922
3378877223
3642212834
719150440194121729
294191031
1656881126
341774278
525727377
718820082059579392
703781523829493760
3301897422
721089036371292161
721120508087918592
718437977613930496
3318378361
719898759321116672
1445368051
715224490611974145
714219868485189632
721119272991334402
2782654176
721111855364771840
718975131574517760
700903165831606273
516860390
1604365544
330660660
721111115472728064
4024647312
3215411657
62915298
963443576
321938686
721117083124170753
2203406091
1953295242
428821478
49300988
515433792
2897512322
3309078474
4700704273
713836631396982784
1652206136
898882418
2770946406
337595668
712755841439432704
109727090
710990551630397440
2691815931
3485490143
721113005258203136
711946678283030528
719983603078324228
712273711290826752
4077758069
712608308029485056
3117027280
4155035483
1152271687
801479330
152908634
3793710255
4134646511
133780644
721106084455399424
2786055802
721097499642040321
24611137
881514462
4700508388
3307383368
201869364
1947955136
3127729563
4789176867
4236298941
2391736202
721104850415665153
596905726
1158507648
704726727172296704
321021938
721098356676648960
721095824285896705
714299397652111361
43139246
2871653338
2782525717
2889357046
21460781
721084989887090688
1646630034
342964552
721096193003163649
137003785
721094253217202177
2597190318
712799227022323713
51476788
3345182478
1003236794
238967200
1461661537
298662164
3618868453
607294702
362915186
100733412
97709111
4717615748
51283423
22251734
68651862
1111981442
2662614220
345481285
700752617329160192
490448300
721095757848256515
3395670076
131582110
4844786948
2471114930
714403258308161536
166233736
381731159
721095453664747520
721095986827948032
2861458150
721087561867902976
78696972
2748638405
3159860560
711940117510955009
720425038990688256
15898809
2699216844
23227447
717357264206692352
703496849810829312
4784219062
4861080674
948895800
720475595965100033
4917134626
721088932704841728
1055780402
1428683054
111743865
435389376
556372061
2511806208
2836008509
721085200084680704
721077992223412224
1940819388
23149676
2557546975
721052878954110977
186638509
17836135
2216346616
718450313972359168
2747111339
860209141
707738198630387712
720455388911550468
4750834508
3415060137
3831997516
4724282035
213101521
719753400955625472
2381372048
720582831773233152
18445952
720987887785738241
4108494916
74978279
737048750
108385758
475170352
721079199549779969
2701491049
2316211572
182045577
716684705358159872
85403230
2205418262
4822025733
347242914
2715986719
720305744881410050
721057735299710976
885642180
721062856217767937
47151720
2460222420
721063094412161024
4041616632
23818597
721058567780831234
2996493267
447335915
885848516
389694840
721071319018840064
721020093136793600
31568986
55495937
720351430792519680
1018370430
2737542737
710723351090626560
711902884997242880
3311361372
403112324
4463373987
720658444378836995
2938301624
720331315740934149
721066866244866048
826031022
505353374
26072212
544753408
720728329192660992
3306896668
22519674
260347233
714886524995698688
903945848
720581238642368513
721050574746091520
17136441
3128649234
713165552894812160
706624896554672128
18422904
2269236895
814008643
200657149
713616880460632064
297686469
109372181
2898537237
4806221308
703103377513717760
1463314376
33516164
2825330809
718465472820355073
414347604
720579122540503040
2718381946
720439449176379392
387661638
721032155137249282
230608708
3237290462
709067301119721472
3640195999
721043001259257856
2607205919
3066655240
2517386242
70235561
721036068611571712
4914152857
95266321
562150653
4856529381
702018121
481813927
217271682
740822000
4897934726
720997863505924096
2944298017
4495682538
2829239821
711218804815110144
1318907154
205483236
2964328816
714227504890978305
3148949790
709399334605946880
144351617
721027866285121536
721008494200156161
1332101628
215345390
423641114
3222793083
710301859622182912
17726794
370411961
721020948640612354
2905870799
32179243
2719059105
3730419915
720341305901985793
714095124935020546
3221027959
3674637612
700808769861656576
2745898626
27973454
4340645295
3372528435
321047319
341637908
3140213042
2418115313
17167994
720886745600897025
339128765
709498112960663552
4706175019
4498800819
3914475916
2706281318
4580806289
715735565446938624
632196947
4723833528
8162802
718260223375491074
1640675749
17489582
1770069404
4314482308
4094671665
2378208212
878546802
719170007649812481
2315665309
387828450
714420734140026881
2307395533
152812813
710177511083282432
720993173300838400
2998049016
2998947976
98677914
717603186303852544
4110014223
706235425287852032
129894437
3013559671
4728683532
1642585470
63383902
719322341621104640
704512954666917888
1658334612
2962666001
719963809864134656
701884448141398016
720967777134227457
719936156746383360
507802048
14699024
548757681
718818344309231616
167533766
720821541601017856
270333063
351871793
123617604
710967378763354112
705461595749683200
710178627544096768
720743753066115072
2908325899
885964184
167516282
4855232314
720950363025571840
44902196
2831457859
716283392883572736
91404769
4685008638
720953374997356545
24987628
701602378643013632
3351334120
4265633357
35135954
708670104091799552
720191320447266816
711341446025052160
267368424
707917483995344897
23943890
4046029198
720232102726381568
718963469094121476
4873175501
3718513637
563712459
719536946977054720
703750994623131648
862477274
6058142
704399063899361282
2892977070
2634261035
701185098117468161
3323666989
720915004913004544
2553832308
2971930559
2698601220
718068980200710144
394196103
3012879160
498204592
3228619557
89448606
2184643348
714895290499801088
888549420
301789310
274462461
4908876465
719413289449598976
4182925212
1538973595
1429546334
2307170654
1413330252
712520141729361920
720040025002418176
3903208636
705576240451719168
720850305756213248
719024571979075584
718987201686740992
208665611
2811710647
1604285112
576698956
949212024
720020886456111107
4657687829
543520283
4920554073
711345751717187584
704308188577964032
72040744
3920695239
2218534262
4561866168
543079478
720702536580083712
720363646342328321
3221882130
2431039416
150121329
4765664479
706357697369649152
704108703398633473
364658552
3886532112
711603723445751808
27086669
719006069586956288
3289785378
704957910498025472
4905095110
705584195364528130
720813940880486400
720060830805430272
707057898686316544
2565787054
2421532476
715938101231624192
2254574406
720307664408965120
4219381169
720638621087363072
84009041
711273695487008768
153484720
720753362321289216
27030796
720793407191257088
23869708
720796545235480576
740063538
707197510121615361
3092183583
354543407
2777468520
705781379460497408
706524608745381888
55799323
712809580724678656
2153553937
2735184675
2345818406
732192206
4191696075
702902925803163649
3108135742
3224819395
711240371993337856
2957955226
2941544031
2862819484
700913829580943360
1711411082
3304796005
218315274
707014055576387585
2660378815
1551294337
3002662547
4855531866
703231299700416512
365977679
3142556658
30987001
50069147
2738293817
718159187105157123
4230344434
2229089527
712820071328972801
375484876
240700319
705842411692433408
554726136
718644804737863680
3292281166
25499142
4241990366
4486285096
17667338
3190661542
558528946
720019976279760896
3569866394
593848612
442778030
716653745669607425
15711668
720754611154333696
1799780929
714790551
1389369445
181318613
720749485308051456
720749344471805952
2931791032
2743749486
112815552
2731645289
720598207886000131
720252951634305024
3020369384
1210463431
607660015
718453038269095936
700964952841056256
720400611297001472
3167734373
2354384351
4417849033
716786048131600384
31296274
2420853428
4840627117
720735302252392448
4858712308
707505601
239586912
718202454907555840
876368011
717169577399070720
720721931423649792
17484454
518003784
2983329365
4883688742
16621187
2649016570
720682302209191937
3089067029
24569396
720712868216324097
720710206108364800
4656466829
43586229
720709281528479744
712338097422385153
4619234362
4210881868
717051810498932736
630599524
57490610
535517583
2707840524
1144519700
720526098619109376
720365703933485056
4816087155
1586638345
2151586010
541222190
1640935394
707028079856648193
1066207507
720657470998343681
15012508
720661807606669313
292005939
3109979156
100921163
2736745810
331243687
712442409104203776
544479165
720657600078069760
718364836653088768
737503514
720625260702339073
4861526836
1694665424
2211385008
788262914
4351025485
719461356538327040
123888453
208748836
148082203
711392915247923201
720674316447260672
543895288
720669882166091777
720655388442382337
106491071
2598548712
2612308294
362718659
711211955487252481
4236943878
4464609635
714469750236127232
568234323
701135782434775040
707852660058267648
142615259
2548708429
717367646
710296068710404097
719945163133427712
254149728
4127397256
4884951587
2558815533
444796408
4834754425
720636669108428800
3855216076
3116330741
4246895833
708604932958474240
16363462
4893707008
3951290956
26091060
4718261907
720608048721436672
720612310893506562
479147744
3620498773
128702192
536116760
710590400398893057
705774020260601857
230226796
3071765029
719955352486330368
719343763437522944
2388113095
718488158845997056
718571904731193345
67074237
30445407
251484035
401376088
523491815
720545974452633601
720610824218226689
424741457
3318938595
705787326039871489
720607666301747200
702165095904837632
453519164
26264604
255785202
3344106671
46539376
3676091662
267260555
720583255695695872
714205419988586497
715194471860813824
719670341279289344
4242195790
3389791047
1345827078
340102129
716081636832636928
720574974843600898
3183575489
720544734666702848
792101870
2267955489
1078441976
1577582508
2958860565
36475549
1335658716
2884993057
3131394227
720474903573590016
715384000529838080
3265799533
4770427934
718947164399935488
2304418268
3238552520
80908143
2730311475
158172197
790334335
3457046538
2923237589
720108730499612677
718684552793833472
66949210
714714179110891521
321090531
506778595
720497824530579456
200054039
3742002437
1546678166
461818660
576011954
3170156737
711056424181194752
355208728
90492649
1553575002
217278194
3310859370
720476657228886016
4422392953
2940523354
720417643774156800
32685110
2660171893
706611233018007552
717250526912634880
718887935618080769
2591017813
719999946926075907
135780725
3315737081
3131716978
46287525
53824001
4918643216
718534684272005120
3293785776
3031735530
719555766537945088
609331995
720020329330900992
2285989147
2391666504
2871796943
720388489452228608
737872116
1175103578
708851051353362432
713098218230390784
720445314205949952
2963130071
1714243933
4882965087
707902230318477312
717892853288992768
2567475760
2351521473
1195738692
720431879602642944
716605361294221314
710207425001947136
720427047571443712
86981714
307537926
460773578
706159153
4915682470
4705424636
4703750360
4879617269
3054264567
245175571
720079762014789632
720432641418203136
121539147
1849540033
720275567233404928
56163591
69271043
80475859
36076153
715712318609440773
1090922262
719904229343817728
719338173671874561
885871482
2499914655
289111163
3385309474
1297143564
3082921845
90570778
1470507266
2525207407
2790076515
4817688559
3952418663
500805074
4663852573
3409518166
121248563
2975292949
165244375
62064564
2175273264
2313933864
4229748320
2341934373
701248264872439808
164776114
3308358050
720260417302503424
4860498283
2759182692
709127219554164737
716734128687878144
337663433
36978696
715895956428963840
4851369929
719941638995513345
96469356
720103442279227393
716387826095378432
720385091180965889
714587640612392960
4690767793
885694310
720396571108450304
3206460682
720118877708009473
720395978684010496
868774069
4299669616
720377274797719552
4845303771
717685911023128576
720392346140045312
720391481677053952
2909406091
2852782809
348074421
438167804
69753197
4421343922
990957085
3139542090
2350411818
4709889797
720313896926470145
3050462640
2886960807
602601176
720340387613683713
4861660360
4734798398
720372213896060928
718894633124761605
4876471639
719932226658414592
105260750
37619622
720368053792350208
102468759
2994136248
720333096139276289
709104385637265410
261355575
711348388453691392
1029545413
2613906360
20657648
704361122179256320
2340673405
278534755
3009589296
544097267
2893522619
3185556355
720347915789692928
1864146259
710567194589966336
248318956
10128862
1959391748
720339484890558464
3728690593
80600741
720339050687664128
705773574817079297
2897185199
3412434748
717073946278039562
36069616
50256692
3562722434
57578032
133385433
838490256
720314905086312452
4495253362
3244490751
715255326711226368
4085173453
3950303961
882216811
334793890
717054343808212993
188803735
720302132176363520
715941782496784384
210910704
719683256346664960
4449586829
719270873513918464
573174708
3288895475
717807098000760833
714848861941067776
4859028202
706890560951492609
1355548567
714949505720823808
4899818782
345073360
21827479
3324751469
719690579395928064
710553012046077952
47993947
4922606108
499015011
43215873
2784561011
709350284762468357
500200255
3422688159
331389633
4904905281
3315321539
4422211820
3262878564
4786499783
713392599890059265
73985261
714488403958566913
4903119662
707030900157063168
2279572542
718115918266523648
3589927634
3279880591
4806052642
3272240916
4817977752
400356753
151501117
2993757900
3290750362
717407989905428484
1504195412
426915196
720250400633278464
718114773297049600
712498907318591488
703558322818048000
1118874060
2806042722
720235299847016448
19394865
707605427098296321
84859040
3324014290
720241143657705472
720085881021939712
2591922979
302314898
720199681385631745
719682498905710592
720237198163873792
130898036
34159629
3054633010
73776162
720022320639643648
197861064
462914778
720195433138626561
608243533
317429022
2510014692
4346144846
84616710
3354343510
1050776394
720192132682792960
2377104068
723454225
4127188408
37167978
1677956988
3312158287
4495296408
2377124346
711904027827634176
716978721744261124
2848364201
883579045
713599850475073536
2803960555
704841684643753984
3969457618
348256779
720136623657205760
371005947
2240479003
4298201259
363137722
720085234637795329
717844681590112256
716418317267783680
119201174
702437592000765952
472491842
713787826156888064
110245811
714814604811960320
2922345639
4309332929
720083265428832256
3318103933
4925603413
2990094882
720107805416534017
2151656289
329126897
719908181556731905
702670764227452928
717580551788605440
450359435
720093717433073664
748801772
3324955949
4879798828
1326017760
1276384158
4833694761
4867198031
1710814364
720088724349042689
532470794
11943382
3432432491
702357022453452800
705795412767051777
4887995925
839129095
3064069676
4497275307
719570725384937473
1177060506
2343018702
3034895179
164572339
426896390
4428685402
772636549
330569250
2713144987
32470822
43523763
3885959652
718233237089292288
719982989036290048
720014525051879425
720073891876503552
4882196637
720072649032867840
1129791055
34586868
2453758718
432435348
266851753
2575162987
720063843074834432
241408680
2197388417
53694437
2786033363
709929400758870016
1402729519
20176362
549652791
720049706269872128
714868734977056772
572553311
49387891
636638598
275590340
25863460
714114291734081536
4006064986
3142639425
2983570216
4248220192
706900268353343488
1583509938
3888156205
718230027364655108
43867595
236843945
2881264450
2903135749
4874889878
4871300247
1184314416
720033545620619264
228831454
2480384322
21252549
4860365929
717925826629488641
3387426983
1344767670
202249587
718157831682265089
720029084559024129
414446511
2888462940
720003389111853056
719894387745034241
717477445679624192
898824019
3885412152
4876823233
700520748348104704
158830865
22972716
559742979
1126818066
720005958966079488
701269545365811200
166021524
24295324
712266586577637376
3180090666
2290433028
4711433017
1968961112
718787676447617024
719625714786529282
597317606
3116714680
3785392521
243402675
3243528802
4136441357
363127214
68449715
101102058
708718543924109312
2820478673
1202175426
400231424
1733077333
719618848119525377
717876423088689153
3818893094
718241584161124352
715725941130006529
719969358416453637
712067731508600832
2418439547
1432346910
22331886
72443160
2426139504
701432679808499713
275276082
1604872632
2717815187
4903581105
1222651496
4870524797
709840889833775106
626784441
102451009
26723970
719586786406563840
1312471345
705421877699878917
632533026
2553730969
133078028
3222332457
719961711072174080
717738018484781056
4378044015
705418928856682496
719938158587064320
2975752064
719902812063272960
710703972206690304
54578661
955919857
718422742710689792
44541079
712752307419660288
4680387666
4851318494
711625856049934336
2905240643
459872810
2894193352
35231044
2687480981
2776340216
3312367556
1394858124
719663514793734144
718516395034607618
32354020
1617920198
117270989
2758958947
3342758469
1966975956
712136552877395968
45475640
3365153625
468908035
2449965060
715641952671244288
4919996619
719288532494327812
3337299736
4902377984
708134671268196353
3064942793
2352583003
143107011
719919493141700609
4813266873
715197519777533953
709588797550419968
3309644231
3232577906
715721939013083136
703679469421113344
298224394
4172646935
718884126061821952
2379593387
4895410870
1668538026
77666830
4317012225
19715881
719894176935079936
717791431700660225
719885889124593664
38339527
716801976386920449
2175039768
719878958368624640
1529127876
44051445
227319480
4704903541
1023539623
4906945695
2981653834
2736297007
43181591
709330714039201792
3363329889
3151753356
27245304
717368511350198272
23972118
33361509
706287175583686656
1717045920
4416069678
3415083850
719095983636742144
719787819078656000
2227622779
719210271265259520
846577490
14173068
16791965
717981682519969792
182161035
377752078
4158353183
719686035702022144
2836521706
719821240983240704
719814542398726144
713581039101173761
718317466213052416
3750709752
3305064334
718861419408531457
718223392583872513
2923443037
718991319109079040
3290880138
719537245401845760
1108501590
257113517
3228411702
60497931
3136973964
717928213557542912
4072212025
2924855155
719762195928768512
1637789706
434310028
354643575
719754256602021888
77629909
4883882625
426109644
709839709166444544
2175398077
4386456925
2150174751
3580385187
4724635334
4913460661
473467425
737498083
248830497
716945627712774144
3544363993
28758696
718519209907478528
705586152854593536
480529545
533647646
719736022783930372
719017787805577220
705580681015889920
717499396393291776
2871739042
3694491146
893645449
719722758737960960
703674708374323200
719354140212613120
19890723
1064550974
717156947401826306
35260767
706159466937491456
708892414417604608
2337885853
2281260222
718239834062655490
704451642280706048
301815410
308767225
545073146
719651248404881409
719671043187720193
718209354210668546
1452336668
708173691373228032
4799677823
716715866352717824
2891324559
3951045737
3373357307
545306849
342142972
123777746
1082171360
3103723512
284922064
4875423472
719691208931549184
718591127792840709
2256540922
3054216203
4308578835
719686353034866688
4746074508
719663623505866752
2716634794
256810297
4009881763
719671388743823360
4865812312
577443384
713277598701199360
4908856874
705982591610937344
256834963
2240034799
66254701
3226000643
18851487
706529612944314368
14877965
719673423895638016
3482357488
719670690836647936
25958105
1244808998
3243787983
36750382
3305391456
1664946132
2593538420
708933371037097984
821811578
28553900
35061292
3741516195
3250066166
3950784387
108673995
64747641
705547403261136896
1601751318
3166851030
3907033350
719053906781802496
4822548159
715692901607538688
253520057
711714877350359040
342099087
2914182883
60982931
719643842568392705
1921351435
561704806
1146354872
719030118555852801
3042462691
719269383818719232
2495168503
719342295670067200
2435783605
2938925628
718669861
705144507780591616
4616731980
714480037492293632
3490142422
14254022
718088593609256961
4715082036
39100557
707404189283041280
549469247
2973711905
2875958180
1299614142
2713142660
3246608745
189730036
31037910
87735008
404405138
234401444
719592460838641664
1428809815
2405139068
51140578
71317332
3347341653
32470970
718972324733526016
108507275
2908221481
1941144254
132779899
1570722944
1621502678
389703317
2853698002
719577702550908928
1051688263
1241636328
714622727655587840
702522450853105664
717758123075874816
24589046
533951142
39090764
953546040
719575027272691712
710707496202035200
3415431371
3296593124
719571148728569861
2801244118
719569667447070720
468843224
2805941148
4641862592
719568194986450944
1056443713
3429421445
3098241558
2930376759
3306049410
708292528072630273
3227421013
3408076419
408543800
4251684393
4849557196
56370726
715635412861984768
2647134997
707579553795985408
131583954
3022840699
846953653
719544971276263424
1042680398
3106934487
719317626942525441
719382376900472832
129319382
719549925827219457
412435883
719549533986762752
719548476300926976
711570869479284736
2166012763
4706571558
717092041365127168
715412022096060416
707466340840423424
713833593148215296
1227897259
119159968
798817519
2449447567
4809812918
36704563
514863878
2295394548
714895954185469954
3057378543
425434699
4741720158
378176781
2887056466
704352199003004930
719520985221828609
719520290506612736
719377253885485056
45470973
705378540494176256
489555721
2377051628
719509966151892992
108225296
16394643
718175811208093697
710396702788853760
1892062332
4897446855
622473442
3066525734
844575266
707352000686661632
710407711465218048
44926896
716996533837672449
718834655441657858
28086548
716824080838762498
4110798742
4904507419
707857014391635970
4164089237
704153168532344833
702327830818988032
717831781823737856
419800066
2319435241
212513315
2965728932
277482103
2947474702
4421772503
719458465773666304
719325013283700736
718361380563382272
2672945134
417420739
2905293596
716191928589623296
1020682760
2605738507
706504696098385920
714160203013316609
718701131870965764
718888758708346880
719423703935795201
94639571
84741197
4848049753
719354928557371392
719401247665713152
66924237
626088577
2275555938
718096402069458949
181836078
188008103
3306108650
719360647713173504
3927734841
4435672034
719402180961312768
1228023295
704453173981745153
4624361714
270986829
250469123
719391968489574401
717489316050509824
510620008
710526262301724672
718890360324366336
355962092
719384590738010112
716991492091289602
55128363
1260802135
708110749785264128
4365804022
701564947507994625
718666830613577729
719373823498448896
2875947880
4484172192
4739018516
717578808837050368
2941503296
4827383966
20951862
4198473192
719346381362634752
1107537066
347165472
2775413857
705930018866597888
719359340470140932
716802680128032768
362257260
716275939399888896
1308927782
716418153232908288
802234626
4226672953
16810891
719180634082648065
30801336
700783806471659520
2159824269
3859142668
4752378667
718997285338800128
3265573262
3176752286
2598593776
263809964
121632159
710718663540789248
715204731782561793
714488612138536960
19949277
715205865662517248
485389497
477460035
2294318512
2384430775
3983343485
716427499375341569
719327625651621893
716664635064102913
71617159
705437562584875008
1228869692
30318140
95618926
191191968
719317776066822144
931101589
3111730322
718314901647843328
189775839
48570102
4857949199
716677320229175296
2736834030
3290543735
719292835942572032
277099161
1378413031
1594475622
716404994954625025
718662889083707392
701994968668311552
709949464874770432
2908669726
260472621
4276889560
423063232
911608807
46584632
715088148682948608
19076025
2444291648
714231071043428352
152185205
717077093595627520
2926157772
1004700588
2175437769
21766349
267625984
92858301
15848273
2393267094
718986800463749120
2954177062
719242897502113793
2254099304
407402454
3248122653
713116055774691328
35210402
715669582644523008
4625043809
719260350353309697
718852537852387328
718941098920538112
719249726269452288
85358519
706626578122289153
1285090806
4158906477
704029061115416582
719261434647961600
719249654437654528
33025520
717069166575005696
335494286
719251317034647552
4266971141
4128517701
713566546749206529
713892662588416000
748259148
4228008573
449108762
709929534938812417
326456853
704629621531271168
719227341885546496
2358090697
2548129639
15121262
717328276503584769
928783794
4848388036
139876407
290029843
718402055296167936
2701556756
719220907223285760
4833103101
3059883792
719153419525591040
705529400012492800
4735337742
711982717773205506
613432480
2347201002
19292934
55098981
3145027568
1880071704
719207557798223872
719202079345143808
3309829256
922261994
1977565855
205027454
961622276
337574910
700014406520958976
717304755211468804
2357861155
3750897171
2310813137
4544701693
2460194170
4099696888
63208929
571799223
713399133915230208
714062989616398337
718577210
340582311
696563539243331584
710852700649316352
158289418
16651331
4153500017
1915821139
711045414468902912
3130366216
3424909601
875094222
719065210816843776
718271588517441537
28991414
405130862
720567793
715221951271272449
719144613420802048
2871262782
1035689994
714122826190614529
37544256
2963243889
367224831
2462165294
718881583592116224
2293410313
713773537929076737
301945555
4090171816
3383915847
432981229
44875050
709129489679261697
3008526860
1201990351
3655758136
4094355312
465939086
4866645317
293147422
717767506631335937
719117902813638656
1436089477
47417366
632384074
227453884
718922465909420032
2430809251
713728686768259073
4385312615
709932135843504130
2942603454
373240855
4711415137
48280448
718912668883664897
1557861150
4882496286
4379294292
4884348802
399520655
786207379
1489355672
2536775684
4154041574
719061571671040000
219949227
708761021255700481
250319647
4871960676
713034760122142724
709208411825508353
4237550952
159883874
2414870029
2938945290
427473848
711311732237541376
712862835320164352
717119566208438272
719048055631183872
233437408
718677240888877057
712881224893603841
3313443930
41909654
2290464938
2805756098
717767623212015616
715869978977697792
2251297374
3887067679
717735734304718848
719028209916973056
719024661221105664
718929965828415488
299410168
3092736332
719006885806878721
717874592304357376
3061278553
719011470307041280
4739552166
35659181
4282963333
23722932
170864983
905260194
57173030
719001957877198848
3016085601
716388092945514496
253861172
717566354732269568
708573546646081536
55021258
3043311675
718998711607685120
4373769316
709961625697198080
718235674743279616
26686224
621820415
4883299499
267839944
19358483
718994711361376256
272004821
718996012895866880
3959740032
514927486
718926280524230656
569481861
707404112594227202
718991195133886464
718977835461918720
4754650160
1511866190
39017115
718639643550420992
718118591283863554
718562002210332672
717823254543642624
3401022859
717587387614801920
246626956
708114112320962561
88164613
2940077047
717443425440759812
718518241618960385
1937446980
154022203
2721049342
3351367152
713062968494166016
714929926378549250
795011364
76057144
2176294710
713531431104937985
718965522772025344
4870968221
2689600334
105748263
718965636064485377
718923171143876608
703681013763973120
40314116
711923986813194240
718593121479716864
718962153814913024
711520787891625987
718961020140531714
718924652010160136
102120642
4730843248
712773732767375361
542070508
102449392
715730531552366596
3951205588
718950674105516033
718937665681272832
16546729
15209135
629721447
480442111
25331331
235432194
717696821120729088
4286789915
553577686
3085533440
34943795
4086292061
718936715814051840
4370755954
716647781801332737
716290940629966848
4623252075
3363142085
709847921865441282
4217487320
717043467478810625
3219722082
1689335876
30460071
718921614088273920
2502945029
718922231322144768
58576578
707913420348256256
718878250303234049
189543831
55209286
716246194809245696
2529061262
4047305679
326981391
1709911
718910159628554240
2876908210
718726041523654656
718875758039474176
2572976253
124216813
3279348872
4695072560
2577390128
715959679273279488
706502194875469824
717300945873317892
230344669
3043732216
716295429000978432
1723376107
2937060742
718896627742736384
767869814
929457163
3883333399
4345623083
3159730641
1648609747
2409275090
4865218797
53306952
48469914
718295838309621761
718889675683971072
1106135984
585931008
900197520
23790616
525005120
718885586774265856
3652146873
708615362372374529
710719420189040640
1203179058
2853730333
623231709
3822574522
8224362
709596967408640000
2796358439
3387212559
28058153
4901833289
203200393
384855479
718722895359434753
718827352424206337
3223595323
717966367039684608
3001499244
491731272
3909357681
4827443273
63566588
706328830038806528
27163046
480047906
366955822
718852233958408193
57844845
714901891201630208
718422106233548800
708307809750949888
3301108811
718431963053498368
3031905056
714192868076703745
4903595913
718830662921363456
370733163
2700976555
3916960276
2233413834
718136406074241025
716588389898797056
718836826379837441
718829618434875393
718561802787930113
713847809359765504
2825136708
4847226773
967104168
883496863
38602165
352357061
1562478913
468897355
718821104987471872
4541678861
342284499
718808839236116480
717365610359861248
505974702
703944151818178560
702743017426280448
715849117646393345
3294539451
3047234700
718169693861912577
574024236
3294870406
421412413
42907295
69110756
4831181260
4700389352
2269018548
4549810341
2730608630
17167368
4736810761
4267765708
3382129289
17162128
718780199219949569
713060779508023296
2314750706
2874589530
360892767
46799790
1365057756
25643788
3328482102
516618542
574196343
718723200071282688
172143424
50920297
4451729304
1967644884
155962861
605056169
1374876391
4635769957
379809037
222135820
703257469448032257
246346330
28042069
3041186281
705263442307854336
2367691491
4768035136
3885246253
3797506814
712770846658433025
2938910541
260758059
4898797807
3387865431
1321448784
718511174069854208
713496710362697728
716964512436498432
393852643
4509871965
2557735082
3776088983
586254467
1258074686
718653837540769793
718633878043267072
329171104
117145060
718622646460489728
4470473238
718654123676082177
3421087390
706977670685327360
1434355634
709617362396454912
898856353
3292422239
711298123390394374
3950898023
64315080
2400549294
2405067540
45090775
59673815
865672891
3270460314
423219576
714428639937343488
2660308409
57034153
715993740222054400
4265734398
713512829941186560
717870961740132352
91174375
703933718071644160
3083912189
248921706
4838525158
3244258686
1636745352
330802969
2771986075
322327676
718137136734715904
2782821834
712789348027080705
2973243132
3050820760
602239077
100803658
718465787535581184
716840904468750337
701918077596864514
14341133
2897972317
629274519
465073776
449444517
4851187154
103964600
717556414743461888
111701773
69794538
718598448166133760
718582828779241472
716411575213498368
4902960603
4309466777
2490915541
4766627903
2821603564
712813103239462913
717302253909106688
1004912726
113775333
718252881686695936
4025194937
2931371874
718574176802574336
2787414560
15216799
2507473710
893973632
69004351
702269928150323200
3434894673
705548276167254016
701100965655506944
703732416012279808
718578813148508161
713317918344224768
2946729917
249757171
400998172
2842889879
23949320
718213924517228547
222590451
718189619091611649
270934974
796102075
4774046406
1657951796
2984582481
47178745
2944905569
2861328382
714880298744348672
718235168696373248
718533124867497984
718239820284325889
4247198123
3035261947
1965927289
20637742
718541184608505857
718554858677100544
300294020
365615067
718529923825213441
1172023250
713831449141579776
116075582
242439415
25787343
713699099745394688
714364380415188992
29438429
961454047
15125663
1170188318
4329338188
43168576
712480487793565696
3241860958
770852886
94129048
2454202454
2601094047
147302012
2900957647
718527630719344640
580406732
718529363671552004
3351421721
718101910994046980
1686557653
718521690876194816
713793976483110912
4095194300
2698944720
4174047633
3305221594
4118798354
981271867
4924482665
4004202982
4853818533
713175333114159104
157163757
717445190991089667
716864312141217792
2170378386
1463645762
4834870993
1025151908
856324848
525884188
2446443756
712796769751474176
705435918048559104
22498746
718150821700100096
718205421631070208
718501190586253312
404254797
704889875212926976
2781620073
718498807584067584
711924994830262272
706586325072400386
16216958
3931622931
469829111
1613721014
712328329349746689
394552842
251185387
4258238523
713964243591114752
2770508963
718223339643408386
2533592953
710155294693826560
233345828
1009886510
253251502
182383538
715267771307847681
147609169
1683147223
26172826
718160444704362497
4893472933
378377441
54736563
705896728373886982
216854867
20874924
716078971905925123
714192035176120326
529577781
2892757931
114323486
717192533651009538
718460205009207296
718125410584670208
2225510414
4697508746
717024578875162624
713097254224150528
1117013077
139439301
718455206569226240
2916273982
713095448043520000
2795985867
712613994507272192
703341177525768192
718453952052768768
2374269949
718450578825809920
555574599
4775846664
4885175056
700708117940539392
2956014519
717975540368482304
4313608696
2796951944
2281120219
718385203027316736
247084568
189939962
706534017126936576
716606027312062465
3121785765
515697784
604545802
3246246060
84591835
1602533989
718422761698390017
807027787
328580646
1137090607
718430209482092544
716598670007734272
717039998919290880
4875402345
32865013
718176826586038273
53999308
4561281677
171076401
16228802
713569634910384128
553033088
68409160
2796086845
3093764273
47490548
3974363480
424257923
979789086
487513571
82590217
710532199553048579
279322677
4658945540
3165190367
276321548
111718109
143364041
3274470960
718268655755255811
378705664
420073240
100521024
3345547294
14962957
4511625796
840024294
4269924973
1077486818
2704966022
3254064469
878656256
4142183403
709336131905708032
4360221673
471121883
716732124351623172
718350954890993665
698068483221889024
475136251
20883154
718327404427616256
4805100612
718077665610215424
718303085139992577
21648477
1273279957
717338356590321664
2202073466
718320004538699777
65082061
215358569
4485917015
158101661
263518531
3167744620
2569225305
39813355
703763971996676097
706406634621444096
18170850
4557638435
1404154807
2865705863
715381486401114113
718148159302606848
120082767
2283813894
715612749162631168
4668996409
718269435828649984
1170605618
2254764197
709153130714243072
1387017726
33500634
424233605
15508125
148047119
4041824789
495371444
718278659782635521
2496251761
3250107200
2489116231
718241109722427392
1252778191
4869553126
2478753890
717509931092611072
939921812
718246750448984064
313304539
1580460210
2919081738
4845691953
427006914
60174961
113306813
803402533
876074336
718194213519826944
297331300
4861280291
718259873323028480
717879889311899648
710501026948747267
717183590526763008
1099707421
718246085190414337
292705156
91977265
718232821840670720
2935287609
338105822
716062941515112450
2717606060
1915172773
4375933455
718224168425271296
713119231018209280
699832268437766144
278362371
2848575193
710979399684898816
1579138886
718214940251840512
44789718
918087354
705187763482726401
181018674
718145083497951232
715710337350295552
60616934
2524527316
100002562
2804931115
19877207
20572047
228004532
302052896
717296570211962881
3026474129
203103328
3358652128
21066826
74610516
2832474109
863884908
990101035
356199525
3225518754
710857597469986817
713092474756050945
718213773937520640
717503404323553281
540079241
465267133
16062990
119976020
4855262606
718214294517727232
3652135875
33878155
1267964616
717814454520418304
1286787984
19327925
2850844870
717886125054930944
850212295
2837766007
2381232997
700549919749206016
26338993
714521064290824192
3109166416
518609673
709481234599170048
2889563694
3315661156
717590129729208324
2458728887
2293641631
710849106495692800
3360895901
26799708
398552656
718182902010281984
1278967314
51405085
718173693671641088
357669186
1104061369
104284569
51548332
2414515634
617874383
45333624
4829250983
2294807791
23713937
174963928
713469428868988928
757909416
3401778261
2325066002
3517463235
1932705410
1046621443
4861046714
718165001379430400
50664896
2439724027
712821010928537600
709219451607113728
40396716
1475450431
718083718611468288
1378414538
3294272625
436146236
718156836919242753
4201877780
2760932656
3859728013
713081532714459136
4132994963
4776103820
710895735085133824
279099322
712721790875860992
453588614
713861573790605312
716681359889141760
2549838792
3103925955
713860119444869120
705602312312459264
2701354066
205987609
2974187243
717708496909766656
3353425715
2734644311
4784878960
396019008
573010209
717470412888735744
47810278
711734383829508098
446431284
486068473
49110672
718128255799332864
1210376718
519418531
708768389486022658
3557212097
936693254
4862820944
127274233
991921508
771968588
1431002162
705064182622760964
617693154
2683054703
221482989
4651220901
391559239
717898844730748929
989734668
4761208225
3982141936
1481432892
4539153556
2424444109
3432670929
4919350494
569206075
608036794
1213684369
2658403419
2608272204
23646200
4498097607
716030194449063936
2381286150
22586119
717148304677711872
902890508
813108782
706192580418011136
73569760
713591134703001601
15771631
4757845420
600207891
4691014674
717947181504667649
59035608
4047380578
716406501942792192
3639515052
717885161883303937
2973211161
4820611659
2531750537
4707462316
32226834
133793052
353640065
316521497
404598326
717416154613022720
4877940129
33910828
291710031
728910750
21301094
2495438906
824647195
715321808812122113
51300899
3177044922
49658138
1872960282
516521515
714982947737223169
26856037
1952162089
1449950496
716997893295632392
23015316
707730250445287424
3326722717
952578270
132415047
1093307340
3281910150
284484002
4254647123
35973955
2397694945
4439068109
1340711095
63862397
762136951
888078060
162736730
714990594876182528
97449705
717389504055795713
714124396793896960
4119609855
470660538
366068052
242890753
2209381478
714439522751094785
698320938627174400
22268313
31408928
4765981477
3374399625
716975907060195328
3034553806
4723161855
79375935
1741786981
4857918004
3107646500
330946742
712835173239238656
2917977756
413568559
3951502937
1370325349
389143539
920105227
3305955884
178353492
38085860
2260358028
4123820457
176962994
601364413
2308768830
70839845
459845116
87194565
718004555733082112
3157068787
3557385801
249877728
256690284
715658346737635329
383334574
717990250925072385
868402580
2281858237
4477504702
1854330109
717869661484748800
704492329357344769
6549332
717851655828594688
3048521749
27841069
3635802493
717964901453578240
986106360
4821511247
24075683
517097719
4629479483
4678913473
713077204473745408
713372179908395008
717954215155355648
717921659127218176
711134658361044992
3805153572
3158800329
1093263546
3268681405
4294277532
715429039616307200
4481128154
711740212192395264
717934327510618114
709929777180909568
717450678432567296
717817112232742912
4324723757
1567337010
445907475
4273203675
709439219484196865
1157609232
3279242959
3298985491
717190286322085889
45914167
716313649812480001
4834038553
717920279213658113
564984291
129728428
1557532490
718306697
3054841070
715630854912012289
322828871
39910668
227720150
161439898
2894410063
2161992786
4168482447
432191257
3282074839
715419577287446528
48341672
713874280572960768
479627679
2903683088
243334408
2385957265
133913107
717288023725973505
717902111837667328
4907841343
133404062
28016901
708669215461388289
1367125092
717555968838475777
56101089
41605413
602482065
822701304
2536002495
2381707450
1588305307
36497354
594020210
534642440
3193657195
101116568
944900604
332546549
717548325281509377
3235656410
470669523
528687612
3277814538
540321615
4905053757
709010363216371712
28889436
394926022
181819087
768733514
51814545
271594122
2155549093
83716230
1069830990
3052698019
715725405009805312
543650949
580567124
703729284423278592
2831477496
750367592
983793061
266959300
717882367088590848
35652534
876177493
2981853916
135625647
715861820490252289
717876696595177472
717839356006785024
4869987291
715910823563161601
4079431467
717135195732742144
73962315
1059359065
717865740980862976
96688433
44412277
2914949470
3057626526
717868545581789184
3343777992
1075894692
3808448067
42129714
4861210869
716377884948992006
34946706
717589940272513028
421824712
2894445343
1624026806
3473481190
703407696809238528
1358512783
451844276
4855664609
16741739
181366796
1155692006
4861947020
911627706
711167017106018304
716233329704448000
102718564
2784536397
4713949518
27493406
374587877
4317051556
3322661293
38249932
4828192529
1335330222
1723319942
717398291571412992
3001762816
713875158763761665
2389363422
4501919594
3794450248
417098937
16457669
710633555852980225
94470163
3038570286
1699478929
4746507283
3616667353
1382628296
711302391245615105
505410397
717461940600176640
2562686865
92209091
713580716471091201
242338992
713704824072749056
21097469
717831324472631296
191868171
706552050394517504
1210649521
73294556
716219975627841536
747582996
2796998528
35746475
717810625540395008
232994142
59675814
702835624538144769
861705500
70383647
101592202
319571575
274484462
266564546
32960178
540676042
1132506001
167410838
717503546233630720
2861728635
710226149687701504
51054929
1564820822
351208583
3819324924
73823826
2177202784
389129330
45561302
3302095578
19829593
4550051681
704436163629682688
3386617043
714868864685711360
108159362
4107101367
261303199
3247916645
706342982438539265
4748597450
717806485980504065
2350820316
716619991374807040
717806288600588288
717800938690461696
382806517
2732501714
1540318160
2369543180
717794940839788544
35594946
717218733903769601
130055928
717507894850224128
716092045408935936
2572094738
39567314
3309046238
700075415239430144
2232304221
16038255
4313934254
2457164985
4214563213
563246539
4825989272
717336866865954816
3075256835
1020882740
37686172
947001074
100788566
849586950
2741360217
1429431962
708006705414541313
16985309
551381295
491872764
95975204
539596191
538592779
3309860058
2822045119
296878849
717171750178570240
701569899982749696
2983887042
3719685194
3015784048
4843296207
3409216095
712441389649256448
994298460
4618394204
716829421072748544
64084235
709154206674866178
717773451021385728
203271194
256593402
2726116548
3100702926
48102098
2319719588
4541018800
3415925122
716981962154635265
3724120757
23391600
19308268
962706842
714818158377439232
2511427183
3170023866
2612023326
1552888166
717775248783900672
3075501315
1959459403
2255862312
3196244840
709870614215962624
702224660046327808
717771864555257857
2948572863
32123612
552507507
711358031573950464
2507302636
713083570525487104
3484767136
119731695
1916065363
379504409
15460331
2362612775
2291999807
2942382487
2151758881
4182002319
416099442
2488835388
953331908
989169187
2993105326
3014936674
117104543
2321019609
716418277384327168
713237619853762560
717766323988742144
159439092
299247430
349677683
707604135537983488
1300427604
3115880891
49196814
3235416315
1547181949
2564490607
714343238753103872
711373205357744129
979337461
3008817019
1181852197
706548508791181312
1311452660
35111716
2887618845
628685646
4815663683
260356265
1351007198
911454235
37803082
76725055
708746463065542657
705961747157397505
25789761
1195756808
2842684767
2983041685
717753142843191296
211609024
987892568
4848127139
478216947
35128957
41915540
216879605
3428182540
59926672
34845670
717010652464877568
2796801730
1475333539
4822253297
947005718
3300038929
1539653984
3082023772
4860903811
4200072039
2196861842
2906783645
631038557
41969280
164929903
716052983360987136
712253306706468864
128756045
702220975253884928
14988183
1948450405
3288287412
2882681590
454989802
477831437
427819689
3614026167
4866165495
717401530358374400
371434586
403567335
440126837
1076547972
263907321
25377988
65763384
717713493596749824
114535758
878030076
481785936
717743201155727361
3306738029
1709975377
17954828
3091558512
62203221
115243268
42876441
2868024823
2853653587
715267842241728512
34172091
177813267
2502126900
717733338430181376
2331726752
26170311
19194983
1460490427
711268543959007232
4881703871
1426470049
2780759943
348708535
2973599157
349853958
49020291
588679930
3685106596
475340010
292429273
4872000929
58635900
714927424375545857
96077805
955614566
3293429034
2391915150
263210471
79762552
3044930254
999232790
233274366
1035311575
3243713043
607980216
49799395
102088919
714922274403532801
125813830
743491927
714121674828853253
4196277579
3379163391
3659013315
3002156305
2736584002
30755849
38942250
37317050
21078388
1482278916
4295715078
2832918040
197248043
1476042284
1497288858
3349868416
18461908
53752811
2997763423
4012647869
305927228
3064037525
2647088211
705883844210266112
717528378589319168
168693239
2931513708
2416974884
717688364263219200
2588148445
3324586557
714590391303938049
704428755595341824
1904725278
483129030
3938258062
60144007
83683736
713019734606876672
77343728
158779524
714876891899932672
1028536393
433686245
76566981
2869200559
1928533357
711902832534929408
701681308058128384
1257676682
869134362
992568060
560885793
387893405
149721061
1328597425
3363047344
277779082
181948217
19834582
189237124
27841901
2963659400
2840932602
128245687
17579749
798440713
2542681158
346948563
2855663716
1051025521
997308390
15614147
942369817
1706274894
53375480
4792437556
832689804
4845407797
102518109
3005263884
3353531032
240334367
293616578
31117142
2804964513
2278297908
266187763
23936701
566766874
717668956320972800
929226667
256108063
342174831
77417051
707246887666106368
703983503742935040
716958687823142912
611617498
531180670
56662697
4797588058
780171906
4453933174
248466486
4706021413
437960637
4764764947
706180916033495040
300199697
25782934
50713801
94209940
2886964092
598094250
311029767
92046434
38818352
2326521284
3180550548
30820971
41886437
231203037
1110513650
710138034981744640
702962927658274819
467088198
715549821306867713
716537760790810624
456554321
391168988
717609053594263554
354657528
175512890
4852650819
17892283
26690306
465673404
4841277374
46516054
4865671575
708634886941188097
297165490
467880949
717520626135609344
3592922053
3390032963
292881382
1493573827
32958093
125696867
316507598
2351696245
24510495
112687723
1278255211
462559596
717569757915037696
73570962
715711001774190592
3166329940
141250395
707191014209892352
714415008017321988
369941637
27940613
716512883530719232
454091232
3100711575
96807699
575509018
706569573231894528
231862823
706659845588590597
1527923360
21126496
377902493
4600015262
706326044182224896
863319020
701626269490872320
704392370503225344
343394202
3590368639
19726988
754383354
712399080538791936
69959081
1925242712
717560238912569344
2317907442
915223567
717528302726946817
4176144975
4766382675
717507971803127808
28171993
3160201944
966852380
354135086
465217397
2830284620
3079352588
256832850
3974083223
717489006229848066
717529705730080768
1921297194
709881663875108864
709950178267037696
28676390
717546066476830721
907242211
80413939
1567394749
716221056831328256
714979296754941952
431527807
338699266
2820889246
3107840826
296009562
131157557
1908492817
325933769
2179406522
716794620613500929
717400644743639041
199145699
710467381496303617
84760578
2449161360
20734495
73237049
717519399456911361
95930486
298541653
716842639409197057
717223665834668032
1957538899
717447058622451712
1651836092
703292322956648449
92564574
2980158885
717540314219749376
2725212037
2195022073
3429064234
36958384
3312795524
427128919
716681706
2942539763
41958625
271714072
2902287501
30197540
375144614
3074566891
42793507
702990160368001025
3309150738
54795645
3046601807
710850555237634048
54636567
4855122279
24635678
84622115
494316613
864046933
4916405097
118414967
4828140094
399718737
461234695
233043851
898970054
709470894310236165
2431087808
717398024863895552
4867909685
717509060413693952
3269207773
22793546
70860785
704006510523904000
3382812340
2734702156
717530401913241601
28267341
1428533264
41065696
22331671
2935778027
702646677602172932
29904592
18990569
2853205547
1202948497
361297600
845948940
860421668
351089343
2562034130
2363407902
4183622699
3303948936
3875476694
713106249072713728
709192739011735552
3404667202
2181296534
1624189604
207691567
2253476505
778972531
280622548
717522262899830784
709164228662435841
41421346
710161610371964928
4669097233
3670233496
100703767
79081675
2336791286
3721288874
3727184954
710306248218927104
1048905362
57814373
712749447554408448
3939025941
63414128
717497981621153792
33917326
3179541644
63883046
715333862256082944
714647691779710977
206304448
709144349972566017
18089727
106609850
142063036
38001428
3589745233
144017537
1623571280
100908967
2534057107
921463050
713169701053009925
3003813068
712248310686425088
20205585
193907274
3419241313
714967816005230594
709578201136308224
16246600
3241854985
717515653427683332
24416526
482257803
159132441
603167086
2376231515
2204909892
57449863
2383812842
967053223
707065647855853571
3300034136
4903187919
4452872320
44655249
566780300
717488466934702080
712277519601377280
94923042
3033052669
717070984411348992
395701053
529552032
716416574803066880
397928244
4923082034
717494493839233024
4892861765
2877231127
3169777035
2309151474
997878320
309472255
43810398
28479533
717044923661418497
21973177
703657448255533056
701474620264816642
630354862
81386532
710525238832926722
239582938
1961460379
4823296247
153845670
395434007
1607362993
717496883040559104
501070568
122780588
24051594
713202039057211392
1909382910
511638795
2428966850
197495241
4799764033
3131096638
43610177
740614004
3617695992
3194505045
357520276
2296655852
3182525288
3383701791
310810863
532732715
514639148
1676259212
707350543362949120
509558340
3078207941
187182222
2575584374
717296679653912577
695126397195423744
4819597395
715678393895813120
712052925732888576
838554698
33433796
45798447
529746441
38511768
484399012
4680755808
19164958
702880452386824193
26766002
712391898552541184
2729635520
3312840984
717487551725051904
2744634535
250271989
16845216
163846879
2975155448
45534475
717424969127497729
400617259
341280823
708511238448357376
17958046
351987933
15996216
33714254
477362186
91406445
716054123171287040
717190424243339265
1732351056
36866997
3096766494
2577053858
4014846881
2246341088
3371601429
57480509
2391740893
717477003180449792
2817574596
287489229
3089441353
112009308
2379227100
3350526975
339152778
222783788
4437102019
261907866
717474361901510656
352457944
248304826
3050081025
1120501062
29625116
2975183524
708697173689413632
4645384700
53959446
715689827899813888
717473265434779648
4812750883
701150324749283328
717398176366518273
52476008
44221408
127073789
705502643758628866
238449348
371369599
716531846738096128
4889822023
714918273502937088
717467804220297216
704006171506544643
226696558
3991011057
713145586317410308
69543232
714652521151631360
3025673760
1433561064
81266782
19779010
823475210
3167602911
270645058
4271982193
2170735172
700690589621182466
828377726
751631820
98787419
2393750468
717460504134848512
2419980131
20485214
70774210
25103199
705435996876312576
716601265715867648
173921072
2976839500
1880916901
704728794221838337
4908851832
46280256
174786381
