18255940
4411220472
2842666384
190590394
2967624576
190906140
19089077
2539200439
4795519941
4163243109
2400506899
2905380526
4226936146
45216253
4226893733
258627515
2992904397
41465113
174340344
20890320
81285482
4172608535
73311989
2669885479
3907875577
3806484792
130748033
3552737960
3320482200
3311807347
3272400247
3272380801
1038101948
3241502420
3231192175
3303269211
2939793539
3226575620
190872501
2951471244
3169292599
423711504
3028928069
1948021309
2768387780
17757005
487308755
935244966
2949827728
2932174587
2931464933
229640367
2927453276
366393122
82199426
118272261
2462318684
617191056
2556573709
17937176
204946082
18872626
497047795
2500780750
2274881773
2161471741
1395242623
240794248
633215484
61928038
65791788
55424229
20835717
127652210
144931941
25549376
96685394
49440980
2235321205
432774765
65844698
357980053
97780723
57264116
35007775
1977081546
30298813
34312720
575528111
430182709
1700709092
326467336
1362279650
250342543
23173276
398127666
619566654
1410753565
1206402882
314616443
494537008
868679810
20453905
87846824
93892312
95590606
149980205
43446538
924216176
61709645
331518842
41073661
940355142
16485528
929751728
59561262
587851230
844384022
17900421
224351791
16911502
28022197
413762529
310184560
13443342
156562012
21901759
531256866
481144198
88117629
578993727
259891216
377207613
13396002
565067246
836495256
56829139
17052750
213015127
606979555
264566222
58147234
770858766
733128102
57652284
18190227
27175942
403210828
18027584
547132018
278751467
385047375
63217017
116569628
110001047
142851394
29550234
369200652
542243073
20614840
447383498
48108310
139885089
35860779
145634280
122493371
55647891
333210855
200203539
472401130
57227451
499108467
458604801
373383555
25199267
257663770
125207292
246924437
16982961
461669694
376992020
444605603
152043061
174356964
23098689
386100013
308966032
334574719
17786788
76048891
124897174
260627124
41458373
77500629
213534225
131696105
134895479
41995798
18889433
262911354
275457553
43444158
19846640
73928469
260874942
184182609
184610073
246460726
255675562
194399025
16192212
256247318
191515561
190583841
15910385
15406238
255281688
103366543
194258018
215407947
14847894
125033505
34198405
224736949
199973023
12221542
65146241
187293352
16821896
222303423
203646549
189350659
140134138
229494327
93908161
53134709
40484987
21979318
208230354
23515120
54229868
189770256
105734905
16462011
2369471
221172986
15188065
160416128
31619861
214493853
173521444
23761991
17781394
78231392
36816937
206024618
136340344
73446692
115438636
50572527
47455784
21343653
90736854
15256077
191839049
47036196
109528420
163028209
18052560
175635828
194587158
106469045
24761824
14776527
54708435
35114229
40037996
156625651
50141610
15656687
176433225
17922429
67061313
156544544
15861944
139020323
31211557
104743629
125199325
21351545
81260589
147691883
134548180
120390917
20245310
6123762
28215205
56531430
63404790
24246139
117312407
21824776
19082263
144340457
22196148
113555189
18000662
22000315
20642650
145842466
31545649
131863517
117548050
143582985
142824614
19624861
14334057
115597733
15446520
9701872
126742417
19307271
20092481
130262827
55329156
25968631
129849925
7150532
106852279
18791763
117612473
15782399
18153673
34793128
42484546
5380672
19093649
84169495
81560130
81614718
34350065
29770711
17241895
68332670
63476798
