724431129621618688
716407049156956160
725887573533544448
3219461544
1655556488
723279666845360128
4256176573
721548887920496640
721517053060861953
531783288
4834553991
99217375
717847484748443648
31585002
2400634020
718855997914279937
56494261
305727891
988665763
708084928337072128
278673907
292929271
711614240256352256
3255233053
705086052680077312
493277631
3872346202
2913109981
2321127874
3795292154
2908646959
339421883
3138338070
4759469475
4873166410
1157919126
4259676672
705549297152987136
35078551
4922628202
4686553274
290720646
708659375
4138887555
4836700766
4879778363
3249356629
22058549
251837628
1002162283
4789984615
2871919400
695351982752555008
4770814853
3464191095
3590192243
331219901
48128341
3068965195
3429756969
911780719
2235213428
3290135948
2534059742
182258630
2303152944
1003064023
21753253
1384996994
279732792
2457747973
4316482334
4344089668
4823733375
3383423543
4799779153
3466296373
34836283
474059941
594694603
21436506
27728711
3301150443
26589664
4751885222
4773405624
4745571204
3357361454
24697987
3209516685
4747460659
352999575
4649687901
3010503427
221546544
58482232
1080895027
3424815093
383025549
3194707986
108987996
191282392
2536892581
545675702
834712357
3260285413
3152227269
3541373712
4469884775
838006482
17899834
2607591976
2582266850
4046943075
4652349315
1048795423
970494883
1137271452
3092849848
55113967
3017976184
3347003583
194217627
841037478
21269357
4438064781
25376579
220701283
4581898094
19102612
4497312617
3855063013
4098932003
42068459
984547717
1466117856
4278213143
134891802
4408728063
4472311639
2939111375
521527606
2903671648
863936568
785240078
176857957
3389353540
4246749364
596980260
978983136
4305330192
2310869153
182565182
2581758266
409062401
3130274049
180431240
2550621678
2929856637
2494444008
240531800
3261680360
3397055241
3335606914
3289356158
3091591407
213984033
476016623
252734247
4069283957
236644458
3506924483
3953973854
1297445892
2971731660
3238018650
541777125
2482468314
1145753491
852875797
3138265819
143390475
2181493660
3186583820
339705296
405504484
389254248
233761705
531162398
2839316676
2639894142
1008604932
3287896029
334010881
351867367
2345456774
2325539468
3150982138
440816963
99407203
262998922
1956871338
1495117086
60784269
1041498793
66140425
3742161316
513503674
3627049995
39057847
1976701537
3146248427
2457553466
2967037368
2312999748
3090528559
15063486
3064585276
399618008
259730237
3396353253
20652415
374708448
246554304
3237457645
3145576415
191555835
2957508616
2152381201
372567126
1132189957
2963591957
41424159
48606265
373703345
21779975
448919789
381735239
440993398
15043872
