718570624592056324
1648032578
581904436
4622722752
3304377965
18719836
19805321
2789275441
2360876346
718583183231430656
711559989089988608
23298852
538164008
705710387581181952
705362883945697280
2905249815
706805494908743680
711902195914899456
707649421341827073
711474191808106496
707627657182244864
717015795939819521
3030704980
592994437
3716883027
18773462
91807650
388824716
2470057916
534581938
2490068635
3601319962
3373680207
1472023070
14645160
702126866375774208
4801447442
109895820
4845564015
698747567421595649
4834771671
4856939309
384427836
4817985928
967975584
792222362
36767147
41999549
3290208889
1940374940
1277329922
2891760281
2679633210
1642446938
726749780
34282829
115419186
584081417
20664665
467612764
1076268721
14978756
917658246
52036135
555326322
554968649
611257593
276066303
214430045
389425479
80328209
330222643
376495679
310885780
252001826
228525476
300478456
296790614
22846755
21565363
284104588
285693252
22473233
18704287
282226849
280938671
19913832
21744093
280067030
263025603
82930528
34701708
182909600
181979148
102939033
64499950
