3911859802
920213784
4922204339
695644103888003072
601196758
104382644
720735448511852544
2401672556
719999616113111040
425186250
4842059961
4877986648
4877846945
4756625329
4842841366
4842438886
4841579753
4841583639
713577703849459713
713868158134657025
713379213059837952
717233805082406912
3306638555
2418819744
219706157
323323721
33462545
4656018335
464312468
3343806305
4489333037
1878331922
713110028790538240
4574800295
722260377493499904
722259865872306176
2993230373
4620033926
718858587557105664
2449215078
1037735646
1035304628
953899808
4220114620
713481355468742657
702779158686887936
701882443066908674
78761555
3434464212
292244510
707892996478345217
30436278
4845058399
4074652033
703899868264341504
3278013619
103543722
257543836
705342965519032320
708205861643165696
