713873252003684352
2659696782
4325537177
698120509943316480
705815958905090048
2588631818
3113704973
4889448574
257277210
125785391
340602474
367826563
4855635058
4855338593
2842354900
2761557981
4853724070
3763690815
206374117
2390185674
4795952415
3244946194
2467452319
2696849185
472353976
1291892190
741822794
478014263
262469845
346660592
1015346448
366027741
1015865444
221601173
397653849
345014862
257609179
403009609
391370483
275501725
46544734
40307300
326762767
352560404
829780106
299296229
850430660
269075314
378095283
978937106
750375637
