4717882393
2705220986
115681686
2584044030
190589983
16703058
481704732
3259192374
92492153
83537467
3031777022
3038827677
2938066737
4196751983
3004003810
2831722093
3313950829
3842294119
3419767798
1523336965
3767279957
15868621
3530092161
3313895851
3285168644
2316679189
3291738037
3359033770
2539556211
3117231022
2537867394
3119699279
716044325
25154551
24726068
3089329935
162464539
3081922525
35109127
2375894118
1858832461
1481122934
874383984
624877310
330477519
2189670317
2288972138
1412586942
72176764
182048974
3008324185
2878449573
497287968
2841031506
2357484469
2822251521
2887876438
2829055691
153204047
1106382104
2200242943
43919633
253004075
2347946467
2344320115
216892854
2720003451
179736548
1051313198
210684204
2825064649
190601293
2788441298
135007069
2552078593
852206076
279052488
10869022
2598912605
2252145991
65657826
2385450475
34616510
23469285
23214900
1029201116
65166322
17680840
545824095
408222258
18815101
243987640
2474388966
2305637767
2499177303
2303875177
52436581
116472280
215785025
2159911640
151176868
2247429588
872492846
2384685517
2434805503
36879981
2229044521
194219134
310434477
155736983
2178814530
2305222386
2397275524
2421017202
2416238922
2385952256
35867686
747950029
130988961
58683004
31147835
176163955
77398316
46587318
343833643
257298867
310888940
485339917
2412842628
858058549
2295663284
1646199937
331518461
331519694
325824703
2411344656
161909864
115111040
180136600
151162514
1172967212
68021155
24190473
331519313
2320765740
2407459093
253016805
96713210
30279238
146528810
30414118
49296008
2243015664
19341833
16531270
1388662190
15219770
1548665959
487840079
315331140
2250610262
1135013900
18853723
1139904727
18942944
422216482
79848384
125727359
1039900027
1019791524
2186302636
71860259
2178474918
45143748
615513203
1945943216
1943901793
1932221132
27459374
317378810
235161193
119722981
398912825
912701030
100304895
31160337
1597552712
324741790
200256893
1596359077
53037523
347920381
325527212
94443521
45138216
228840169
302367888
81619592
273544629
572367360
106368459
105161635
406933048
372371707
14583151
17467699
407164317
83773096
240789817
190249089
41519604
450697476
86778013
813291506
355784391
16127669
28193775
268036007
35120520
109428475
37391190
155741634
15882393
65577676
16248319
202528126
19478383
65589378
31891798
347005641
422931536
198614401
23480735
254117479
244213394
762444348
189700073
29541904
150545072
50515093
318698885
965298452
19917537
15752446
17156646
294111655
238596622
815898192
15845694
23828118
529556635
1206060992
564161171
