707126936275918848
66827524
40820203
4769474517
1292072286
14621112
2821074417
43079215
110487235
275894973
4231833855
718632034235772928
1615897724
715597493564735488
2485270111
2023051
2150890102
2695472090
717144530315771906
701936273158701057
2866539346
4619842156
2842572546
4730243538
556500227
1512080982
2981782721
235366725
724431887662370816
19792069
210444271
3971954712
4859568299
3901384515
3382164261
713656907253329920
21184445
2577185611
830947530
1444614408
723784673663406080
2756000292
15159679
2898118440
213050385
2781518696
1646415542
705096851146547200
1407395876
723877401038602241
108848641
2874805857
45105778
2612336226
2612371633
1959579373
3234117677
25504432
1654206799
2847862249
4820910887
704175164791980033
426473004
993181250
126430870
16723753
707133552857628672
705325821733564416
3178380584
2508454376
1032538034
480457667
744634680
706249842960392192
718512052830994433
217160046
284148558
717059816661905409
2956133751
715498261394681856
4325253436
709263823451131904
418214001
702329146370879489
2477521214
718610388431081472
2466137910
2451772356
2467487182
2451764461
1707839131
4846041894
2895688859
106368459
718944041539366912
4178097032
2320534424
106142106
3236333414
329631303
131336102
280826651
4178108954
520683506
704328286135054336
2880071983
877159784
582678395
700493266114850816
20223049
2714874608
4697206658
4202910019
704452885904531456
26028848
4423841120
564460228
1226567534
358257933
51518802
4178047272
718108763807358976
381032464
4716003261
4203189439
4895959991
833524255
39362155
125524036
9158962
718602688401973248
14579415
105791026
707131352752107525
722101135415361536
4202856072
1964752123
3770323816
707101657096712193
108838948
711345300955226112
2493628800
25514408
1683260238
2466170298
2451496610
4202939052
3001116190
24973048
1906594148
933101473
498207335
3403704074
4438924337
16294267
3110353779
4048344674
3408001901
164635266
179245986
4873113318
340931402
717192919992565762
4859276627
3223687856
8573872
2731942527
1076916151
2319405769
26688109
3130567797
2575444508
717879787847598080
1307948767
720781823861788672
2511234860
293727884
4820067831
2822418474
4889472311
14414730
175439376
15533586
968856324
721440467745841152
275264764
3070652528
3299339574
14913837
469773294
253663760
1607208096
150648716
2821422254
955946018
4886319193
156981013
716184949351653376
1396377116
751871942
4890735885
2883741601
259613476
2683018538
15052873
721411423440605184
30484294
4144244717
4203145574
272716816
156716305
1342885652
3153329761
615927039
42702358
602534561
961243693
1573623558
3340276120
159917147
717674852958732290
1668821198
106938252
705071493126819842
374138602
119480392
12014232
19827166
39395200
26391721
711860100328255488
1151414498
2359651574
2284237477
1208691686
1964751115
3238356748
721034082352787456
3105097069
500929942
2306081448
291941733
3010336183
3273629029
2168147755
720914990962647040
88005235
1621209960
832151472
3174757378
2168143352
334635978
90570778
2168143284
2168143567
2792764017
1794195842
708259598059249668
138771778
2405105594
17269746
629198606
24642579
2168144414
3016219349
14065217
718815372720386048
186066418
17819029
186744632
718004757303062529
2168148242
2231311262
2723593915
4916037022
2168148265
196598607
2168144490
704941474283200512
758046349
2168144010
387886218
717660843639328768
284241195
2168146254
2168145656
2168145878
19149906
2168148386
2168145710
2168145476
2168146820
2168146382
2168145180
2168146596
2168143544
2168144929
2168164591
704804959632629760
2168146441
2918997222
2168144365
2168144034
2168143196
2168144701
323777070
138269232
712555857620377600
141360810
119246453
701279057149718528
1328360287
25201438
490041444
3301170482
1583257789
153361639
708276408846405632
3329849735
54187454
709246039153188865
970942356
716001861598384128
3305283384
259530303
718849010849738752
2781319230
4890175361
1375860338
3025242730
15240952
704935666115805184
3519181094
1513434746
3319467948
361468994
4310912128
705025254175838208
2466339073
707574993878552577
80493629
717739464420900864
3010777026
708599266302959616
1526440374
987787243
4714765813
239550730
17010913
4177671980
714736053140250624
2800702001
716207172590374912
4718773677
987771205
4410380114
714139876489355264
3285019694
2945306627
3419060666
3543670454
349581778
15531367
3301424849
35277606
163582516
4362519014
2990698311
711896195006799872
4174493315
3303309585
20470485
2639221039
1051878806
283075270
776669790
3298294223
218551281
710889787821920257
702824535737774080
32164801
250872363
710899696500236288
294207022
2936423687
2743476128
3839261739
2911179673
2834674724
708754980207988736
246104718
58525147
208139326
700992121264693248
19016646
700992188939776000
28511459
2600008466
4345111293
98425584
167686055
28971190
2984872862
4150778499
37391190
3900537682
705032077633306625
86606482
4841811076
244100132
864371989
707315633537589249
3309221157
11507462
707496176514301952
3342588849
3320122939
2613944262
184477052
1949433781
78904092
2925685802
45064429
3403518634
14955583
707200658760306688
4090008587
704850434452656128
549874695
38784416
566175364
949545120
696693808977874944
550648413
562385483
15444160
705480931205902336
27883417
418174393
49761308
919947757
3719720954
147718224
1343302134
115637932
3802506312
97383592
3310660647
199199273
4194966734
2889298460
71165327
87710468
16261638
4408467921
35767916
2726513582
28933956
4503412392
4911746419
3113645393
703367545009676289
3430038533
4831025039
2472864500
4337651662
502347299
2707805456
612931307
16580053
4517728295
3403513828
2796821726
18696514
3273507296
3279784194
35867792
705519781953155072
4794312582
521815542
160047813
303794883
3056485055
1206062257
21705507
3270370116
514784608
3306301314
8523822
2583822708
3021504947
2191458186
33678986
24540828
88483562
4873328206
87475277
1554824533
1271599808
14859052
4784768021
801193910
34826262
3267513708
86773118
318898025
2289618368
19729581
3138205550
4633627757
3645836355
3509124314
40580641
2272257337
3266211116
302731548
4888948522
18149467
4164254656
19414905
2410085565
103015501
3247252114
33057154
18185124
4109961
4422383354
254052091
203656418
2759855624
3180978036
2349640188
2767303416
466033349
2200700480
1130798108
2580962390
2283792517
17634425
4678962606
2451158281
547537854
702365121339891716
535622250
250281727
355525509
2305378238
16664819
17393362
187476053
4852440748
179134183
4785354855
3167686196
3667030701
49023846
928799869
1034225298
63845742
781319274
4017884933
182972879
3759442276
3724362982
3141959758
23244465
23513781
17543210
4869594040
860037217
866504532
2551857542
14468812
2785663404
704085800833716226
3054343080
703428654819315712
48621400
2956307260
426113679
505405119
2155257049
18979540
4926685841
3312710512
3888552132
4839503021
23636912
987062437
1170869892
1622534064
866717532
2589729396
297599184
58559649
3787157772
270212550
567188095
43570256
423197239
2950422166
4289058160
262326991
3388149879
27312014
208714954
2881360200
149992083
1634544032
241572503
3344152847
2417125033
2817230036
4158185356
430727193
4116558507
25681875
2274406315
62111674
1254978090
2401767138
3318313118
