701364094029332480
725423979519983617
470694279
717914158403088384
42595731
4013108901
254620177
707311057375772672
721797026170609665
4178097032
42398803
418363442
3017176156
4129847680
35584127
725376045843636225
713832851087736832
135413889
4217967795
266234941
582667556
268556198
2382215432
265260401
703584537842839552
2981745634
722478282017542144
720901084068184064
382848891
717962175868960768
2737734589
723785350670368768
551481750
717933516617605120
714399559057674240
206115480
4871269060
4462425676
705985687506575360
723158778552672256
2852439028
4385642963
2950422166
2485702352
724893189560258560
700743878815588353
1731495973
2921663932
4830090502
150589020
170404126
702630930595250176
2292633427
2739680245
1423171789
724880980985675776
3278835198
724015245241384963
724121484294131712
4565731274
715517164422242304
724284463912505344
20824913
15799959
724587966052466692
2705458215
722039842696261633
715426767645851648
723110267555483648
724703719036735488
272051435
718080204938338304
2739667932
3241675502
724069488660877313
717154214099750912
706209477976920065
189831618
718170688847233025
2999667652
705240483014946816
116994131
723586447517843457
188066062
223051936
4833148215
3160648242
712159636221104128
2914487847
380560718
2485043923
722445835972255749
387661638
3301028359
2462323412
2485138566
3726098179
2834674724
713671641570656258
702460127245410305
15768346
80130557
301511262
722479219901624322
2982795149
495086242
2178554269
1565724332
2776381083
724663688641302528
2244203258
1076293176
720661692980555778
724095458
976330716
43390722
12976372
718064494463868928
1908198067
3144666210
1953607507
724179956520083456
4867288455
706406882714451968
704778186471534592
237376748
4746999887
2492021455
3197303305
3881915309
403049466
4860533251
84354013
705475905246912512
362837446
3699784403
2465436362
713525391974121472
1200819426
33398080
542076470
1543220509
4913357111
4212632026
719900653640904704
54548130
710498537876795392
2485100784
707256566551089152
713632961346859008
17556539
474574842
1511738976
4158185356
1654431900
709841550788800512
2367458515
4149295693
49761308
3074449627
3288978391
719688269294931969
3090615004
724558515906482176
3136384122
4479603334
3012099957
4861264625
2515419932
723926083435819009
1649413734
1900157598
570266167
3293748657
717349489569345536
3526632495
173767959
718485297869103104
3480349520
702789855995158528
44074935
710648163443453952
148664824
418426437
4436975543
719135091356745728
401525763
2389388030
499059925
713499113405472768
281411094
1032890257
723118370715881472
3466388606
723115281111875585
2520800658
60088288
600590087
2555710802
715869743278895104
115681686
438677787
705476576759160832
710280698100371456
704382306803458049
33328882
1289865636
86746242
704385367970029571
720659563511418881
2586761882
707128401505689601
723294011511943168
2813284376
702963372862672896
2937816161
14600151
17010913
3240190259
4849789983
4113957912
4113886579
4924056809
15279422
721744145178492928
723424195263131648
3240235546
3240272615
3005354823
15932734
4334309180
2792276935
3416725333
3151982641
3356682922
2337345666
718081631203024897
515967936
41118614
448502414
128834847
3181284726
148291344
21184445
3031942490
709526759637651458
1661261479
3486817758
716140293448314880
275656890
2458007178
701149100209807361
4789327157
3130567797
3028337019
160664621
1017563923
106716822
713819437820878848
753149816
4789282576
709796669634781186
2168443957
384218611
949545120
3123131711
3293602093
15943791
721506170653966336
4085110516
714518218761613312
111726086
529096441
2395224468
1493267851
4846527189
4083560540
705222343019237376
714508717211983876
2927347724
720653271220776961
3110775388
393940062
714486203043745792
3021800467
3017657972
714500934072545280
702145544001458176
710030408272859136
716222395456045056
4834623568
3188618684
329631303
3292065905
335416672
715243039363624960
705313666292387840
4898429954
3240287871
3240385912
1032983462
2940023085
524041210
2747296537
707102710693273600
57971498
4805568036
2724735427
4928550737
1244966780
697134885744615425
430727193
2803319107
708148104709545984
3187320511
721095120972591104
1306982588
29726280
570823044
1639858460
715532468573458433
2228554112
2294172385
723726303011069952
2253943347
1370890770
46996676
1443250843
745198171
12014232
1130138707
261227902
701848531779330048
4686074802
4556664868
744634680
19713521
1875601206
4830969914
294291380
1930279808
723600006196957184
3028092398
702521769433931777
232405139
444490367
2264066918
252797422
702835805203668992
3021435120
3151653316
3035581336
723579200276443137
723578748465979392
723578882583048192
2736216297
723575794925232128
4884076798
246338368
723574665067790337
723571521571184641
723571882805628928
722848057893593089
723569849847418880
960188730
3239767856
717059071145283584
130548108
3153552501
1033383415
2931937996
39220432
2350110991
4860983848
710034887567417344
281113744
717621575818678272
765720318
454430831
168517345
707108002113818626
719610200521633792
718202306966249473
722691077921193984
3036772553
723294771968643073
2695686611
113667893
722406634505510916
1288061864
704161669
317810648
168365185
389629577
3000796739
59423800
87186915
718940555582038016
2394624246
722400688400162816
717988462583029760
2285977472
1520215968
722349583842598912
168102806
1017150420
4728760834
708945180649336832
2997551949
705891900272812032
3067874560
3822195389
2725653146
2411393246
2542589755
4846751764
17578576
45012573
2441202703
2848641431
722783767580901376
722858842443223041
1038325759
372493803
111966379
720325352870940672
227777981
1283626080
721413337268006914
720661893006929922
3046535075
707131352752107525
586717957
3145077320
2798313547
721512149680578560
719030761748176897
348843547
3235355436
1606572625
117095739
280826651
721669736715526144
717056752261468160
4375050975
3413558831
368091411
510722587
2388092455
722702181300879360
1015069370
2780664226
123848136
611503804
722491727941120000
4586688863
702381788509900801
3380922717
4724659703
749481804
347976255
335957195
2359206206
3715345160
56609344
702380510505541633
721403270648983552
2918997222
718607307693826049
306999378
33611715
719157602828083200
706441821103108096
34531020
722486223625981952
4195433793
2316246829
718660057689407488
1458225506
2748898717
3429505989
2562472027
2582938406
721080012967845888
373663122
1498528392
338443164
720662587587883008
4864022497
17803745
2421879745
3426199005
16710420
89496720
2831234997
264467370
2365845288
2434497938
714510659359256582
1038808790
22599141
534415312
2802340801
4856266503
721902555643518978
995545806
716019948108259328
2881551543
909458028
819564782
3989822532
3284112337
705609628697161728
718591542051610624
855911462
629227908
3126854396
1430539482
620809624
927019236
1650679530
4547869279
2485701732
4905237927
268355879
3868275373
3883626141
582674507
715934329524850688
715934033079832576
715933835339382784
715934205360934913
3472067174
4138211777
4843686823
208083510
93244451
3731710032
3303271257
715936193641390080
715934660753276928
715935787720785925
715936123047047168
715935885963997185
2851237931
3505441818
1358290958
1290859933
2393063119
79289336
720788940588978176
582673817
2605384560
712872467438706688
1253005681
3847880423
457763872
719173792786808832
3288894569
3347723669
756602851
984004868
3428329060
582763140
3054327107
95459708
720511466718261249
19341224
1699588867
3174298811
522865842
3239909342
478409132
3139675421
317284206
342894187
3091829343
771136856
2810103041
3206069499
3011991972
719485942218760193
826537184
3092194948
15362680
3092443319
3284614645
1372786812
716494703487807488
4154041574
1076394487
719589284550942721
604753204
3425658225
3425822763
3426049042
715623870796075009
2452826665
832270448
182265955
4845558371
1943546210
145634280
721353624102834176
845140970
714523435444121600
3515568161
162631445
35216399
2207780696
613792531
46302096
1011422586
340773393
2167734722
695231855222611968
351904105
55113432
4620016514
30116806
2804129617
735633506
1893898160
1360123975
16273972
1307667036
705310315991293952
289105516
721758169211473920
1242341479
4636427384
4573264229
717909676453732353
1007760468
71705896
2487356331
3400284093
709386182862327808
2926500445
718491762247933952
719511306861195268
1150867574
3600737247
21029800
3183181683
4342632862
20337134
719405164537380865
571087912
713794086382215168
107523645
2920297358
261106167
73986605
159869323
3109954699
425032672
85617431
29206074
374477303
4928278431
3051138353
716104490076803072
716417238333427713
582759042
1978940360
713378579376025601
259433399
108310996
712079513098829824
4678792345
4873034921
3433716011
275391345
4817572423
695644820518387712
2552947148
1146323964
700690815413329920
1472998945
13426662
308802213
4586015175
713794658342580225
4921332489
462961376
718640534286282752
3425365385
4739442514
4691777412
2214984744
3237812854
4076387662
1038682052
4629068482
3141376806
720088080934277121
2851898445
134169586
1960955748
2276330227
12975572
3006098647
3218936208
1151414498
4454701814
721060400264048640
2405249880
720777161838174208
2787575197
62608748
18583464
2963930662
3011339794
2384008813
2669137518
2949322007
704701763983699968
1555970131
3212479115
40351345
4561871131
4899588123
2700790178
718477075959705600
2922015099
714327843799482368
3292391106
2397746737
3147205067
720902931512475648
33332107
182503709
162313315
540066106
3648897496
1591794392
711783986293383168
4627044852
2995363010
4140709092
718910325819580416
4177643058
3742796662
717068475580043266
3296274879
3227813274
397535238
1659588084
4858428053
62679632
36747451
1169995459
3685403656
2457856338
25460321
243584086
258422500
113160417
147859228
596660634
201633915
2408561197
922523983
3771244894
838153286
1594010216
101114332
3283082454
2188391868
1409367536
3363212879
1614580838
2730975690
91290281
310362829
73197412
559797307
44868907
467713021
7979592
59394953
451490069
3257407147
2494664503
761917362
412135517
141828960
3377297776
3230066711
2392242288
449247563
68661350
204134933
285922775
118040304
1167812678
277375603
2289329448
2723431811
20441972
189466182
2861533581
87537402
2845394267
2733037345
45568268
215432472
143531535
113109657
2916456737
1169286379
2369722207
498696877
2323019023
359157582
1568871746
387645149
174635835
2186157630
57062702
19865113
145393150
1001817770
1137666372
899162359
2617853619
279592332
96285958
379135441
2370076334
285329786
91155877
317978566
219941504
158193684
1520361564
290472272
3483693976
2815911115
4044909281
3831439522
299896681
1035312866
2163895257
1612679035
229897856
3250157169
1354083896
715602210
1166618618
718910529083994116
4646385021
2805221186
1697452106
616420809
1261961514
4202910019
4281533901
48080808
1926313296
83476469
516848656
719258884083433473
2377166582
842441976
190540159
3217508453
3218425900
22799363
2277691644
715936053698379776
68860149
719331709888700416
1636204392
719235512423313408
3192410304
815980208
718122177493614593
719206175548575746
524781290
375199858
4273100052
3240128910
3944024056
2251499280
2240874152
706977681624199168
447845355
715934829259452416
2811582092
3005989486
715958220024578049
779066606
3341091064
520997702
3427751092
14431400
15377115
719700537487265796
719073589702471682
720567165632573441
235172191
704264005775273984
3438463271
714485970314391552
1247949932
711815156469071872
2798536076
713948193612898304
973559798
718256518072836096
700111316418224129
119389774
1964746321
4926131259
366823791
3232390106
159633929
4918128144
1729109138
1652910324
720363946243268608
720355159969169409
97487983
20897273
720335862391681025
18806575
344187737
4458222215
172136485
718558060155940865
1117885922
709610111107473408
717432062924431362
4590174269
715436757941141504
3115242635
719206420621737984
706233260402155520
509177646
259752397
3137592358
4760685080
717677128796520448
129851987
3324915662
597234344
85525969
716012716662657026
719980983307481089
1046792540
1038510433
897848310
1375879694
358571947
1368570698
287457435
2159256620
341973599
889618507
818086676
3432657239
2293004948
1213736468
2809078952
993313614
14367898
2990956871
206840153
318171143
795073662
563910828
1020399247
767224290
1227434312
251110608
987253250
61298264
1137647754
704697095140151296
26183095
2360484605
192289831
902375030
976144220
848834736
388313785
2330750546
496036513
4605916648
1055606605
1049328944
964715640
216730052
636878538
1041382363
3434169861
473051543
198852421
348926185
27929205
1303468837
289353325
479005991
356656385
195769195
2998672326
295445211
37013962
1359526176
3128242988
372357528
227543863
77492049
710859314005561345
425671886
15050104
106125131
710485355963793408
1544324197
350096201
11503262
1264450880
636460413
1284614953
356567280
2942652899
189891826
130090449
131287473
263340803
2971159450
2661201506
533368291
716826180
2868529880
1269137473
302607601
1658570480
52356808
186054616
28245610
700548006022545408
1598877444
3291672260
272127970
70237590
2805432703
969195656
3747695592
77248446
299324304
908898830
52074475
560702028
3301202721
104416164
1055629776
4412020755
3133780178
48829629
3319467948
2276717322
3240334745
346319995
85495509
592240271
4052049436
1332010112
15439477
39193973
1318942081
433462541
551908479
32403708
285642346
589274664
296527054
117828682
2181735332
743874103
1731712982
104385681
242427865
609583407
155279639
17344112
96231914
19284707
444501755
87862174
1324760792
706260529862615040
628833939
245516286
18871914
1101161528
3647014054
704898908
2963626283
227539327
1114229316
2325648304
572419225
121218260
86969879
81612557
1490721391
172105916
376898153
3130316243
3164264862
133623485
117000140
190423590
3016943380
387456425
2207022622
1015189502
94170249
512166523
920688516
513719057
71187174
986234324
137752756
430381268
1173225504
60873874
78625478
910313881
110975452
248445551
332432011
3667107917
155253395
2268195829
1655370798
2751369410
1723350601
327313804
552292486
1234105112
262206799
1331659369
1472240977
462689672
987114458
105508266
253336834
324732754
1681702896
1856338033
40208177
1229893999
2273838338
3396672557
4005740080
1284480721
2465095778
4149504506
1200260636
880162310
336480379
3032438417
36797282
412375936
1292667318
118542788
3038590915
103871471
519100053
192994594
526083752
18043998
484359024
21539071
346685318
486946339
2768810555
3440625382
1174199660
2320353958
855753613
169875474
428489473
33451864
2857894648
1336274300
1159258418
19363357
2227203537
1205345462
149765084
1033058834
593949632
133936401
366684284
359469349
562904886
528693658
619887365
888080510
402946856
4061663842
2523071702
106364198
889060357
57211537
123995282
473530361
279948476
47603057
106456754
227962289
1488194725
2927944509
1287120080
87887736
106797942
320019555
1105134930
1052488158
893637972
473397281
384170310
3318776963
860292624
1074086616
1617455952
375728490
75222911
253633899
3048882958
418149638
868275152
435615168
86621248
2448081886
525315316
160319346
114716649
3302963445
169335094
184254979
341033513
110148793
102249598
45713412
1043947507
1507754030
169221707
18862873
96713063
2987280693
695523026834759680
1389124363
47879990
3253040568
3219388191
77939070
298643281
188139785
1088900996
2200196186
319514737
143884580
344832894
960205530
4693484365
42174763
104218603
31065218
1425781723
188436949
913402770
599989922
305893661
4082130621
1916775025
3773668463
1447220780
108291977
320297538
1055581656
3298689508
1250244150
1305612204
18602762
197231312
547487686
2566160041
112530845
2309772210
66000435
224600244
34906216
53234720
358691792
1658233501
486153000
1302344490
418789648
181167200
562060196
92811837
23488535
224756789
419341757
2829801914
164928421
1310001204
3514762522
161823904
295531472
114430719
273038942
865302632
2614196820
1088990413
29678371
947535744
517453078
145776426
3678770593
211597352
150166390
363843214
153097086
64745886
185716281
414946560
303911398
4025801008
292683395
300460745
3044892508
3219622243
170824902
380240708
1477874360
1230140707
222298718
397560991
2522692066
575861378
250921416
1735415053
999916160
1032315031
79225288
1653776119
939865890
793834934
2903033724
3817418548
440024768
80932231
178385347
302317009
1474400479
54964752
265930329
96257615
345058509
1502825864
1454128898
159276620
203642839
2378871643
2747358202
2332804508
279760758
791788106
1041135450
437498097
316541646
1116878215
215588055
156327287
29576019
403689524
57731411
918573882
351502958
74647247
2891290448
1362716137
543014734
497866364
3555747679
1394307518
73531515
355517157
280975371
524879731
281756516
915740202
2188044554
309110625
2847857261
23721576
1407589598
2164194576
1475998513
413861076
300005429
314314183
1655875652
1349716214
626866417
1446155178
437156458
1611583501
628257826
1364396622
1285636334
132652076
2806878886
202321084
1039904654
1222269661
159041611
313866783
563232590
493775059
714648174
164438144
391859354
134137536
149358135
129747454
889308607
328079589
124030689
174896793
618462341
1362237092
415134883
381869623
26053291
14582637
521360150
801605754
3458008816
890178504
818748354
610948188
44083544
1637492438
708578813341474816
215103622
1642955238
38205936
335774961
3226819107
518678445
132219674
255861677
3072761149
113674507
59007735
4693165950
743996646
115028308
470890759
931631767
436600548
329589185
2673263112
1301040252
4537659039
462827797
64250996
2572521231
333429442
900249506
366867438
740496577
207596886
1696095410
1608818172
789585451
112074329
156311820
20170922
615084294
1031257154
721785146
4272377177
132873433
2231962327
632790885
1384403947
961561693
987012319
604255328
1516006807
257637998
1477959990
738628862
410305893
173026861
905706438
537647962
2258392161
1295603479
102998095
201481671
3630821538
543666783
59569497
555032245
340217947
1177441760
307252575
234455596
328535191
894881449
4820780856
216353279
426367754
138601909
1025204101
2840393492
512532227
1303297056
857516792
819922525
14697723
432702275
167955936
1681637389
87173820
3158072492
2437476186
368788171
1383310687
127277689
40764516
186897902
2230604827
141420622
2759460661
127853764
1090824680
314196741
2253618860
1434890648
170827507
59447682
3227809347
1011067238
2987711922
1049819688
471772728
3297642972
1083796838
3010518702
2719278688
350694205
393438526
531005063
190137888
4850874513
414051862
891042980
1833445682
1444050638
3369340492
274681491
1485055622
335253736
842135018
1030782092
198957388
900565651
2283484424
1484074813
3189927918
2198265139
1339970454
400345858
1070303473
966397214
597526880
311552801
2692829257
955848842
2316205006
1127422544
3547774035
1199078600
51989692
388785852
239874481
1444380906
450907937
164854903
290373919
1608784802
1120022425
260172767
50145571
497186909
545268907
1173920684
1080174655
191405528
1271825491
542031200
399542543
44532188
337390777
4041881237
68844703
138330042
403823465
23804507
109739326
555861455
193736939
2845951979
3299792636
2176767216
1849682274
20104083
1333893499
621589656
536798341
2651583721
401958673
16150597
1483514269
52934229
2635101078
2902264211
2929353254
47838161
2226807890
116530674
872167878
32523888
532290669
1566458893
937484160
2167278866
276418764
149580894
291487560
631477134
592935604
213705529
2858514317
3308943192
2252466409
229227060
2193317361
2305022426
3208114936
94939572
1710434106
2176709509
3446528668
1172157655
392951275
93785644
2400354505
15556100
505248366
18025121
3234264684
162591094
21983228
69795638
836875496
349251111
289920235
2808106346
962957958
161277516
419864021
164202428
166787083
217558055
1644804451
713465945
196535818
220297648
1653801396
1164193668
357881595
2360465617
707424891843182592
818060029
1178755836
1237888844
1308652364
209950696
2220240097
184549413
351652065
1119733507
400175364
787115857
2810253954
979469960
2916862949
973639058
483159916
3223315453
362528774
1691108630
37661379
1248351824
785910596
57368288
396777282
87292545
416398409
423394428
61230778
92192198
1606843086
1239114158
82092652
1059685969
161884472
95457290
246053097
343318427
511156566
835811354
418821049
371846749
149898973
4054357876
1307003017
78893283
953066508
1384957668
384662768
1081058989
5816132
545161598
68852987
142304768
2269654507
3291164216
579974090
2440613472
165594278
523535030
237776349
740767998
2973410463
1316468527
330600079
827629261
4014186614
159208252
1484781721
482199670
290349858
331297923
94900930
215292008
175756430
797771678
4899292743
317979211
2950614584
448895525
319885647
3329649178
1173565334
160917512
938963389
61953712
534018401
280619387
807332851
455968584
410216125
71740745
2577524072
253555765
118115005
292608826
351923459
86941966
843911233
3804357447
3894493575
759826459
81159170
318283514
182429916
2835052575
1081486057
344340505
125646999
274784450
267576627
208724087
948338240
57578384
4050099914
1695201114
2194058648
3046077517
2990558085
374696438
4645756594
1197360572
195594199
1275692672
193024704
254194725
1651053253
771214195
107541788
822837054
1547647285
44004179
64538701
1348721640
1352268355
472362374
376596449
48888732
36952431
436314651
863702202
2813871036
1479513120
2977563560
1652251988
1372767522
1056658404
4159066101
398875778
256852205
24149327
551538658
3645613463
1576368607
2588216576
860899752
3557143584
491475656
4739961811
372935575
23689744
417425397
119715032
1096452576
2243288486
439635291
230522543
1278740922
591554969
3110210584
179173554
2215266710
935343991
619743740
1658593974
899647525
1967687802
4694013254
397616705
1471353164
112680237
332023235
542464991
313628270
709025144
614793889
1027248180
478622530
700580345
493521795
490807793
2391279175
3770673256
585986014
189981808
1286683663
207902952
319942004
37728978
2872440351
308998060
1189167133
102474912
236767519
42655864
1905760466
1200453919
208216789
263752761
2521385527
119665227
112882340
67549601
364777907
266610182
858256555
260865237
63864416
763938307
3032923450
170076135
400199129
185801808
552558509
30186290
126683575
1930383032
505945481
3290466781
14052449
75810327
2340090166
399837166
64622710
164607702
39579091
239649433
465008822
306120327
2981521515
99532039
107208001
3686866702
2342665376
878288948
66544874
2942987884
621963869
832024724
2450074519
326839934
432356683
434600091
387406812
370959849
1162523809
569830053
152247328
242710287
824381340
3547335797
4261611795
36734257
770812471
875884682
168669091
131954734
411195572
2286341416
110937683
1381823264
533243678
56741763
1282196754
513507779
563295185
92332883
339816301
210575202
1941756104
3199082836
241782631
15280299
50654344
543041556
1556506902
1110550556
204405706
117517185
118743377
4672227738
1246842727
633732798
27058128
419887323
255611788
205273564
360915734
1382081114
184307293
63482373
872503080
534299172
3400841709
211717632
284980432
171230165
129068733
3288238792
726891133
1181445007
1517630580
418786996
468722913
108426391
81646933
139163505
1395861884
1294827092
1979626520
248329676
14253722
832273357
3401269719
1478583126
404445235
299814229
2148840311
1959838801
1872657433
32351446
1094510600
322419045
1316163398
264682024
16154937
3428506534
603642826
1287022142
1018840231
1694042942
469341285
1148058732
67966336
1682886596
1289769050
387463626
1566299580
419071267
315274755
543612756
320095322
756402932
254392035
542710293
397527480
1401211597
1226670200
1388702479
1005879715
19408584
216228799
2542994387
2152855056
1069786830
1054486034
16187584
625110748
1227711
63685514
137526848
102709965
284402291
481701073
3380910430
222826516
326031651
336837021
333493810
87580274
3285913937
265292901
73700817
3241485407
220367545
1122395167
230252736
83612092
328577212
1517793744
2782639927
1184901960
855170527
1715144011
338506178
706698493998444548
1144009044
2252788890
28826290
605640017
347315873
3314738041
484933121
924057860
3420629098
1578495709
1386992599
597393336
382305430
2204355745
100262032
434363629
106406531
172334621
179518160
937776222
1303524679
952111580
951119846
710421332
971649450
2964770174
895450543
1211773382
754436168
264500156
2154537193
616156883
1614087708
570587244
66021449
1870960872
1186521889
595533839
22443219
188028971
280143916
241947525
862955755
564732295
78198618
4392962967
29219318
457932269
2370155954
261566914
90154154
388466592
424982135
3106993086
600189180
12045792
3399068230
31180974
39333230
3240167729
243099072
485668554
423511755
350984595
264012805
1899862394
2855827335
1327436546
355765765
60618382
95551671
955497144
179310133
2305528908
509854009
2741744164
112336629
68441504
277077093
407232563
101947755
189283766
1040694050
2763839592
558223985
107430495
1028636497
542667025
1284572784
336657961
2894428322
74742405
3105095184
310420927
252205137
497354766
557686232
1324169298
321633969
51985141
1198197583
483196338
312653356
834206682
1133451805
4339241903
15691733
283705526
1343240917
1530509406
1480083109
4062195047
1426402908
1151405719
615872415
166337625
1359218461
1550209034
862906429
186451359
2984896168
413391722
747200947
2203695156
1641518400
197602050
1184390382
2517178132
1934683664
585222824
3535700595
263803534
888504847
188788560
314755562
48770032
3893333379
411297822
310803934
98585808
1031472822
1186411483
34912765
2931623988
481659513
250410252
103034911
165994472
1603736762
756461408
247890754
170207621
267283308
1310357232
778936134
110495323
2304821228
989077843
356697436
283703621
316337729
220160078
915334267
150293888
3528780977
2845102876
3455823496
703351765559857152
973589412
1155724284
38260451
803152524
68934554
2211834023
2354910071
384967546
84574505
2724790118
3319209386
808281319
1146779491
24728490
66088962
2928024427
1270818756
266079017
4763305629
426925445
573738641
27094720
2733813417
156434327
152102459
92554968
578303243
9771002
14991982
379821528
381654637
1520378220
174330305
191010819
1164207757
3190814448
2957174553
70163672
480070916
227714256
264962719
302811359
416870567
262453792
434813020
65273978
858602502
190239629
175516956
435963157
883163426
2581779787
2945870956
1482805045
530851123
710530884
4028855833
425462872
3319533610
49278530
452711910
247187631
543020474
470451673
42281471
276397498
196274482
275278580
282707595
709390660
388930721
1018198962
365857439
234052021
2736242442
185872195
409780182
3263310401
805576418
7648952
264325864
14651536
3066007763
712341467
470575373
1327490682
1053362473
177633374
224418684
408833652
120180173
39461190
51662630
155307001
978944760
40009603
18647232
611269124
220494898
705046530466684928
519620934
3288797464
312893761
154507521
273295720
400986775
390198038
605093210
481871047
292389560
1337671848
470692456
1656254546
372429570
3319014171
1073922372
144610403
314299774
10921922
376749267
1839770328
370792064
18681380
2457539053
321849454
493017224
586256557
301588734
2840502317
2725453724
254659801
216967223
149849075
161083657
472328387
133907426
491191467
488933152
1527553734
38378993
47999953
843967471
885265134
1272667537
1232102210
466162942
39040264
992783432
1421965801
165045685
1653402079
42957873
574829712
1254217532
3030890444
245605435
501777501
3434599334
1624791578
1326403154
1325033184
587638075
634654517
388549855
66426380
901674955
501570990
4717333394
286538765
709004276
138788169
1012079317
302310759
385395258
1120828272
1039860511
228119112
241356284
1272511794
1486919492
868257488
68496551
78449211
1072586953
1614916728
189770554
256341299
156608442
3741489616
1673464898
2280554605
1637204984
418913683
42985989
241057002
2617128904
1706795282
1383291968
78764816
131570750
227846706
142306891
106309481
561990110
3816267852
68536399
887311476
120485181
373759415
1032275762
2900221712
114201864
2949672366
56203107
2459771514
56017918
19494559
29418639
855515281
179168982
780083574
738618830
14515296
351613466
454668176
42441983
1210967450
146559420
1584603289
985177302
1302116610
62027697
366784740
24539923
14992550
366953339
547347164
191589635
266680996
1607618005
36750192
175562750
45040351
3188754943
813656268
1064003041
379284779
1143663194
184634145
327598006
2306491872
560572092
484520311
2201090788
2855394796
221745419
149484469
57753605
11079862
1376660850
752136330
273690862
322899733
2973692580
1192392288
168857773
2425802732
1187414526
261638074
1061123665
2737912108
1061905418
346538721
1681036993
451499452
4429081719
2213937572
218225373
291744868
430056592
954571628
2893670913
66690282
250770805
621342018
962726551
538344828
2738549599
238907267
482605179
1584189529
42841292
412735341
595516646
154522417
24584294
2617549052
3441071417
752621431
287718100
2228527939
780480702
2779856309
181556710
3294745768
230275659
574251234
700678283
549771860
3748270516
2292333980
32377514
3064969060
170558795
399712608
32212940
2297846157
2870286935
1709810803
114810841
14214881
1521304039
364400549
2157301976
3349968207
65346857
373488928
264781370
10440882
3220481573
1656893424
2882009826
577200759
3242090083
636250968
1298230675
2938178468
406724040
1276446698
181651436
4876304086
48318219
314811762
2429024496
14284930
32743005
175897231
2483044435
3582706095
3808798155
435079004
25660719
2387794988
190606190
759426032
150116295
272959929
26286638
4485304163
133951173
1414957634
1046521620
1714579879
120051611
476746666
792059588
376009279
2610633810
701184656
1119748225
2849118149
611876791
3397439223
113176187
15256568
608315816
322674453
965890705
117174780
3426269963
230490944
3275243858
456802098
2974127872
86639631
2617466931
289169346
2503553898
387423923
218201430
201535874
707652997266972672
2840258231
214365300
700116688
441897200
178510316
229296473
1002544675
386437795
503319028
385195562
1332481424
109702941
3120976026
1511306707
111967390
3492836970
761495437
2956520557
426691696
73495524
526405366
2258771533
3438534527
192128796
550248186
518437695
1316773885
137495431
1608166364
300892643
2558500689
2791032171
16196964
923642299
1074168266
1391534364
1231839241
2329449931
46888125
221064030
267145907
1371100676
2277769736
296307473
399966421
4022711429
574786906
1109605736
395919384
807774714
3065595746
2542507059
919471514
340295650
3298578350
349065583
758026152
1155045176
198372250
1280859613
872381022
140359985
917035969
92470565
64777757
568493901
16753328
322230769
1911322608
1317816685
1045694485
702280530956591105
2181150807
3225648397
1470388554
924168745
445668754
242019861
867533904
346696550
160942655
955924837
765634250
528402772
382754769
2410902194
4532665163
949012951
319586297
227442410
88616569
369022837
59052625
26655326
590694555
264178932
3224885950
333851263
201365941
2728864687
2347418233
434432689
3537358215
619158360
3382423762
1037724734
2458024951
37918212
1464622027
872750048
59726145
871065145
159432082
622448083
328901779
794861142
509013963
436683061
428001677
1272287563
4247102712
1699944428
67012819
1258355088
93639624
470943477
728944344
3253066092
1231346244
27533531
48074755
14875873
159137109
324024586
1017947706
390798559
1334828336
65731279
343179446
512289293
2893319885
31477034
707009906
459370280
318372312
2901107060
420258758
16427032
15854317
1391788688
14962290
2187898833
543678069
509269598
606917373
368529521
2508863200
302264632
606181229
725142224
398109011
396599722
581143338
2802009778
86218015
2254283300
3974053443
785510383
292889874
2273025271
630926417
435832972
2900400762
382460765
1313166474
167646699
1613125838
976919456
1588250642
473047872
1476648408
483986126
619731078
117106804
48145738
170460848
3431905701
297381456
1646549826
15120327
366539281
229057494
31691913
770865414
235997867
1011104641
467712235
1033576548
1060967690
3150971429
4228201216
951928254
3835657216
384788206
1323695034
1495280084
29898356
753622208
437776716
262518908
1292611178
285781536
509336534
1637815771
3128293818
1423835833
14770723
154120313
4543430835
2159941406
581184272
2935609113
1458422917
410047282
3771891651
1513528670
1394812356
55362066
7373332
1492840171
183348266
727389270
372960977
612051695
2733214976
613819204
905036912
254549558
1491548570
1246471106
1610185075
1163765618
86718544
611225874
1963314810
234615842
935054162
265388531
2154282382
364065212
516433063
387571453
1164841460
783271219
443664262
996962372
2325482022
172696262
332679825
3021479296
69504172
3300978073
2356478801
716006350
76675226
1399440973
183933212
1552638229
375693112
113104901
158427236
309389916
170293889
2851541409
1662137383
1199541505
576168630
347055370
232269492
636530099
1514835090
1463237478
528807172
1020060152
60522671
90335821
4700046089
4861152526
341042599
2349718874
464354525
536371967
2253902790
21810048
3341813171
428581382
1015628826
1898381528
1149900115
168974707
44177983
1512470444
1706352272
47157039
473290682
2592122772
176552210
406054901
347033581
399624278
3480601393
3392701759
180503454
99911139
58339530
2180142175
4227691643
938399696
258775239
236023472
3367219882
3307872263
1376686501
886170973
2786311114
1679762545
1456581547
416100207
390626647
56623828
390198534
422091506
2563092308
4330526182
425675597
1498335224
2182131623
538367327
703509433637142528
260463452
155253972
2708714005
470506060
401301928
258453925
1511538385
433584111
316591488
134153261
1061670872
229255743
279419005
17994068
1316919320
27449559
529643445
164588467
49516573
1145178830
248504659
286727737
3146740286
1173908024
45223750
499390058
2488554571
1552133720
3133718734
498276062
3395518691
1221720751
2891229416
1284005737
2397897758
890614134
265397568
2317966198
1179340806
1043890441
1495191162
3080808317
211721046
2703393535
1311277182
197564744
437326092
21614973
2344667382
2836529745
20377274
4528952200
155381256
1617667141
326816148
17683289
149933535
302294541
2727160799
612002691
289688686
59222530
1344831132
3234544194
219714681
1481362861
33584862
1207228723
131553714
478605133
1068974634
2631137140
317231827
3190658535
2858625650
89784522
155717269
156187289
745733426
212502185
1182886746
183289277
885632700
35348851
1667371932
108166720
94445716
1019158069
287990821
954227186
599022800
1359336175
235554502
44745823
2409272467
253637549
27357603
3319837479
303178702
252479855
3129813999
516647873
313517655
625753637
210356862
606677438
570955407
2910074447
2454982920
1370336274
140274172
3040024505
253788733
513012199
1614245600
2530131456
47392865
1454603436
512460172
381566404
1321582622
770296766
2793053339
1399625052
119472312
1384745725
565084109
2409031350
192158079
140178487
386749595
2890620270
161898750
72685897
1083343566
3290540326
270554669
462782390
529552239
214285519
4459451249
609353455
347784085
2189261909
407280457
575356616
3316601958
2563157239
4298991973
3543063075
632943807
1055251722
61703009
179641193
266431479
1010493480
165707816
94207193
3091697374
192652792
62586008
1131403928
309507610
1267328569
561191503
24441267
419671139
261559354
375048691
572689074
15397833
1067721182
500994990
60332543
380114510
1330463004
2244222782
1282153436
288257003
3757543572
2333855837
1654293254
1111925690
91308108
14400565
223564598
3097740019
478628463
1629215965
1654239674
498985806
2192108474
2426317196
81152479
187429617
615282660
2900074189
2184988197
57907469
1110726338
3143501374
49410594
903340770
113112914
106306669
22489308
1679996815
473467955
459909178
2255251530
212984372
195592150
903109734
90671683
552886262
4919492553
4009644375
1060998991
533416581
560783326
4392734969
1271869232
15589943
3174253899
822529562
164061665
244918937
110062829
579922237
152390238
1333844078
589472406
1066358504
93951243
298409077
21829340
452632721
313843500
1436153952
284549503
1178565799
1295438210
212655928
3591938243
278726423
1241250211
71190081
3402187468
2738481042
940464156
1229820240
1286730200
471115877
3177044108
1528008896
88957349
1116616920
196989569
4771583352
421103331
233360947
1904744293
102035924
21708281
170962487
270791356
43684464
3366168732
930423260
445743416
1611066284
813479054
153178299
499076975
182353319
1305381193
222961989
3555558206
140368904
1404349249
308741540
1178818658
387062227
1328326802
165391054
951422587
973109064
1649575892
1463466404
1308087168
243448040
148921822
1025476957
1272373237
30437961
1854797448
2935164004
17058081
849820003
1251175987
1364831515
1309999022
1154475716
364732224
526378032
236347442
325363381
724517863
2391714003
277770328
46618053
474239589
846157208
2615286265
46439424
1115295979
1028906149
2851675343
87412090
136048689
554433520
3985396881
965226319
415776176
31036969
197935578
406878422
291637766
1217222743
451217041
632486617
72854172
745663128
99102427
584299760
2801944359
713434996
15220030
161280851
578799989
3820179153
2264248137
2790168862
3153051116
180474680
301325531
1489071475
1438284336
991016336
1574164718
304293802
953427109
120530586
68925021
4235405844
3326593638
1344405553
27204310
83284463
1318225650
3246775989
527850107
855075834
479407139
2328675509
1449859856
780519445
1110190908
2390830195
1676762166
3022728720
3894525974
614232833
915664086
397550499
316853558
1032306181
48656245
17614225
412902743
4025929696
899571386
612386888
779333238
316422590
560305229
236312338
336623207
1112966342
435351466
1220817348
345601674
20702759
195094233
534326770
14465568
347957245
426978455
1537896864
2465757656
27638725
860881128
32250632
1328766307
107825239
14652409
235278254
15600222
305682139
2245024376
720597776
353493816
2239139636
993898928
1447589310
756387446
1269561390
244399460
905925703
1018685960
264946835
1232945671
1588867038
20374023
584448489
170014368
1022667290
2520940987
92116922
4591891829
1209035396
829060070
295094420
2819608894
250722033
711143198
3310639713
282244689
732446784
51757762
2737980838
285188016
259791490
3948638715
367278617
631236828
2365076942
15836306
188201648
1252374493
524722928
2389876999
152739745
2423059107
127577307
143047186
390561291
897588600
37939720
1141592210
184669445
3228522257
356407452
220860266
600036266
577570573
799511306
2917777480
70241450
409138446
293143223
9500922
1935988711
391511070
491416618
487243476
1360077984
558236921
64853449
734509890
493532697
2223388994
152151908
4008047301
87031450
129105056
266428799
327719185
384747860
1013175204
286831575
16613130
719145971
589569379
218276602
54678028
80846923
401692619
582649588
2223538040
1401034122
1017035551
558177477
129245250
19243251
397446663
1852566294
2167041467
92706143
164615814
85117094
120202365
14547695
385809071
172289838
64152227
2260378086
382196570
390540868
1209184002
345621118
493862805
20730737
1317056880
74403014
273165609
119034997
14474371
990246985
233584620
178338668
2963780261
587322760
1434117325
61283483
412342438
20146606
49370565
544606020
31830417
520688945
2290911788
382227393
1254156733
439839806
2320739221
538574604
1441340059
62299611
236537657
118733172
1315614596
362961789
23359218
1605633590
1250309311
420679338
3027814131
383368737
4106791336
524371627
3314709114
1585109137
1192491583
1873277652
2966642290
4089799999
844648045
15297682
133753692
308613003
24509629
341042632
1490707963
129747727
309524100
153175118
65579535
900710845
3290378056
269419971
4717672229
570424990
117971907
35625895
1329575108
2190493735
526005674
14998564
2494280358
2918861229
40871614
3401268994
2756402653
145872735
622376949
1937158411
497556853
1403506141
473958115
3393799572
21757989
246869906
133287824
1140926462
701153022878076928
153646083
1916772482
165860506
1105397623
557915029
2432348714
1217797980
261896020
955596199
4128692008
112045573
1297927200
276798588
306737360
3386464222
20499974
292717528
1724458537
1257477908
1257776785
1609475084
271240244
3031685212
419774073
132084919
961763100
1305864002
534851031
1633047374
214291884
120827553
83408826
306438637
477111850
615013972
119269806
1166984785
1505134465
49889112
1537617049
63985099
2683351802
845734860
3025792336
471355783
430131400
3124140447
17049329
268822129
557324129
4715885555
414692409
1726647096
577145046
327526403
287571699
1187589157
302474538
15442640
10363872
1031510018
2638918158
990489102
3234942278
3212976795
1195983272
1257748201
387461817
1040673818
515903718
255546347
490725463
317641195
170637443
3993402264
3019808933
43845107
275763873
1290140766
1019061786
179420161
2936711319
2928988854
962543744
242883463
128393428
4882605933
2961312025
3024793361
162151908
104347218
3238618657
3010974913
376088509
849579426
2576161079
2999562766
605469375
93410508
1324721024
388637881
4003299177
70630110
2473658418
818946510
286146111
14205583
280464974
2784140218
326110837
1613555857
37897837
273301626
163247240
912050282
16073580
3640058902
757057753
160617582
2585629584
114395032
122620458
1234087454
111256629
246789744
2690579268
3144699568
821957605
412642444
16718119
365289668
158551378
982552782
304768628
389126293
3347833534
356867549
490522615
1069417394
1208869118
375722440
295866865
163338656
1393985131
832878824
401669044
2499605633
409175425
1183082376
81956266
53491917
308680150
946632499
69706334
2822108136
103662360
612604434
419867068
566594245
46183210
1498749242
223225805
368943731
2203186526
4056508972
3654331277
242422378
4500840867
1339933987
442417986
724296552
214565078
3105493467
1062747866
42024437
1853939046
1473769423
319668826
229973087
322226441
539575813
316948265
150367140
211367543
355282229
577059577
331370751
148992784
392594150
768484741
848625223
17150909
241545203
28877644
515062106
3365016755
3411257032
1205790145
139927367
2368328308
969673532
317611012
380705571
1010630096
3379617587
3194388647
2362368162
629035538
1860247658
3843932205
449954604
1480409372
1593583724
1573524829
175301011
1438643671
200940593
4494826759
1251935935
3406986803
185216908
259126150
162257951
15566523
254830614
3128008007
901136833
2447529740
627650059
163652608
429910811
257007347
508887076
66044568
3042054832
1094970870
147976053
329348893
276153412
51815481
324896751
3710704876
201735374
233269419
277631665
1219693428
4827454959
742953367
368121763
868168994
95028903
268827059
1424683466
1235271276
198380537
2267902085
2914029791
65748694
1167803761
2912411469
2880323544
857484540
2255157679
93993175
170716269
2243214574
14228059
551250548
1474972580
508358464
272176688
128834342
932359286
1382287902
404287691
250201079
311079251
1455929041
3019003818
69538549
71891394
406326763
566669160
1480990490
561596621
1252371505
31786892
3230990368
954334194
4399918469
4806424936
83204434
827227562
1359440184
51758562
226816142
1438945448
3378242871
529705852
3995551943
1454479914
733670000
4886774033
48831113
435864284
255532049
785929801
64798543
306826386
77559064
1520428830
1261011984
2998263523
364881177
56700201
1133141694
66809384
2165462255
179380668
2848436921
3952059012
1063078910
351648905
862816274
393760482
2511601489
1214101940
1572259969
476746821
90983599
2184395856
1246071078
4573068001
400949778
1342517246
445250009
1107356198
3100199896
3604900407
124763586
44110019
2330704572
701521442
41851699
823858525
48514069
2657444183
100548718
1220148060
55140467
12825302
215519681
3101624302
1332154124
500198866
1414083674
1974848946
260003766
1401878132
2889092626
478559678
4107122235
2479518792
1186104637
2896100803
2331818480
336408471
130635926
1230123571
1086329264
3383585488
2189180473
32199445
69680493
340765095
328303120
27339479
26924029
621091776
718088088
749361768
1262410818
348372384
378519489
34610273
3384863866
600074537
1682881758
1374115052
579986371
187373495
90637101
95615052
614943727
124597736
583214519
83739796
465084098
208523305
227781045
349526372
615271012
553087806
3295620321
551475558
1106143430
75995361
348053908
1907236795
1050754819
3528469216
121076813
2570849863
134490650
630579534
611288358
1014603282
2655023849
245431298
4251229810
218237894
453917582
418394759
545528486
1445489767
3217309717
3406236569
4647372077
1494955784
63183233
1894640299
460282292
3035684995
517142304
610347537
473098514
400659963
1186867854
542776812
36924266
1525070347
43635906
298325639
1320715592
97014478
359477092
361833350
209643248
3033077941
110343315
884740926
239957655
2960674673
27445586
520128136
483608006
14931185
2351456150
326215454
1198687260
1583501701
231360426
45622559
2512582837
59446828
1230752221
716675146
2677702239
147702122
110328426
629615468
109226543
44398943
46590784
250124561
1718591712
1549196125
3228485466
474188894
30560030
87357529
159759268
1706980530
17440585
1131244878
3035142909
242148818
803992927
1871015328
172687542
99546761
14936638
827001332
21583686
925119926
32353341
32457246
151549484
940262107
178924221
560197147
910933044
1378489254
624339371
961190600
509069822
1185856615
593583180
1185413534
221978098
1176882194
702032964
375448050
1174281103
72187991
782136056
1370473214
1242642624
304259855
1217398957
267802405
842387466
3356438481
1339105242
1401068736
1481009010
1217216972
1252552147
3009898396
1325722020
1254883490
2478643398
1601059940
601507841
3407582722
1177249339
513424325
226281786
372650581
190622347
1640490684
2329952335
924592117
2248136186
1139986783
1441338337
1675706917
1278536652
2846130626
287714636
4739758469
3744171373
1663799678
93442295
718772069295595520
1035608300
718833022066229249
2910363013
3235307350
2433533184
16593353
23461759
716360922042863616
39296847
3711548295
1046796469
2791204816
191920757
4904502874
715234843827699712
1036904150
40046671
4017729677
792296370
3368023419
4901241333
4177140440
711383655789174784
4128563740
141209349
3424028231
3120506438
719056374236364800
713335364971335680
70749165
3025664218
717124558407467008
1034897222
4184001467
1039119096
719179216248578048
4243181061
1730542104
709443171747389440
706458111062712322
97236406
2342763606
3365395215
81730445
75110384
716451511123836928
3314467322
130864174
2415642678
718672323532955648
3146636339
48572412
702446219528896513
701626340701769728
4177849152
4175661498
356270994
3793320207
1017638906
424705392
584163481
714911402289471488
713818713598853120
582683927
582757842
718453852614340611
450314728
582748413
694619582456303616
4821860433
3005252663
857000100
697726796960292865
582675338
3038179409
2545407350
582762777
582677288
123767543
582678395
2193661258
338911190
703912450048000000
2929616362
768759583
3221884908
54654545
712997104298422272
4724318907
1396160526
4882323005
711009338836389889
2521510316
35104660
3311419057
2168146596
2168148386
2168146382
2168145656
307827749
2168145710
462050709
2570498557
2168146254
2168145180
48218522
2168144929
2168146820
3983540412
2168164591
2168145878
718136115086143489
590590779
203994170
716940232076042240
4789417217
272557008
277805390
718292380483469312
2168143196
1648107463
3404352365
430402122
718445648312279040
2168144365
2168143544
2168144034
2296547930
2248383264
123090386
717824229517959168
705300442171969536
3064893994
624047687
65664359
708276408846405632
4706777368
718314536399462405
717097833619451904
162501168
4868775123
760320062
197353430
3143179129
4891657763
702031166505926656
701634295639601153
1355664060
701186842293440512
15830958
4416375947
4008929426
3313557257
3906420193
718290948330020866
4907583498
2845912105
2464312662
567719017
1015722421
717099764970627072
1018229018
3164192536
353708651
3073724554
3126601319
887638578
560051368
3842381794
711945671377612801
18539631
381032464
550329052
2516480606
717133972401164288
17219425
3268444411
717127731943759872
16261638
2913635806
707500549088944128
61608747
702263725282058240
4178108954
16580053
2317814178
4905663916
3389266102
1050797935
3268948237
702014941973364737
717810378336546816
701725425010085888
2917960765
2916913125
477451533
716353136986865665
520971739
2544628208
1231954465
717080142317752325
2151186774
1684626314
217546401
717341297909055488
572157338
708995879592562688
2870376958
716768495124549633
711629511931076612
50677180
1966934329
713149814138122240
4212237065
717642875757019136
717616660421742592
3287665849
47503235
1196450467
14507120
766587036
712614267426639872
711280112281456640
3212109449
4916706831
4801322955
716382338003894272
716074637269016577
4402873041
1532297162
4097935397
3500218336
712390662633693184
714904216230359044
528140390
708088348536147968
4865675387
1000719344
714862110421823490
203950463
2715682253
4106347819
3345913534
86595709
711920674655346689
716591251680862211
204063015
887674934
4230618075
2452180884
4731956416
2951875682
707599602703147008
3085324032
2983931095
1046111036
2811366274
717277146771824640
416759360
715588091168337920
253663760
1425349861
716856568562720768
3303546606
722963690
1827907981
4778316885
158116807
3750974241
2700702884
1478869458
712292737270288389
23117741
4395630929
701583360917790720
2463668270
1595581866
715051463987302400
344454075
716652534807601152
144605149
3244875551
2652410137
710709932455235584
4927884603
710504228352090114
2754137100
700505606109573121
4882931719
1960995296
3014817958
4185065652
58959587
716477404017926146
4731075559
4797388027
2479890480
1969436852
715629582381105153
884997252
3710438596
710054660233519105
634823405
235102332
261825105
3094814565
2273439079
4868535497
2372300468
705510727621042176
4327129336
14914938
3404056384
4588067302
4566387981
1038096392
700789421713420289
717010745960087552
3346896641
717003261816016897
2359899822
2507471898
3297928111
709715599828643840
119175403
1612237614
2602127639
3369456934
4835031378
3596726421
14481746
3699313757
716070868309266432
704500518584868864
479758700
328990309
3243307433
2151608551
478881805
199237832
99820682
714084394730921984
2505344471
202634160
349704256
69070522
3261595262
1864831999
1060074944
566263421
3956162181
457361103
1467871814
48662259
2455300328
716477102329991169
3572342894
702474899000991744
4562691508
712688000476528641
711772952044441601
4676626633
711634424677404673
711301495031996416
710903328775876608
710873245805838336
710305761889427456
4867400109
708461217938083841
4856313802
700765132343803905
479095512
4905753292
4837923977
3801277936
1333998096
4327075516
3849785236
4224745114
3404932420
3508503495
716742498253672448
584335965
858854640
707047911260028928
2410047153
3151976582
696481168368209920
2615454293
370282004
1337576478
710863957171556352
3950995582
3942527535
3120769636
4173715527
2684288188
4420183407
4336128514
999063295
715663552800022533
715309466237841408
713930588059734016
900856207
707202415854891008
4657403759
4737662868
4916636242
253207647
3748232292
3589753573
4859479353
3252811467
713651958993850368
4920970064
4612818760
953824752
4770298632
4840615559
4781514469
315083853
4573478537
4848627933
3032423098
3998320205
2932865711
404223134
2955511472
240022427
2415674455
4709761816
4896449021
1855569433
3230814250
4841188089
4873140568
4867896911
4924924559
4722832311
4917003059
4642312876
4642113321
308566976
4696222118
21191528
2738888015
4202906534
708260261401137152
4771903454
2512259718
2764824818
10070832
4689908298
4855085037
710876268288352256
1352308802
23636912
3395767516
709766035063369728
710441736472961024
850095096
713284721862508544
4230545599
461576749
2257558088
3220337149
708245288742461440
708375351915847680
2784140700
1590960259
1688868931
2515041779
2311623008
60784269
2727761257
2932281130
2484633708
753385662
526646396
2289618368
2590619737
3274884554
712993413495304192
4187541734
244280163
4187650460
3087656786
4187640612
3166266780
3116325493
4187673013
710142619582599168
514507777
715850003441455104
3236591823
715486972655984640
2316798014
4498704274
2696651425
706181756496564224
3057614326
712236069832368128
714679552166010883
710566625267716097
714672480036786177
710764961870581760
714690811510845441
714676727746846728
714703358624444416
710343597070090241
712225886582362112
710337053188292608
710870914196328448
711196458989527041
710428067274100737
714705684240199680
714692957434150912
714729913790685185
710325688914436096
712185457832894464
712191410640781312
714757100518449152
715834342568759298
710353232896200704
710363863313555456
714701528167235584
712183619855364096
714703978441883648
715834947345494016
711054386965954561
710403348675997697
715834609255235584
715835226858061824
710677373549727744
712181824902995969
714712122668761088
712222935553998853
714710824221323264
715834569811959808
710420591262703616
715834864445034497
712217958420914176
714756231223721984
710515463323648001
710909245785374720
715834171122429954
714692201893249025
714673532383444992
715835357988827137
715834890567200769
714716684213436417
714695685883445248
714715633544462336
714679832731365376
714699618123182080
710754787885645824
714709792938450944
710676143783825408
710356603749400576
714710486495977473
714677829280071680
714752454798213121
714678148269535232
714690334438064128
714678589413834753
710356799715586048
712250520933703680
714750886401146882
710695554276151296
710748632329232384
714758973203881984
711194310062972928
712232382573613056
715834723373809664
715834100414812160
714693464504590336
714682859274027010
710874226266247170
714750839609540608
714727319638827010
715834197798207488
715834562081849348
710462769565442048
710710437038284800
710491557590278144
710956161437044738
710941694233960448
714699620698492930
715833975416221696
715833801591635968
714698612308058112
714708258506862592
711203068256202752
712235862138880001
714676759027953664
712271025262739456
714713547897446400
714719094264754176
714674914696044544
710722267886592000
712219438263640064
714674755815751682
714704247577833476
714693514035113987
714679712254132225
710708664118722561
710345125176713216
715833285771964416
710729955374567424
712180207197642752
714707021153583104
713482908468547584
710707748489568256
710942971294711808
710772147786883073
715833748038762496
714698272644997124
715833847783505921
714674474881302528
714676078044962816
714720131562209280
710778509354868736
715833692514607104
711821150628675585
714695952536305664
714690320752050176
712236983066624000
714715057901461504
710697244828131328
710505456137928704
714691548491997184
711215413695266816
715833830540722176
710404126262231040
711056866822922240
714715715916455937
710677103746752513
712234771972132864
714704684188049408
710694742879657984
714696992866308096
710829353957851136
712260439263088640
715833472426897410
714676055123095554
714709690031194113
710774777573560320
714740142150459392
715832781411102720
714739547184168961
710787740728582144
714701288534106112
714717849026236416
710318507364319232
711056654419271680
714700180176642048
710761915035852800
711836649752174592
712206304878600196
713480971643801600
715833832046510080
712237779753668608
712176719566770178
714711572942348292
710765954083332097
715832828987052037
710717924416290816
715832628524531713
714703603232059392
714684093783543809
710710558857760768
710704251627040768
715833196034859008
715832731188477956
710681795835121664
715833198593380352
710420397464772608
714681417603612673
714681416982859776
715833379023896576
714713188663734273
712219774546128897
714670988579966976
714690349650874368
714682525076033537
711210251198926849
715833613963632642
712227979942756352
715832804559478785
714699564742213632
712210978952204288
714692243634921472
714677193150959620
714681782029971458
715832825241538560
711063031908728833
715833291581079553
714747771639762944
715833340146950144
714678668883267586
714712922400952320
711072389413490688
714681039948550144
714675572870348801
715832790776995840
714711708779020289
712222736173498369
715832576309649409
714680202618605568
714707218466267141
713458433756762113
714747500331143168
715833073213050881
714670800788451329
710756717064138752
710356158620405761
712188820570005505
714726891857567744
715832749802790912
714705672169005058
711062683986956288
715832000742092800
710822931727667200
710322770379341824
713464260521631744
710769570391269376
715832548975370240
712237689987174400
714671961436209153
715832371203981312
715832286801952768
714686170567995392
715832062507368448
711073750356078592
714678338632216577
714673084347891712
714706138646896642
714672775076704257
714701184951521280
711210817975422976
714685027100057603
714701574296178688
715832151145639936
710945259753082880
711085983358291968
713485500712148993
710708792535584768
715831624261312513
714704815415300096
710333007173779456
714710745846521856
710893413957111809
712264357258895360
712193384283136001
714695043467100160
712221960638345216
715832787773865985
714705657753108480
714755154969550849
715832063174307840
714685838244896768
712224048336347136
710554921150459905
714726271675142144
714709676240322560
714741600304369664
710824014734696448
714713196041469957
715831710093557761
715831675171835905
710391567656165376
714757713364955136
713501274545594368
714743364407701504
712235895454195713
715832109911437321
712281480182030336
715831352030011394
715831306341466112
710337622523052032
712214523038404608
710388194475433984
712185357232525312
710857717263368192
710429963770580996
714676855329173504
710346451402928128
715831658000359424
714740191114690560
715831251995852801
714678641041477632
711863743861239809
710959847701815296
713460802997600256
710730776569110528
710874959598342144
710828928017903616
715832002302382081
710443407542452225
715831049209651200
712211197035024384
714699986538270721
714684603534086145
715831781266759680
712180717682163714
710529555161681920
711076715238260737
712247781776343040
710459307284963328
714748952361496576
712194706491314176
710335479351087104
710440884718870528
710922221988909056
715832388694241280
715830809966542849
712224953131618304
715831689298251778
713467353053286400
715830692278628358
714677273320886274
712283408878211072
710784573446066177
712275063689650178
710826316149358593
714666414871851008
714693842092556288
710448708186312705
714740186190647297
715830627795337217
712207260068413440
715830741943390208
710330481779331072
713455742834053120
710475034146512896
712233716915970048
715830584778625024
715831917841674240
710706813176586240
710467602871689216
712231663514685441
712213403939409920
713473542168272896
710391575130578944
712273467878612992
715830802152611840
714668610149605376
710423814820134912
714686156261232640
713479857133330432
