714016678376378368
3247954615
4873238901
274733800
1727217722
97007033
2158719626
2840812413
715606140260843520
721850704562909184
4880464559
3370386011
232234023
322943390
373539804
411910624
718211569
2230450014
1689753296
41233126
719991569521254400
520024203
247396091
3854038335
712368442385559552
2412848868
722204345610170368
4579262722
1071809846
4872985379
2353317305
1534189298
721428708028846080
218161219
3104747038
2207657209
155758736
1047214849
625251129
719643000746471424
99367508
3397167914
2541672769
718249402272464896
1036465478
710647845725069312
1036826929
705788169237700609
1035400968
710548482176765952
2591677934
2752311655
1010483634
701939124928905217
704288789829591040
708814258138714112
2294304607
2846918824
44023872
1608973122
709152900853985281
715295252857425924
715288025580830721
3001873245
818482970
4330471092
1476647232
4897475121
4788411737
4069592602
1594674524
715111088661078016
715110741418835968
715106693085011973
2932824431
404736251
3358027503
872122615
2195050014
4447598481
3302284929
703509221724155904
2932299777
702936956825567233
42499206
2388582287
2857568783
2949084429
4893239699
465193633
2554838474
1488928213
705159726338695168
206905409
2813615396
710776200289976320
2783923785
1949539742
337200664
701989381981102082
2929532823
3396296627
4437360257
4043290301
216210516
4824447379
4871974413
709533286192844800
1902508513
3357559114
479703464
793396728
702784083739344896
4717268845
2615943716
234513230
579602776
1281625369
200981296
2748854422
4808844007
3087132863
2827324314
2871222532
702269355300675585
703201274217385984
4894286705
223325182
702063156235907074
2489764886
469658316
1872247586
1493822701
701611015792828417
702093179013636097
701684997296508928
3410529309
2398078375
1546929224
4806008114
4457716947
704804078161940480
358905260
3881785940
1449644064
4716681966
2658110976
4726692434
579284990
2437697388
4893636209
92910149
4897013739
704250425973698560
702003673300230144
4868954632
2824332569
2377166582
42119882
2244375785
3328679555
2806818712
704822016243683330
208271500
631462714
2488618951
702592040517943296
