4747160481
3500344574
3585407237
2618878370
705433706245267456
725041241294032896
71036272
713090282422726656
3306916470
2809434797
39510422
725295042013872128
710353231990415364
48567923
60784269
374074124
724720680726585344
1649416920
440916146
62829146
711684173891825665
721583231057813505
706100156773564416
721554695928434688
1367974088
722079578244653057
3294572733
2904389591
3129982285
721518055000395782
4100949383
4749997479
3259126782
715928186723282945
15283484
282205679
720048672801701888
31596389
4532189003
885733974
719267545711263744
2686562168
86177206
73339195
3219935970
4917750527
4925740971
3249045275
529694095
4827984385
709076044343541761
66033904
119818624
3948670637
45641358
710986700739051520
3163292551
4914110119
3374686642
15238700
4466581
2981711030
3010492622
708682067232628736
705139751481790465
473474558
2446321358
564344577
58969071
710511104
712607517029883904
15917170
21335625
347976255
4007921186
715418029463572480
704674781090590721
3272381252
1932088500
715027906905419777
35061971
379962842
711195203399327744
715930881601511425
1097852275
703782215436513280
2758648632
3399301505
714986677865938950
3330875980
701949919125499906
2863042990
2184866738
715682904790142976
31590834
519974177
1684990531
700430991723204608
1609275470
3762604933
1406172708
706978687908904961
704400268050472960
713436772399718400
4049454617
533546041
473109100
714921249231749120
720784502
3323835137
4558261653
330623773
1064362644
185635130
713773679549620224
16460757
458377940
710967442261057536
4168909636
4542658332
49518404
17372211
3111395031
24556105
57215100
3362972344
706180554673106944
705854845727678464
4828013916
713027676932538368
557410546
20009204
135014538
1964112182
3427200023
2284139588
2900982604
33438221
255734349
4417914318
924944768
434714887
46122264
862105645
712808000990216192
2393063119
2226615308
708939322695659520
3327251262
708606351103148032
703598069179392001
15219770
3266623945
16349648
700740714511015936
2857771655
542185921
4715049329
591385653
2986294060
85912626
17971747
4498460061
245097651
1683541058
3299924978
3375129202
618647485
711072018490208256
4698942000
2610713250
863921432
874891764
1571239068
709549947524407296
4890582103
2329611929
4766203995
390149728
704683769958154240
4859035313
179732982
706342982438539265
2927450421
4495923140
709617362396454912
710953199356653568
707450489651200000
710800916706934784
705469422517923840
2230838304
25035522
705414651551461379
703462383520346112
15745657
400274325
1455506612
709545797189308418
740600552
707388290719227904
254732884
249450917
114551648
4265756501
702031743826599936
702710178966179840
374138602
704315559114969091
38830101
1216852339
25291842
703394778675875844
704147869972836352
136402916
48130304
4457580614
1375126838
4807693174
55942321
709394488758697984
4917092018
201267665
306535731
1229051234
15570220
4852175399
2204169758
885697352
19539314
2795501731
28738320
47330802
437536014
3087770037
1307011
702411636875857920
152590205
286992566
255615395
913033651
708634365975113728
3923042524
2907627668
707972248662052865
4844659635
2866245473
22822179
704079379467476993
2328163633
4502696598
701474713768308736
17442710
2962314375
72264946
304108848
4564088297
2833257757
705813747936276480
706145117669707776
706266634068090881
1317689665
125468736
1319726712
2934282126
309535454
706519059886542849
3399019600
136704032
2573585022
4804661611
4825957034
4658303533
4401659007
48088063
8357192
2329498706
4401829755
2482751252
140676200
796261392
4845249700
3321869212
1465884818
236121210
4743052022
4754482910
125752774
