724763970322718721
714902567868870657
724852186275041282
1649462647
4418796852
486121867
719880835093131266
719889259944099840
31231597
249768807
3672960223
713292288
1038273289
717810324666261512
1036369812
1046871318
2214519488
2892488144
706903424915345409
3329609829
717048075924213760
387181116
715135160144908288
715953656890310656
2526405804
259847457
709989101815078913
3301036232
4411402760
712162324510064640
703045003673624578
714297218023473152
712866626778054656
712866547484737536
3587441059
3314423720
1375860338
