4624210152
94818581
318044919
344018281
15197900
246578276
722415555920023552
4064624112
908203088
721852026053861376
719690876432302080
714863239067222024
3388805937
599181271
708391853251428352
3836008983
545377339
3031838684
51738464
27789999
2438724661
1469419212
1482728502
4865155007
2841824126
3284112337
4765364386
29530235
495396045
4281538335
167958868
259349567
3430176958
261749735
17372211
2417844248
379962842
4154041574
712042326990954497
177291959
342894187
885733974
903377622
929278123
245990733
2393063119
3285975517
519960552
3580248555
347627434
4547869279
3946915763
3281910150
4924252227
208083510
4332740714
227410667
264593922
2567619658
931286316
524724189
1072992504
1839504895
3345484813
16077017
1858754570
716286508542652416
25268310
3311054952
476494583
2431253425
705902960967094272
715528218313404416
421575263
4853224563
395693272
159008138
1705261634
4102376488
709646650105585664
2575041324
896972016
3939294374
