120207925
1963995792
701766308
1596407005
4629277333
194539743
2850172315
1039035158
720287300056260608
1906349580
483413836
204356919
105056014
2580411276
294245418
3031942490
399215994
4860251241
571212190
3890312776
932795072
2438724661
275112634
4835400782
340347506
2411373337
2580411942
2855026707
2825254963
703469047938048001
3973918937
3301834528
1269572372
3044775425
709769258012639232
709727926535778305
2227233926
3372907685
1346265979
278702825
2225497257
4887898632
702765549676138496
703119397313884161
4156356929
701021936160108544
703408385522143232
4150865542
105931407
4264475853
4871362216
3179872890
3062725667
4752385517
2650725518
4701223094
165217349
