620955813
563997163
23721998
696037878204338176
3224850985
4893721719
703157869042995200
721736643196162049
714614269032198144
4751596943
3948480435
723866974296637440
725231706647740417
4706652013
96655484
3284112337
4717892303
350197366
3983343485
602954914
65455370
1252632366
214554240
4893125805
2355126836
2543829204
2294115767
890226416
248878026
4664790501
4855720452
17327882
721398130638471169
4437444442
703762638493372417
3661168817
710683615227736064
538481859
346924655
719959526905094144
3309169489
705645003708637185
857001662
533712415
2438889943
3099998286
9376622
379962842
19403055
2438724661
715422810001293312
368545981
2512732765
534054259
3119623810
2265048648
17372211
717359740259422208
2177913176
711939705562996737
2534195028
2903166449
2826216461
3184471478
65007261
77233634
374138602
3946915763
4703755045
4729317440
720073240467632128
1909432327
21651982
3580248555
718676299175313408
4700436012
18305815
44209472
4118701814
2766496962
719540679534374913
709668369998417920
4195481594
4479562812
705557162265845760
196297605
3906603977
716569247556571136
4753623132
16298495
3312086657
771708205
4757984705
4615814789
518635381
702291903673298944
709018942904340480
3368176415
714262935665786880
3313043539
3303199214
632294767
2613685983
4234882707
993454904
4809716843
436240799
4874948752
1923534468
105295143
710998180117159937
861554198
4734689232
3314758074
3433022621
407955785
701285115574378496
4786138371
2478015324
705902960967094272
3772913417
1562204850
3060388144
2920472945
2356754006
712134697585922049
704006675213193218
714293117361516546
4381232594
711748461310439424
4914539795
4865929361
4444519815
16668153
712008680926015489
1399821768
3291556676
4865552783
1398262321
2208095516
2821032953
3096162505
703987450285322242
705558325778223104
21471958
702413341168418817
