4623606554
4529760329
4636949955
2534195028
17327882
2581758266
19173608
58760309
705422030963802112
4605113535
723939854027902976
1596074678
723307674331418624
4833343487
717554036510068736
326441040
857001662
3111048367
488521370
711248754725277696
722481281653673984
533712415
715478368582414337
715475948338982912
715474023824510976
715473088540856320
715477544351338497
715474270843830273
4837575037
2265048648
3392826359
275276082
710640162800332800
702291903673298944
4217071272
4435179915
305547528
4479562812
72778795
4720357461
3090925934
373554410
2431253425
3956041642
324023112
2616166573
4796707521
3580385187
702628810483765249
600865128
1232348810
2617572566
636173086
2771406515
705607680145149952
3138165577
18305815
23084977
4371134536
4921372709
4715923693
2787942258
4584443975
2764770081
3864413120
4236403726
4640178672
1730677146
2768780698
2458340766
454830612
39851330
139201459
2328533122
4261428304
470103509
2870218359
3657406468
2806327009
3198250790
295427081
2902699841
2656215764
1325711665
2911043734
1651046034
2862869474
103908333
1192111663
2579645813
87016990
2366365735
2451843620
364995721
