3866954608
3196871893
2393340769
4835754293
3931516701
1669332806
707778579329748992
722437621067046912
723728835053645824
707778662339190784
2356396980
4122392560
1846129315
1038355064
2583096026
716798698517213184
2447960259
696612939806175232
713559061384417280
4492621516
3358604727
32168096
1949781798
3400742530
3548249301
710077057120780288
3306375548
739751185
3373073973
3302329972
4252184775
1933829496
708640475410997248
1449337154
90301810
51987338
708711672274395137
2485575384
602989810
3228243194
3196557524
3196331203
707620767056470024
703197475205574657
3192663505
322593427
3242726027
