365247545
100767876
723932923804536832
3284112337
707302710836592640
4258445307
721843625664061440
710337565555994624
3033309266
4918279608
3742233797
162901581
3258911842
720285394072240129
4369492876
4366863375
706950065638809601
2911109272
719574030009937920
3232574382
719313657251794944
3192852476
3141290976
555296885
3031942490
720751240477429760
20985655
287885364
1559684016
721835128381698053
1036487120
1036530180
718132744258260993
2594069792
4886468373
2992630853
94612975
444393731
4366896793
2901733281
