54990667
724935266859929600
826537184
264268489
4236806414
23675481
3610960039
50094643
258025056
585373512
568141989
44135635
1923534468
4706270920
532757292
724375008039043073
597697138
723877752307376129
723850262364979201
3316868654
2941351219
4064624112
561660141
719126179693731840
712721790875860992
18190629
4213183510
3190936736
235337115
1339060338
3434903014
717905238837952512
3138486678
1571038094
2500180849
1214119292
3038148793
16606038
73119923
222974563
111225697
502246760
35216399
4345493055
457820209
65455370
261749735
4703755045
3349309758
1282228513
4422984375
707980992569413633
720736368230592512
270679712
1007990689
86378821
720206745700839424
720152684607705088
720175323220983808
4049454617
375669510
21799129
232710967
489423943
2793009004
4799346261
706148599604731905
1899052010
2281297118
709497411144523776
330083468
3398030380
438039367
3311840432
3580248555
3809379317
342894187
703694931517378561
22936237
577387565
449110269
4063985534
705229345745276928
2488997646
192523220
60317232
3157436101
1072992504
3161660191
2438724661
60602286
3434421484
515764230
713609333
702614567218708481
717484315198808068
343751045
713768020284301312
1642303326
4583075363
27789999
46302096
4746074508
345528511
716466583812440065
2393063119
2982997445
76647600
1977419539
711492734150836224
315238413
19173608
2882331822
712768829592457216
208083510
2464933328
3284112337
406041989
709897775362605056
705902960967094272
4636491318
347627434
712872467438706688
3314758074
17327882
315469915
896972016
521099168
706692222473752576
714596653626318848
701570150508539904
4870642869
19341224
795181796
2431253425
2511584504
20106268
714865436576186368
2926128044
24935003
4396550835
57785129
274891222
1955132936
703561088
3286322947
704394915216756736
