934919514
702514557088993280
715401533861408768
2782385881
2463673080
3407736599
2431253425
3005713017
3285975517
4679249221
76710502
718865255573491712
2795970852
225402689
716483167289536512
3661168817
710762470999244800
552380107
4484347452
4845013198
4401365121
3318605471
3637891935
252219542
2857225094
3153357197
60261918
2780472432
74336024
2892415991
2956524021
2526588174
835952582
708326637734109186
353985186
48088063
3317268426
707518070424784896
708161074315440129
1416979627
710290883552350212
4888808435
522537060
3331835352
53845666
708746329443307520
2302134816
706511469702209536
511402689
707654833965109248
