21939082
714435935006560256
1288723170
2550649962
4899475282
1548975014
108593067
718818344309231616
893856362
3284112337
708458185494040576
2650655484
2481937027
346924655
4751533340
632075843
4698427297
275276082
2393063119
4100953924
2200401781
725425700166111232
65455370
4765364386
111225697
3115816309
1046138378
16710420
591349485
17456691
717554036510068736
4927986136
43196336
711393889731657732
129032376
347627434
4309941700
719201186646212608
219997270
4220373573
701674178181599232
34428405
19341224
703112906137665537
46302096
3316868654
3661168817
121656624
561654065
1376536760
379962842
2302134816
2793009004
454784580
235337115
721133296273502208
484999518
192329667
2163415710
717757019013382145
2431253425
787981196
707988049112621056
3677742792
3306240758
721014342917836800
720978330300891136
709776633243242496
721009552255127555
716265290540183553
1647843396
903377622
2438724661
3592503441
325172592
48100522
720170326659706881
49452556
14346664
3159920865
708869171015069696
25427075
713602774076952576
2937613910
21407691
3140826454
212543625
76647600
706692222473752576
709212029178015744
454169902
2544792655
3031965117
