724557975327744000
3011339794
3809379317
720913923256352768
179649173
721890727354109952
1686618576
4853272684
1092326809
4785375677
845501731
704019631770615808
72206903
3288837672
96842748
4810198232
715208587417497600
721781041095184385
586133059
2796723891
1935592992
4513278821
4061059647
724912445781843969
109441206
300026905
3120030704
720191320447266816
724557954222043137
4419613955
713874298876796928
1183887576
2979145641
4465257737
4899832572
3131525027
3201751151
591349485
710212758466236416
3138761981
3138755321
2157521846
274891222
4878172762
763824390
714807770114101249
4908391490
696160650108645376
851059680
705656249992548352
2856121415
720845118429732864
724557910618038272
3258237332
1520302656
226526577
108593067
318182225
714495690227855360
4141779258
711922682519011329
2556166230
3433363918
724893189560258560
1625346002
3037410049
26900055
103939296
3713279178
3187039442
15825795
38740882
23258472
416741786
3158612482
713666791000694784
713670724423168001
351142250
2511162391
3792496881
4345804822
17723632
437251603
2331911006
711942948242497537
3130363229
3580385187
15515539
180802239
4874707769
3811615161
3389968311
52585382
343228492
259349567
1611922826
317254354
2845849081
3419210573
714791179158691845
1071010459
397016941
724164328929300480
582676327
40885665
121296694
3385938334
23110106
188807646
178125646
723441372980596736
1075242104
1491304592
722574341557202944
3595865235
4463149992
3095562196
561654065
1163427092
90570778
4850597511
708020083403190272
723417902183903234
724184699963199488
724179472186892288
3622904116
712107981144461313
708697173689413632
2835313796
2158806852
15129772
2828722807
158476551
722554126203101184
723334731597647872
721387853624840196
4444163314
15995652
864927037
713354963926188034
1107398995
1123179050
3309169489
2938100399
3769782916
244321682
3269761344
3345484813
107012365
60784269
3539367316
2164888750
2197604875
118153612
3031838684
724688964746129408
716919916218155008
3034782866
716895858801909760
42731742
538411006
2837169387
1548766074
2916054140
3957920723
1250456904
4576968862
48088063
4125875653
706797217525469185
4806125480
1337093174
723877752307376129
151198065
723850262364979201
3480349520
3356152332
715764079621775363
1609140835
710446417232400384
708521104416096256
3438991048
1455286956
2564059472
31228313
2770395050
49709066
722596292
724392807314690050
234285697
3194970319
1641677016
900428774
719744197507620864
582675338
577337789
4856133020
5950272
2350808685
701674178181599232
582675763
3347709004
4765364386
706558548537270272
721864019397713921
3592503441
3265899319
2265093074
705446574328057856
3950481494
470882017
721299822548881408
718940607880765440
714850644759355393
2914194020
2453097036
484999518
2845207617
3875302874
74610516
523085134
718114773297049600
2336550146
839413014
2393267202
484018828
2395505388
1064788682
1125937411
2335858410
162786595
3990102612
2984877694
3161296098
435595600
47003712
4341666799
706186209949712384
127499705
3644296515
1305807127
2387997061
245957242
709190199574700032
722759547677470720
3503962453
3440895073
2319339266
709526759637651458
723167210265534464
4881257990
2499409101
201885911
2202415878
3486817758
2206409425
16940220
201671003
3887122752
4430503527
71807953
860691823
3990358228
3430176958
336638653
4756017559
702291903673298944
3580248555
4906853915
712772376870522880
4717892303
89496720
2724735427
432913677
4854449571
3410689588
2401277419
383486561
4465538597
722780380185518081
4784596178
289066063
4873283560
317561814
723773771836870656
705103783047598080
3058772732
25539759
720844639578656770
256402636
3299603581
21063595
4722923780
2504640129
4105765714
723968251328389120
1029962912
1494835716
705550362900430849
317223956
1091161778
413383725
4826927664
3401171231
4085110516
1493267851
28918971
723876392094568448
3062190878
67503749
461233414
27541864
4871126956
3390129334
4457298797
2248629087
3265044294
710656531906371584
3296504462
4093517176
4422984375
27410885
701552604245917696
2468382073
4882035364
3267456386
3023037872
720117003525169152
3046146205
4746074508
715595450351484928
717073911977025538
717063250416955393
50160950
717058003447504896
717056752261468160
717013630223589376
717000730238910464
2301377516
718459116318920705
722777403781681152
246160575
705535323481182208
705678699446865920
705678590713667584
240043356
715508522830667776
3066382722
2467794883
85124669
717669990867058688
3271255423
709497411144523776
1433427858
3219100369
316401797
4864258233
275415306
3711628096
952719090
1072992504
560255976
2393835408
2584659632
178008458
3397896742
710990834972233728
4488450732
2590728714
379962842
4926102412
2789876246
4430769312
3116443579
717076727214841856
717077606248660993
4816087155
235226095
2329213170
717073109543727104
717062773822373890
722403964478730241
717072967482654720
717073713427046400
1000886101
2474234581
2516956963
717057580812607493
32294051
717061482496790528
2197603344
708471566175088641
716997422455644160
715498261394681856
2470736629
3002649830
2402013390
712565540703887360
720358460915716098
1267657268
4878659889
721355710970200066
718960524612997120
2392705086
263985862
718958487951314948
236928181
2394651020
23195603
721403270648983552
720168648787292160
720751602932559873
720188315463495680
720172719627726848
1036979996
266135498
281178804
719687849122086913
721392480151691265
4415280438
474463923
3642683054
4751157255
1707976981
720326906659348484
3022684296
2575504710
3771035778
4205604972
721073646161166336
704121598962368512
722341357587542016
552805528
237833319
16710420
715123660751835136
2287887180
720958511299977216
720308700859072513
3012832254
1151497632
2761271498
611224929
715260139360661509
2697757255
3063418949
161717627
54769979
43196336
4335614722
72660086
4753445597
3438374192
3389414267
707922586978672640
720287751120093184
2215209272
719829015742259200
720062844176363520
2453790212
40966769
14619266
164322849
25169797
265260401
29991284
1035165816
143655326
2650270941
4928230137
268556198
1717129098
277805390
562246526
590408948
392134805
715994136592130048
4690437151
544459972
715944316577775616
21588316
187923237
1904964295
1368478189
3364460247
2597592962
712872467438706688
2316246829
424927514
881258617
4550258728
1423629054
1281249104
715303057966370816
26336070
4417524793
211899041
4235632753
2581952822
2466875688
713328793490882560
2516332157
709188677151408128
720420948818599937
1624965091
4674962172
260658979
707006866941976576
4007138533
153468846
721981705767280640
375857912
703320727987068928
2851880892
3007072406
182265955
719946977673392128
3141465325
697812571978600450
2608907979
3693271276
2534195028
273287404
314547496
721902555643518978
711391554770964480
2478015324
3001394553
718164250750009344
719419523745587200
859060735
22936237
3159011275
4758660027
718598207605981184
35216399
4775336477
218079025
3534495317
4640736685
2268034429
190589983
2190585691
4558163481
721840906752696324
717591688173072384
235102332
292562880
718162676522692608
1652910324
3328803514
2417066618
2283138954
2817873212
721823331993939968
362952638
468916175
82383649
15996227
1077730910
81730445
50836292
410811685
2278935387
3316868654
3412434748
783118723
4001324481
449110269
719743413042724864
380158768
1161810043
1065869268
264268489
2176521647
720065253225078784
207489653
3030139920
714202855666794496
3794833454
1678895676
2258343396
483632314
719152152506208256
337803210
719936206880911360
571212190
703808717892890624
717606111008788480
719678316870033408
3424711689
719037339809370112
582683927
19173608
721232115292094464
2367688604
45895231
718987201686740992
857432064
940503344
587000056
500391228
701891916778975232
2163393424
2858166911
700513087711891456
3364754032
192538987
320917731
3127191243
712975933464924160
83476469
719976598368292864
3314535722
3277814538
721733276696756225
3005989486
2817825546
2555712115
721732408719110144
3678542952
423501586
829735580
33611715
2975468251
574034176
718936169942290432
720913691474939904
4437641113
2438724661
619345580
4763231656
582748413
1646512537
719233072114364416
2890646348
2958746152
3025928386
2430861906
721707564170354689
1567579394
582757842
795181796
196297605
582678395
2709945769
582762777
2904389591
51757492
3133732777
3093245529
4728148605
826537184
3133670414
711579580813869057
710502884639526912
2164399526
1857985849
715517226326102017
630981777
708265425998618625
912206564
2173568760
721672018039545856
2543865140
343157640
164386441
168189870
2882066803
2817859764
589128515
2469568873
713880536197017601
719026981065461762
4227880107
2946464193
2481431462
863950495
3075079049
1367974088
1046669682
2561865031
2502377101
373367371
2553886489
2648707918
707186917796913152
447749616
4010404252
1046684102
953987197
3313950795
162845561
3176978767
713843195931656194
731561676
4183443279
46122264
2955984294
2560876154
571517699
1128809850
307758523
2816007016
339465480
325722993
215411520
2563920152
4862031445
73769265
2788658816
1686165270
704739001077358592
710658174404206592
788328726
3193693598
3145373241
716556262305992705
3552244937
2825343751
2909679396
36466855
2833026068
216123868
2840412345
256099765
607205960
2734202489
714494377205358592
717816966342422529
1110099786
29509669
484290601
204066815
509485743
30223189
341200881
566796161
695322808033886209
161174198
2582977111
2582049384
473285651
158545608
56440764
1489703012
4771105992
2481937027
3031942490
2588109960
2393063119
46315077
713069706735984640
208083510
719187199187673088
2847053308
3115816309
3767247074
2207780696
1618641848
1122705594
4876162073
3023863007
2302134816
2581758266
4369492876
26550541
4129847680
717130600696578049
3913528203
3346357497
2980525233
3185511911
3188580664
717811496420581376
2774395230
775034852
3032797273
2281753399
108475295
2281775886
2514756440
3656343139
711599742619361280
711587928825171968
27025738
714786810854043648
48481233
49518404
710766943180029953
4832838406
1165323049
711576421605318660
709966347183198209
711584483221364738
2361671424
582384262
520971739
711022777315143680
702020766032912384
714909737263964160
35552264
711580906574708736
709919981165674496
37153105
2323790956
2230685754
582681311
4615495333
906540168
3641968099
619684593
48240104
583043323
711582829893779456
127039123
710966428879335429
705444237077258241
2983142354
36156490
713323231588036608
702951403514236929
712682112244137984
703264397796323328
710764151963045888
710131363576418304
708042576444710913
3136333181
711562496159686657
3128186557
2420814144
3304144864
2986914652
711578733682008064
2954968863
852139309
3796957395
95975204
1533916734
701448505995325440
109850362
712034044737888258
711595906634801153
711590039013171200
708998516283150336
2793115959
447352619
2418151062
699767462036840448
352155808
4289797464
346924655
903377622
128868010
4021355927
1067166781
2845511190
440112864
706122728185720832
711567965376933890
1714259173
1198093286
711605440698826752
711277920979959810
1293303943
22594292
711578039755382785
711569044323696640
711605049470877697
3411486225
710016271337689088
711584522718937088
711604002199367681
711586953997594624
711580101008297985
711603715237482496
711606052911980544
711599835682574336
711605907331817472
260389679
711580537236815872
706683105713717248
711587434446852096
711584749417078785
4584021073
711579770895659008
711497701561655296
711583997831323650
711588853803520001
711582530122735620
711583997554499585
4517391279
4877062935
4917120203
722605802
711586821444997120
710531077358620672
711580981505863680
711584425088196608
711583378278055937
711570871253667840
711584368171454465
710862468600365056
4872281991
4922283055
709191958866972677
4919294169
708960051982168064
3948670637
3662653817
