3179662599
175365931
192538987
2641993872
188623367
4471356074
3854038335
3023037872
95687734
2914937290
240767333
113137765
704461436001656832
2724735427
717773064348508160
718498546358423552
50434933
108829833
2835506968
253362144
4822509641
95963257
709412275141140481
709389520622456833
708129870383939584
3433062016
24950991
583441460
515954391
1070160248
254811761
58782758
3343264139
559660211
719499140
4785881007
291813030
2338314393
455391636
3943288393
4081106480
703630273
3736458972
3809966903
2685580082
372559846
1703616985
507650394
1223699767
3396539987
3379435234
3378314555
3244423750
3317337161
3309251343
3255064425
588756273
387161763
562339778
3242132944
580344604
3233528525
3212275731
3176860349
2833023761
277235910
46547791
325711451
253352362
781242464
30860198
3030965985
3023167851
3013146452
3023372614
229962949
2979369815
2977501042
2976621310
475259026
1041630848
2843649511
429472819
594596726
430195919
2885097240
2800680509
2770618781
2869259083
2248135268
2590162767
2829069210
2742223906
2753723284
2541557983
27623289
2771587724
2661692623
339517403
2695877796
622592679
2616654055
2601998690
2626078017
2571259078
483134341
2542992261
180811795
2525914912
2455743678
233328708
2439319975
220851562
2414118082
2369099269
424493893
427085397
2296659796
304186612
351360221
1495939838
715062050
251351169
2295029052
2274055875
2260327126
2262956493
1730572908
95699944
450360230
2274146281
401757880
233348714
277338671
182525530
760455998
193423743
1395410904
291357665
2171235312
231968237
2167757664
2165272808
895508012
925698326
1976329508
346755998
1955277848
339804132
432103251
1390524150
50030284
900991586
1896015229
549464828
225504510
433774412
1120613251
311184134
1833547076
180118069
746569952
1666682162
1676290819
44639020
275036412
1323509012
519629059
1638454466
420000059
278300121
741849266
870176251
550526329
1368998202
576644467
1594867484
384430113
1584849565
1578490058
1348243422
63766389
590397847
1098682880
430152475
438057671
269063923
215481634
339941638
849101396
1461177728
277720881
1278407108
365182401
1494800898
1040835506
1466153706
1479037662
1465233115
1465146259
241757208
32610313
948297547
355929485
1434401479
1423092601
1023429740
1067432731
1396355750
1375285760
481510650
279014153
935258916
803282846
433776172
1327974590
1253430998
993521275
1297077020
124524594
1244647711
973032540
615567638
562501995
867153913
935746502
1265227057
983269688
1264584397
353515764
1137749480
1235036622
846466914
1216577562
1180462130
607428572
275326796
1184096329
717070686
480023585
702385224
992087059
1146529326
486080986
1129254134
430971039
356540819
57566176
606452272
1107383726
836599478
100884272
871142334
307530408
23707180
754009764
373119825
1037966953
75162052
377518324
1022742066
1020367128
633876498
1006385232
1000651640
997494332
44402126
521723321
948769268
636361063
980495221
846547861
950618694
271419583
471563456
432674589
881088013
433725486
916022574
615311191
926017915
917548963
911131494
547226527
485401926
455126138
276821785
476271447
881068362
878330629
335143241
339160355
866853578
723015595
857350549
618547643
436086243
459817939
781019611
798515556
398085637
752261466
230578619
745719938
297802433
57854130
221535402
347602352
333108259
770306958
580127496
759799951
250435147
613424262
752203602
203024206
750124819
326925127
257572597
727251259
436301032
374866917
438793134
437760754
218665041
297136680
727087742
405204501
704249600
390409713
279826094
383552580
312424051
310357693
461712865
25861921
382827570
717525194
236694922
596472541
519902090
416568214
575702457
218665079
713593182
170964501
446711530
59218079
528966947
497358387
428519684
609462343
272691418
537432542
256673779
34767181
182200668
591378572
386373067
578119069
593883343
405624492
32595543
97493962
268055102
438558820
382825563
62978470
607835391
164008919
620581053
65923114
334641311
154519966
169207623
529824798
337500096
95074549
236144185
382245899
280683872
75822551
278596223
384514639
232810163
375343995
187279767
172548045
454323680
430181513
