770111347
721806782650257409
713375344938471425
697963668495953920
716752997548564480
152103016
41025290
3302802020
721801758318600192
717465556622974977
218400026
3255881312
722939520770027520
722937864359714816
1316717329
25799566
15853191
516586040
3439721294
432240724
3428690729
837100278
380169163
141391910
4891182872
14269985
707594334086893568
312745095
1714909231
2255884238
2355504121
2256826104
3194418398
713468850944229376
1618902332
3149148330
948336764
3144888497
2657559384
359016264
2910277758
2366138341
2230516392
3247545687
2244200899
96056189
3745479734
1411765310
1137901940
713378997392973824
3407002032
2953625338
703054309131362304
1009061604
2414856056
393594011
3178425907
2342783520
26600225
716327172978270209
711789636
714304118307696640
312114287
273875952
66906784
300471274
1874014950
3329918952
24026209
2234750456
9721292
204405905
138488078
449110192
17187236
