722940692704530434
2817700675
425208912
4450675452
1008657589
2161870429
2709748092
3884314361
4456442122
226416912
3362810314
3278260933
4613532563
3550166352
538434525
705902960967094272
722240101070303233
722240486057058305
2849767567
722238738034724864
722238504072278016
4359688277
704779165468225536
703485515459211264
710076032133378048
3232421211
709934816599216128
3945076641
710444142543896578
710323165939937281
3136382792
3202549877
3110775388
3109105779
4180804007
320701773
710076129089069056
3800339958
