3469378397
425174856
1928985025
1969630836
3300150771
259689332
3298391457
3502748847
29735552
4818324675
2850819252
4769559556
4882034459
4236767615
3407764613
1525844737
2287887180
469621146
2391685052
4414757609
3385797412
55350045
4605287537
407493118
366912045
170900539
1640439408
268157927
723591714691256322
708283439565447169
4154821415
362267928
710845459
40728125
723590535651450881
129093682
725408474293764096
1685408467
725407789665935361
19539314
3171312352
2846253536
725713649621307392
708272551810768896
974361823
901336885
4702983197
712084096998973441
2265109723
1654618226
4598876352
1206194912
2486006940
3309824644
1057211
891377682
3483848183
136010417
3270574783
1649441552
222354324
122166624
1096368456
2290920080
959953598
3191008436
722262127893942272
955457497
1512080982
4169311033
725843141564194817
28683302
60924007
3138326769
196696329
4016808281
392781732
18921457
80743436
300711076
4736821846
1407855932
2441460854
338291677
1649430494
18000763
3115816309
715797742036062208
80128832
3797611997
2960098432
3114422673
4362466521
83758686
2829246605
713671641570656258
2849075205
705659035459178496
394604583
720959229289504768
2315185920
725995335294832640
777069847
725652415639334913
249433795
4141000227
575684116
725252377079504896
717606522948337664
718071464889618432
2355374790
725658758739808256
4157384848
34283955
4915855254
19039575
316439235
187863298
716238687277813760
4746074508
705848346
716773151162511360
119994298
714124810826227713
1526788488
725679704037036032
722463469958602754
2369616299
2959324792
724491434816987136
724311709196890112
1650733248
292694322
496847719
2477486208
718178007987269632
4218227861
1686855649
282125945
2875721552
725576050856611840
4765014528
1156788972
4898940034
558934972
40200769
2430571386
725312769084526593
236787928
3165845519
4496891115
740557982
4127951894
567059880
19256962
3419073346
2934198196
3373951115
155810334
101072808
2819854665
154916719
8634732
43298966
106657326
708073372660334593
3289080948
33167774
722237131867992064
295153478
3298891014
153135912
4498169116
4888114341
868541426
714190018122788864
2996953035
723974455140225024
708048865216299009
710587119803224064
187505167
34073872
2960970898
299169236
3265459112
4863633911
2666769582
220135170
718119207288901632
2908532137
269817123
1898408904
300242761
275702332
4923920121
4725556932
340366664
1072212798
4697516233
2160500708
2887647389
2868359803
724202308834201602
39272206
58891792
708327165595549696
845493006
718053204467060736
1648773368
2484975944
2359890468
724349076871892992
3071799415
1934329934
3430767051
3171590256
1344451748
3793636935
515445964
1009266253
718065897815019520
3577723515
96463568
725684748341891080
2496832734
2796292975
718332340930482177
2318017098
4441908568
95913152
1445408214
110487235
2969745509
3893539034
2841242513
29502345
1114768922
722261186486542336
17352782
213671271
399358830
3319921950
1076852898
2758348000
719152041545887745
4127736912
289252942
4110080412
2427550422
193815375
74606303
4871491918
709804981075972096
85443769
716599356
725214548257607680
53112612
4019704394
4836323595
4503781634
3380075343
725252820128026624
718267200394698752
2497937420
4354521681
2712905569
4285155433
1957985886
718443893709271040
718011774281318400
2861006419
4520951303
2286097290
3024629923
622558150
1326074076
306988813
4074818415
4900029260
2485270111
3013314540
718069340248096769
1652136073
2582893844
15812297
724781995163832320
16287086
1132347252
2788658816
2720281964
378205013
723827944737652736
2923125046
3201628258
180459156
4892181840
2840422386
51575260
718445404845654017
2988949076
801581689
718589065281597441
553706650
724591948871299072
582673225
718072685398532096
2741449528
4074115814
308629160
36110149
39501999
1694406792
2230479480
160020378
17349560
725462383100084224
2470147892
268355879
245520753
3319138386
18439997
2972555345
434314455
2892447935
707983961897611264
2366614019
113422725
622117794
457320286
711761556355162112
3285095166
2157355981
711966980509732864
16960278
2917847055
2364781568
2509373653
3048045728
715346460280270853
701936273158701057
218634414
19042769
717974455272742913
751365506
2376390996
2969889962
167781199
1250095729
3717312495
712342215247450112
2855131549
2351244402
724199868932087809
1193872682
14600151
166969733
4902175017
891897926
4291908700
724693021300662274
341327887
1028998158
4919973136
44043109
710339758661173248
415880787
723404330485710848
723237503227072514
1011755287
582673817
725128554615345157
2244250734
237196889
1221479863
440129269
2354432958
714917868866023424
1514271942
3980012175
721506313826476032
26383951
725336810814078977
717103537692536833
4921471804
3435631355
144051838
704779645279821824
180928119
3471878055
30265289
1940230142
155201220
716418495060135936
2365377655
425989947
718101222520135687
714790083308576768
4413514828
4122686476
3958613212
3019041756
722441803320922113
465923673
724069488660877313
23668244
260340277
3313153274
2708086520
703915283589763072
1649412198
362646324
3107594855
717664579963240448
2273302478
3599102174
701711687468994560
3178380584
3032287538
1686524154
542778898
1647410106
4376796432
1654763185
2259260497
819768577
2507005500
720547646
3192865491
2562534281
4891496833
461233414
1849541154
1288352598
3417369754
3236074198
2784105782
3067697880
598977621
711335416151089152
4871165915
4703173043
724452136801718272
725067199732432896
4254460453
4254403453
4811396036
3635434708
2372310535
636878275
2155397520
3333487154
704560532754460676
725226136226127872
4633171995
2279147257
725199293271932928
2592681266
222891677
258006106
2870752193
4475712913
2265846151
210889178
537158174
1329391813
4866154859
2341139364
3153264363
3328130292
470224567
724557826987835392
2815118726
3452451257
725161798878388224
2425391863
4829982749
4865132876
3195877951
707160668831686656
2624248681
713663468419866624
713661987385962496
608050783
383664036
4842848605
2383328197
715330088355688448
3246412076
2470197612
2898816343
276551086
710759656054894592
713659064555868161
578453305
725129819172818946
4900874364
2995413529
3029944715
719313657251794944
3361074471
1687032662
15638512
4669915574
1547014256
3197724702
3176766601
2956676622
3282469963
725133189774200832
723913820171726848
2333836694
3144442977
4575406876
714433266607063041
50834255
702874513726431232
100277835
550727163
39483273
3398616736
4018504035
2788234697
197499997
3038863447
2785987106
3439636402
720238396128563200
4358229136
1310655535
2426461609
8276952
225627969
628280602
2574157186
2951970114
478061208
75106452
31301539
709234796560556032
38084614
1525720290
2485698702
3580829892
4006811052
3218838138
339465480
3418369671
357071628
815351143
2213013025
2820172175
765306810
4860840306
134770671
2242833660
706722468988219392
2527828914
707779388838817792
4055573603
450051862
1329515617
2938388859
705404830781673472
3059254383
212023751
719298109361229832
710218728365948928
226463279
712477018089086976
38372454
50127699
1000886101
714378589517418496
724924816936067072
48935222
4888181380
3269349758
2601451231
2186062965
4870703980
715753696349564928
4515263234
4716242773
294833891
1350915050
2483799655
70414088
3589882397
3190784641
4915978012
2984056761
714461632420843520
2485820570
52846464
3222566306
62418905
383269821
126434587
2485465063
2485352887
68140364
3003855975
2485664797
29484684
28428838
3177519545
2484962094
1513434746
337714587
2827115738
491351736
463088602
170999863
95130501
336593448
94660786
212073314
1490639509
300709127
3289648330
356515280
703312272534310912
711224982412460033
179206559
597508245
30785986
1164979208
3418965801
3435161709
1183755601
250441842
2891402589
1093327717
310382248
546934922
24100980
65648978
349264062
3072262038
943184348
2917916401
3730296921
2681290353
3318200460
211597349
701780748794204160
3066025894
2882935200
937339807
117741384
605080354
4875343126
230636650
4049840356
2962518509
323417348
2366387654
134203487
3166842458
283785214
715622174653091841
4024310999
851316548
2385217021
3384366087
724649732853891072
14547574
393095898
4484180178
724690614663700480
16729402
22611793
1327604400
2270572174
719218453115224065
462313519
438569020
724888617651425280
3115971038
2872308731
402070746
3243483864
179281589
3328344453
2541097830
712638259852087296
479295702
274464365
3802969589
607120767
720527886730588161
721131899653992448
702111604482170881
1565388799
399133832
984004868
719912599425384448
2164399526
3136658454
1172941418
40721215
2666743507
218973904
723638535778082816
233647828
1203092814
4763104997
65949052
4786888357
97380119
4542525101
402462425
87152651
2184024872
3038052514
2882909449
4440979475
3406962793
702437655720632322
4370107695
1247879208
4651398742
4327144705
2316955686
4851397180
480984982
91741446
3036014176
438668235
1615098234
155295758
1388040511
721116509347532800
265755732
2879118658
121659849
4831731956
203295645
4919517912
593762727
708537145678368771
3182220498
386336229
61545327
603821156
2162942996
4497093552
3096631805
721607195792506880
4841155609
132382520
454553891
201854017
3233570583
4712979253
67429345
1287519474
106244552
4613102955
79352428
724216050418630656
374871615
44784626
724766763666313216
230470681
724765016214376449
2513482996
395065390
419139168
1437566857
3399910569
700480676777177088
3139591038
3047886877
2904618129
2998211189
4642133887
3635446161
3269386441
3168461177
708129090176458752
724756045894172672
4864459729
3495077595
4642461019
2522013851
111204894
61984529
283571786
2940043181
115802519
169103666
2228973277
3294519901
707534943568715776
102108884
2241493353
1112887076
4723581259
2812026476
2651517961
2270315761
4050192377
1181132083
311802032
3068677312
718040750425038848
1070663911
2481171438
11294522
244214563
539626435
42568332
19660841
2189402284
3412962700
4510176733
458314585
3391212459
2256954439
702255286120108032
2461128220
2484960116
2983837046
704693898409545728
2484998646
2353467458
1965229718
119161370
3739870092
107196287
24436409
3139288009
2397746737
709841550788800512
1656379538
501010881
2840575275
1649396238
2691810223
464867175
4615449373
2941288958
3864236353
696732818060283906
2925093230
2609001092
713038167331483649
3214713267
69875528
3608549896
4802482424
810496884
87081270
423725548
709079047154884610
724041553132556289
723933902038020097
4852161518
182164508
4885707515
3011739990
707862871204450304
722436425224953856
21827115
29216260
376741319
352817326
3024706342
2613232016
1341022164
2617143782
2801546377
2446971672
3304630470
251330873
2364163490
3246460326
829219790
710582686289530881
989789922
123106478
1620766183
42938207
41609235
3612686838
716780002373570561
722050256985141248
2575444508
3178362288
582681344
2730308856
3295585643
3272332610
4576317380
17431045
4847754566
452748588
1145721330
722136460187439104
4825102917
2204273316
701639117667438593
390529153
561357631
705479123641225216
4851667215
2822544521
2201055534
2978650361
136392927
755767291
126089692
66240539
3432935417
619566654
707311057375772672
720312945821900800
2485724251
717044576737951744
4017729677
2163132266
595079076
3037761491
3295102338
723938273991614464
372240410
718495410378117120
724280826884685824
4824011747
3347709004
724200440997531648
712980003030368257
966842196
308840159
4602976217
351670861
15774855
3215876815
1975655767
724181107856556032
2349651984
582677288
1397278148
2225276335
339896264
16341217
4876401693
1537737308
138564067
125827086
851215470
2664289939
4498398585
2485146319
1226784751
91466618
1154148853
4566431495
2148974662
2360036138
366587205
4860317178
129941034
229210300
716917973873729536
3230296491
1541037174
189901963
720775918189428737
2318294839
4398073545
887743975
1038015974
157472033
3188618684
723882675405262850
1585082558
4927371999
2730423494
2974445837
18354476
2732483136
4472554775
3076615215
4418928317
720747805455691777
706664784838598657
3017711700
262749118
795932118
1591863846
2159858089
736659902
2544185258
2279421577
116999724
367943730
504862510
718962148748173312
11482732
2359413307
2726345108
710413973670072320
186682984
260725478
2929616362
721145965369892864
710114016253730816
2408524047
715584527280783360
49665600
709394783916199936
139886616
723987106117328896
4147865833
1062358316
3249124776
107903488
2612327017
4663131923
146292694
2865684621
2505785232
699740432209723394
714848474538385408
179142393
2796519581
20944292
1706584910
2373408137
3930676033
711354670732722177
3379279569
22168255
1222960530
703724877270749184
705325821733564416
722447974387884032
720977280089079810
712576214129577984
4828919841
269871537
722131215420166146
1916513768
3880015816
719880022723530752
714135070643253248
4893326441
918495667
1390218234
3983178375
700636339134267393
706258268952383489
3591182726
1034582047
536087812
701969433481211904
4873041073
4534248682
257369920
722425530734260225
2589003921
719029933691916289
165520434
37866934
83494908
1284888211
4633699272
17778525
590008974
337761893
3551230100
196218576
131543835
2917894332
694706758753751040
298251655
722317000668684289
718944041539366912
187113999
3362103730
3813872654
16870188
4076419607
721727593486118913
4164161465
3082852707
887202210
1514346050
19075824
2727633639
4850072098
3115865584
3621713775
710357889614008320
708346091301965824
709826708027867136
3008262106
400122591
2340976530
34437051
36511815
275469003
478878156
510419360
175743717
723236653507055619
3331394111
723235984767229953
433326299
115565355
722411627103002624
714807004355690497
210242329
721349890391998464
104056647
1528392534
172544123
28763689
2880731019
2770255129
710355997420720128
711246819884277761
718130157895229440
3488128281
1886056730
51988933
4797182347
2412839299
4675148989
549435082
3283365637
100767876
28584427
1912519352
53718455
3941684897
3080185812
717056665145749504
4610753294
1329731863
31428781
3404184275
73995257
2752707956
4601443514
718344314758295553
722013068771909632
54210079
227755413
4162544959
716997422455644160
713381653574508544
928916084
4080387498
2260362839
218584634
709805385629061120
718703459709550592
710394413176872960
1650538020
323811966
3240272615
716333463096442883
190222111
45105778
4848482896
136172816
4501405460
45415894
706720902419914752
4339405636
388388380
2497300753
4850754124
3326816146
704943760434733056
4884639118
710354596795777024
4881939003
225347572
580294951
2954839276
128644110
3487484238
4897120392
379383149
218512898
538146217
27302870
723355973012746242
141334310
753385662
2859275388
707213026999533568
2400514622
1408511629
717839994178523137
1679863184
447221066
4043566468
2929086910
24255681
3311976831
715688453850140676
232068982
3234774708
85227877
105455733
3100589987
1510539757
422236944
716233329704448000
1732295618
298071933
719704782936674306
3240385912
109441206
3057435269
2528276671
723319140958670849
720918197646532609
3423934400
2372046336
608379751
1514117053
721416660368941056
18460854
26773746
14734484
2767108013
85075166
718951213505593345
2834290367
717083946060791816
2385630714
3331123659
1475267486
1476821568
1476849769
1476795672
1476809792
1476772489
2187324097
1476720840
1472581429
1472086890
2187288788
1475666647
2515135794
1475636348
2187299161
1472515464
1475586643
1475575891
2187294246
1475531876
1475470560
1475459862
1475469926
1475455448
1475424968
1472063725
1472340492
1475241151
2187915090
1472409445
1472210568
1470261637
714902567868870657
2587869397
723205020397776897
3315237092
4793106563
4109701311
3519298634
149176270
2499047413
3120871032
4906024232
3329834423
3188262614
707376828613304320
384279030
2900736038
723068905095208962
707133552857628672
721373841319149568
716626816664936448
3288558852
2780962892
3188480306
83911770
41348667
21053720
42685570
2418172100
713459850324353025
714316809558749184
718483054965039105
32135630
721554912950104065
1253266310
44023872
33389419
16816972
2964461561
709867545075916801
561735041
2849080604
19487375
704966834991161344
415405744
3066905649
3074527665
1569653948
2485542240
723066486634455040
3317544439
394102845
3044624536
723048988568596480
1041912878
331606780
4574218346
30877353
1016940487
2494129538
4808867775
710090539341881344
3439298740
2160001896
84166265
4647543135
2373485972
714081731964350468
14431400
702404618966458369
3182853995
15122972
721067762664255488
721237192312377345
22341610
718057847209267201
2924274199
115679415
426482239
145259032
2838112316
4319670447
4385719474
859079784
161054779
2383798507
722888274436468737
3192368490
722449749605900288
2393908940
182203055
722835140657811457
1481212626
4817308591
2276046956
4807267850
3760430356
720600467689054208
4709566495
722242894329942018
2990060506
3252433984
219034579
722813144725192704
717891897017106432
365448220
722627833747607552
3186094008
4898161187
312745095
4477435633
706590975980736514
713818503178924032
4444594940
3422223195
219913962
1634230808
2273295432
2266902728
702942143166488579
378851743
2962991536
66937529
331058416
4169707278
705393140174172160
3285527144
711500887387144192
2383806134
2316246829
38252092
194114364
1038212498
23689981
1582124414
86348801
2310092310
713810463545561088
4308996256
3335085975
317953795
3011684628
2323845972
16611358
426113679
2430846618
297487855
29130296
41281473
1917704550
308155020
4172202071
61724609
2891708731
703220554518695936
32600706
702580211884273665
2892893483
334254194
2723927798
4865599647
3417823714
77527336
15820486
27883417
365216503
485084559
717429120108507136
3114779170
833395710
2864440890
2949980805
712572767565135872
611503804
3353425715
4743496641
4865476635
2467597340
1449768150
131609638
717059709166030849
896320820
135782207
181307535
20753736
53728842
2852285163
2821297900
4884799818
480922381
2747865677
4218859102
373051497
1124787104
720624907009323008
3434215918
720868057866895360
2428776326
1485332827
109928405
715081040981786624
398458513
4306046615
3270831654
3059867161
3328379173
4662662552
1952998376
702162200643948545
703251575687536640
3102760109
231125939
707945141395439617
709310492674805761
1848024283
4892150077
4652814675
3471345740
4724505014
3353905228
108508281
148863539
456847370
2760702953
2220986255
4110093849
274647959
1120675848
713374452549963777
701879503732264960
246068112
2888455558
3805374676
2369252467
3284001350
2379995545
3031607662
715799930221236225
17578576
720666745564848130
717985405262376961
3017749826
3018900492
2596054830
720198936951062530
1205486647
3941355802
720371273361035265
708466073620897794
399837934
701723314411036673
316341787
722336335495892992
720801440994725888
722597283213230080
1444196437
4484874973
1544514434
3348639981
701870162413281284
1901968957
710883288697544704
718772104162717696
2694062977
722594436383944709
721134174732726272
947737202
718878980267446272
721146357478727681
425341080
375118455
720656412255199233
1343360352
1924158739
18359692
709790102478651392
3379370799
719463095857463296
712303030851362816
3306914937
2790728070
3054266613
2170779883
698033913214562304
718874725808791552
710972385239896065
3435908728
2222320957
711249733910573058
14195188
2913274250
721029653914378240
721617238730649600
3189024061
721751956298055681
719877808437215232
1280680495
3035686156
2453207575
3922400062
702618359230283776
3027761026
730089770
3010675832
719872549132320768
722557445558689792
3176779571
722458542649712640
4540175092
722512016599085060
720070862532005888
715791228315570176
710542291438575617
4834628463
722115861016784898
2369254874
3065182078
714689588535640064
722199976852504576
720739409340051457
702323847572361216
711281797095628800
52718664
3161019538
2377928168
263712938
1321042814
722374382618812416
268356765
722562490262020096
1431762236
2924819459
716256332899303424
713154777203347456
722559775188377600
713871201681203200
711738834673901568
2203803218
722449573877157888
387148952
722573511429070848
94807195
722409245115871232
722508206438752257
1342356606
586694422
2253750071
722398387316858881
722530003972464640
722572600585625600
1250091782
721262877252972544
702755994401685505
2930782467
721170597716365312
4293614536
4925917434
3321664190
1747355228
720810530928267266
722532079867662336
3318046751
718237498032406528
33317875
4873188443
16872173
712017791965077504
2432779706
1369614386
16601312
711233992918315011
2996225951
4718112136
1131188646
722520111345754113
21276915
60192175
4888144683
2809302219
2868301364
718961267776614400
3241692111
496094537
714395530558894081
4804746974
29123710
2969838341
3019385613
2812151461
4202845408
18567605
1002050810
3642161414
2964505755
700471932840357889
3110775388
3170253906
1037307385
3927163101
4283937016
831214964
3302107361
708590043007488000
301060545
717379236261183488
1637526974
721393068771921921
195815858
384225059
3407086156
1145478246
2400631471
722168767904641024
2282003599
2281993381
19826802
4235311332
2281992908
4567024453
33642675
2321771472
713599850475073536
619521826
716737883260993536
4879101441
3022022000
2289151643
521017945
719539765117394946
2281973456
563351295
3397312334
2611242601
268607705
82303770
15011714
4804011334
703856604714696704
710435717651046400
4865969487
713807111323574272
1512201770
703218214831050753
2337388692
404230419
2163675344
2778655002
547691577
719909447154470912
4792555527
3316421605
2978747823
1644128966
3494608468
701822049925238784
250034113
3253719888
4521422079
102992204
636175272
4459242574
719014551237169152
2560951296
2733104655
50216959
119119062
2723573546
478157338
1573082894
3380153986
3798012499
1056551498
2944853554
1876606494
711085013777907712
2809654686
16419972
3401560607
718604892433203201
721748424241082368
714848357936734208
2883459183
24201150
22770373
928937168
700469613457375232
215152797
721983372663201792
708908681795076096
4833851691
2860070939
721434717082542081
715959176728592386
4784229865
4128592479
3872817081
3422915416
3392944798
715938866780356608
4818179368
709878065183100928
722106852197052416
2724557755
562812922
1150222148
3131615681
401725077
719297885049892864
719960315996151808
4636252524
948090012
722090361959546881
3435800626
130954763
715452493807820800
3154652493
711092141758533633
722155964036747264
721557564102742016
2325867782
63485764
719328682855239680
719535763134787584
719526056823115777
721172599611461632
1518110178
84619950
2475482726
721891614692651008
314764801
4898316173
4767577954
3657758417
707692047352864768
4452542927
718834363681619968
2970438748
721774549411434497
9819232
721904203287932928
712029199415042049
2873964813
3398664389
702272716037091332
712335205240016897
801077442
721719122036465665
712073573054156800
2708318447
722204458319507456
722220647322148866
707489211000164357
708045154763087872
4704811221
721411556811124737
722114140056248320
1108572588
720211995715334144
720588735646019585
722036087762235392
717665564869713920
147829591
722122645437865984
201346935
722205272513449984
711091019496996864
2740815997
712298466764926977
4700021730
2397805464
4803918915
3235770658
722213743233495040
721704799180308482
2653011577
711381409252941828
711418422370766848
307008485
2653073528
721085183118716928
3208737376
722097701198823424
4366863375
4166352978
706636959830048768
57349027
714826155866636288
3228975863
1853428015
21452519
2281824956
308839845
4594781251
1686165270
2199824470
606681287
3267419382
2650655484
2387519773
729886699
4054948637
322744388
2531910115
159130262
3035923936
1128163856
2999028841
510535234
405386963
714551310440382464
710203930664423425
267883570
3295632834
2773871934
2306868572
348154959
721742002287677440
40336414
4041368835
22622155
4702192574
146369436
4057313892
1025316162
711514852330741760
894306114
2227540266
630336856
3067567039
1683260238
938790312
281119812
3880668494
3723360435
17628827
461446245
3069809911
592758438
715513191887998976
3380102057
721625737346703360
67120753
4815239537
4846586645
4854712115
4925980085
4425352214
2938945080
888564762
4111469114
215686876
3305909774
3479917152
4830266033
3059555011
722021722388467712
3209012093
3240480747
2220199566
948654860
4715673432
2309251638
2580962390
761671586
1137661495
705653392199143424
715096265256607744
216756053
122493098
184819809
4711875794
705710580389130240
579092083
304934472
1034132792
2499229069
714800430551662592
3400420661
4110526881
28806401
289723207
721901688039211008
4875856839
710599672713322497
240839345
2557535520
568787523
280204690
704538490227269632
2365949660
720071809626988544
979991905
3217495726
3231830366
4561813585
3268400419
717743364385406976
709038823582388224
721435580014329856
718119998829502464
719572031138697216
4641246192
718213076949012480
705308180432072704
708259598059249668
205317957
2886089711
701961326868889600
721821123055325184
2876607308
1024907222
4616294787
4850444488
721662673281163265
3792054741
522537060
104784529
710570174521282560
719421723481759744
4856219812
350036235
721064178539184129
2429359777
719890220452298752
708275023484731395
704693640543801344
720653644899549186
4908743705
721213353872400384
718162874401562624
554397069
2769185120
721832186605907969
721801781093773313
710249735777591297
4907058078
3093746523
4905503068
721652554648522753
702907212675596289
709558914896023552
721053313945481218
705135677969567745
1686772009
1418442438
1375622870
716210353856712705
721854802758647808
719937407831973888
721841167508369409
4922522872
1244508193
721824152999575552
721843625664061440
392109782
721180975430901762
4173375195
708272281630449665
2241376424
2724932096
717574817671589888
122195754
3529724607
721838534424948739
128042492
4869769432
721731462320537600
485956691
710448362055737348
717814294541430784
4806602873
702083030794510336
700775028980260864
721357470480916480
4883781100
718611676451495936
3321548477
721846439832326144
718630554774736901
710451043126091776
3124939642
2742436844
2281821860
129022614
721031021492375552
716571538108100608
3144950771
49397626
4061598561
3315826286
4822852361
2786404245
703339920362860545
2831377575
721792191463616516
1126125661
37272767
4848238043
16229803
1444614408
2698865412
2506364473
721751490994507776
1308236557
45895231
2187571819
3004960138
3066983929
747898771
721197622816452610
717702029083336705
2381122046
31248081
2250999025
14619266
235742305
2438257069
3187882145
712304342036979716
3433134898
2873688465
2555710802
14913837
3957010822
720539522283474944
2283138954
4890128900
1888042166
2752140987
720229906249031681
21775637
124699164
2927284436
721481423811584000
614627531
247855061
4843421465
1471519352
696825353373880320
2914541789
717024757154074624
434943367
4105421104
2378593778
721582654806695937
716836377711742976
703549825766133760
716834423354691584
721257415497293824
715402158808563713
721560971119063040
2355351348
721427487457210368
443885914
713818894071238656
3622975167
2288632549
1075085078
85617431
721482311699603456
721520958243151880
721453471287873537
721500716225863682
4697375972
721111919898140674
705014943708532736
1222823426
3103204991
165295360
385918332
141505561
4818299039
4820321914
721474623234289665
2575654862
719158163434577920
709088839453839360
721239211710541824
2739647965
717491005906423808
2920526210
721388830595682305
705499293222719488
356253159
704216379365449728
710811663499452416
271119898
717086630562148352
2375794656
2262574388
717375738417176576
714880936610021378
3297206021
721232349153796096
720656225990549505
721404023073554432
712295927189340162
721499042920980480
707761367189618689
2942905059
717705083627167744
720367799160299520
720966260477992960
717484153772589057
3243632009
721425249355444224
289722186
720425408173182977
721488642905137152
4562571515
711318822171578369
71115098
718915615826780160
717017525893070854
847380678
1931627346
2222370816
721445679680327686
380620348
721493304068673536
176301909
4833168746
720759920161726464
719891650353487872
716663936058306561
325190052
710231488298684416
2420599932
721078522064842752
2459246132
715110954367848448
2218626158
721412250565615616
719254141386756096
2484522042
721492623165362178
569743185
2297136900
3060024325
2860551843
719554645937401857
719598269064724481
2180120022
4910669997
720234759948017664
721408070702788609
1494637304
717758741567942656
708105695355219968
711290596367998976
713430361506758656
721435231643942914
4105526183
720682605797064705
3691797855
2343779924
705290020026888192
721479892714524672
721058298783334400
502883621
2563958996
717013037975277572
2826005883
4315319052
719323297121452032
718170270008287232
718443322927407105
3351656534
213990026
2763361313
223114623
382350502
997834628
4918922749
721064151339151360
32176044
705093680072433666
898397238
4892035547
1839769087
720016683046309888
712872442520346624
39773126
188504522
4918279608
4819194861
233842839
393017266
323701408
499159618
4895085192
4725805874
3060219825
2739680245
1530307580
3394509975
716248460081643520
3311888438
46923217
95124647
102910126
1228745028
1573623558
3099697258
3340276120
313540871
93803253
145071766
2465239620
56675544
60042878
702397218767179778
721269498993618944
4792674161
701796381774782468
437183111
2392938408
4852899676
328433306
1647969120
2881804916
142117393
2492981744
712450409105924098
715666882024579073
934095842
2897039050
2966113942
1540269949
721221040219639808
4821011344
1873769984
721200561786372096
4821672149
2543982944
352339648
721161301087510528
1961152604
703724416341913600
110959296
709301867608543232
720432113867096065
2734244574
2275124149
582319540
715306009523265536
704596995558789120
704308956810842112
712459918884921344
3235714691
708987988223639552
700644033153007617
4829577699
711125584089374720
720242203629654016
710281379779579908
710172107687268353
1872453325
710269690325700609
719860230591524864
715653535803830276
28216993
2872074226
700768163084906496
720186686886514688
719651162601975808
335893698
4671932545
715587295592759297
719533777010171904
286460914
2261891191
592922142
716123495092989952
709106658933383169
716571296985952256
4445464881
720241208992407552
719191513729789952
2905246588
1495881420
720626141745295360
2455293859
4135139553
185931297
719618985139048448
713041392726118400
716755638165061632
4716397702
720871698497560576
4445079555
1345165220
3795954453
710200012781854720
720314488314994688
864635544
1432612272
4707930733
728846660
721113985588805633
718537906730713088
314751230
358774534
4529150661
721102875938709504
2425532876
720751507235336192
712609471915245569
716216117455405057
707288497275736064
714906886202634242
719559811667341312
708658990905819136
717805754095243264
374507872
721114831114342400
1028815374
719687243397533696
720363258561966081
3048459917
1149157255
309800760
2565531914
321373209
4185622153
337888788
3089400634
162576868
3218936208
720636787488632832
165832449
704443020431724544
3316839941
4363287382
1037404490
599668926
718601689729601536
3624835593
703282742675394560
1342299428
721042728201633792
306246858
4806197539
70461418
261164096
527047903
712400162958737408
14400622
720326935834824704
4760599608
3994724506
2986280854
2984679582
714203143266050048
352316167
719894290718179328
709053917934579712
2988797083
3276385417
2891461077
715556795322904580
706775633947283456
718181761000337409
713034395939180544
717355833777135616
333246398
705452850952802304
716257290827923460
702445574847664132
2899730026
701612874175741952
3070453934
3005728372
23614212
177627863
718938683198431232
3229294914
4873483007
2832697764
708712353492246528
719659313103511552
714643167094644736
282798204
720250915274506240
4743617143
3235325378
2985274335
720950171060826112
720981865126043648
720157425324683264
720012364490350593
714062393165406208
702970302318432256
4770922096
278733981
720207307653525505
2155808058
720835105229447169
3401565341
412324468
706585719385362432
720968649025130496
719893476347940864
2242446426
4654973183
3235714871
2148548426
1543014318
719301116043923457
717776304087502848
2995548584
720716326512275457
713950016264646657
1158889087
3186095928
717420492391452672
710819957123100672
716287254633775104
719665175192805376
715970009969922048
720899207452880896
4809650422
720296644315582464
716069457131646978
720536062255304704
720710009777209348
2464961022
981497862
720515614591291393
706694444293201921
3012547962
714390398299475968
3872813661
720054770980012032
4370287647
703891969290985472
709791793
4882476291
3045854309
4180344674
4784654976
2885202465
413283263
40587582
720980114536734720
4813110803
717130430349123584
3327267235
1009972813
3000601414
4919844143
39742165
4827071075
54387560
2923170436
101902292
235648313
1018107163
3068641671
4464924922
52232596
1046694504
1622790582
4765912216
294207022
523202447
2450435551
2596080085
2413699344
3166289900
3743850433
3066562608
94029076
4325720294
16648092
367247994
15444539
1293480134
704015377366433794
18571644
2787214824
3003696438
2476453034
705128774237552641
18181282
361067332
1038399205
1115053393
3335908787
3096831048
584077625
2397446755
34118871
27290986
216554154
129493385
323244355
3320854942
2957633515
2927325608
3280768776
850394178
186468322
25765277
1419915913
916190767
188920316
4376444727
2989701822
241399420
913138123
30150841
60630907
2236860644
720665718723772416
38690764
956014826
4806082250
2894559736
284833002
3285658699
2425973304
3828430581
554777472
302262666
701130737714507776
21510271
702255321343881216
3232472028
271314265
708152787620614144
88264601
3120195381
746633792
415971928
160322110
733510956
2427344059
169037534
4064251217
704681542627500032
707415392377933825
3532454301
720310862863466497
3230833870
3123003200
719536856673595392
2347292334
713473934084194304
207700097
4798872855
1362739063
715269952907964416
705751984322641922
931065626
2576451559
2327314973
3254797976
2297623982
710820048177405953
2953331819
238399109
461386746
93111391
16711026
863578982
1364571282
4889510320
2413608656
459586511
2463817879
552005607
3809573117
3390071746
708377305022865408
3936783502
3124860130
712604355514527745
3016937855
2466192852
3959311572
4499418563
712518915293888512
2770391665
3111486941
3008971965
15158464
62226476
719128159728373760
1867186040
1072892474
3228893278
326568393
716941889795186689
2900043324
4795529030
238524126
170808650
4353494775
4690278642
719574030009937920
1286719250
2953402268
2789857010
709866150432079872
20461054
237128804
131110824
33298835
4154785274
709465630764720128
720298189698433025
2528014534
24317132
311077694
718136291951525888
2777105105
14658125
719556090518577153
3182446937
1917530773
1690948760
1663131176
3317414869
121537831
39616153
39401469
124380790
2351621108
600457208
4878117952
2564035200
2711189276
3962448017
4768567644
464884249
2838306696
3742241656
932467471
2447479460
4815773021
2775815362
4299284368
3959992332
712703219638468608
2935435659
2911104058
713687890723778560
2927146491
716473527407345664
349835830
513851095
3107027765
2330340402
2317815361
547396020
4899484217
2412213007
3156596922
222162092
708149118691119105
28447324
4157957243
44135635
120305047
4807596613
333735377
3512937923
3092012265
200980447
708147348937973760
1684626314
715126718034538497
2850001282
123081895
21391703
53347446
2899133017
3324915662
709754178827116544
182503709
715467094427508736
1446049106
4234445782
2901373675
2410342717
4528256167
712610361308893185
81076894
715024643426553856
3177997074
4140075194
389263463
41580628
273080067
553308886
17511593
715814166
2907359020
260309495
2914002991
717732068856299520
425947496
438711673
3214744259
3047215258
18782063
80695131
325303168
7216862
3160251995
3325769279
4645951351
1434653065
826537184
708143985865334784
714937043541954564
807184478
64938443
321731399
251159611
3164157362
17368513
4192325603
1901658494
719641148239777794
241575332
2783199707
701277152201805824
1345312093
3380544119
719994080458108928
712749424867467266
1652058128
707010134745022465
457041825
2732335423
712780129320054784
111726086
1279037100
4144092873
32638378
3420895527
3432538035
1390638685
3336757161
3434424641
2651225431
3087554734
3023863918
1651758690
31416666
2734848017
2880157844
3351874166
1573199538
4039522099
2375093366
909078528
710146442707476480
2583039313
2524165867
714358520217526273
3221180724
709603153
42303376
998457092
705505869954469889
3362730927
702874743456792576
17506774
2582385469
497432313
710957001912688640
42412901
2470251679
2726481061
181679568
712485671236030464
714864310707552256
36747038
1270095151
701853071257706496
3360629141
20846517
709314174573105152
709045615150366720
718537270559518720
2843458190
827699005
712079513098829824
719547401380487168
85851093
430025953
626463819
3213969816
1036487120
628635314
3058237574
28702469
1519603418
4802635661
2765617167
4901208268
705367005654880256
719810638319628288
1675042267
50446836
629452971
35550239
974511630
290165980
136431263
138354055
3416725333
719825040884142080
711203743287676932
714763044631535616
3599338936
2866064621
715885406307414022
17794519
715931777102053376
3341882441
2980881401
2915247509
1922690382
1310354202
701425543993028608
704278910595272704
3223277737
535454349
1186189716
711067425203027968
443085625
2147631216
716478450186334208
718696113587494913
718599673091461120
1254978090
3868483361
712428141545963521
703591417675907076
553294124
2695413378
3780750672
1456580934
3144596414
463274328
168006655
4028839455
18783656
719761861856665600
2356989962
719760028748615680
719759623755051008
705964149965242368
711689079893536768
712724271911604225
715773296365723648
9376622
3379737905
19058949
99915125
3016096892
3797946329
372765660
20875131
41254257
2418071130
2810148210
4925176173
69391180
4777026882
4027059309
705151016761741318
2455303933
101118345
1300289576
3369888724
704874814339575812
2875619258
3303749691
2180309669
262481899
104751275
718940781797449728
388700129
708815708453523456
2175089487
2307660800
4799497214
3369928570
41269340
18226851
285442311
1038228272
4796321979
252550038
703631741123047424
246645857
4769720893
612987721
90887710
715959878213193728
135416205
22305590
125449463
3151682186
418075481
22986573
4850674121
706823240946216960
711280112281456640
3496282941
1329793670
19430780
703260971998027778
3436484769
171687132
838792950
4123712299
701927946169225216
717904621788749824
3281265674
2282323069
2282425626
2284032116
3484467977
4847461894
440890492
793319509
2865117868
2890616938
315518912
100672086
15884232
4542151457
3554748913
48618546
1372922904
3219461544
148800323
997856510
46925700
3804285561
2495240248
604833820
2194558621
712555883360813057
553838534
141432601
715670872170704896
2356494651
34350951
2827928157
549323318
2980169135
21836409
1436847944
46209747
1183492687
3001628320
4792185503
195952826
4864054595
2345900737
4847050665
4857130332
4419990196
102475283
1102137061
199020715
2254990862
716045999685246976
618134181
85983397
2886940238
3774153973
3243492771
713181674784296961
716761225128968194
1247962848
24733117
712855322721910785
21216447
2343966982
3063736589
717336787740397568
4245304994
26783828
713433257203929088
3047459140
1881098378
704875587920211968
75086511
3432001497
107252031
1151713567
3015790173
91580567
702143473663811584
261356725
324965148
2547037232
259848485
625101159
718833531833729024
207023857
708006214270062597
2869103344
2182424294
1364780389
1901405148
4297106713
716339232772468736
40948930
815454144
271735273
23988644
1461422665
715972942497185793
2837998204
3020622018
772278961
2890421028
717746803936985095
2279388948
716113938711199744
4462907055
162201383
347984560
4774596267
582384262
3111338074
798087444
2261281198
2978492511
1117451982
708822935385939968
4643811147
2775676374
713091266
2613879180
3314868299
706890560951492609
215520129
291984923
3891712348
706942783093915652
531352351
296730312
22768356
725880414
3178768490
2151186774
702484091783016448
1180438118
714622309315788800
708847783277678592
63496543
487436414
3817719732
2837530788
719501910257102848
19521701
4857290615
252105705
2322972175
48029066
2751796116
83084398
3061407222
486125602
808773948
3361363385
3141882135
4685479080
4853142364
2811518699
1148786570
3413147591
930142494
4245100443
4901951156
698563037926653952
505791107
3224050491
3690290718
105669501
710022730326925313
3822621677
2720963112
485379132
541014997
2168290190
2891919139
432800621
717996667241254912
710190916833779712
705936957642117120
3343194400
45117090
2815946693
69872718
719237786197340160
1618641848
718917663263567873
2881684956
4548467296
38308188
2975184616
60880504
3292918877
29273904
2239885111
176825735
2802927965
591044078
88691435
274775846
351894868
717975941536821248
158060289
596046097
1452593737
4887628439
4629296474
2475042782
3135404653
38004913
305616974
4858883967
4112491479
129307017
702772398614036480
704944038416400384
20222635
3129979918
513923065
2892316413
28611453
3222037436
3182359807
52363246
2270167627
3271901318
1891046233
1691754606
2809498821
35680069
16128349
560068491
3061188601
3253847058
3368371633
260191826
106949676
36207176
706283315003858944
227435228
704169437578948609
4627333400
991748233
205330371
634067143
4616824993
713184955472347136
712328139083481088
184987685
560060642
711210753756241920
75995918
29834382
78363014
164322849
704339142478536705
25169797
717461008974028800
716476739224907776
708422470265470976
714275775483146240
240455741
392433358
157761266
715540513252896769
710409836333285376
370119419
480141587
3004608405
712238227659366400
2349634963
188612990
1580054960
49085235
4793691805
2844587025
2990320758
4695446552
1183785380
450951797
700989034819166212
719247340931006464
4848285877
3660050361
3370724363
3331328721
3708626476
3279784194
15533586
3036302411
2959515489
4832017176
18906599
44185213
280615408
183320854
703680575459106816
4480130363
3187025359
2444137284
712677758455967745
3312489389
108838948
3258067984
3207076349
708728600300810240
1652933185
1969978958
474235908
2730759696
611807919
4811932502
708014643088904192
2440578288
4178365396
3430374263
2183938321
704264808141426688
37629629
715065547654692864
3424993733
3789840434
2453562690
719101837186478080
4891317415
3734142500
167546604
2279926520
396571330
4641882985
712555857620377600
718844259382784000
2192099668
714503438550245376
719054704349589504
2379437270
307145447
241818989
3177851413
1154639413
719041930982768644
2564604723
4578036973
715186309552156673
613692378
4830616905
27761892
4900289931
1219827440
46476526
555296885
701001505801904129
3415404448
43099448
2340966650
3684945435
717603130880425984
717663801911316484
707628418255425536
716686385537748993
715938101231624192
703650629454012416
26618468
1006901498
2238667248
713002352068812803
21621749
182633653
85021241
947531756
3099852726
2786278220
300779696
2973186280
714963065
22441421
3393727264
2463926005
24159216
1082588414
712446099412230145
485876321
4866663725
2457904080
716677274133733379
1721677592
3250254483
2219051508
3783125416
713624276146872321
602041308
97383592
67952034
163200915
352021414
305784191
526985477
4779382302
702254788772114432
705336313847926785
75570206
716336855382409216
4358727977
297201604
700877310493224960
3425250797
3249909384
80586858
711381142218399744
1978940360
155899912
4893104605
381032464
716208981513908224
2751089351
702614567218708481
2180418144
531789353
3077866248
706134035911811072
2319136830
66657513
3027044470
2300284268
715139553099587585
23383065
2712686113
526284270
555186610
711956964897468416
292561972
4164760979
3296572141
4419704861
2585395394
716108211384766465
3439765187
3008075817
3181980152
2342763606
3319467948
461301890
1527441966
706450204027969536
3404504177
2595499910
2745691913
3590632753
704762393394425858
4103861954
2999947017
712959669606748160
3775564759
387340294
3092505707
16323677
50325736
1129530978
3872454855
2492185080
713482649017290752
2393335814
3431994190
72951252
712968933695815680
602168928
2889492731
705454128814825472
3490697243
717338477801652227
202634160
711585986367639553
718003767468163072
715260074227269632
705491901462532096
717961148423778305
1426848836
4259089878
4888913589
4783043857
701807292572893184
91474307
2997445771
3207379629
718222148368773120
4234732696
709484269626904576
3365253315
409881214
3075079049
1328408448
355817787
1331335962
1037065927
703284447215538177
1890615842
4742990232
1941665342
353088489
867113114
718060249324736512
3346409171
4395653003
3111167063
3308222762
193088873
1345337496
1663697137
187476053
3002173912
162358227
85008170
35099519
584307004
172836249
14248110
701973803870498821
2376685540
56293707
2482214808
718394215152160768
46482051
351140107
3293836468
2965871751
579150832
3225469224
3224935346
463843440
3288735660
2783238448
4578858502
328990309
2485467117
701411895488684033
571172086
708274102566526976
18992010
3794183055
2440323817
28918980
4224880210
493097369
550785530
2848693649
717224822133030912
62740909
3049428999
3067628812
3232335848
387181116
711105889483268096
3293696029
4149134780
4846715225
818476704
711405067996434432
175970643
2939669643
23390848
3973868489
2251670866
1676516330
876535855
710543259068542977
4813082855
16573218
2931750746
3887914701
4762552993
280822700
3260919876
702026103297339392
133984183
3379220603
2469223535
3016441887
922847460
3102231433
772530146
252896293
3240128910
718193869989367808
4582012660
366271399
718142511458463744
197464628
711202570341986304
709390539431383042
2279556314
2468186562
713911478152093696
380049298
543918988
4352626513
3942527535
37851071
1682781745
4660607481
546471138
1362461280
17639658
135348838
3816763393
2785473962
708185837838540800
2858564209
375421772
4836469418
3297428468
4261623015
712066544046465024
3260940092
714911531998191616
705793819707625472
1308455894
4709894313
2631048074
136248914
4560644893
717919910647582720
348408665
712733567504236545
229866478
1855804627
1002309236
713590938887544832
1146263516
2511593593
4092817997
3539835380
181221694
28853387
2604380670
4883534081
32536836
1325709318
3015031480
100338893
2377562365
4749607649
715524069118967812
340404705
717651504870461440
196296812
308802213
374759909
138526255
3296612152
47178373
2269569000
717830670123470849
64162239
4153466713
3051774624
1974700182
1164389682
3588789979
708363354251788288
23338392
27684167
2396603690
565540875
37316158
717745673966370816
253264926
419734592
18022413
401594262
717911741561176064
711618154376462338
2418098766
718102989890723840
76361734
3417442029
703706311519834112
717921596707614720
3314229948
68968983
978983136
15321866
718205940005281793
4908688519
3044212797
2979171304
4819991638
902428952
2950573792
3233832394
1397442320
3715359134
3734198715
4872577042
58136494
3230328938
718162983017287680
1660739934
2303973007
477479000
1241909060
16307887
3266211116
3030279432
710498180245270528
521815542
220981276
505929007
4920091911
210878161
716012840470114304
22406267
3005417669
28551387
348134736
498075272
718082390246051840
715500572632285184
15550003
571923055
4330144943
2924280110
709435211151511552
171287242
15768346
4829696483
3273833978
2874705572
295289982
776669790
4891471895
708871127460749312
3143290037
420875454
15067433
709451723790749696
2771091501
159008138
177592153
3846543323
259154165
2249094114
836163542
1548499182
4516355656
3482486052
2362428720
2390705184
4534464628
4698394842
115468499
2460216512
271462650
4885993601
709379140391084033
2987231440
712953585760407552
2532613398
93633567
716010457446936576
198565074
122286770
207382377
536597575
716477404017926146
2280474355
1262415534
717663265371852800
78037670
4645818132
175439376
715356760412794882
715237795657293825
267285239
702806932936073216
2436920030
707923423188688896
2540165446
4847361144
118766215
27572677
3383600722
48941033
153241153
717477428830973952
2316535855
3259513344
254113409
497112916
242231691
711198523727945729
717389278561640448
4052568685
347471575
707311015797657600
704131726973476864
886107121
16681728
3783155903
892188056
90079377
705773024130236416
60159884
43168574
355820674
100181411
62086811
3617658326
716676394911195136
949707872
635655614
597799971
53984106
715896794580910080
951236022
173615804
2987896588
123915259
28053637
3706193718
709449309213888512
713953168187494400
242469235
257779785
1004075138
366340634
3096925254
183003784
43307685
240902367
716702635542319104
48774028
2951099793
365603279
210625753
247006387
431901295
715027915130404864
3144916586
290331324
2666961692
22779150
3188402798
108498637
19118802
592938278
2756754855
1975355185
1380498631
863678142
1177460095
3471161
2219484476
145305040
160596928
717754909857165313
2461812403
716611698413666305
16259934
4721314272
1531007624
715634393470083072
3258463481
149252376
3314102106
3243659821
279881368
2371689337
17423332
2785604050
2236413235
701162054179233792
348333183
4889583208
4895568599
96131760
752158058
134480779
4276314215
386492564
17393362
3907263979
18351555
189187982
3194496685
69681766
14130785
440464883
1443411380
37413308
2488424195
508533787
3052566699
498229584
493444715
1119349776
4886491028
1499291586
4812502332
708858650035666945
451136428
2848792185
2448405046
83786013
582283412
2857534997
3864062292
2928911564
374101804
2698952372
2958919262
700789954348191744
1365596972
4847825776
1464163759
2150185462
4047241395
433112731
3792847515
700660305706094594
147653219
2328035576
254232727
2861423476
347358838
3267075338
107851655
420222544
2582933833
1195017090
1714111159
4203290353
244621333
892990969
3146393184
2892620409
403942389
2306254660
2467487182
114647658
713373566356430849
594097342
4726281132
128500019
2176055361
968634469
3070652528
4210701502
342894187
2284500260
1666346522
709608008171397120
3256662627
716883328645861376
624638013
1010810106
709253306581909504
3055311813
4035645732
3048201083
161554574
1530916794
3967896672
717056203411447809
707203304313516033
701682077314355200
703925802967175168
706073777118056448
423374165
2748517662
716327017382223872
4860852074
19877600
4418839514
342601720
715746949765332992
3532587978
394724663
1599605738
3393131885
28933956
9840392
36885129
387252874
703490345879797760
608544679
275622946
2496668580
4173033869
715934568843517952
4876290220
698957871334170625
1002716203
2391736411
4301585059
341063811
93030447
54511337
2159322464
4654160013
700493724652929025
717089526166867968
707788710138478592
2609390197
3196826682
713823847162597376
4370836880
3305552591
712232537247059969
4219959275
16937770
3401590131
705045155011690496
3278742619
710238465074569216
382607690
2935412449
2471779542
3968593342
3839285419
2800070870
99890044
3378735910
14317669
2942186825
717388361497903104
928943016
710502884639526912
213581915
4494517277
3858647360
2705057269
3760486872
2977280023
3283886670
711546007415197696
61996422
4494007293
4287786019
2273118891
4664201848
38688134
409982100
4848388827
2150933922
1199273730
2952500285
1221417800
3040231717
4792736237
2584168255
1598997302
2394624246
4905157414
1003490246
708802559595700226
2435816108
4788058218
13786302
707333411506167808
4210754218
4887353853
715817029723361280
703961706389606401
2911039074
101262902
173244056
2482452534
4229205358
171923859
1489735567
3973480319
700698029972520961
1245793298
2952311405
717254657870049284
4145341694
73986605
3306737617
401022871
716863120560361473
1199338136
2953798475
2952992232
489253386
3160486188
1963348200
702226921027932160
3260375124
11507462
716637733196660740
2151977851
2868586879
29886563
95220338
711755225976016896
2953188546
2953723824
2952566459
26688109
43192340
1115990149
716789331755667456
3751749674
2332326469
1674135462
932976122
2952546549
1247817139
1245797202
2953772257
2953325314
96558754
3155416236
4184493506
4442654548
4010531357
853585735
434497986
3257994145
3345870568
22411342
698820177056690176
1565817151
4851569668
2591981485
704835916104208384
709878002
184477052
860037217
3368761911
2319405769
3010876581
3066017070
155153461
4870186712
709232082720055296
4149951192
709871751904112641
242483251
33302601
188341419
2605384560
18794485
709434047882203136
3036996011
1655073500
2687970072
76641426
1661109804
204656818
728700470
245034941
419648971
2398725398
707077792467275776
2385321504
2413703958
3225185888
710513754346160128
3596669355
713121627840577537
3290857474
3021300190
1912153058
2995381664
785595
712571005
921080898
716602855805747200
570245381
627613783
15830958
3042173895
456061913
25718880
2320624262
4894175385
3274884554
705013080242180096
4513227448
3770744722
488365553
52806202
476149277
2573120676
4715787556
700486980459634689
4174312241
464494681
716011262530826242
3564404898
23244465
4855336023
18408384
2457112705
1930332721
1362829196
4633456883
4839160017
65455370
713857466455306240
1732849346
3270532262
2803939486
1457226686
32606404
4864090708
3989184687
4029243813
712297584
270052245
4739837130
710569384742354944
2658501056
716816451600932864
703891254971645952
4442450915
544459972
4851594808
709869460841111552
27176588
4786504760
555336079
712691438
703049088376315904
29001830
18057450
4846615509
2412823981
2289618368
2585550874
2216748745
714207007968993280
4484440714
713351560689020928
319246523
3160091909
706590294167277568
3759152968
201182868
1166776620
189730832
2614493024
141380515
3920426061
4785462769
20642356
210537743
712321559910879232
37391190
219020948
4882325745
625571713
4805894203
335005899
415339767
35841335
3071366109
364514620
2906439339
97728804
4794107776
3595943114
706345641363021825
3071524394
219496700
1580171834
479758700
708921906154643456
3031588493
3621755719
207323988
47030292
17600826
192937458
117299850
2881381936
48564052
264568796
145898319
25201906
126912330
4039954961
204864531
4876193614
97534329
2245760509
704046370215297025
133178883
4156213227
3253728642
4821270564
704393466793611264
1569578118
1027426651
4760362218
711269196605333504
713234841374818305
703575349448331264
4782523526
715336467317297152
2597235584
4644088042
1036307636
714133673197576192
46425317
708620365241561088
422952507
3912376558
43519478
42912883
702641572915994628
714481342130626560
2878533622
4920371075
1541166307
3401137553
4738647312
2775638743
4781303148
710702107104452608
242437232
927751477
211428163
67003795
1726566457
713047363015708672
87475277
2813223643
39606379
127936182
19033000
2795602170
4451944275
4248705492
48209681
2575964478
60852100
1677747793
1703742894
1876840902
490971116
4876644330
2249152660
622073561
716310829189062656
97819464
278831592
2355334975
4040087896
3909553528
770215369
2975722854
333255280
1590037975
715061959557824512
2204920610
2942764353
713233844300824580
402371109
484534018
4913801270
4824463569
4876151294
714624283603894272
115523095
712267290876715008
2221556419
333519685
3131431383
107523645
708394686012985344
486212628
716356407071641600
702169774936215552
2809161682
48573780
4762815437
1463563573
716323504887607297
2394407504
3073286999
44663631
4627256415
98425584
2923185736
1248765751
1016065436
2793295682
476396115
4642978995
716343393622818816
54153810
3342672460
14297863
45920160
2829149155
136396429
3000395301
3008481576
217453809
22311903
3106303879
20201629
710212664610451456
470063119
869715096
256048717
281956985
2759592035
323138766
78638079
190729197
4748601987
2720415778
709177019901161473
91145810
3287856806
3385651828
712197911572918272
3221070092
570266167
4711157004
716286196
3369288729
18087450
33366955
4888037921
715177603045400576
3753617177
4227820996
710440068733931520
15814166
2981034109
4902507287
2898289915
31439511
2388075426
3429158013
202782014
118714662
3225997334
624001816
193869328
2943272678
710820193841258496
715590688247775232
14197009
307858284
1184005140
220530794
1464129025
4743612419
4779145866
707134653975531521
461576749
155122670
700713782994055170
19673697
17727046
74123117
2885824564
2295217322
551639970
4824171548
716130204955987968
4271800581
4385088856
2410066170
145976751
715391052429922306
1643413789
19654090
4865540313
715537537612140545
4033018634
695979685805694976
3130567797
712412267120365568
2150040234
401025398
866717532
1955103474
711279671791329280
65911682
3318001665
634133167
701214441329721344
1463450630
413398628
2798255887
3128068741
714415131917230080
16813249
2918664357
2647287229
44624470
705688944
3299896879
3163202456
4692045355
4455004696
714390194598912000
2551992944
2246528958
75639425
4806144121
1716609205
808034071
4210173615
574758484
1964752123
886547180
2578660896
2631067478
4831817957
704051002928922625
4650497478
24271246
3035391082
3948446722
42282794
706066114967638018
712654044762935297
569466755
1016272682
2567217148
4607666238
2253841823
2784051603
581006003
369880192
21384852
142286700
2235082016
18345919
3293009217
3852515774
309999035
4847146934
133899701
105295143
1120220238
1861122966
905381648
1688368466
3063970977
33939160
66444123
1855338169
29802314
4588066035
1567808323
18077334
4795136293
2172027370
6036422
2813294588
443071648
329130624
2748944294
4233350367
710158537796820997
3290258807
906731227
3617645112
3303865593
1136749656
2866895768
2279611712
70676226
860176609
119449466
4481449402
709838575374704640
62155958
20673182
1007966144
700468720473399296
171876193
4893481308
4735117527
300199138
4850672003
2444383308
4808465607
4289858477
598945016
3933147761
2822643869
3066075088
235179906
4397026973
2213636254
1342158481
713627485137723392
459612974
1256204010
47697683
81619592
4829798086
866504532
886886838
4339168642
2811530484
3167941782
713333969689911296
701787744415121409
4274254636
1099133005
401112430
723433230
1731183421
2701408981
3018571533
2387671463
2733038891
334678878
3150157327
3852922580
324357318
1612001402
4837824765
955542906
629164365
3266837827
4863685750
814968864
2847055806
389322083
4582619538
3027346589
556005726
3188471567
1162525417
715058289697038336
8927762
145062429
3124661183
2730762328
81545830
2326446882
2909376548
18500764
700985094970933248
2881159447
1120075308
26171739
2300655132
1316087911
53816727
1471899930
2394085628
30072071
51014850
740685530
940096578
3133574119
75514159
92637098
200903930
1466505344
2721004114
711589479975223296
3018385962
27072860
587109947
712027703956922368
701570150508539904
3759094452
101756062
22500746
2956522081
525363811
4428596416
426517878
30919945
2457845918
3909615322
1609457006
2923461936
3662802197
1339842926
812793462
713861394324660224
4706768387
4757444870
60048019
3315205932
3394147631
1388071068
2816507105
3177128484
714299142038626305
465076727
24919140
185072238
1498799510
468785182
4710569166
3239767856
451780177
2176983931
2306228096
715281461469978624
4697764658
4654699512
465003237
412914400
221703313
728882966
711656230440161280
3084561405
819410442
3302820825
3178534776
2967643105
701541243155648512
3718789042
3483897919
217238702
398305677
103560614
715624240293232640
3184043512
2717503427
714067216078151680
30401655
1375788223
2880037349
318907597
3394026111
2219347214
1037257214
525367331
158193684
4002839595
2182813711
605871652
914892720
2891349977
414051862
421938981
3552558974
3249444889
2901236976
228645855
3352461797
334811302
907567808
3460687588
1599880646
3943380076
3219646498
2321105274
64745886
705807468912381953
402850480
496059930
1563841680
2374207268
381596259
328731410
126929346
2348791945
311446388
2304821228
52020111
266143864
192300625
3463494137
1542726942
2902348781
76290686
3312057950
2987005893
394862839
2542584850
3247738979
516132988
1386924746
406562295
420015413
806415860
4288604914
491112603
3421352157
775604358
250410252
2807854837
2980646393
1187970438
1412487272
33138368
153158474
3292778162
16937227
4165583001
98024568
323707252
177633374
3304546684
496922932
2325394080
4384169001
297445450
1292919499
406116909
1632589548
2500777092
1126007407
3485309715
842842346
3941861302
113894173
318062880
1142229973
3787515315
361056155
2423445374
452838583
364368780
143152050
3794636597
3895202374
518437695
536612915
3295590915
2781301786
264524771
69172813
1629215965
3219388191
3812123117
774868518
78086227
1140039325
39975331
84215959
1354083896
275563763
575287627
346724954
2581930866
443158477
549503489
2262935497
281485242
43330266
113208366
3941552052
525390981
288775328
293766423
356407452
3139211023
3021717723
1922949715
483771535
2745198662
62170920
538344828
270788332
222403352
2903545006
708246860348198916
82471938
321444487
763085515
174682695
2679908863
92085970
594649363
3105436880
1119950304
589710640
3021628503
2901944049
269143499
2851770467
610823619
357641273
314548093
1065317810
1348683572
3025655794
42270815
67879908
23894569
598056094
16919949
2289010047
2332461054
4158991576
2635537550
2620781103
1287679722
534913496
2186017969
2326024379
326839934
1851761954
633102531
2898402690
487720207
400670170
3843173003
237520147
923950614
161959397
455626670
316366675
1430359664
1329808434
21753328
27898141
3740096476
432372088
2778825681
206849742
1702456074
127503641
2707686269
3312808275
523955321
21114656
1893834056
2510506153
35887881
861763315
845853054
3852456509
66042828
507340987
1009678327
3134253791
1258494428
281151626
61298264
1359218461
407983248
51101105
1478186078
3579513492
2838064067
831289734
2386934784
3124449825
2840518363
3342706090
746005158
1235546112
108403361
15992780
2173679108
537769433
2452887666
2889666640
1272743714
2478042165
361179818
43083682
2887893484
11833522
71911942
1677667909
2785206549
218381089
2956668148
4052049436
191832602
2269855724
1582123405
1082535240
39671504
3426269963
513855387
3073753718
2780803328
469120054
505248366
2233019863
1014624960
548596169
2277669020
577837630
3046575052
15843385
1187264216
24899089
949826629
3307039035
552127612
1960348345
297505529
1543701152
3246387932
715602210
2652436693
17848474
2863937664
2808106346
613038031
39746499
2950840919
2328655202
1641271440
3312963944
466382402
1346836267
