723998756639662080
2529447090
2494029660
3009077657
3980772021
1038519258
718104516957220864
58257242
2724563700
4129886668
3624835593
4335614722
3434421484
3469471282
15129772
721879873396936704
2856351726
720438108680892416
722621820541747201
721803873447448580
710295026224467975
1038151567
64452460
722224914749603840
4837315805
722222810836430848
3303330952
66865427
707516688762343424
719904493878517760
139056911
714544641811591168
718487728938217473
704605462004686848
3044951459
709630596591587328
