543119287
720157036823109632
407028369
1051455930
145216087
4762819398
3149578438
537445036
228207878
1564145948
337727588
72193432
711728581957832704
3806499314
465047990
2659696782
3131889251
4620894441
3550166352
722233277545885698
722232216433094656
721306800218222594
698592704385540096
3038650524
280194644
2671713680
139431615
717776054388043776
711732229051981824
38976017
714626982865190914
3117934751
1216458792
1141587674
4846086352
1191830809
618742398
964364258
1319231707
1191786810
1191842444
4296463351
1532559510
3164401892
1190076494
1191834014
703352040811073545
851667488
1277807990
1195050816
1412777114
706241025258291200
3405659680
4557156494
4889566817
701624926906744832
711002865309851648
3073329719
2561582418
762392000
819933554
120651203
