4866287061
701855882682966017
32627702
4575222383
704008876383977472
3380369602
806279354
714739562782834688
2376010556
4136371099
3197846393
2969844789
2636134962
3092605398
3000384045
272396530
1352023100
711605345446203397
214554240
2915233442
498334790
710908155815968768
712818294798069762
4739211631
2392705086
2546793606
705310047228723200
702712543052210176
1030747094
707726906922291200
4867315541
1098744600
536872687
188360402
411105780
117193263
4335046713
2456946373
189532376
486027537
4737924615
4346137937
3370123223
867413612
3316292635
4050000916
2577377202
4605626233
3877254514
3569768602
219798921
3032797273
4121578274
775034852
2660786413
18305815
3193741947
2168995782
711801275793285120
4759770579
711722896364847104
