56235379
165986330
2174051642
2988853226
4597205232
3982039756
197391934
3091648695
1328244888
391627315
1250171448
1247449615
1879555723
722485504483188737
2205279260
714276206879879169
392440204
4862163548
2318206190
250732166
2991729837
280034551
3013456455
3306579141
1904659776
1326817818
2153549784
4300911812
1434377100
704403081098883072
850034444
2533673676
2656084674
233649529
404257143
724238979768397825
232304758
54979717
1113940518
532209387
723920720720322561
630437817
52390694
721762695179952128
2789737911
708042324266381312
2549090173
459960421
1450501820
3024171340
2316497263
20564815
720844941711179778
3399851429
711729258364858369
1025633928
722501346839015424
295491729
4828305131
707209121855086593
87374085
704830886
71555146
271585326
3684583817
717437788086538241
713031247107268609
702209390435241987
711485345938800640
712698917406642176
3356513381
52660116
816491293
2715146462
2802420492
293860122
65782001
89170150
602461532
35140741
459974518
2289928079
1019883481
111421906
2172710905
245845761
191206188
710467951292362752
2871257595
4765098222
35594698
37476986
2472713250
