714575279805632513
717706037978087424
4719073166
723663081054830592
41281473
2591802800
2778583548
16513416
415953853
489525943
3110280842
720904448902569984
724139410606817281
162069176
722978175010131970
4908989583
713819733808652288
611634072
1845832591
1880751229
3311853544
618644655
3284112337
2343297244
718036120186011648
4861347390
2534059388
722977770033274880
713397416544722948
722953581477826560
704495653
88623472
722979223825059840
2859174477
495242681
3231857163
126434587
2244308090
4240392616
211729696
3344166555
4246248252
2156129607
722978398184738816
3532587978
1082790528
716022675706134528
3391463104
722978991582257154
722973443394662407
714303483373981702
722975136761049088
722979005322784768
722980370153660417
722978681430388738
722978744701321219
722978254118752257
2209195838
722978434264227840
205482299
4869807911
1178283194
721954093267349506
21621749
3108656642
2884574316
1080024522
2382695023
46116615
2854492389
4210454614
2788054329
3296014786
3300562222
1032983462
888167899
722260171515424769
1960079041
717044576737951744
709073577467912192
3286192526
394316821
707684602991800320
3393260596
2982613282
2397867978
718861357882482688
2299927812
2344758018
4042406885
716532803102449664
719110529621618688
2270665340
713823707030917120
171587192
714198223695568896
718063846515220480
3101374492
3379216841
4115474782
3087929301
3296764692
2451742190
702511302917238784
719043862581239808
3142372605
3545766192
4018407016
511784800
552405577
217686751
4871116947
4804144682
4874978524
1041912878
702041809069867008
2657258905
4201542731
142442451
453180060
2895935928
454829112
716417295401238528
409540689
2596183388
4823720253
499349832
719914467702738944
563946152
2342112444
4776250152
720755741594923008
720759177245782016
712493356543250433
85972115
4893001096
719830970430582784
719633787173367808
1238558106
719520845832462336
709909411003666432
1657070545
718860927018229760
2837920231
19341224
3246781291
27180715
714801566503583744
564682188
712738807729270784
712433277315977217
