715566270851235841
724580845588230144
590408948
725254686433939456
4729524117
277334813
321467768
3303611848
2281775886
2281992908
612721794
2791180910
315966471
2431777177
193930027
706890529380900864
4513278821
903377622
3686222233
245417361
2460216512
1046138378
1262776610
2545268089
2327612304
4848238043
19290107
2287887180
709085397586939906
2485533937
724994586708434944
4299954755
973495711
3067748810
2584659632
3427182407
4547869279
3733485193
724697404750991360
44135635
1977419539
2914194020
855911462
719234513650364416
1150654428
701251180010283009
177291959
2771255497
29547412
17798031
3284112337
719472067481980933
218006318
3452957836
4706270920
406483952
4551720146
1015442334
4765364386
2845207617
142445186
4691189473
723392692386828288
263985862
2793018356
722415555920023552
3475182432
705510639565987840
237888723
1955132936
3556507997
184987685
721939965144227840
1649433554
721914038049857537
75736238
721049484936024064
3898315708
3296918558
944145019
721873537946877952
720948653628747776
4746756660
4874772221
218554784
2792409146
326441040
4129886668
104674131
2467794883
1000131600
89277004
1493267851
2450502337
3353531032
3389414267
715371702054690816
707980992569413633
709497411144523776
32772630
3438374192
3945533968
4135435274
355667921
4478395109
49964679
719814686267584513
721791753099960321
718275104719970304
3271255423
2481937027
2916054140
233933230
3040069319
2478015324
2887593005
3277814538
4847135298
2393063119
18787733
603391246
705103783047598080
722913281732710400
721843210566385664
4660509148
356244482
722895633510703104
722894336279646208
3053280354
3400905813
3296504462
4703755045
706186209949712384
2610573108
715063909888045056
782393876
860691823
1072992504
578981845
2829294097
711526025289703425
705441494698762240
722474829463457792
3265899319
33328882
4360221673
544689839
712596618541817856
70156027
22789952
1351385318
722285839640895488
4735616514
208083510
4775336477
714202855666794496
3135967945
717734836350369793
46302096
314547496
721263601546358785
360080281
320917731
3711628096
51757492
713817057062682625
2319339266
711454551505707008
2982299110
1666309776
3316868654
22936237
19786336
712570632966266880
3836008983
705911906930917376
864927037
712872467438706688
2543829204
564760018
721329976369422336
111421228
477410739
712505673322377216
19341224
121624263
4851276082
1616158050
719201186646212608
3424489361
703363602816733185
18248053
705398482731933699
710990834972233728
3008563219
963430316
703919951451652096
2611184223
788158068
703285543493312512
1034729436
3384930639
720176982831407104
718714810406285312
4140172833
720170326659706881
248642170
712768829592457216
3536579297
720034834827972609
16276552
193503888
272963548
718606635116195840
4669097233
711772079339646977
3242527197
716353582572765185
716251488096354304
3941428883
890497890
521099168
703228783646666754
359587187
349582502
210680724
3419229712
111195022
737927700
43598363
706146938157178881
739013040
80128832
712750710878707712
712787233908981760
