720922657710088192
721064503320911873
16513416
3697418541
706173877404213248
722035046652239872
2836910455
722035287250087936
386126431
4534189484
710303196
723044891719159808
407571675
721801721874395136
146960129
4305712755
3136133931
3254532644
719213472458883072
722036418785255428
341882587
722035700917473282
4881296931
190589983
2717485810
4867584059
3294572733
1333636118
518917723
3946901723
722036275486691328
4570302502
719367810934112256
722037242231963653
710177029338095618
722036827960401920
382315709
1245783738
711591964496551936
1699588867
722035839124008961
19341224
318061556
722036624884772865
721810758103916544
722036814182289408
721600105283919872
722034803512582144
722035662937960448
722036684943036418
722035889698775040
3102333013
350834242
722034035908808704
396713847
722037193326338048
721915266456662016
722036501580623873
722036529997168640
708873816059957248
722036534464159744
722035606319140865
721900131252060160
719844948007370752
719845130707013632
715319990958866432
2446689355
3253202046
700532975616655360
1696077114
713937941761028096
105203203
1162077464
15802882
4572442479
4860919327
84845557
893830842
3305506911
