704215172236353536
720811727256973313
723307674331418624
715273665823293442
3499636752
38976390
4827698474
860691823
495396045
1903998816
3300518020
105295143
718527061871046656
717554036510068736
2800810057
14828860
4927986136
3168209881
3379125117
862329896
196297605
446228264
242147639
80892130
158060289
3081658941
17372211
3284680262
493185954
946104655
4910378597
713349508134936576
370826309
717905238837952512
4291241712
705448286749126656
4872514721
54884378
2903166449
711013678070370305
4100953924
714207257089732609
49964679
4729317440
1288723170
712484768487579652
472653951
4893125805
721133296273502208
2379696580
2548708429
2393063119
258329760
30447465
448803534
28534205
21799129
4800862086
2534195028
2581758266
3309169489
3031942490
3367987133
23047147
409735484
3284112337
19341224
