3710786782
4824079931
720079258219991040
2674725116
4286521115
721803026562949122
3353562838
808224894
2933047992
2464213432
2208074293
1927012021
2368539727
2966914787
3166188634
1950769182
2903742552
1305965593
714172190615334912
1550464207
2312666648
2906115739
2749949108
2159069277
2949826912
4101964415
709468055169056768
3248773074
4159722314
1368658950
717871687098826752
2989606765
710018007557275648
1959870510
721310640829284355
2823705300
2566165214
4374797834
508336221
2740550307
3401904506
711180148700274688
3734126175
3221261591
2584819878
2739334052
704501390664724480
4745746336
3099391121
3087302204
4344525675
3361752089
4727180127
2909236827
714217544224272384
545349166
714721579758981121
3024660335
4687257056
2918510561
717795393128501248
2293269050
455199917
3222547452
2847589979
3278338482
4892995689
3253103379
717483513872826369
717672724433219584
716986782483681280
715842953193922561
4180239275
2938975919
2790753198
4687277732
3265734355
700970442970910720
703834562086866945
708920766037778432
714673013707423745
3216407634
710880597657460736
2531368206
2764865807
1082629910
4868420811
2525979487
2844668519
2804721640
712119643108868096
2192826226
711295451211943936
708861471166345216
321119470
2368028752
706493906121322497
699374885265477632
257301429
4870383587
3537841997
2782838365
713198640588840960
713340346600660992
4556908109
