1963995792
3132197015
4925353671
4617901753
3959300057
3609909856
3959489067
3959117842
3959271634
715643792666140672
4344525675
2330941253
2585361146
3154462238
54310041
2978076975
356244914
3891931947
257301429
3740786593
3429536020
716037453057015809
2729928980
2866265925
2242201154
217519867
162137776
711416699564593152
3277650295
321119470
714522995365134336
710880597657460736
3256055882
706486818091491328
713452259150020608
81086509
713524479398428673
2192826226
4056258196
708861471166345216
4872896343
4821449193
