255357153
109707224
332100913
4882213597
3390911379
4926140674
2974594499
2818230187
2364823775
2983209645
1191367962
273064719
210646332
442184765
632419220
2147527781
1914507318
523869734
2465018472
4605204442
192749697
2941034703
710119992860106756
2394686585
2396948132
4828375133
1707857599
401942755
757618986
1411499977
717155182417690625
716980749061201920
716534085829660672
1244069514
698580702841929728
2696203971
2373532175
3198401369
2374673238
713850695460360192
2332789123
218327573
713961920240427008
1016321107
626578249
713512405020635136
333391802
4468412734
570509124
712112117944463360
1714351772
319111521
711978888772116480
3015764043
206735576
353289134
1319324923
2286285071
711203299823886336
1692820184
1493354570
770252810
1190184194
3178272461
267267902
251646869
2973739151
21532770
3361788568
4851978406
706873580047437824
519111388
707053720559689728
2301507217
4776355488
705954110634270722
705000969424207872
1278985267
704783900816621568
3196342637
704431731634479105
2958875808
1864862090
2233375945
3122272465
2808663432
1421768514
2305757446
1158806900
1483194792
1414259341
895491674
72216891
695134769567395840
420762909
2155783935
3024328035
4924174582
1532814294
4919425007
3393242847
2536341669
375355739
1256228738
298086347
453616313
1321629762
560094607
3076210816
265013262
4888234152
4883561453
4875326805
15658327
2159577335
2618634095
298873151
4862241573
4860339382
4634037315
194060884
394303723
568515130
357878182
3299895680
901916389
67031151
2235631666
2158570197
254559168
3044558707
2225674318
2952219453
1191964927
2713028186
2312425011
2771793087
482170437
379293178
536080446
1202822060
4729472130
517002028
2580377226
2849144271
4738867523
2593675637
611059434
1859014464
1588272206
2304519238
2309759157
4216590858
2892434018
296962834
3060607803
2740344250
302748777
403135662
2267582903
3142506694
440266678
128473630
1167625970
3071532203
4565788214
935533446
4493333183
614524142
1714840410
98586663
2297134742
495411413
3012458996
515627909
115637932
2583002585
620396927
4433255788
1270438741
1929609355
328770294
454494198
2996501509
2383019664
3023432447
2269499582
387341945
3011406767
4330489235
2417701538
4299174695
1117220052
3184981990
2264424440
3942105077
2920439222
2248067281
2558221774
549912489
829961047
285322941
1496484990
335325479
613949361
4226825075
1450484485
4151854755
2736635367
1119740960
3246942392
4209336987
4204593377
4202345453
2465159917
4157107973
4195345438
827155830
523301485
1697481342
4228541774
857103276
838446079
2609102398
4118718857
2307674114
1385705413
4168182981
330764460
4166639170
529557698
4163789716
4154004316
4159415969
2882563760
335321724
461632651
61003804
2773973500
825397910
2415756599
3387969646
2857569179
789268999
562357715
4131559763
3393317032
3983506516
3999001756
3400297077
1210447736
3062987086
3332361783
2187607705
559980307
1313879995
400990260
2898646281
185026714
335327783
4024719563
3060662069
2874309505
2471779578
2596351088
2750364485
3033570139
2891676877
2948487099
2332466182
3950678237
628984808
479836629
457930128
1105119216
1523108028
1028925366
3933330622
2196346121
248306634
2379480289
2795244254
3043218196
590304491
3690135377
3902422997
3405076708
402288922
909384332
335421715
3433526027
3827019917
2882205154
3406351545
2719043879
3787515399
350531352
475156053
331519448
1557059742
327602922
2167058004
3116055729
119181880
2834047432
1450300670
2878721339
2918942489
3437405667
2888644955
3579360196
623152040
3539733252
1035422641
1611435601
2746336297
2278556724
3035974685
97970246
2798311670
47030284
2525072593
1854416959
279688057
3111308397
2634631131
3487851683
3314648828
1442665104
1455226910
3369898853
2680243083
2181535099
3456735987
3414209146
1398081937
2531829065
3121998923
1546668582
3434608079
3363521758
355963146
3310128317
1317556566
2472548064
2741981530
2615798632
572064770
2367487956
3403708901
64354119
2251063542
1569729230
3421569287
2896556159
3386561331
407379913
2919699974
3060437445
3407976807
2185054844
227513889
2586766088
1873710222
3306580777
3403347975
1064412871
2502535800
3188185015
3199433476
911303587
1470915996
436111422
2983291365
3228482488
1033631616
3391692496
1191468710
98001108
2513468234
1005307350
874591681
2971444075
790547252
2964892374
2440838405
3378283720
214039940
149655776
2235890816
3132517872
2322768708
2259189904
1631594707
1529118006
1640609340
633364952
3345039166
1764115320
625249469
2970836241
1942392138
361283407
537596918
2165523777
580271604
2850563121
1350385250
3314105111
322810536
142063581
344326671
1155384356
293282122
555184294
2940912334
1035995562
2498486861
438173303
1531277978
1957953493
916688941
1873557390
1834121179
2892777189
3227597485
351978944
2279668802
2153535358
2929090370
3157807696
568451094
2735922928
3174449411
2534609339
3047666514
587823070
2486903715
483214667
311178083
2454034813
1099418520
2418729059
1247868162
3245246945
1025884302
2385681271
2681627355
1881125774
2279511840
2764425257
343140620
2875552221
3224515841
2421548524
80394708
341827223
422894635
2567297839
2998597037
3082902224
3185477657
2741163141
3178348000
3170256160
1921089162
545580884
475420939
3167463303
2416534148
613091868
66118708
2374698318
3145930523
2634354040
779469698
3143054048
358464377
3135862323
2974100771
1535489959
3138047958
3119655818
3125872193
563175746
102858284
2292752369
1035699115
2964295547
3068308372
3095519183
1087237814
1939239512
3089236145
3031719567
3084753879
506344448
2922004995
3078707122
2153065228
2595964187
141559920
811926787
386313874
2990794815
2593223336
2727351591
2931413709
2730896211
2174970740
2713442231
352746902
2891672666
3045205584
392232739
2585897046
2630282201
3028150129
2743640169
81967907
60253366
2219760852
477712153
1214346920
2555325468
2743213625
1398654900
3026020301
2214089115
2427972773
1537755908
1884662600
2546293673
2915019516
3010098226
3008364880
3007007944
2866817673
2338108773
1058968064
2873127263
459679325
369869650
2255220016
2278253690
1360349736
291370710
1431696606
1406291634
540293979
1858980954
2957772583
2944404558
2939003837
2308182074
495585734
1566804788
2627529215
2898041339
2759213563
2899631421
944626627
2895669065
2887690222
257149150
2556135227
1388240858
2882033950
1018732135
397002917
2878598962
341905937
2856969189
165570356
2887587955
710745897
2820319655
2856122139
2855235419
2884177723
613913776
1387127286
257235872
2868220711
503870376
1674280795
714467455
1064922745
2828522897
534876050
2726918387
2792784797
2765834090
348602699
2787092985
2760650733
61337582
2780775382
2768570926
2779668400
2776012108
2427368950
2773263677
456939211
2808371707
2769273094
2714615637
2405909387
535780555
2765898039
279319647
2763484881
2760825467
126016806
406568312
2730491885
2779611452
2205387515
2501432586
2329201416
454473410
2732084402
369705989
265571599
611478638
404129141
76908416
2608576711
30160168
29077716
2738473413
1496611458
434338072
2725649638
2701495436
2590321117
2693066971
2728106423
2689933814
68284909
2193163027
2701903799
1522933501
2684430737
528001880
2314743889
2183379896
2657273302
1442790889
1189339640
2638505057
563270450
2620861792
2566196964
2275144834
500424517
422400099
324736325
2546309561
1330782902
1549307976
2498173247
2497444248
1955298037
1135514652
1711461164
2524520691
2407655376
2515462157
2393117306
1118592834
2465716076
2508552208
1035431010
168019325
1890735566
2487385329
2442889693
2470531401
2474759471
480721786
2386668098
2227103071
417584824
2416590026
2388094782
2419747051
155400037
625021162
2247253937
2285973919
2287421558
2388401179
2395723513
1367584560
2411687327
2390257088
2390240858
2386650487
2388215210
2388167684
2388214596
2408977887
2388099864
2407717949
2367129437
2403521848
355867373
1325289037
2183915487
107146095
437094852
2334053484
1559682727
624810043
733288232
1413952950
2339883893
1051645364
2332450848
1698434022
1578982519
1184542952
1640084496
1450366525
2314412546
2285960246
2284525656
2229444824
1944824940
2283174343
352187843
2300090718
2297908888
2274776688
2275341290
1641308395
2291437470
2282719768
950437556
741250898
176224244
2234973685
467940485
2278279190
908290297
745952460
2266429441
796491103
2257098126
414080778
2165409299
1546346028
561685838
466932545
2213314170
415687283
96876469
1873512528
129106891
1180935013
1506817038
839898595
713735825
893743988
375362212
1049905315
1035483793
1375993986
1526439618
636577279
1872873098
786176419
380045938
1325848453
1609446678
139020991
1118414870
741386436
618103136
764267712
1123405567
776964181
1679364331
983744149
459603486
1523637055
713739030
476361753
501248976
1330373137
1377314504
1260622231
1257296090
1167992034
1115280895
985259796
406300397
1000998895
834100130
733684868
898390680
832053409
756605947
576662881
610453116
452665036
358281835
623890060
795351354
184352101
767901998
513371469
792311353
618543735
786314666
65582842
397574674
763748827
344128440
636554281
774246080
552727843
50658718
535877915
608689673
