140264609
454938824
3222649501
1566291349
143469633
3223746900
4860959154
2335551140
706737236423761920
2879036745
53279593
2989951924
4883058065
1463506830
112225020
3311093739
4911830187
1579031275
715590226169692160
2567293744
4620075013
308337980
706596111587397634
4919450183
488087871
136601438
722268533267279872
90037249
4698675750
722268437725212672
722268032530321408
4656979360
132041886
766055720
364586741
320317854
302210887
702092125958250497
593765767
3074043170
720455055485321217
703478511764246533
2343693120
1488803736
4745155160
4878078513
501041585
2170501771
716691506204114945
718834287248863232
4925888679
1015599920
709388123642286080
4868082713
719928646891356160
1624901456
1625597406
2216757715
4922043875
3091270101
1615741063
136426609
703883709922070528
3311339154
702852371420991488
1018115978
712461457904967680
711150235695882241
4789700201
4237864540
715235206446374912
340902540
1033473361
560641479
3111029561
1046510880
2973832312
4924939983
720576027546796032
706105164256583680
2190637628
4862554804
2752739366
4899538817
4896858243
4893569225
713601176550318084
717131690804658176
4897581383
4256118920
2217067854
697367773605928960
702347399709270018
704114168513896449
4799142257
704053627506266113
4070615309
4069592602
715742131919462400
4765942893
3962694079
2856809435
3332718557
456635352
720289388261801986
2688193716
4897352545
4882913398
307033767
714495466176704514
797281808
365857781
120873942
2388386342
264832207
3051882868
386984727
130265828
321324433
330808500
2367963669
596865639
3027053302
317318940
713741573578694657
710909130324779011
