2979518771
3022187343
725508865245233153
702900108908589056
724433075300655109
724993402429829121
713979004882132993
719672610280325120
2466339073
193050518
717371578338697217
3429505989
1040075826
1033224241
721889106733764608
1032765505
1034512974
713944985402474496
216755741
4892865183
633946788
718366333105266688
721360020512841729
1033121694
1038543338
4424783175
4794973051
3577436115
4839993113
4281868643
714839326035607553
719035391953788928
1046607578
713755368254472192
713949509819047936
713962951544283136
1039355497
1033236290
582762777
351222012
719347148668727299
4838215614
718241169273196544
4890107474
718666131414847488
2613714539
716315553137356802
4731796999
1036540812
218555715
1037213150
1645376648
1040314159
1468608438
1033484544
703592457922072576
717129216316350464
1016317238
14619266
1036536650
1508540617
3261599845
567279998
702566895673675776
717430115341303812
930651589
2921112922
338726054
717220892779155456
2929774927
710191704473731072
716638607793135617
710842708349165570
710411493934637056
710459539435429888
716323340764446722
710458983681757184
710399547760111617
2971298278
2231465368
3202256151
714575991646064640
708504073239175168
715161871343427584
4421236694
4308956253
706924331864100864
714070930931093504
3398460903
711984869270630401
713947086891278337
714936461376757760
714939945287159808
713947859029196801
781250514
713665908779167745
714927415772971009
714570511687229440
713684490355388416
711199294699606017
709948679550017537
708375114694447108
709936168029306880
3243979847
169792160
4129629580
582677288
714014292236894208
282569265
3008857317
157472033
708825821318762500
713958701871325184
713944795148738560
2555708322
2785414744
713948787719405569
33231398
146177121
713947477246939136
