724854272681193472
719900644488908800
719900530772811776
720686431883145216
718560829210103808
719991451866808321
713754436615737346
2720728044
2715689906
718816485133524993
718557322931384321
718565353333207041
718569211967111168
718814718064873472
718817367686455296
718817015666909184
718816540045369344
718817800156893186
2568740299
718817578278236161
718549183578308608
718560641456295937
285312874
109441206
2740587114
4885141042
713479381474230272
3347591705
2560164125
2739858920
4853466785
4136312894
719900199544614912
712259786021019648
724853696048291844
722417676388298752
3401259933
4415618476
718818142571462657
3346546581
4866288382
715852442383069184
4168999514
3309722288
4892151083
712431892381863937
1650573355
4622844859
702686712280047616
3313083271
4344749014
4344704901
4147351092
4344699153
4344681381
29789545
721040217826803712
719832534268452865
721004946175475716
362035439
717857035556139009
716112485187723265
3257644449
720952511394377728
701563620673634305
3264867451
41598618
719832530237681664
4873485075
724198348538793984
3995880033
724290037643358209
714381242762969088
3159845896
1654267650
721788420071301120
4922249589
709757664427970560
1034206764
2674489308
263985862
723705763596783618
718441504402837504
718788277516509184
3389897933
185551954
722050772091936768
722053347205869568
716018327974494210
1046952529
713824139161640960
3356244913
927019236
723087882689253377
3959300057
711202865390473216
721992740024774656
3356127792
720327275829301248
341613239
715448108407201792
4889794025
704420123633950721
704422834647506944
704411466288517120
448143937
4899222334
721973747465469952
2539650026
717203322625781760
710520051691081728
3029805729
4752801155
723061961076793344
711899232643506176
720640322645180416
1183887576
706625158186840064
4857649127
715836727336771586
3522918256
58791074
718536633272807425
2378881075
722649547286122496
717064460301680640
721993056866721792
721842495072677888
3634751595
2255872778
721462536571326464
4431147739
4794485362
720639346936791040
4801839203
4791685041
4797535666
4794313299
708917794734219264
4820325539
4756923920
4892914084
4792159035
719833282821693440
4791930561
4793371996
4884600429
4795588547
2217071394
702283684523675648
3399683739
3112751157
721990011894239232
719935304698896390
715545415802859520
746553744
4801800267
4828039776
36757099
4411018223
4794314241
4796990338
709197082662404096
4797829889
4885676669
716843729684992000
701847487687036929
17075780
4797725415
4796817921
20023015
719903019031269376
464011046
718201554973679617
720573362146304000
2510708123
4520002108
37185809
722009083092537344
2994203381
4865233155
4797422013
4798660187
4796958946
4798729192
4795571890
4801846175
719832803412729857
4798670315
717044298395557888
312927309
702651014390943744
4919575811
4803614029
719473075625050112
1035799080
4783435042
3590533518
708411907024117761
721067999415963654
4777614569
4796854035
718728978622717952
1491657474
824330892
4886949437
719832490714800128
21827115
1017637160
1190221885
713820212986916864
700709723167789056
781319274
707650553443057664
715309411070296065
721029974128402432
80115501
1036218252
706620945008599041
714887627225370624
4418871940
4429227014
4926526863
334387933
2519053978
2409261816
707787883265069056
2463673080
2888679870
720582319589965825
4686103346
702092125958250497
46122264
3954633133
4007612714
713374408551702528
720504900766011392
720332791255212032
720387948886171653
90570778
704093812336025600
704012371724005377
703883709922070528
3032063770
3488732903
2194422126
2182749554
433314315
2530819178
718578462
243371409
4210527562
1423147334
715933835339382784
718908447299891200
3286140643
875061402
2575198087
3289885236
4873049326
4316013435
2856809435
2536213908
717780274507939840
1317410754
1046668020
704701763983699968
4896858243
4886883033
707047817437585409
712820868431347713
704049011796348928
33079769
41243681
3375159177
3112992579
16155503
713857078364807168
1036957267
125909490
1103901528
3711548295
4330919248
713895502501322752
2522860108
3235298794
426537939
1718887490
3334881039
1032597090
4842249530
717673456549171203
3259269560
3766834466
712073587398676484
120544613
1127049992
716476799337693184
713042883335602176
1037965327
2180511068
706344707698368512
4237953669
694728278435766273
4167812242
2904389591
3707186472
4895019749
704140270707855360
702092134623617024
703984285510926337
4726564058
696785902295773184
716859844796354560
4842134256
712493105455366144
185118669
713519118960476160
714980609530179591
3000534305
3256669672
2550858750
3070369715
3026713750
718854190072733696
716918831604740097
718793098285969408
695591419818418178
394773536
4921987491
334984455
2720627318
4891126227
40577661
4888868373
4892150077
702378067482824704
315243495
2742631254
718605514289070080
4237864540
1902631015
3341269995
713511821240614912
712377633439354880
718582836928909312
711792413858091008
4195422171
708357790331478017
718548572233408513
3802210634
3954616293
718562619611815936
2865007538
2427454909
4877619046
712133742656036864
715402549570850816
25634203
717814733919928320
2564053544
36957386
92021910
1039568845
484018828
3104652934
700920899625586688
16513416
718056944372752385
716465794998149124
4842841366
703814475955249152
3395947565
726941310
4460747782
717119611938934785
3317994927
713770036087771136
4906375432
4855128028
714697784960675840
2310181080
716296936115027968
4439538320
708998453318324224
714681684864667648
1035914238
4760654419
1015371271
703193757190004738
4439497032
81329639
715914836920705025
1037211055
716430925857300481
624036196
218551678
1039394665
3133670414
716982215469572097
4715816904
717005418850082816
717004046603780097
3636961752
716999644048437248
716998498512674818
1262776610
714473106086240256
714474101721706496
714472694562033664
714471180091203584
714470781506482177
