2692138344
722067815231066113
3480574942
2513593632
1707061544
3405243611
2240612102
715963427877990400
4810133564
714807943082868736
4385336301
447307876
3592244421
719723001822998528
719051285119504388
721901050010169345
715958854853468161
3837666322
4374314599
721877221841965056
723440785211842560
720746242947596288
79572855
717067696676990976
1115042976
23274910
717192041751425024
713394995684708352
2555710802
714845955552579585
717853177228431361
342792622
2727526190
4300378222
720976611256901633
3515936003
35724090
3917198055
2382930415
4460277503
65558306
1039484749
2858730280
2453790212
714471967970164737
1015494314
41281473
4836323595
270038023
972124033
3286300087
2745879450
704857150665973761
1035638084
3854038335
722182806307266560
131647626
433314315
2927165685
712683937273741313
4866375268
2465049607
2362439048
721164834356613120
721857103787204608
720780342349733889
296242879
4885961924
714486203043745792
93030447
373145724
721792222652428288
3279210082
713147031531851778
2941075884
703236920705286145
721616806968893440
720875634394697728
721589383174963201
151198065
721378196554412033
2341381782
710241443156201473
3208013008
713335364971335680
713392010279854080
2496088379
720228659978715136
632346708
721231835737497601
721230025341722625
448764443
4889473648
720965257771020288
3133670414
4875947446
4613555787
1046551154
715263121087180801
4247919615
4307267421
718218797283454976
