718777919611518976
3064449364
167534409
2314752048
716266168361816064
4159344255
4306353981
372972064
720355796043739138
4892366285
2889193981
2285977472
2567599172
705891900272812032
722612628368027648
3099451954
4259248035
3794919262
720719230249910272
717878981446524929
721181924035862528
4854317610
1172170568
2350110991
397495508
720808622268133376
718410206036811776
701730013272547329
721103747628212224
1353696488
720374751563161601
3367255677
721393068771921921
328990309
719991250196176897
2524481989
2153915293
4614516436
373539804
721481270862028801
713580863670325248
720751056959877120
1400868584
4861888526
143943845
4261261459
721154463604588544
3082162844
2795304973
721079753168453632
720113215645052928
3302377786
2360154277
4764969013
1798527126
1555970131
721380561844047873
721135899522809857
2985606785
721425001879101440
720196848657547264
4382587034
2314509950
721486804948361216
2796824202
29186267
4827766642
2990913244
42099432
3140981741
3229171011
1591794392
3042674728
1535183184
257232528
2201496169
3304000004
3128080097
4563651318
3478545134
702226361646190593
195874713
1892233141
2945657641
720869215494754304
1411676395
720997303880966144
719094599009058817
2263298545
506280420
1473838856
2360514200
1045136922
2523197095
2279511630
3351126796
