3854038335
3023037872
722196658545692672
712236068096118784
538551676
3633343876
870912330
2972147579
2198845901
4448663292
4127070801
2518907632
3326112785
3332752102
1455947792
2495634776
2885162304
363768701
2269845821
487038060
493539887
2577787249
1463785838
2425745903
2372975179
2428297870
2305712640
2251375809
2291789835
995078166
2226298091
1441200594
2216676272
2209700967
572013983
2208097529
2209619351
2205283917
2206381183
984900865
493511560
311217489
558975563
537343048
1205509837
1437282800
707906900
632463968
