2749858280
725776399139770368
34019478
149306929
28453777
1090813668
3008523740
711338984949952512
3474565399
19173608
2709820056
2291521993
223372452
723371898986356737
4218156466
4866551273
1339871419
1345580348
4861613118
705901677887361024
714467736735375360
1890925297
15166145
3287916110
481725816
711007543255027712
21824090
4852157987
4438408632
191229219
2751990444
1321530492
3674728633
3270341821
286449548
155884347
3292588877
4041698549
1418979942
2941252923
876642224
433517194
395693272
2552566010
712797911848001536
479171165
65455370
695574024626241536
1388516581
4100919203
2310945623
1921142294
3195774341
2385431253
2729088441
243831804
2309421921
156374451
340952504
3038340215
4520911289
18281695
3941108893
702194839241281536
52033000
3635741897
3480148693
1169054324
4889485625
3609762852
4564047262
718494421537398784
3927572774
2581758266
709850098549784580
4590614475
70833127
19278912
717820719942356994
721456838286422017
537825629
4512883994
251493077
38190775
87087697
381120554
101590241
3459166967
3642738076
947841096
241793407
3229013454
2323674306
715312709450002432
3229952864
3045993761
705860846921056258
1004912726
105295143
4871908732
27789999
31595186
2875386579
272722754
1125937411
3197901050
194663746
561654065
719254367686107136
3283581596
185756687
4148671785
705792417627148288
706112293227069440
153004283
4908683097
714920195400269826
720185507511214081
4786132700
720941168209633280
2441643776
318001410
719338689243979776
2873787196
2293329019
4499382678
1602497658
2904014815
4417130582
56649139
3289994907
493776580
3252669380
715636204964876288
110855805
2416610363
1091646974
4224729994
197610038
705902960967094272
1020857448
1107096824
334603161
2320631704
4744232172
124008569
713322236657020928
719864948504031232
3326455393
2481733476
3696155236
4898583035
3285975517
3282395822
4869058761
4271048052
4255054333
135577188
2878172763
2338050279
193201700
212023751
3430176958
3043354941
867074707
717484315198808068
145352894
76647600
700502042675052544
3396584299
3023037872
3138338070
40196662
180965632
2787183385
716760023213297664
706692222473752576
709337454453649408
1415467322
265924831
18727347
17925965
1688435078
18245970
2821213109
2853592493
2343333907
4727900659
3340267793
1533910177
709205944115142656
702227337077776384
218447748
4889784711
812627268
1612140752
4871364018
39683274
3401688225
77012250
889982376
708220170729291776
1528212727
3407890707
256747148
2905554237
3885721520
705557162265845760
2571386066
707347070835752960
862621807
4410363022
273287404
98971882
2183282977
17327882
19341224
3231974736
1120000410
716578040030035969
2672949296
3314758074
826537184
240531800
2542139300
705465876997402625
4770712226
1359226843
76022818
