1957282225
723351596004990976
127993185
322919153
4599269487
565669615
2877044460
723232772500889600
719494905295478784
2399281403
908784840
25439493
514001419
706528096246059008
2432920856
2483046024
481610795
707674661073461248
707678695331221504
1559646720
1952890728
721810462996738048
718518655764545537
2485019736
717057048224071680
3671672247
2465062034
4927600048
702601060502904832
596433136
1036451635
455102149
4754135729
172136485
4777262900
2748944294
706453111456604160
3115017577
2796247106
2927249300
722254654483087361
722215236103757825
50772182
3342041495
3142559138
1860041456
698930208645214208
2467608127
4499438952
4089593595
1036570303
3400783846
946800013
189952620
1039214568
710047637458821120
953899808
719739055433453568
721248746617614336
706237713033388033
4899023004
768819619
276071720
862029721
718124282212126721
295597205
2238755498
4457909721
718396474212671488
719444560087236608
4099523897
2914031509
715936193641390080
3728199438
4401501923
1012651152
718544064392642561
715999630232825856
3559746798
718777459924189188
717445806635290624
718778265461202944
719471710848839680
718391251519815681
2489397050
1125699283
480676230
716318145745563648
4829546367
1037645040
1039118641
397500119
261080640
379435110
343924051
3022175850
2718763164
715879179795828736
718552826738262016
701618983074664448
718827148795125760
2513849420
1053541051
714837222869041152
2555710802
4649801749
702012775992668161
771474990
1356591600
1039568845
718521300784910336
2362486116
985500936
3600075852
716811049698213888
385351315
23106969
3112715697
3163267936
718080044862672896
187378174
19515721
4290347849
1018098324
701163249698545664
1598405569
705818684078559232
718106490800902144
3334812261
3100124093
389320918
717617988585697280
716370107396710400
711986378628796417
4417290263
919439012
3170253906
2333828197
717684105396269056
3435633112
715866110596349952
3335240104
707583099715129345
401718031
1033172568
1975451348
717746823616663553
553787695
705375412885594113
487466557
2272765093
3235079948
427619141
1134335449
2473579880
2341289324
2505730651
2506964468
2473995234
2553418472
2299359649
2502498632
2222788687
582616484
2937323047
1033916059
1229568980
717445249803689985
716790832637067264
164753226
444106011
2929600757
2499770924
713643095963934720
701545960636358656
1036122265
1038148980
440340466
98667044
3910029021
428616971
3247509301
411278938
1036319912
139132967
1015415034
1015778454
623780019
861574758
1697521460
2846572467
343420501
2453790212
3762150915
3065531261
716659093147160576
425995297
4847292521
716876665297756160
3228346436
709266679176499200
2258177029
2167780788
2822681772
4847682957
191423777
582689150
716639753454665728
402957345
4336966693
716613212024741888
716312975708135425
2842173479
2465245849
4099879280
3100266157
1401194748
4281717556
2956349465
716569251428098048
716567805093617664
2464236667
716562162194456576
2667460433
2552973666
716540261812281344
716540131839197184
4431258268
