2894370171
221826776
2467599008
715930964585816064
1036957267
1034897832
1038273289
2655524587
1033261344
1036550713
1038185856
1032450656
1046920142
4843790499
720647407210467328
3348936484
1038204073
1046369228
2536357704
1035713742
582678395
1036582710
2987664965
1038370399
2454409627
1033460988
703603354908360704
1038006656
1012985142
717118597009698820
717130176069500928
574672784
1018115978
1015092014
2520748074
1038278293
1013105504
1033364390
1046251712
1034623446
717189162655358976
709395056210345985
694920641326227457
705802322992111616
582681311
3686562255
1642007714
582667556
270435439
582683927
582675338
606057302
92863847
708381130605527040
716151072717451264
2349185510
716148114021867520
716146482164994049
716035263802245120
218997952
716005047600021505
716002202033254403
715943291737546753
716000616074637315
49774932
716000620327669761
