711772645122043904
1039310862
2367704185
1035152227
1018137144
4855822413
715835023623077889
1039930824
1032921054
1039442420
715716445884268544
4697012232
3184624790
1037725160
710847076926689281
1704792720
715696733804699649
955420694
716091335346794497
1036600094
717457686128943104
717436020120227840
1035314394
1038346255
704658691551858688
1033590474
717288080189825024
1035417116
57209758
1016317238
716392376130998274
1038033397
343157640
3014848228
2931925367
1165435177
3130345198
707182057605169152
709963278429118464
3072494595
3259720358
474439296
1494791550
4711332914
218552201
711712432171962372
1923986191
711784874001223680
4903722491
542949295
703526526415986688
716096608400760833
715489516283236352
3163962228
706804703536025600
2849767567
1457092674
716090883993706497
