826537184
4664790501
724893189560258560
1372786812
3248141375
2945359946
3284112337
1020857448
2294762225
3161660191
11187462
715496304777015296
324552159
3316868654
3673843463
718818344309231616
4085110516
1493267851
28918971
1955132936
33611715
74167230
720543755594432512
326441040
3027052225
89277004
19341224
714575249128423424
903377622
264268489
158060289
2478015324
1618641848
35216399
1096901059
1065869268
710990834972233728
703011167229186048
721730076585422850
720065344216436736
720947764071436288
703172384686145536
2792409146
2736745810
720243070961348608
4154041574
2393063119
1947501678
3304455363
208083510
711977155542921216
4700429238
342894187
2959497429
105056014
1046636844
715273665823293442
717416154613022720
3179662599
