704889875212926976
403708251
713874298876796928
726085771556331520
279612469
942868836
184628546
3307329461
715923987918888960
723555882680737792
4884176846
163340416
724216050418630656
30511255
231023430
308997977
526985477
51738464
4809092232
428661895
705743274103803904
129943310
717890966233874432
3809379317
3392152409
3489515293
455463626
2726311681
154350597
940503344
2205261256
20245730
191919142
709085397586939906
4214490557
713220523677892608
2715003007
188298398
3688570336
712392667510870017
199883469
532779124
3296504462
1553281753
1206775117
4440678868
725245719662190592
714395530558894081
712391107439665152
725469308558663680
702524531412488193
725041883257430016
707282345192263680
710113002087796737
30500021
190044015
111225697
3568884553
876040219
1278967314
17010913
151633598
119534385
395693272
22570887
725420187617484801
94053571
102824312
18087450
226526577
288455050
1666504591
1888576038
724533422308364289
724893189560258560
539721796
4831072780
16710420
723307674331418624
2912118236
3308703357
3130363229
2944758356
1548975014
710212758466236416
30122242
722874740826701824
198320129
94607882
579187283
4410278368
725072617250668545
4482294142
1185048103
937219711
1090895881
64067668
23110106
183411039
721759038170537985
705506254500790278
703893401071067136
1494835716
417990531
1491304592
4851732400
4883035583
4512741863
720811727256973313
466988327
711393889731657732
722006503914356736
259349567
148223322
713354963926188034
4033144487
3066382722
318044919
724743737486770177
152054762
3466388606
1392359263
3038148793
832119061
19173608
4551720146
473704565
4128509135
3709245494
1903011139
67052442
923885029
542181157
892071500
4833162304
83749928
476494583
125744394
387265077
421991445
108593067
635195109
422838569
2158806852
890497890
719293977732579328
3430781223
712164519984939008
696160650108645376
1112345178
45671910
3115816309
61050338
3089040558
3480349520
723848833969598464
976664240
83696994
3005762823
2525675331
1912292184
2877712525
2208095516
713553481651462145
1415002428
16937082
2192669496
2953865988
269488377
49709066
714202855666794496
4871126956
393190233
15995652
347627434
16716652
706189400829513728
826537184
711312929153486849
16004747
93506338
395476407
14563368
446228264
706586325072400386
356302462
4769536303
705187111981465600
2695178941
2884079135
2174509045
438051476
4855698568
4903822932
148004218
15650882
2984814863
1724144856
719974159183286272
4691189473
1546426322
2916054140
44135635
3113652247
3706259473
3544609993
703159573411028992
4547869279
194619305
3023863007
3719791095
2764770081
24610050
704411466288517120
3421419371
718527061871046656
1883797237
34358816
4893667468
245645251
410170867
227410667
354248645
328572979
239160808
65455370
4908391490
15077409
1694678216
4553803392
3274850304
318001410
360805303
722110836857176065
1282414117
704289848673357824
2227231045
4887373775
3222795979
1575689569
2884852551
16606038
379962842
159447476
22936237
4786763677
1109949931
211901464
721939965144227840
317652514
17148456
2467794883
322879013
3316868654
4800862086
4834923616
26122639
2436723198
709497411144523776
708265425998618625
8797722
35216399
29531485
53704876
3270341821
207271383
180074028
74610516
3255069311
27835263
403171779
706558548537270272
233933230
715741371307401217
3420648226
847910245
441063307
1419210638
719582240196308992
17723632
43196336
44377087
106637776
397153645
44865735
3309518194
4765364386
4594814402
49964679
4821135339
531932499
696724741806231554
705441494698762240
4399418536
3131690026
707718853
1037167711
704812869393768450
3265899319
4652788697
925310696
4851276082
604486877
722361901716385792
4903798823
718986955006955520
4687587470
1191779618
705961747157397505
4187388423
46315077
711780260401041408
4828311314
384291112
4758781980
74760597
248878026
111642101
4818208875
20826129
2725911162
2347517296
387661638
1839504895
3622904116
431917957
3123971965
4925875802
2585428700
1037495348
14241002
4611446594
3362693352
56449803
192538987
28146479
711634477336829952
712498907318591488
151629270
3923969715
407490941
232698219
1634019780
1618641848
190589983
575586273
50836292
449110269
204132287
3795292154
336145241
705443933199814656
633441834
4879859986
3794736614
45450902
4663696034
714123468833480707
4890187717
721070772756688898
4430503527
28534205
634595966
2438724661
928910886
3592503441
721699994575728642
715015943554924544
4195481594
3539369717
2816007016
474258194
2893768217
275707595
2166712563
115827236
445990056
705448286749126656
18844955
41919896
3400894919
4908778357
178083995
720850305756213248
2461452080
4837004436
711623872903122945
4659513317
705443553682591745
711789306642370560
1288986829
2573939444
3794595441
719201186646212608
44914646
76514412
3226142304
2822558919
4906853915
3311054952
933693476
38720988
375088757
3285647851
426744815
61608747
103082080
702960609990545408
2874359694
3677742792
711211955487252481
4926495803
4848049753
366517094
284241195
4861280291
3320545346
2683324987
705807468912381953
188803735
4853224563
477410739
3107736959
712505673322377216
1599562578
2238733568
581161150
714232216809828352
714903361242460160
4810747934
4895085192
3005641411
3155025981
14828860
2316246829
2952391619
710990834972233728
3580248555
702194839241281536
1339060338
3253220934
3195632112
538711270
343334093
3224850985
4856462373
1264928161
135990201
1210511564
31243987
713473496689590272
4858876752
875627605
2382962982
389661086
3331932665
2167674121
4517951
16940220
4836929488
3711628096
3027052225
136166272
222974563
563997163
103106691
2279611712
4099366289
62554155
35099519
309205240
4875427757
352539661
449970544
3327937874
2903166449
3063733277
58253405
2853592493
321982863
705229345745276928
4763225023
25373969
115681686
90379747
713992770499780608
3309422527
69436228
29774065
3675016697
50094643
51757492
720340387613683713
2473502048
4751432442
3278060623
4785202752
3320051289
526662730
367932654
2859269159
720271483398787073
930431917
4289720041
24025673
705440373825474560
261749735
3173651177
264268489
528975480
1041079664
32861990
711709016959791105
47900566
710723351090626560
403211452
4520721863
2776376446
123678702
3836008983
107012365
4862031445
318182225
2784632127
21091983
381108914
3430176958
1433427858
3092625141
4258239203
3408791968
3911057572
4345685308
705449093146005510
54065567
4821980768
3285819409
271602903
710979399684898816
3192848121
1417793336
368544047
417451460
358892210
5950272
713269200924467200
304061756
3015562545
719125463499685888
413633210
3676940660
704692489110876161
704304798846296065
2410103844
85904700
1526553212
2855490617
3023037872
46302096
709555605887782912
26652733
2820675258
706232376519761922
443304640
70156027
2206200767
712795210342858754
19136850
2249692951
2816395922
3307776386
3641827512
2808778740
4065201676
192243086
812352685
703661055835136000
519011732
3937790773
1363449445
710545371978670081
3424241752
559656338
4811536403
2227619075
712563365466415104
2338352352
4160847493
1922383902
3396584299
4319306832
702685283452657666
4739845481
710606939915354112
76647600
2892068073
75736238
3419229712
3150627607
716588389898797056
1007740999
709429829855092736
3995952972
51967388
4926296153
3229884629
3124928944
714105137053048832
4872695193
1033460988
1037172084
3673042064
2409736315
705557162265845760
4886534068
376531194
1033226828
16190478
261441411
3325053703
706692222473752576
831568484
342894187
16916866
2850089855
2393063119
2547022171
19341224
3271255423
1947900744
121689892
29380505
302877784
3886472352
2481937027
4417130582
173596456
715496304777015296
1493267851
716572986397036545
3352452365
208083510
703082196706447360
3277495507
4478395109
3284112337
49136127
1957558952
716402039903879168
3146652697
716400260105547776
4715891902
