4185271408
705255771869724672
718201234658828288
1640448739
4792633199
707286858661765120
705256331750596608
1037213066
3066013984
717895739632910336
3982566795
3300599392
4695962138
718606711511195650
18953708
4884906862
2798536076
1259533909
1046472878
22989425
925781377
1037448456
4570552163
318132587
139988522
2798613757
1278731946
721131575807574017
704201656821354496
720758686621179904
718895615183335424
720294101938122754
718896364965535744
4862672599
2999667652
2917035601
715757470547898368
394786370
4853622647
4914786152
2860941556
263985862
719730722509074436
717225313235771392
2897930914
1046798744
1033001952
393660770
265260401
2435632820
28196367
4614576372
1524504108
389637601
712471529867644928
712185658148663297
14756982
2305378238
2532286644
3392188198
4836323595
424340222
2970111073
1163427092
92415827
3791550193
845940734
1393603976
705080113172361216
611530014
737927700
3713764820
23761484
3290186977
270729511
739013040
68998292
717847978380103681
2899109548
543751139
710525230049927168
708431753325780993
4444982356
781319274
1591687903
712364094389551104
703561088
4870038113
718637357436649473
1864228866
2678090893
2937528058
37350587
715396100601974784
2903843159
301083222
226285866
718339228111925250
2728223545
582762777
48218522
56938863
706834142525140992
288232527
552165830
1039246825
705873715972743168
3358893513
3367586451
3367577529
28117006
716477838275153920
716477526348943360
2416447548
278947634
716941360125882368
2749190254
718240540794490885
729508760
100625729
121833003
113719382
715726853743386624
717342166528425985
702194654712885249
702165902045872128
4104216039
716479790631399424
96558754
3655197974
16513416
316338057
716478753417723904
706411074522910720
716478024066031616
717990803646230528
716762372279517184
1856670427
715416531052548097
1039159086
713779667191209984
712812538451337216
85653101
710820059602497536
2325756884
717819419469209602
3257223745
1353696488
717128844654854144
3311799561
717059838111563776
3386090800
2394624246
634140134
717388624266792960
710769109328400388
2784105782
64414615
22311903
716676985913643008
1038166140
297599184
1335126906
123678702
342432884
2439596143
24958945
1033115672
2575504710
1035283154
1038282391
3319243126
16947284
2792409146
1033211821
4635769957
716364567820050437
2926842944
1190498018
3014848228
67310480
1037398040
3290720444
717231595967655938
3065531261
701609590782210048
67156253
1033127436
1035366403
2613022633
4873000631
1033009590
1033056433
1036692823
1016222138
705834057574260736
562246526
1014770365
2959497429
1022728536
965255749
2372300468
16452136
116054644
3054630943
4643811147
18539631
3317193391
3540418216
76583112
221821998
702384024912838658
2347094731
2465245849
144901577
703534602300874752
703526526415986688
4698420439
3100207514
2716446619
4845323602
21417353
710999685868048384
3011339794
4848239933
314899828
264769653
716606808601788416
264017478
714732054588612608
3168621822
202563759
2689106922
3141363254
706519933392457728
4336668862
4336326797
1029877729
716852123074486272
716848386159153152
1112500548
716850410661748736
18211217
716851189023948801
3238845428
