713991656442302464
18161620
1098959714
720130950504517632
3284680262
288455050
531659443
552087109
4430503527
129943310
3115816309
3489515293
4718501003
3480148693
2809434797
347627434
3023037872
725781893065658368
399037297
3053280354
2418948093
3503962453
703519804527878144
3392941000
455895585
343772856
861963872
2971772202
4475703073
3514826593
4678257476
26643566
2975468251
284653473
4765364386
54052856
2793018356
14465607
710212758466236416
3400894919
222974563
3960331295
3296504462
526985477
1618641848
239760871
188807646
4803261008
154350597
725041883257430016
3029213375
35430413
972909709
3957920723
725076018013327361
724495827054432256
374760130
1027809378
4542164494
2939887556
235998838
340428574
97990686
706993037315076096
292590965
2616520477
2660102684
1299803965
1000886101
38646221
3466388606
724730714118303744
153492935
4869444615
717754449620570117
705743274103803904
605963171
134850783
1428878839
394273942
2941051091
2404148318
707197424079544320
1727699204
21939082
480500298
4436638932
258329760
44135635
3625865482
4832681197
22186690
33529092
4797850879
3417165439
1886431166
718317673394933760
3168209881
561654065
297457814
92097468
427515600
95687734
849862741
406483952
3033087649
317561814
3171817168
4874129992
704215172236353536
29236749
711601518273818628
720841204984717313
93506338
4358227407
3138486678
55772489
2176120173
723303098215739392
4831603043
513873998
709497411144523776
2231753876
162786595
4853820677
722909317553352704
115708495
4855720452
2791180910
4340273833
722906579880660996
722905416049561600
532542705
1127354600
341769961
395476407
533385520
2389326866
486508901
4247959813
3101613139
4479812413
3281910150
4195481594
1963995792
1072992504
3161019538
82383649
4345523654
1715440542
722518083642916868
722541659494424577
722543224422707201
722535076060348417
722494328451526656
3418648421
1491304592
4703317886
719965497530445828
4890187717
2319362190
705961747157397505
703492329370361857
43196336
104466132
2563966032
190589983
2891261245
1853428015
330605466
23433605
705083633812566016
708087947069935617
4364693417
712088023891091457
4923221952
1468917816
89040720
702540493905907712
703203266004393984
4871126956
1222417824
3809379317
4914539795
22339165
176336596
186893167
335206333
4705424636
711977155542921216
2302134816
26876136
33059689
1895019528
3427099624
4925105089
4843914659
4846905740
3407135421
375669510
2997910595
387661638
715123804935094272
274891222
1964696436
41919896
2478015324
2562154980
227410667
2223064093
3416505311
4249418631
2329396765
709018942904340480
50094643
703990775223169025
4063654996
718476785537523712
708265425998618625
2944758356
3305657700
37630113
720545638081892352
272918023
718714810406285312
4866287061
35216825
3677742792
1376536760
716490597746491392
4283782033
2540287794
391035513
3224570478
4871326308
718189311989035008
4843615563
3390214067
707293953557729280
4422984375
3720713054
629327311
2985114214
3349925638
1424501114
2386894920
395700090
3279791720
715204731782561793
18929394
2725911162
1185048103
3148258079
905374200
880237465
4906853915
3228021464
712772376870522880
3248141375
3388611785
395462175
240086400
715308998912815104
710656531906371584
4808999154
705446574328057856
3303268660
709510866
356244482
2953815043
1849938847
26368462
1433427858
4228642894
121521978
2244334598
889024146
3186834098
489682278
79646958
705443933199814656
55976150
4281538335
1343305784
3789568340
17723632
826537184
35216399
705807468912381953
702176285280174082
2581758266
158060289
3243924564
714307238546919426
4896838577
715713901430591488
291650241
4064624112
718804674984304640
4867884322
223719518
2746819817
261749735
3309422527
118401061
229425906
862831842
3811615161
853259838
717359740259422208
718452199680974848
1339060338
1117011260
193414964
713255710809841664
1187675324
1587544951
4685262612
3220781064
3661479505
93201495
2344426058
162301746
3418994063
340298107
712706648327004160
588192356
3273222469
2715365275
2789007712
3192848121
3075254828
33053749
75736238
62452257
22883168
78194344
3308193378
716734128687878144
4679513822
898111800
3291902538
573298983
4821135339
3749872277
534117566
702654671308005376
3054471976
929430463
121689892
32495439
48100522
55975531
4822842671
3884091257
4855164370
202729390
4105765714
717499396393291776
710550537444265985
2966732524
4184859132
710306690730696705
2208095516
407490941
45450902
4840937793
2790368585
46315077
3946915763
3324614036
706692222473752576
3254709360
719926400824651776
538968307
14828860
718136291951525888
714202855666794496
825501626
381108914
4118701814
718561802787930113
715108799565008896
4234566983
395390955
712430589194985472
2878075066
3285819409
4345493055
707246228191318016
2861152027
2319339266
28673900
4128555484
2858271148
46302096
714903361242460160
19341224
2431253425
4764967337
31170963
1368478189
715588975881232384
94607882
531351424
273400168
719653525463166976
4547869279
4568967720
701556393371951104
880954753
703226166132346883
3960275320
71428998
461558727
121217779
4299954755
451136428
3837213803
903377622
375842420
137116929
46204483
3271255423
87031170
473704565
32144891
73408582
3316417512
1383107726
74662993
4734689232
475158308
1543924651
711589795449864192
164517537
3313043539
4338733993
2588109960
301142441
2393063119
21651982
320917731
2795403212
460629863
715496304777015296
1172892373
69685624
715669582644523008
18407249
19173608
70156027
3104545022
3647712853
1494835716
315469915
706186209949712384
714596653626318848
3179662599
514687390
2514475647
812352685
28146479
2650655484
430084739
293294124
15909396
1531911318
4730674058
4471122433
708391853251428352
162876920
708697173689413632
15240212
2481937027
208083510
701806162950418435
2410866554
710990834972233728
276356796
3239739028
4182380774
48866739
3284112337
4283028793
373112400
1037582132
159008138
1169604386
717524891356897280
582673225
711707050963644416
582674507
268355879
2800810057
2792409146
4851866200
716729741651279872
