3648525504
721013265258672128
724771985419591680
3066648924
715943238029283328
710925175437594626
4833607714
3025791786
722102507514830848
713726619995750400
2940467303
705597972814258179
706203892485365760
724370800560754688
4300325062
4787846476
3337290611
720126431804727296
4865128875
4914001619
723274692170276866
165356455
712841011496529920
4183575693
3127560335
3429709827
711583402424598528
3649752673
723701876105998336
4889219711
4781577023
723669318781771776
2980219505
722042496843452416
719369394191745024
3341680719
714075028229193728
723499569753939968
3130058097
723513346645843968
4866796269
719383176720699393
711609806826639360
4812898643
718598429329330176
4721364372
3246814510
3036457289
723323308683476992
714278118123577344
714105456164257793
722218572404154368
718833611303219201
721720365894995968
542627359
720427999150108672
719907858096254976
719955545407504384
3147777574
721319721983938561
720947081762869249
721909674371588096
700301654692753409
722767294196133888
715220078636179456
722201193687183360
712446233747529729
720451923393015808
248417832
3226403837
722240495821438976
720696601157701632
713866066062098432
702906374070652928
4631576175
2734473343
3201786454
4474066273
2949789940
706002007497302016
722662566816784384
720917970889740288
718958478040154112
714972020644118530
4850845390
716613806718234624
3423222226
3000635818
4091601376
714497247115919360
4461506175
707144546967265280
721312638697869313
717171864964042752
3409251563
4833192969
4318101675
720857352241434624
2740578932
721326733367066624
75300652
4865250491
187629088
721324173855993857
4777385352
706421702914277376
711847430262624256
707503717273116672
4388255482
709072423958814722
348986525
703030622839767040
721321094280527872
3288492794
709337043470430208
4290541216
3921252509
722357035145289728
721353039190302721
722356365512032256
2313053541
4736243234
719829101255766016
4917109029
702202245
4909647575
713089214347214848
3963156095
718248659301830658
720369814171045888
722228479387967488
2506633333
705183456867667968
1129410818
697542865375911936
528739646
3751137135
713762773440835585
3199619631
2690642720
706551904147529728
437556667
720360548982984705
4408693335
2665844012
1369759141
720966030055616512
332497740
722186795522334720
722186367137132544
722185667304890369
720745095247609856
722185421535461377
1572667410
720967910395658240
4924237407
4420885576
625928431
324385527
722162230721191937
3420335085
3096824838
4843369461
2382250010
3698934622
4398985995
3373153996
3411297646
722153009216626688
4049880862
716359480368304129
4297103722
1597079408
4844054470
4763534355
704263783619895296
4883100551
709051226218954754
721089407365836800
363768745
3042111942
721124681391206401
2983699799
2278019280
705834560030973952
713855037907316736
700726123311841280
720347542223892484
720265802578919426
4901730759
4536939317
1475994811
3195281937
715901511419748352
708679229479587841
712302720623972353
1316119352
719027984556904448
713297817809215489
3018694449
3377983461
706892521310441472
4845598936
2982124493
717717173444157440
713901351525330944
708789607572312067
707560191945023488
717480418124152834
714423259916144641
719399126325161984
2893665573
4130181556
715275874354987012
4859877472
706310552201633793
3932901735
714171289188114432
719187495406034944
707326214923546624
4085974816
713271400287481856
4894440819
3242732866
704938949974827008
2866676009
4848748617
710306319832473601
707278034672467968
3734328016
1313948636
712065040183074817
2725872135
700750724985126912
710319482678472705
715235424424177665
4048569495
1173072408
3243383471
703955752218705920
2981282807
4578548177
385166494
2218559240
3050951214
713092582969106432
350640601
718494806129946625
715232026434150400
4048943428
4832981231
4831085585
715235124225445888
4903113549
711523829764337664
3956936537
718385406774001666
3120954760
700905617473417217
3807122237
709035339898298371
4885813931
2580989198
4737139516
1641677016
3242118219
4269119908
718122891456417793
708131597439127552
712416910978236417
710946304105517057
1120017908
574678786
713726614073446400
716570603763924992
3411196420
314722595
1833366042
717918031091863552
715032087137529856
3326044706
2787359266
706483670627049472
4688195652
2175098083
437923758
301252940
3360930029
714275036312559622
4748195398
709167896782577664
3571949475
224482190
2427877111
716007973731086336
715791674396569602
4864126911
2214194485
4056721636
2889837490
708656375350632449
3889978229
76161750
4668878962
250375593
2458519777
4905727888
2798096676
4606320315
4922645849
2914139141
1104407852
3623183239
4796896462
714484189417091072
4850091555
607900242
1139601374
2696112996
717352878013157377
716989302182387712
4699915702
2656447815
709117494292836353
714004987085516800
716405610959532032
716512343568556033
4877770672
717439471185166336
708411689696370689
3383691094
4085909714
3388783225
3431362258
707255085567516672
4824246935
715336102052282369
2934880319
712828992391417857
4515788775
4755444683
1485781506
4833687975
3762944056
2458693381
3341923642
4827852587
709472480566583296
3282520316
4704518064
4857860043
1912255202
4874724195
4874968799
4537913193
220138310
3342148990
716300434793738240
319752071
715674902355906560
713484520713011200
1094981084
2922709930
713204948561956864
3383240723
706920916408786944
710849647741378564
360823213
703057208939048960
704783992252461056
4795456417
