2997030267
1885215037
383214264
103126490
114180931
620362072
3169854131
168671786
1708223994
379942381
2526405804
334243389
431153465
113946239
3318994653
2478384601
3982350257
3303964871
2958177345
3074358504
725452665665118208
2962404305
1035890796
3115886391
2327674405
3112299732
3021232999
58405672
2763346187
817582591
2694488472
3292114203
282632868
309817750
3023291293
3042423486
727387308
143906382
1576574070
40617734
2466439189
471363689
72765834
491571555
2616231068
3085781111
2907725035
585863802
52440999
762388376
67479033
522566870
410066655
36142099
314008306
4343148857
846236215
2361397957
1686607736
14386766
505149482
332346853
2247468945
485475104
2929000285
3341023947
127790292
762556988
2864270904
154962910
3072979103
3037155792
2912298200
2343969703
4541948116
25892484
3359325279
2922174957
3273447066
300454943
3268396651
3024526440
3366663275
19102612
2950709739
154256457
1039963267
482113210
2151984467
269530013
259503298
880913094
3169286557
831729216
574288101
3122948581
3299658670
2987394058
1019106212
3380561902
3234000026
92750618
47998261
2163384385
26600493
572179162
1412064840
2956820940
463198385
581270031
860949308
3054901515
366517094
1018634251
254334551
717927046
75918423
3041464691
151247501
2941499938
1358873161
1235371903
2355502264
1958729737
3038707897
3298172625
3004284791
1651373700
4006263253
527037927
2507921402
891733729
456982789
40224299
3292947007
423961389
2936329068
451911003
15701942
12909392
339052079
323358607
27488696
2957862936
21090740
3226378289
2724557755
846673729
100475819
1108807484
3131632887
2478337183
3910587252
3586213456
1120781803
19169508
1050816912
2347299216
1380288090
3075827713
72929137
3432054345
2478912267
496149187
2608690886
2967913255
56160291
3090743054
552054397
2202455982
243138640
3245491921
2834246161
38434987
3369466971
1321522866
1038467695
724049714937761792
3483612678
2915890813
2354151780
3229812175
2867919540
2941406659
3180770839
75327608
2989977376
1468225129
1662880747
3032037523
2732342100
2940634578
3312193065
3120246345
3280525202
3529823415
4789392318
373029155
2956486562
816107888
3069159292
3331383680
3410513866
1035401162
723399814524768256
2945588994
2674489308
2373843589
4426552939
3405898131
3171351282
1328987834
3411582819
4025689278
234394066
3071998669
1115591191
956535223
575740778
2960351270
1227490592
3355507173
4249747335
3318080102
2232298230
46827842
3867039987
300853148
707086431349575682
3008665736
402249447
3041715680
57588405
4046107630
230047424
2873954745
3970590614
1245083353
3291294852
2805685684
2620108466
749833711
2332969467
3815748694
3228392951
1107743130
3857423553
574197946
2989287598
3372515878
1849668247
2936256679
3154867503
512605312
2312276358
14457043
3637934367
2453097036
3304960237
263305894
2591701302
3234148856
1087347606
454344994
363966983
496844908
2558905384
190857034
4017639137
354417020
1355529368
3616707079
2933542316
211845254
381855363
4758627122
3908344154
3062023475
4114028733
3953570774
1692073548
1091216816
3063898716
716679918
4912369958
4082865394
4214770533
3272491357
3573466814
50070666
68424911
3657024149
2949543725
2910167806
2695943894
1099082510
240431608
717192919992565762
1232190475
4146888137
84664845
361578580
4538423816
4251637632
3000676761
4827766768
2850191787
4545864796
4846257527
710801056607772673
35554654
712552461400190977
3863614217
49354771
1131496434
4793649963
788458608
393140937
1697519467
2736331149
334116691
2290579372
2296198038
4813949011
139430595
3195410268
4005006215
1474976454
926936348
2790719550
331231467
3171456060
3395655678
311696939
44550718
3427956133
4167336675
466804086
2759363704
329491217
4194862829
2981873165
4049112012
21781653
2992606716
3701734397
320251613
20093793
1648003285
57807229
932539532
1107673326
81723737
1335031502
30121698
3075781411
712968428663889920
437236660
2187507661
65765233
1376711317
390238870
2465146394
324983714
3148384767
2992592895
820184737
1016693653
4506050577
3452276653
4353706222
1535082702
3421580352
2940949275
714276996830863360
4290800475
4318979487
429603816
317967764
4759413795
4384233494
16796717
2153872897
4835790869
442867929
4618515436
4453257012
3174227055
2775748302
4836847125
700511710914834432
4848731931
3229294574
1359766674
4837512845
4502546304
3323835137
2339699064
4662872297
4183678272
701867152152903680
3434516087
3178530424
4235018517
319177260
1941892826
637169135
747107234
902155442
2955125939
1308738152
2561528178
3820622671
4270635132
3098326477
398240259
722100962932965376
19405176
187580770
3291116931
384987422
241429212
702125909940174848
302941487
125728983
1100774858
942402247
4120637549
715943698526285825
232342189
721872109287424000
714532564166320128
4618403353
86179059
25114255
2176584493
2266618916
85844375
3287618430
108873647
4422334095
523590758
716522343665836032
2974762939
590440877
2906756549
4804212704
2366516712
705250847463247872
344208484
708042324266381312
4799185808
534929546
3161872574
3310865060
708379704290643968
4585374448
3405750970
462011347
61574414
4827489659
4688112589
1447790894
718834655441657858
4686783546
705217587857092608
4737422368
376346131
2202521210
597060396
4736237481
462276703
721441126687727616
3180862353
582689833
4800719416
405022806
210664458
563370038
2355223012
714523729875709952
2167620103
1569578118
3572414473
309132445
2761314155
4092684672
4841110048
2260491062
233834498
2520322787
1617885920
4586373973
706543696389529601
2983447625
4852370031
715172976963022852
3311563537
552410408
1655670690
40409398
2684905784
3546285436
702614567218708481
710862927192981504
2986168186
718071108277108736
574196343
491644782
2715180994
718829779844251648
710516119916777472
713492161719898112
717973530978062337
716692919395037184
