4569998541
4915973781
714231906498424832
706640065326219264
706180287336738816
4765220354
3840929594
201885911
1676327754
725571669452939264
3431224301
221807632
1366364995
2219164698
82062932
703254486878285825
2408280816
3053496317
4321099877
416472284
4107281777
714359325016387584
710796327068815362
710798309531754498
711897927271260161
348469806
2465049607
711299828303527936
703702570376830976
2564467952
55073736
717997879227453441
713819593286914048
2774368591
300683295
3402062711
1884085022
2944059340
