722102507514830848
720302810441588736
722393470376222721
521634788
719392426985660416
718124109092274177
720860511932252161
549621773
718125583247536128
720590652703121408
4871042651
4377510448
1488639294
716683997204623360
722254444876939265
2944926254
2744532656
99330950
722380486845284352
279224826
720578376596090880
718115635511734272
720591186986012672
4860552237
701923117246115840
720519764318113792
76915553
2858706208
722188394575577089
722186746474192897
4913294494
713669325844930560
713128978710667264
