19341224
710288878666706944
35512400
46190093
710960428004745216
718434208931155968
4692148656
191677608
4664790501
4927986136
378792696
4623597259
3138165577
411380833
4851732400
3306629815
3233623436
254729145
397382646
715169363335200768
717427533419913216
1420739510
715219546177667072
1634502234
35216399
39997450
248878026
158060289
449970544
3693271276
2431253425
3271255423
2438724661
237888723
721549372744404992
275276082
326441040
3284112337
706665518044999681
2393063119
711599829772845056
719433550320295936
4729317440
3288598806
1531974344
19173608
222974563
3161660191
30681986
745591364
16916866
718082532760281088
558369903
2461452080
46302096
208083510
124949619
620955813
3296213702
709282086775955457
718157800782839808
