338773372
3411140663
826537184
3314535722
3277814538
4765364386
3466388606
2485533937
19341224
903377622
4622843893
3005762823
719472067481980933
3171859252
2941351219
3744122597
2845207617
708063091418763264
346924655
706562279282761728
711119933992665089
15658327
18305815
65455370
3271255423
2431253425
4873283560
707718853
721133296273502208
820683806
2903166449
3292911462
2319339266
3284112337
2670232540
16190478
4928347811
708265425998618625
16456395
715204731782561793
4887373775
46302096
3950586455
706186209949712384
4102376488
705902960967094272
795181796
710456533205721088
