704361881994194946
4884176846
591349485
1541980963
2321127874
4622710752
4064624112
4345523654
4840654073
4234882707
2467794883
715817324088061952
2555461543
716079122544521216
70156027
4810747934
3685247237
4756017559
119534385
804097207
3260379132
176336596
22936237
320917731
3277814538
622661135
2975468251
2724735427
51757492
2575287182
4914539795
2233955108
705446574328057856
2906973191
3389073989
223719518
4479562812
711454551505707008
3271255423
708098284473204736
2581758266
3309169489
2455700846
2540287794
32861990
2845681325
706845290016464896
3379125117
719201186646212608
3711628096
3302023462
709086771548704769
190589983
3836008983
17723632
2319339266
167958868
31231597
46302096
61095768
2357744031
4913841012
71629071
912720674
720316299570614275
14241002
710990834972233728
261749735
449110269
154350597
4410363022
195859173
3908662753
4154041574
714259748976242688
1727699204
194663746
885794358
3411417807
4851732400
3007163826
2997910595
3284112337
2565881196
4854449571
4340433312
342894187
36645898
3313329508
94607882
3200060140
2393063119
279134171
712333252074278912
903377622
19341224
707090740522852352
111225697
3580248555
347627434
57058641
2478015324
718138026082177024
