28918971
2871435374
719974159183286272
2923657896
778976910
4887236609
109441206
721548887920496640
2798125167
3084179561
557468072
74020113
28601983
726140680003690497
36287043
351009963
274891222
4885457067
115186195
3195715148
1928043908
115681686
4551720146
724533422308364289
722167862714978304
3233476925
212302405
136432427
4475708953
3480349520
1278967314
3091373190
373018802
3688570336
50094643
4786472053
1924458583
714920195400269826
14720411
714422504991887360
375669510
4811584422
705446574328057856
2796723891
3392152409
19341224
708327165595549696
4459242574
724912445781843969
328484372
3045418713
4678257476
3666576917
2174509045
4218156466
3879759869
714791179158691845
456300007
4846724141
714807770114101249
3103129353
2929135816
2771678740
2993959370
330624184
963430316
3396282117
725361846992134144
4828257199
706601723067015171
18176907
994142443
37083430
4784596178
1350303332
701915942436077568
710243605894537216
21939082
21587082
4175807415
5644772
719893663078359040
2950103945
4853820677
3115816309
2942836979
3148545679
38740882
1126515734
16710420
708895296680386560
75736238
702652188183633920
4105765714
2945359946
906803460
2164358892
5950272
478855762
733326702
91493488
217634501
468916175
3990358228
270636028
69483012
702291903673298944
720157580371300352
1575689569
719125463499685888
33811812
718958870824108032
193460192
717554036510068736
2485533937
41957116
711922682519011329
2313099380
4855687055
484999518
30500021
39562794
4633684212
60784269
3308377487
903377622
3861733523
718527061871046656
26556275
21789755
559977174
450062327
49964679
90408018
4914539795
893437514
3386002685
30736021
27789999
2205261256
2563656001
720098948736790528
16606038
4338733993
3822847641
274136152
4864547697
317561814
122111073
400270219
2258085890
875097295
55935057
72350324
1125937411
3982738253
277125802
22099720
3020455940
374331041
16557667
720479168086085634
3377100196
4848127139
334266844
29531485
714903361242460160
208083510
4840937793
24081461
808175304
717296570211962881
19218108
3130363229
45450902
264268489
96655484
4901489212
3253946096
4706270920
347057474
3440895073
522757263
776180634
131746121
23433605
317284206
634595966
3161019538
923885029
2849954968
336638653
412780348
864927037
1065869268
352462668
2771406515
50836292
4865871370
909429824
3304455363
4703755045
884304968
43232530
4691189473
3452957836
1222880455
93992192
717144994327502848
4744232172
289066063
724720434151743488
4622708850
4717892303
54769979
86177206
723877752307376129
964341224
114106236
154350597
3066382722
3697177872
4765364386
46204483
4387685536
1036247022
4851276082
1337093174
1611833496
3284112337
164322849
717073713427046400
4862031445
845690522
544585961
3392941000
4848049753
720810530928267266
721237192312377345
721233074051133440
25169797
4660509148
703247602381418496
2376185485
4864258233
4874772221
3957920723
55312746
705103783047598080
375864094
3272284375
3736319123
3140890570
443304640
1039311998
124371986
720850305756213248
704403215127674881
322879013
720778779589787648
720144685604450304
720168648787292160
720188315463495680
720172719627726848
2316246829
713379035909238784
342894187
272918023
1435725865
718709901770403841
74610516
582414063
9376622
591349485
1618641848
449110269
547969112
2438724661
237888723
2990893721
1092348054
717499396393291776
713818454520795136
3885976940
127499705
277805390
705930018866597888
544459972
2919907586
749780112
2975468251
712552531184984064
933693476
324023112
721133296273502208
2393063119
705566834913890305
33270656
292929271
717356178670546944
826537184
54159671
380974423
4463149992
3580248555
3285819409
22936237
71720602
477410739
2540287794
701092942274953217
712505673322377216
2478015324
25048747
35216399
112519014
710146442707476480
3257412572
119980727
33611715
23342386
829735580
4855625836
721054488786657280
14346664
2207780696
704682505052422144
2208095516
3220851492
4064981488
721068913216368641
710990834972233728
4851732400
110855805
721067844247625732
721067367116181505
721067103978131456
3247172676
721065531248418816
3293741005
4122056133
1367974088
4855164370
720363759521259520
78194344
3184471478
720480488817836032
4867884322
445717466
705506254500790278
2227421756
162786595
3239482929
546222571
706170317438324736
594080668
3296504462
190589983
485578721
701934511500689409
2904389591
561654065
4315617796
3888783973
70156027
448915980
108475786
4345523654
2501522820
395390955
3313043539
16703058
4738497264
710978367013724160
571212190
2288632549
1884962527
4422984375
1658356070
709472793595912193
715204731782561793
3411064653
808173307
84132632
1191779618
3356152332
3384930639
165145111
582677288
56449803
2650426551
4547869279
57058641
902045462
713555902385795073
701233079592075264
3271255423
2319339266
239760871
107012365
4478395109
1078094414
713233997023674369
25634203
3592503441
25549634
3422158725
2916054140
14828860
714297226625945600
4873283560
4283782033
710324069493837824
2461452080
46315077
206414832
1494835716
2981706947
708380698177085440
4761245474
1857985849
718138026082177024
712772376870522880
700384817309855745
718215039082196992
