3278500105
722354152676831232
4858423202
2880907521
4622806526
2164838041
711209263130025985
722848057893593089
220406901
700747637847252993
124121965
1511568806
3843203313
3286759670
2322903456
3283071530
721742912841785344
721741888181690370
1033724946
704331564608573441
714030311965728769
1037247248
1034967086
1032663656
705002348393930752
3290721182
709479291436675074
1046640344
3100151623
3498755835
2243126777
1929665797
704359783315410944
720052250027143168
713671734038282240
710608452125470720
2465146394
3954616293
718322626725285888
14619266
718321150263214080
