2842636523
3399159365
713755495660724226
722380681003683841
336788919
4902676392
705539044760014848
705476576759160832
27312017
720862116584882176
722772976584781825
705538796482338816
705556276986650624
3012631793
4482589642
2402013390
705482141908520960
47803240
543270715
4718917400
1039313394
1037265385
717013410765021184
2255872778
253386524
2378881075
719972376394510336
1007740999
722406634505510916
1015414158
719972489238089729
2704249936
2951299415
312612113
18500852
3648227972
350879400
2234163997
2280139483
720603960361353216
720292546778279937
1038141920
83758686
50160950
954753600
719196487993991168
2700930091
3058772732
1040075826
1033383415
1038555728
1581487489
3304077135
1036926877
1037482202
703932420706476032
2471346786
1032450656
1036763623
709425640332763136
1046798744
3071434596
1034022631
2578019947
1033349496
1004078244
970942356
3397563904
2787073507
719939727420481536
1335929641
3580248555
1403195168
2296786080
335329730
2861631592
296962834
2505618696
2861584107
2937323047
2564059472
595257546
2650270941
2453790212
2931925367
3011339794
3146622696
3183430424
4329194181
836844300
3003994545
3639162076
188598342
706944647877292034
718087100
582667556
3110775388
2983185435
16703058
4910339008
269878463
718088426139086848
157454560
711418233669029888
2785414744
719526375317708800
1033440151
28768235
2686059072
708292906336055296
719516691076628480
719522024285200385
1046613199
4831070661
35571788
4782572707
2393576862
717839709381087232
4854098027
42953271
2514321558
218552605
718080910680309760
2890646348
718453835665117188
