721754649754263552
723955205268733952
719192498736902144
724758673973731329
3516960260
715958854853468161
4841732614
720940364614524928
720067283146506241
721135585033875456
2668625109
721224734000685056
4877404138
2796969625
719197392713752576
720943005885210625
722738028247195648
2227100462
561601853
720940923681693696
4717889361
151232542
3698060472
724288661135695873
2413369159
2988718245
212333894
1512573144
708019486373388288
1036553174
2965147275
1032952555
863534402
720108816017330177
2742632035
2875982555
4209711089
707284810717224960
3683532316
4102871615
2310121426
707896453914599424
618478162
4798067422
719911582369767424
713374252309876737
212323094
373425380
220176452
4794884719
2976909274
3047885112
1037909814
2354871054
2317592929
711524289032409089
2505618696
1011470240
4740101335
2648873303
1034114264
708604769909211136
708604472818327552
708604423342333954
1003518692
721096468111695877
1032496075
4862554804
721181435579736064
165492712
1035993744
1036563223
3037117710
1033621399
1015415034
718847260662968320
1033121694
1036294488
3279965700
120239228
703701282515783681
20672944
704272495755407363
1032932737
1038248394
591335059
819759936
2687970072
411494321
719453571712831489
1049034728
703070137
164322849
25169797
717133287911718912
285432599
201903516
4520313748
210735868
138401954
718620355074658304
4283832854
718614372201926658
718609752788463616
718610692195147776
