4806805528
2203932882
707035186345566208
4699232965
4022823921
725771660461260800
717686139327528960
20830344
2491834813
4889645525
721145424313069568
724912445781843969
2763468293
108493182
718429751652786176
3717060555
318182225
2292633427
119161370
3580385187
724970445737349121
720344018962370560
4048123474
4706270920
713354963926188034
339832905
1254746053
718209974221017088
721180768504971264
1543941277
2794971254
80304723
3018011371
709070827002732544
719604010521665536
723632252333264897
2394856844
4207752556
1034491848
80880631
717627639159128064
1579123465
3016350411
718246973883752449
17798031
4874772221
2377894297
914991158
717056885539602433
717005092038320128
4919957294
710247867600887808
1032827982
115681686
4403117295
1651141171
719103613264642048
702239073746837504
723083607762296832
720874574586380288
1636185150
719980016973418496
719974159183286272
719190899163402240
2293625545
269010145
893840923
1037981630
713782562485829636
15195679
715708380409643008
2475919644
1726542289
118043735
4923863962
424927514
3511273097
3193518626
4865450037
4537725345
717695789292789760
722185249015336960
721403270648983552
4811533109
311996645
721846948551073792
1487769062
721241169842147330
190589983
720399755424178176
326441040
2742642722
701688116449378308
719427672779173888
718834924233490432
713450767810568192
725085697
709034772631265280
721015358627442688
1036858692
3253917482
20133452
1037820302
50094643
2465999545
719946489397690368
716764147204165632
719157602828083200
1580435833
619602908
712449021621706752
1194486360
4202910019
2167617877
705119410139168768
2392061165
462613643
721014289075724288
3293843372
866384570
1108807484
710991679805906944
715638358228119553
1259208535
718782991258902528
847034731
714323792013737984
719041542141440000
719860347600027649
4661294671
4788127223
171623663
719898891605381120
3503962453
3122536012
3417016899
138157667
328501826
719189364643762176
3304000004
715273665823293442
707802110704947200
1398144445
719739854121275392
719886810663378944
719987586534612992
719212893623959553
3335918692
719635257235017728
235071952
3386299455
719193057929723904
205293271
108933138
4831042408
3245065564
2319339266
1352887290
708106117
713851785295822848
96359390
134770671
2861286602
3432659753
719745067028578304
3496447275
2975753476
719553957589303296
709064379640188928
719222633653538816
4284995001
2743539759
719665283837767681
4542092968
310271503
719704782936674306
4452342526
719936342726176770
718900130724896769
718888963012956160
395749587
2763912166
719710899016228865
4901664543
721033193483288576
3075563903
4018832830
721031896243834880
707953423539376128
707780382603792384
707779589674831872
705442898188210177
322025800
2876765249
719939736698253312
472394561
718229550799462400
718578820412940288
3393265810
304061756
707189867768221697
720980512928608256
425336828
2492388858
719950262551490560
4819127230
340298107
709846113163939842
3271255423
719952990325616644
703668258151534595
701213377398493184
717086909273620480
3505917978
1033427094
60317232
712754810357846017
1168937132
139541024
4887236609
708476010879000576
2687402868
4613616262
1266170672
4798353222
4802454080
2596217006
1072992504
720816919427854336
719201186646212608
314547496
718277229831135232
249060363
719708960547282945
1131026845
719700899887714304
714827375654092800
22936237
717466015827828736
713774564052959232
133737864
707314056563204097
2957427298
4823987135
113690830
340056367
4224729994
704289964742193154
3310888514
28782732
714576174802870273
704154937249308672
718959355333357568
719258884083433473
3242715572
3319641252
335453380
712299574568853504
1012805857
2291432935
261429428
115727624
1854686364
714142181511049219
1206730394
526020620
180195550
195898542
4572705807
3383732727
3308910455
148997622
1695296107
719185423038291968
1038006979
719007943434379264
337761893
291801364
720591857823170561
1018239661
1036433101
4928347811
720576663172554752
720571556909490177
1034379600
4151234056
720566817459200000
719313708875276289
720559705035292672
17723632
720555094014574593
717697221471387649
720549275739033600
716083610684628992
720534432109707264
826537184
712813194721566720
719316654392524800
720521150544134144
715811583771996160
4873374527
395693272
4820134331
1046503165
715447650301009920
4876338013
713365816557903872
469924146
718175811208093697
4746708632
3132661980
4867158651
1963995792
3292821662
66378652
4621584921
4611431116
4606979296
706974394724302849
4600365316
4593884535
4593983962
4585226061
4582930006
706838677352259584
4582788657
706837655821144065
706116925286436864
706115866505703426
453296162
717174945449684992
2478015324
2594475005
3031942490
4154041574
704477440530370560
719178852891697152
2318165929
719175832250425345
719027668973416448
720019320995192832
829735580
2333767358
718945589379989504
980392262
719048053693370368
718518294530011136
64859197
4864754464
719092387960721408
719024298153758720
482319758
2984472814
3719519127
4818794884
307785826
4876663815
2764770081
719962974237114373
2242707323
718514246372495360
4846179227
719204518907371520
4910044347
718714810406285312
1618641848
2862207231
298093949
2923657896
720262303019454464
704912683993341955
4925536607
150470216
1733051166
222918083
3057867565
719147338896404480
717144813167108096
710891641742032896
234837312
449110269
3791573780
717185650466955264
719521586320162816
720011248532918277
1033280220
1684163934
2906838291
1353520326
3248141375
220983975
201395228
3229008764
4527876555
710656531906371584
720060460599492609
720059218007617537
2240113093
347633853
709497411144523776
2251481735
179720447
707858878843609088
705530895638380546
705530150138548225
149393226
704754403727822849
85192516
4280596901
4210798444
2381229715
4684516398
703527986063134720
1284399582
717855182042869761
4263939494
100338010
714825319824375808
184918138
3580248555
2176991389
19341224
4869645275
707601744335872000
719780701349023744
710990834972233728
703331704262496256
713523936059912192
4724885554
709803438381596672
548190490
3940987481
707994226387058688
714218873508204544
4903850571
3677742792
4833991823
709745740139139073
714063832075796481
704889875212926976
4509233477
860110616
3711628096
716735067196776448
1955132936
716350148528513024
709268263843143680
708682067232628736
715460056741838849
713175943943032836
718260358385897472
3219552020
707894236012617729
2938844131
107762111
714251322032304128
4287786019
709382776370405376
2839577973
3548002437
208083510
718082532760281088
16606038
716111902716219392
714685780313186305
711036101230596100
3346232134
717845458295644160
2600346672
4856964595
2481937027
1538313848
702316133291069441
1182932004
719338179460009984
4871221473
718216655613124609
708803928444555264
2457033271
222974563
2825174990
717044648464613376
322261146
713328262903017472
707973713858179072
1683465200
3283476757
604831643
2327497328
2370811735
702920803147497473
2926128044
3836008983
2868919870
717883690999611392
1165856904
707205258745786369
89277004
455837593
707497910963834880
711925274644848640
2422331840
35216399
707565494300114944
707194711488929796
115679415
1286622206
2578186064
716845171388776449
16703058
718506359923220480
3284112337
2593729142
2420835859
3390129334
3311161484
1723967113
588481364
2657223601
4798567754
3674359872
718223600457773060
23342386
4364549596
702965078958731264
718969386162397185
1012004575
717816837090639872
4479812413
19173608
1494835716
2431253425
3375379719
2511584504
379962842
2415971916
2506247172
410942076
3427200023
717402548198588416
711296794538287104
3122094291
76430855
