725737737404448771
612203151
602147424
4597818194
2942452010
223735958
18500852
3110789109
1039481838
723646538434506753
722359229181464576
522651990
719836431754072064
710121487576002560
2861584107
2177946165
722513512669556736
2563647488
2187813954
520509488
1037639418
702941728651792385
1032707407
569825716
394613849
720578369448984576
704273372109090816
720526563159085057
461384120
1432622450
719641478809722880
718368075322638336
116489865
3362182138
4634817995
64991683
83185208
284426825
3339269594
771590340
631578060
30344426
715174132493783042
708297128771239937
719068194342899712
719068696992464896
719068214077091840
