267219119
3275305872
2361831287
2925280832
4852400325
366109073
724301040456241153
2893987215
3021898492
217160046
1654512788
4244600122
3837826333
718346459192692741
4461849575
180893928
239233506
2651990378
2226867552
17556539
613677118
27200364
1134647833
15240952
3005230791
4278025995
630774899
724880421989847040
306406461
718450402556030976
3413032367
718636888429608960
718446731785084928
723852831334248448
456895067
3304503992
4744182656
4592091439
723785350670368768
3143569337
2960531741
724393108079828992
720677318956441601
713665138608455680
3153945617
2601148381
147759481
23136873
4348182733
715638745345703937
224369728
708165675689193473
723622580733677568
18500852
3092280690
724179615208464385
3178777431
4676337594
346147941
3111990081
4009504445
267449695
717905005575966720
709794073662492673
2289886608
2256410913
341980029
719195677339860993
3019126721
104553468
21291688
4840532633
715457160470200320
719297221968179201
426517885
719436307370532864
3107438441
3230871752
705678699446865920
2422400340
1898806808
724373284117073920
2937118775
711109809467236352
106884933
717005733393469440
2402013390
705536640379445249
705557631130341376
705556276986650624
105475278
720305943343472640
159816162
32235736
723885266063204352
709796669634781186
47102723
714524964754493440
74325218
4869876011
1058781288
3664633283
713818396920446976
762603296
2466170298
2521893150
4751191560
2357212296
717073713427046400
434625396
2466137910
715592832619307008
717058726797164544
716997422455644160
84467185
3436446533
1034706896
3568411
4358984356
705559028408172544
705675421266927616
705523366803988480
4450085653
14566445
1015415593
3433425945
207624349
3207962854
718955971414990849
718956681267408897
186066418
719533596411891712
3131091887
720829806942621696
253386524
4835268851
723147777480351745
2970631996
4201266579
2171742188
90570778
125233653
703861275613224965
30637607
31514136
722404001090781184
246589200
2235082016
3224000906
489804024
15853191
717079477516414978
719910653100732418
331419870
719623168340529152
1039230830
3301519728
722761944176852992
1343364931
309306984
232342189
56851719
1873708938
703838530619908100
702377136913555458
2340388418
1060074944
33631344
2935435659
715357211669565440
237770137
721393068771921921
722192530637500416
706106729193299968
2227025612
722388662462324736
2558841197
245270949
4521422079
22035620
3648163573
3251045857
18823189
4802402558
992362994
3184303346
2165199323
473285651
712513419895767040
4320325049
3621844515
4735376622
406975565
1588481484
2956753212
2270742788
4855864181
2972840596
501270202
85008170
2936663448
704748934506422272
1961411996
703856951738773504
709652036
2724557755
1480403934
3369371241
3343099253
3759037998
269606079
3959155041
3865035496
1967939774
719913204260974592
36889519
3307052519
4520006488
720299664797360130
2796643430
3362727554
541285302
3280938500
1489703012
19539314
721756112668782592
712522819767283713
712945065740603392
45895231
24648391
52968420
1353696488
719115374223101952
268342221
280117885
59861123
333054102
4747092801
3697166300
4736219628
721651170373013504
461233414
3150755467
719927975450312704
193449207
1035381091
4904122453
4851392001
206053969
2883190489
4880203031
706308873922023424
197107245
3219161286
3224550500
30913286
700770667952603136
4556773949
51308381
720374755312803841
55908984
700446167398748160
20413271
718275379950170112
4771247582
3957926653
4866831921
19548339
2172063090
106841222
4794869292
174953869
1082665686
848225468
277008844
706671313419538434
33690161
713671186522181632
708766012959641600
3258145140
4449602480
3614190688
719372363561721857
465892422
4725855865
4538950413
716688272639049728
717079098208686081
2652950160
4853324656
142761850
1037611154
716713241607606272
3060886951
236441173
715261746429239296
721010303622856705
3687411736
2408062588
547511938
87912932
3846543323
43879159
48088063
2416860835
2415765410
2418979002
717717243375714304
44197057
77297343
3068856212
3855269782
21645908
24309254
1631223193
3197846393
720595434821918726
2431777177
1480383582
4300179322
1046428482
1342960518
210684204
21518829
1033306488
3133670414
1068922027
3860699489
716481358927831042
2180829894
3291458404
111718416
4888368976
2500068199
4872233932
703459988144959488
719567569582190592
720864981231624197
3166206079
20542652
704217494169366528
2829573012
720852100645662720
719782112967147522
109237155
4871438201
720838780395982848
50784139
322014662
715650711539687424
4001069058
1260385928
3432055709
3839601754
108758468
30970849
3283476757
4020585373
1895559936
3354678494
2961703868
719927740988792832
726450980
846152197
729508760
1037189846
720761020969525249
703832674679435264
2387997061
3302023462
1038634723
1039329271
703798709616771072
4223763975
2591811973
4721408958
1036662744
3959593512
2451764461
2244334598
2451496610
4221715221
578665388
3027992776
433935266
4322198962
2882976443
1039250898
1036882374
1036362200
4848693700
1036576274
1018110907
2393063119
3099535881
1036281566
3293095195
372972064
342894187
136734371
2150867457
1011803198
2206841461
1533840589
464312468
3021692206
719432484828614656
2351082138
2831373804
515267373
1143371911
2854769883
718310340996505601
718014628303736832
111225697
2349545286
2520748074
2562327457
514049259
2861584107
127993185
4520990423
718970708299153408
2650270941
2360019834
2903026575
3498737836
298087360
3011339794
4495252221
188977166
107371781
3061909248
310033197
326380075
713039051834703872
17075185
160047813
718241838499504128
719641003595063298
720287751120093184
37695926
3008915494
3004537743
716096121140027392
4296648569
715516538242146304
714530486241136641
3432266539
2781855665
3093570125
35208567
2905602609
403049466
717057604556468225
40154112
351144644
458419000
717928029310177284
702774531937665024
309865997
713018385886494720
114537307
709802652322930688
21095229
4779244982
1398182017
312972259
334635978
714473928740249600
710350117476261888
4656732519
898111800
4163999459
719517553345830913
711496493639688192
1684691911
826537184
2533631120
514784608
711504838614450176
2817373081
243456489
19701174
709494970814562304
1718448012
2922015099
712306699420487684
22041124
76963726
258510315
2201911625
4731907950
718130906095964160
2287887180
719000007353827328
512756649
3928496975
710865288846180352
3503744189
3317421679
3656161889
106938252
1036674703
91942071
116725016
16441703
718627286178631682
109441206
706973597839937536
382393052
23895388
775822573
3232938686
1409637493
268607705
703802103744036864
2376833214
24201405
1870282586
2849254345
2793018356
222974563
3905290760
3031942490
3053280354
3027052225
717043406833233920
2478015324
1841167549
2179325180
460030463
2997910595
4498402415
3282095390
4496608949
3010777026
3374406772
972909709
2730320119
208083510
91443709
4064624112
2708033720
4250604022
4224181313
1869559440
2379995545
898440277
4917248771
2893953672
520097442
703823517523927042
3086633322
2995577217
1484891485
27406492
4898299266
143873855
2893999507
2999028841
1964747623
2499636938
707597514485198849
2575937560
717102788732268545
2415674455
2426028438
365845619
3612663919
543751139
218549766
1014359022
3038767519
75584152
46415654
553306589
352091741
15372749
4419703593
120181792
2292488509
2957556021
3366327531
558227071
3229057668
1276898760
3117177824
294268309
2430775050
4358346135
2460189204
3792290725
35413593
494260902
3000989895
438828609
3005989486
45611237
3081335362
3013145413
28768235
2855061629
2363813164
21753328
1924528525
1433427858
542059607
255136529
2164399526
2291428702
821785831
1962422936
2957991374
27897667
717557720015089664
707188832672686080
3396763305
719864259707080704
719927845229850624
719928279252262912
25937051
719926999809191936
1949917248
3160628910
1633044060
2460842042
716980457380954113
31239070
1856474107
419044481
719922021224865793
719916140777050112
1935402955
719516614677413889
781780813
2617143782
3149771903
450865552
2296786080
1190498018
941811858
152619765
4224715354
716987461445021697
4846546514
267818528
719545552430567424
1034017602
3817886360
3010593099
4230618075
3071535922
1047086905
1046960948
1046615198
3229657696
719021538037465088
2466339073
553294124
905211224
719322950743289856
2950422166
2403073694
4297367319
2444715992
2267062521
3151224707
1523346606
220781862
14775109
418363442
2895688859
3077731558
30756753
4224563068
3302359673
2576527615
1254978090
2171232373
1027838414
218423826
19950011
4196613639
2704712245
434051279
702623505200893952
711284866105540608
3300049067
3496124242
4830884027
3145377648
1455594732
212326851
2904886755
450784020
