721409992935354368
360173263
710290263235764224
4036213937
3023037872
1158738523
2878675999
717776852241281024
2999477285
3058772732
540118664
4160843173
3336969219
722146585451204612
60317232
81730445
4360908677
708087151
20695144
151198065
720958038610485248
719703926040371201
29165908
1183887576
2463745813
2468662849
127213408
428919303
720108404761587714
2760843777
32263150
32294051
3805248014
4186668899
3180322147
95684014
389186483
85359666
380158768
234159978
1146722371
718494337378729985
3675001575
4883650907
2941404025
3632998336
719201266761469952
