143814985
724934347900506112
719398016487010304
712349198822166528
716956643926417408
725963985091063808
391893766
705380159562452993
725911439374839812
3080184710
1358214486
2193550466
725685018383667204
4832393140
713195052449673216
2606860700
552596359
714830178640199680
719755817101234177
706754802152304640
744609012
1453324903
3319901053
282942668
4852814888
2421710340
2915592608
724953774398140417
1108095625
724431761350885376
4924468728
2795878819
2654004379
723689916744372224
1182434360
724937986694062080
718703459709550592
234893538
698998445181399040
714670942040010752
715836394724261888
2900305656
4308304398
2856890755
724252197781909504
714766737057517568
439741249
53345276
712509691654512640
721144492309348352
3181316137
313252863
376088280
4377315138
1062138361
863043002
3733622597
724779050997149697
4486517834
719793278984536065
4479812413
3466388606
4548524053
61410816
714433455681986561
100325489
2799188911
1934699882
3480349520
3147087605
3020421386
4886879387
975175380
2227671036
4573186458
23018032
4251469171
4251585732
718012394828488704
2350324046
1162401552
4840034462
266970571
1168726951
3103418893
1133032046
540191100
198120222
2921231845
816491293
2455838168
717745445200535553
3486817758
250701404
2817374993
717029504628068352
2714874608
4085110516
723745024916123648
723895238201364481
1022583859
501013102
720193696587583488
1036267652
321919296
835544718
528106032
719445009829769216
62415418
1072992504
3164247967
454533462
873367382
723685558514413568
480093315
111564970
2298926970
723199426798321664
1553761939
1209019904
702415735549792258
2949346561
4299663926
752240004
2527555034
2445606120
2395356876
1583232656
61994185
2970992281
723358924921921538
3855446412
483905066
3887106434
4746210614
700507254240358401
3066382722
568683602
505753012
707962247956418560
721653980145713152
1266828282
1063059284
718088263001513984
927098294
2493297944
708501853957296129
705695091197775872
712969220145831937
2724170838
756286902
708936103684780032
2215033082
706153491614404613
4515101934
2353369417
1366460156
706734819867119616
704944289026015234
713767422809886720
136969903
3353669391
722813152442748928
2788041607
713028232635817984
722689175489789952
2917139520
707863625919176704
2900452922
722749945778823169
4909493120
2795635633
1157277877
3143107356
1596336829
3086115920
709254389907623936
18408322
722687084339798016
336599379
2290758282
2446526389
704903410118696960
4862329136
2996563765
479432645
705486266951979008
707554649977393152
1575088614
1102796576
148698287
715741329351835648
1963995792
722618726802001921
3248386980
883767534
540007196
4862505798
3779811619
566843798
87394847
477700283
150187008
70277187
52614902
57188738
2463744073
716180959402401792
3115816309
722437708216315904
568890486
718696748349173761
341459213
1977291080
718681777586315264
3062542073
1120941882
718667965911044096
4342962913
240275407
711042748917264384
4807227824
722386069728038912
813339588
4151927713
3994339574
16710420
2775849890
4156839194
1368879769
2287887180
430601726
2881837279
596635550
717315243769069568
717307562392072192
719350552744710146
132568511
707860205845897216
2497739196
1131549666
2497665146
2495961066
717664158641049600
722244537989529600
2903706180
721911444044787715
2979700903
797893446
3778916472
719411617629220865
1206646345
3942478155
718392183380807680
719780623586566146
4701939762
4834787567
1727699204
620860560
1629587358
704592552322727937
606816202
717665289547087872
4834045958
4728380233
699157237395161088
3191509367
1256327958
715091059424899073
256500168
161569906
4885638972
711085600758038529
2152177062
335685681
4810895778
4496052620
438043243
3101157230
2787145293
2845784141
719511603318824960
718607872087744513
4924883879
721679429026484225
3153357197
713766969288171521
1903332992
720922297205297153
2160027086
713729134258626560
2924799019
721284562563702784
4749482856
2432224093
720422440732504064
2979815443
2779786356
416138500
705256510918496256
1039060982
712167020
4788894798
433555270
3239274802
4826047453
2891919139
712965720556965888
2571103709
707477815994613760
708506001448652800
708630226213863424
705275985072029696
721708843168702464
2851759075
3578631200
17804823
2887310089
704960465462386688
383643799
4154041574
721892171352121345
2219414923
4919634372
719386366413377536
706008883702071296
613360074
4612706292
2362038619
399902024
712919405697626112
82289981
2945917668
714802009979772933
3160341674
1429675866
707814232897818624
3492448033
2415599203
715161015126634498
717267363263963136
305345713
1427168712
1922018772
707768688955363329
716877875396251648
362281605
466299397
472287653
4531512700
903483728
720170076372996096
3295801538
4767547730
708517904975667200
288002922
307819790
716172631297241088
715494457483730944
4741483412
3948111434
715721503883403264
2524618590
622559694
703171094
702666837931085824
488545684
734237340
4329161116
1634486988
321284462
1078555940
328931384
719371530405224448
1918503337
3511069160
1010476868
3562299321
716502327356555264
3145561568
256516183
716765262226165760
2704219472
720159275222478849
2393063119
320917731
1899567848
549747645
932795072
2994823849
712338606468104192
129743410
2438724661
2362741206
704280222179299329
3146052646
2935990297
3539752700
236875083
826537184
1278029047
720288234861760512
494685360
1466609791
721680650848178177
3182593644
837633067
2224478238
718320528805769219
2714482494
721670337625100288
377958710
4731579548
720498640532422656
718656412306395136
701596069927333888
2379879222
702331531629502464
75201522
716957854503018496
715407832753971200
705254208744755200
1138952928
713987666920886272
4911590983
4667623393
715793261311434753
4732415174
710656452394782720
322668624
721593754063245312
212023751
2221200973
716055911010205696
720225606680518657
708457444662337536
2572007454
285926996
3013132250
571212190
3221107814
3321010248
719747731237904384
2857851176
326441040
3780185839
182265955
3130657366
330837292
716657223338885120
2478015324
4547869279
720962926576730112
711747315996831744
2991229317
700642352210141184
2481937027
2793018356
3031942490
719757127326281728
3027052225
2588109960
4787364740
201115576
1412218908
450542991
3316868654
3284112337
2650655484
717302253909106688
35216399
277805390
762389232
712591520654864384
19173608
438668235
721369447273857024
399277747
714306387451387904
342894187
716199069056544768
579170026
720034161398980611
2714377279
716828696015822848
715192356354412544
445193223
344642044
2839344014
719075145118158848
714730805495521280
711091330458324992
719168933941501953
714774260007342080
711174060806287361
2886534408
703219050340442112
1423294692
4586952674
474038761
704965292791705600
227730555
1054171196
716804359812550656
3140732667
472771961
594460254
453044812
4256263632
720372787664146434
171735516
267620085
984637884
469357265
1409532734
4901768053
1066342105
715546289929392128
4436424794
310290992
105056014
1227717290
63305093
719164034235260928
719121633382834176
2217408698
2952939702
709734631944249344
738608754
3074734027
1432029518
709481687328010240
719443055279869952
38474832
720954794261647365
716124764855664640
710226515552706560
697649004834852864
2933506232
711475982729777152
503949186
716598819392073728
4917710064
720038116816367617
1939547262
720284928114438144
2967850159
2890727642
709269169829621760
715902944151871489
714804118401863682
553934519
3304711194
4707964759
479591273
1095898141
713701736976789504
353043380
719188200464330754
718734142750334976
1619085822
718726872096313344
238063507
3260900550
2916275665
711161591597654016
2739355795
716851326102011904
1310516028
717321163517460480
718365002944671745
2502062244
429623764
2500858992
717599995017302016
3013030874
3824050272
592768525
611335181
1326580292
3147094362
2288996354
2972833211
223495564
720510076872761347
719451570648129537
2989434699
719354183866974209
1131052710
546912780
714090737902575616
715386171963015170
113981953
2443158307
247119298
718317378753445888
963730016
25634203
2792409146
3242715572
456660666
2904389591
4130671700
433556356
721673383
1605853718
1386540001
1573064688
718642649087934466
4565599513
718096810179317761
1459446654
370880371
705481198022303744
1067325770
3884873542
4145849780
267513174
2990473790
131297376
720552595622862848
720551757915537408
3276141924
2458856102
1672077727
720277521925677056
720220667774275585
599234885
4760970668
2148388212
121639104
860554561
717604216659845120
1374458191
234679479
4924570640
719413826886725632
1659637344
1041856898
4592514447
758567892
