720067628543291392
4693705232
713819570910302208
720841537542758401
2651990378
3935595496
2180890020
3284112337
4823808629
721824182359756800
3362453818
1963162766
113047441
175439376
721825205685850112
721850704562909184
456401484
1183887576
2441994192
972551660
100893218
347899517
721864850905960448
2937118775
954359893
2731755992
718960524612997120
720751602932559873
719563439115530241
718958487951314948
720168961661366275
719938059232538625
1726542289
721287754143907841
2520748074
525589542
4923863962
2937323047
2555710802
134127295
697812571978600450
718598207605981184
2505889519
190589983
4416026963
3099504883
81730445
4764885791
3326086000
231835656
721793783067721732
2258343396
378094293
3427807059
3428437983
4886509746
4634231352
721521844457775105
705653665650978818
167434200
582676327
3008915494
2438724661
720739925180706818
4847345243
721625682971860992
40486747
720179309701423106
2280992982
721569680582791168
219368134
4646385021
2891278975
2931588217
21489303
3432562318
4864497298
2817700675
257196317
721198286510534656
706162519077851136
721502391833473024
356244914
721487032531476482
721485361340420097
268556198
265260401
2817859764
284426825
721179620268183554
721179814250573824
2742322900
1040374855
1040351772
2526470396
1032752322
2564912556
1039729284
1032789678
1015895629
218553967
105674262
720252173670563840
720251792479686656
720250552190386176
720250249110036481
720244593275637760
3010020951
3174249191
4824645634
