1670172542
712312138560184324
42458985
3245397274
2429607409
81730445
2526086437
4595646081
284188758
2652715867
2969403284
3157809479
2839947426
46116615
120891871
544683697
716157732827439105
716163915705622528
2271071012
3096925254
222691723
705557249536745474
3293136890
362035546
705556276986650624
718492862212481024
723595307129417728
2732760634
2763939467
3302368039
4375050975
2937110043
2349265940
722777957794717696
350094314
1037685104
4877691802
1033280220
56907832
704736333831360512
347905890
1931519143
4873450108
412174143
312579203
4881324133
720884837507203073
1472637102
721539606722641922
721859084287258624
4899475282
720229245885091840
2610938700
4865521851
718338778939703296
218929427
1039049028
200607519
2277106519
2362619492
350132995
712135985018974208
1014682849
1036136418
721147230883680256
4691441462
22894742
721087417734860803
720963458796298240
718938547542212610
720332791255212032
3695474660
547106180
1032954192
93887399
476214711
720711636064083968
3300890349
1035443053
2832543357
1035642666
955420694
1034074526
2542638067
960618541
719223711451258881
720603960361353216
1035430034
1046642832
703218290869538817
1033270572
1033520358
928917745
2175120212
719224075277713409
335320739
3402278739
582673225
1460028511
156233013
582757842
719218793554309120
719225888995426304
718859245702221824
268355879
35208567
543751139
75584152
719223379350458369
582675338
719212655853117441
719217135181029376
905224332
2533631120
719222531115347968
77793111
3170504543
1032905995
4140709092
582681311
1046816772
4857919517
582667556
582763140
4716585494
16155503
288232527
3229008764
1595860926
531545749
2889012624
2866089008
4769195453
720059181848469504
720058839366832129
720058119137665024
720057489656516609
720057759786512384
720056132786614272
719890872846938112
