710286735234756608
857910308
2937118775
722895710585241600
4415677107
713395247191986177
2185553448
4838896430
3320561718
3298545007
587720260
2655250684
722275491051212800
2659696782
2773341601
709461702564311040
4693354831
718316607542575104
721835247474774020
1138533894
17671171
2370848606
704355171128766464
3345695021
716306787079598081
4864497298
718863735788593152
17944711
4824474233
2611944046
4820191006
717764246377865216
705928624638001152
4769942805
2289034243
4339437013
47489753
718655395762421760
4864399960
4244476835
718875232333750273
717211373185449985
3289945685
3237073354
3372872236
3568399996
4927600048
2416893584
1012865258
1441221402
349973992
3834805697
2565607334
4483721601
4090493128
2229460040
3429986015
2986586175
718938547542212610
711665795500154881
2888557167
718933741444407298
704067409225732096
1339762962
1245313512
3016707612
3244697533
718637353338732544
711604873708445696
237913456
711522236
322349552
28601983
2786990125
1634204173
2385891026
270435439
268556198
265260401
2548987896
582674507
717075317215662080
352706799
2238552835
978865712
2289149772
750419814
3467063474
2736995571
93039160
3102737995
4883846998
1377539670
3047573725
4382062933
79182575
464706876
2782979503
3238033712
3317001716
715687506910445568
4844271413
2785414744
3163298329
719474948603916290
3404776767
3787996216
4079025413
