4498265194
3113071429
715192356354412544
716211509660160001
1437259268
705523366803988480
722312998090461184
4791801854
4546668340
2970992281
2982102397
75201522
3180093692
3605587646
2938947584
3664955419
4904863759
3855446412
300159654
2493297944
729917274
3887106434
723328833835782144
263611156
700507254240358401
3080184710
132568511
324925709
707962247956418560
578757472
568683602
574419519
3041248506
927098294
430321873
701392131022200832
1022583859
4830273146
713250694610886656
4845331693
249080110
2254300850
566843798
290995934
462041671
822718291
2935990297
723005320855834625
4718124072
4319394741
2219414923
719824049468084224
1619085822
4053217153
4655720209
2504484662
243515687
505753012
722628002845097988
4727372366
708936103684780032
723051947029229568
2215033082
706153491614404613
4707032318
2983910894
335685681
1687679676
704595418282242048
722060188501475328
704944289026015234
712919405697626112
364754867
2607521352
78279617
720205116435931136
1285742082
721593754063245312
483905066
346450739
150187008
609626428
2353369417
248508468
716598819392073728
524666734
4110694282
19316292
751497126
722813152442748928
2430989977
1118605274
3734688913
1348996423
702403450034909184
722689175489789952
4377315138
2917139520
4156839194
1518678163
2269865226
1157277877
717013630223589376
4151927713
2903721470
4727495653
2184632360
1410087007
1596336829
431328751
326726926
2704225970
3086115920
1721239279
705678360442236929
3070956486
714670942040010752
336599379
453788801
722687084339798016
722618726802001921
4862329136
1433166162
1368879769
4496052620
2949916302
2939186119
720288234861760512
705168919502295040
1575088614
551486609
3309739165
148698287
715741329351835648
3101157230
1605216265
717752973590339584
475585661
2912755958
854413417
582683927
3013514486
3778916472
1530992586
718734142750334976
4834787567
3248386980
480093315
2959696886
271629371
709227661470474240
4573186458
719165408238968833
704903410118696960
3246641136
540007196
4862505798
3524470334
2471856036
1429675866
379162181
87394847
295610286
4789256442
445506298
70277187
1251472255
111900248
528622154
720962926576730112
716180959402401792
2374671025
3056909720
722437708216315904
568890486
4840034462
718726872096313344
704699799723909120
718696748349173761
341459213
2150971626
718681777586315264
1702075482
622559694
708343386957189120
705609120200544258
1070818274
718642649087934466
742419745
3286116366
532835544
713729134258626560
2714482494
4671813830
3994339574
206239345
126299030
2713879128
2775849890
721679429026484225
712965720556965888
538221044
57533721
861243140
393095898
3848512985
717315243769069568
721911444044787715
719350552744710146
709262596931592192
4340100313
707860205845897216
2497739196
2454461262
1358214486
4142974934
4342962913
3908127614
2876646960
1326580292
711350589544771584
2999322278
717990685434068992
619862622
3346626974
719411617629220865
4486517834
1903332992
1010831298
705481198022303744
715064999333330945
537823818
4701939762
4805769553
122854562
3849073109
3880974376
1192277426
715381288878780418
3884478035
2854815620
1130173267
3455878278
3168452808
3027306828
1629587358
704592552322727937
4722354978
722253380110938112
2706322824
716076288654479360
4256191525
3095944387
923340330
4728380233
3191509367
1142530590
438016002
719075145118158848
711475982729777152
335792282
719780623586566146
715091059424899073
936085057
3253197434
711085600758038529
2446526389
385773134
595579596
1004196709
717745491375734787
2960956862
307287584
4798503776
1423294692
2160027086
4749482856
3250518661
1138952928
2838105511
701714296053497857
2779786356
4831942181
717664158641049600
705254208744755200
712167020
433555270
4582115732
3000353612
555860219
2479337064
4826047453
1126659463
4233366192
4531512700
4223972292
2253562154
2887310089
240275407
816491293
296682665
717162203787321344
4721130122
707863625919176704
705380159562452993
478676559
2851759075
713189710416338945
721892171352121345
1124965854
593651133
4845309979
706008883702071296
613360074
2397499776
82289981
4702391660
61410816
2945917668
707594670667276288
717185577703976960
717204460745916418
136969903
297907485
3822712214
1432029518
3160341674
956832954
707814232897818624
1955918718
3492448033
278487744
590661757
2415599203
720924254196215809
305345713
313252863
4717456543
1427168712
4746210614
3306741680
715494457483730944
719386366413377536
3229522050
4742972197
579662862
705640137602957313
4113680179
718320528805769219
412818246
2280313992
620860560
709548191847292929
481133349
416138500
307819790
714593393452539905
715721503883403264
1309364360
1310516028
1070538284
2459466336
720510076872761347
2889799634
703171094
741073957
4329161116
4717494391
3823718060
321284462
1207092536
2227671036
324844483
1078555940
4642709833
715386171963015170
719371530405224448
465234305
705234536251019264
301290850
3562299321
3145561568
2395356876
256516183
4707964759
720034161398980611
52614902
217708475
718317378753445888
2994823849
716884557618786304
712338606468104192
719354183866974209
129743410
389313333
479432645
37614449
2989571686
719757127326281728
236875083
712360942919520258
4852535206
712969220145831937
471675168
4629584316
3289317796
1278029047
3280612476
1466609791
721680650848178177
3007079349
420139412
717717333389611009
2596371938
965884687
711225073323999233
605195292
4777483352
719511603318824960
3827629578
377958710
3833177668
4731579548
4652584874
201334544
2881837279
714090737902575616
1067325770
718656412306395136
3060035330
719747731237904384
2290758282
702331531629502464
361760724
765507996
275553054
1977291080
2579145001
483486676
3186121621
4097611282
4911590983
4667623393
715793261311434753
982674692
756286902
718365002944671745
711747315996831744
1019487402
3094115274
582686876
322668624
4406144834
2730832290
2799188911
2221200973
4556510727
508693406
2876442792
708457444662337536
2572007454
2903706180
2288101706
716227463118872576
3221107814
3321010248
4579488395
3468516798
3779811619
430601726
3780185839
4786873410
717604216659845120
714826546905620481
212533747
3003108649
606816202
716657223338885120
700642352210141184
708517904975667200
2461013202
3744638414
615022925
931510008
1131052710
4787364740
4834045958
2411799361
3022187343
512176462
1581184308
707027224566714368
844172504
719378105031262208
714886050519224320
705955686044311552
2714377279
720220667774275585
761561533
720922297205297153
705486266951979008
4732415174
1638277753
361154537
3249542966
344642044
2839344014
830711533
876883868
925249322
793229611
1276776289
1687112785
1350706146
373871980
719168933941501953
53324826
516237553
3123506756
460892672
210443428
702150861804285952
2394120937
101651420
4719191714
1049924053
2342790655
2274088656
2962642022
748312904
483759190
4778321863
714774260007342080
711174060806287361
699157237395161088
2437228718
709349839402741760
967411591
1922018772
3067610738
714674895918120961
2860282484
2191594962
703219050340442112
3280765230
534015420
3953480773
1417669723
979838203
837633067
448340811
717544660466401280
474038761
704965292791705600
1366460156
18408322
2362038619
4803942547
445193223
2610777782
2879786221
3026167104
1054171196
1386605425
1401547321
3295801538
3193911374
472771961
359353808
2795635633
1892508480
370579523
626433120
1368920204
203483197
438043243
453044812
4332433993
1034747460
445334475
171735516
620670805
4767547730
3189591937
1542314389
2190110875
267620085
2574154632
384718975
1245661405
1060839272
4826481060
261985245
719121633382834176
570101511
1060128127
551140522
2217408698
1059833346
261015487
69513238
4654715767
797893446
72230559
1631216574
896902129
4581893952
714830178640199680
738608754
718096810179317761
4502638638
888557132
702426197012180994
263174694
595446183
456334267
1368777492
3568279094
3188799007
501685053
133844010
372047652
2172311906
240329436
714804118401863682
634663201
712312221934563328
705695091197775872
549747645
759342282
714730805495521280
716172631297241088
599234885
702666837931085824
708962125855653888
714306387451387904
1036347264
2967850159
701596069927333888
197199251
297299006
1062138361
713767422809886720
1100818712
4834188147
711042748917264384
553934519
1212749730
709481687328010240
713701736976789504
4508189952
3146052646
716055911010205696
1113172273
716199069056544768
4067738059
1605853718
475556475
719188200464330754
174881177
4344406638
1054407264
473629592
2890727642
718702668064002049
2231063953
1210408669
241590405
718667965911044096
920457090
484660136
734575543
717321163517460480
3304711194
516123523
1330872476
709269169829621760
424842907
717307562392072192
3801277334
2502062244
4901768053
32649461
2500858992
380116777
199221626
2497665146
1010522114
2495961066
591920374
1634486988
803773928
1260704894
834860634
2901106616
2942810756
2271606974
1104067508
3242967367
1713138870
3029365805
56887664
707768688955363329
715356586550493184
2291065002
288002922
562813032
3052202670
2907705533
93814868
222659572
3140732667
568974471
4443920534
999190878
2989434699
2835199394
3948111434
3289666861
4885638972
3195219487
2524618590
371733325
101489074
2160303438
4616078368
963730016
535249140
4444650556
3911817313
63400449
704280222179299329
4256263632
3074734027
716668989733150720
2954699532
2943429398
2939598078
450738082
111564970
2362741206
2564381539
1583232656
4130671700
3692066670
503949186
515452710
2850068119
2283325922
2987012352
3042459506
721673383
2933506232
1573064688
2857851176
3012595046
383643799
2726487007
2249757162
227260001
2967140518
1706398549
2432028721
329472741
474682205
1152586442
917167976
598542700
1148300460
2224478238
1302482035
2277202826
956723124
4548332000
535110507
552634855
4135094294
1108114550
863043002
398089844
353043380
1229470560
711161591597654016
623791931
250701404
1095898141
468156039
2939594182
1268544470
507201886
220856853
835544718
3419833907
2793211302
454533462
2964762585
4253715554
1066342105
3421809874
293908877
2900452922
716124764855664640
4256339412
734237340
3068789479
1131549666
705255734494175232
3020588617
3147094362
1044900444
528106032
1063059284
2329417140
3155597568
2937111052
2426999257
3182593644
592854067
709254389907623936
1620090554
421677297
278332657
636760951
376088280
3164944562
2886534408
223495564
2288996354
3041140902
2725476356
2443158307
179049944
526057643
703214982524063744
610847177
716851326102011904
1871284778
1099578840
975175380
1889274884
2991229317
3260900550
330837292
561074751
2458856102
1893198631
1672077727
758567892
883767534
2334777084
4773376692
592768525
450542991
1227717290
1046637152
2242920567
1659637344
2286097255
267513174
3013030874
310290992
2963468134
716152051873394688
720432005649858560
719451570648129537
1044578952
903483728
215952805
2299028154
2860822432
4160949005
1459446654
382051551
404142291
269564518
637237341
954334849
715470264541184000
3312247878
2974336306
1412218908
3824050272
2935534962
80777173
2981773483
193164843
4742619422
720038116816367617
134614032
1010476868
588957753
550008300
2739355795
79355386
1041856898
479591273
860554561
247119298
1939547262
543111255
490968081
4565599513
3329993165
717131672504770561
433556356
520467514
3738462494
247983953
1941395250
1064885935
4436424794
65289781
238063507
611335181
1006326163
849290875
1702275421
2952939702
594460254
2231762047
712390387
738802381
2972833211
2916275665
1710226045
413791828
738423938
494685360
4145849780
918577610
546912780
720233687623864320
1649404560
720227762192179200
720226096445288448
720224698278232064
