726480821981437952
2925280832
4594784496
3187044708
1532684359
723183386307661825
2680623894
2595108474
726033551615909889
518860288
2460216512
2999947017
720229906249031681
402371109
710885786439159808
3234244969
710890970775064577
3865037242
409005741
2895688859
720395805761232897
720520493074411520
518474347
2586582265
701806162950418435
722262127893942272
725052944039686144
2485103738
2377179667
4723330520
4494180916
723146152145784836
4007826275
2743914186
1381622923
722422615793475584
718828245580390400
4754572320
3269267880
2614260822
4865035443
2582764158
738288895
171923859
3187914350
722028149752598529
726097516865961984
2727247056
2659493250
41838085
3819642793
934982222
317072336
725914906260688896
16320256
1649466487
1157367210
726135561396846592
2999655269
2215281108
2163473840
3304274968
2382444992
722163499003211781
720010602354237440
2855864495
15999759
2850778627
4832089328
715228650568814592
2411694794
937448700
2916054140
94626478
3412326138
24317132
328402092
2680987231
2711247547
3880668494
701044635045650432
2470296811
725990054099734528
724938131288510464
2463038522
631943618
721386269847105536
4192485503
2237105617
4882467885
2329184491
718644100040421376
986141317
259312281
2919650476
723568690990579712
335100282
560051368
3304456686
710856980697628672
714530965616336896
1518613446
2680044176
723890828712792064
724805021607546884
113410319
701854864326832128
201883905
725281273476964352
412346470
842394446
4508184087
3373948153
723722403461754880
725673326585233408
30756753
715163747841662976
411387120
213291410
67749479
4881464415
716268678325657600
3438834909
464871521
244746802
719249282289790979
710359714119458816
3378554655
108758468
3124939642
3220186151
701492197334581248
396345921
3326820132
1901745883
136874249
2203155543
192391365
725460202460463104
712654882424168449
4344983434
1909285657
4001928029
331726265
83521239
22216521
3066966902
4354622962
2300284268
210931140
725382210577154052
725031653228294144
3646253416
2572707294
710590324284858368
256855733
3244127080
1453449319
3084318070
2840575275
123903192
725329581272645633
3055860529
317302612
724959406601850880
21638088
4555295948
28688879
2926023922
4185658220
725214548257607680
707525811268669440
1002360146
156233013
2453397144
3837826333
719523390898483201
725244759061704704
721430946445135872
725161798878388224
716924439892533248
18897351
714638557021868032
725184963637837824
2977665374
405167017
104333395
713656907253329920
713486819795603457
329631303
37153989
15092161
3344597650
3242145736
720222090746421248
1283789198
3124661183
4499060119
2169056383
3440854341
4032308173
4827156895
2468186562
3433369833
710889426981773313
718479605502500865
59138639
2767714314
3153945617
705103427903197184
720888662578180097
720412651419869184
409413505
2362949402
710512362953056256
2866089008
725035317745442816
438714322
723799159447388160
2864136382
717691476856193024
720930861030457344
242916684
711255270840623104
282584860
2485214366
50096394
48567923
192013849
2743802471
4813914716
54117369
721221040219639808
3374406772
2517316837
3016297834
2584659632
723097335497154560
537479483
721383085842042880
582751383
3952233614
2450250079
2190203579
722572489742761984
1341840876
3221017758
431549009
1610776369
717813806114611201
439049326
717448808066469888
724805256249511937
724804221082714112
376448253
3316467108
20487357
388934581
4581897554
3098518304
4866920421
2375329789
753321800
3311793745
1288990909
4676493019
701776755699404800
40123603
4921408497
721125365796716544
53347446
222202499
602373587
2217399056
2677286122
4431342443
1487070068
19677443
723383119466754049
155202983
718524232058048513
2516931654
724507909191692288
704408634638409728
3242479863
27188645
722647066841858048
3109173451
1854119959
4877862137
501010881
3375913601
65458960
723070815399354368
720504081639411712
182140492
28333630
1056118772
14862989
2163604778
4881932826
4773032353
2185585038
362669400
47336979
1190498018
3290539204
715263121087180801
536087812
601196758
707890292599492608
879161563
1555439395
2284558211
719426596654833664
724201685183135746
257566593
228020886
2819258004
723028376231923715
722155408400363520
723941458273832960
715189267006373888
707995988628271104
724220707807227904
2601380888
705678699446865920
22690192
928934761
710243605894537216
723892994651361280
569608187
723142505911468032
3096803996
722304071424540672
724423745838919681
2559891481
1457376332
35584127
4822672565
2556055004
15887328
3053497127
160047813
2157791080
136734371
705478757356871684
516827869
2877154891
701814535
717690346814185472
709754178827116544
2904561473
141038040
3165845519
4201227497
123921991
719556776237117440
1155615906
374667569
712015888858218496
723301741123502081
2530354622
718517583205392385
582309854
722166902869659649
1952076517
71796971
342894187
3148732129
4092471166
2638102872
2473634368
334635978
2692874942
3066039937
106938252
3624599543
171032950
527803435
3605796205
716929264558342144
139974630
718306772751147009
3930583874
3592440499
34355966
705556276986650624
284241195
48881346
262749118
266586860
3257014741
19817295
434497986
1238488357
4862056717
722953662788595713
3018083889
724028536407904257
715703706864508929
718125420357492736
716033773004001280
716345442825605120
327964343
722255863508025344
602263137
753149816
3146636339
3355066683
2323089691
707647239120883714
425327181
4627578809
2559570617
2727263383
4083088639
3386138053
635810067
701465940353921024
3797946329
4091754705
723948303054954500
3706616533
355784391
27009528
29527113
3377473324
2186062965
3577285763
715995036702343169
3367196314
600220397
713317430253264896
635622629
454453042
253524891
720999172791496708
2518386480
2269179564
148891227
147714795
3347725535
222452046
15838770
196506476
115302922
1561519855
702107097299861504
719399594661011457
228325178
3058242094
723793421039710208
3134895937
45895231
4922623682
4217579957
240116096
104129962
419209460
3047274663
713601092827746304
232487911
2221599953
537556293
723713408592404480
70895269
18783656
4304012367
3332729856
3314145622
519846142
376477335
3749083217
723691076259840001
19058949
3227213145
480036136
722987457101197313
607205960
3092521564
257761944
723623372832149505
721173629057130496
2354517811
4056983819
21349762
718427049258586112
711680241392066560
557640281
3431524759
90244142
2418979002
3098384727
1665003594
114624573
326380075
722772755750387713
3283410054
200980447
722654062357950464
2415765410
2533631120
436278566
33160996
38084614
990359372
291937514
722969937824878592
2427822950
201956200
2453437621
721695652581916672
3020133290
3684289753
2996418679
1433427858
717063744854036482
520082088
35406467
3153140708
1149473868
34974840
2342206021
2440239300
702810418335449088
728542296
57433333
3680486362
4259875949
41115798
2402427686
1669192926
701790215782866944
4375480906
4916037022
714847327949815808
268003041
4048605741
3401899972
18679303
4895388837
2573461106
823112684
4507456332
424690337
15416816
489279067
1607075166
2771626157
266196790
1373326842
3055779590
717800761149657089
4375050975
2837169387
4271023874
30344426
552995396
3581952077
242972504
3179593117
717058726797164544
114810754
715939691208556544
2293388329
262594635
703616934399455234
2505785232
191598808
186112340
3160954344
2971600331
31450666
2821249841
4518454573
2184037639
373367371
3399527523
3286897664
882225769
210609611
14216821
707512524879564800
717013023102205952
712148005315411968
1904216258
72316623
1065869268
3646190655
2900614903
54608984
473285651
450033262
84993757
720024005017747456
1296544075
1640379558
24233368
3169777215
1598886884
586038433
423540199
1146569149
715258846097383426
176900376
3362563331
164829140
131281519
82650474
2180829894
323245161
1284546463
705589496
3207903992
3245506777
16939569
459624881
20944649
29532676
1390796486
718539102195425280
188831376
716991208892076032
236195607
257199184
554795099
28433939
408679093
2957057825
706720984
707411180885647364
246056422
3342565212
3731033232
704792841369870336
1489703012
32808405
2465146394
722176868087148544
1780555172
15510386
713379166452785152
15614460
4527181348
1325276737
694762281373032448
718114479142256640
220945147
2441545819
2216527952
348696586
720896748030300160
113593801
20956414
720829240472514561
702073525239025666
138906028
2174359038
66111699
3841325489
717000072416899072
385452453
721914345714659329
704836030961049600
46406408
4762847895
2332422596
3304657201
710318007105560576
3371802089
4762277963
718295415414747137
4762192468
109958364
708142188983504900
95483716
804510325
712151837252542465
52174082
193449207
717679796357095424
705510304298504192
108108824
714902567868870657
164468334
2677115010
4899601634
3628734132
717691927496433664
198587410
54052959
188213257
1653597301
3129622278
2956876061
707638489668575237
721781041095184385
3252276421
722347427014053888
1119517526
41889880
317634515
720482293031243777
720484034078486528
720486721457143809
702730659748573184
2865007538
22087208
4782454254
4782433039
2172027370
8494612
582677444
134700704
3272151564
721232499976708096
40182400
626681544
200607519
118275699
168523760
705528024255442945
143128061
706596783107911680
709494970814562304
3154339244
556361973
233657062
2587869397
1335658022
3248975237
267883570
949545120
193719190
2904213773
4562729666
179215745
4210395393
4917437449
715649243944329216
123749393
3481710202
281305953
2508070392
1887933828
717744734920290304
312552086
17744403
721912677749002240
714518218761613312
722088780509741061
331122895
15993416
2804271517
38218820
221473579
717073109543727104
4466364166
172768971
718704974692102144
717064460301680640
2808523825
2979538748
1649429072
4887899164
3362940279
14134823
14266588
41374473
2990560614
49502657
698878609096888320
4460455636
2200090705
2989918721
3306653841
2836451415
705536640379445249
4365609132
714526499446132738
2335858410
707264251971239936
1415496548
717911438619238400
4320915142
4189027939
722596051098669058
3064616728
722162150043725825
2980384456
711058343096414208
720171414020571136
1536649903
519607596
280884837
721141516266147840
722492946113765377
141658391
3663703574
4417096349
4619948538
16584730
182130371
715470009741369344
708045050639474688
1189280904
300920351
1154760254
1512201770
186141167
1948680224
2362954573
1035659035
3230338602
714486203043745792
4849008611
2296812913
4014644653
231023430
2151161054
722179861519986688
998637114
2321189214
115679415
612931307
714508717211983876
201671003
3236957949
893840923
4070456954
75049621
722094416932941825
714422504991887360
722083068585078785
85189114
1894744428
4294200793
3083482644
1412433284
715866652944891904
3318095281
3576801502
2511033522
87374085
714038069066932224
717380010953338880
3005755928
303937344
2295846070
65051978
17801505
1364683902
437461611
722003282550329344
714493372166045696
721979502734106624
987961472
721918172568416256
26677949
523590758
1679297863
81730445
4700118502
35281083
3306300452
605080354
4822852361
2476366418
436795156
1042722452
279612469
308997977
710423387416485888
3337299736
4775644610
721749214699593729
280206044
3987194855
3358983526
64805292
1554260346
4836711019
704694321241436160
714500934072545280
2298405554
713538267715600384
714137555793534977
4668951313
1954293848
715260042337992704
16082656
473463501
3342818044
3644537489
721358327779688448
720868048274456577
174953869
719233661292425216
2921517225
3733132853
721551226584715265
232342189
72660086
1549705375
721534666294104068
708523719547756545
4747770493
395672991
707744230832218117
19920360
2569089010
415357929
721110479708516352
715276372701233152
721417177010737154
2546729064
721052704622166016
718187464402317312
721182638149480449
3319467948
720324446632824832
721032606213607425
719521278403743745
3293095195
713817356737183744
2304299930
3092134054
720020329330900992
994416024
2552947148
4781183503
715918246214516742
366352199
712135985018974208
3948594856
38705298
343373105
716913748087169024
1360373864
11891512
713375441789161472
265548586
2827324314
17010913
4686149395
3304676233
1470431582
4061598561
33761225
450259844
574364792
2335945427
719978021575385089
1605711979
147290193
4786713081
2871222532
2217868646
3328440783
4363192656
150879488
3584360116
1058285118
2452497806
1262479110
489500202
2325741211
1546929224
16140253
4716242773
717091938386710528
729078128
713803470835490816
543017569
549609965
17814546
4724542101
720653043746881536
169705352
343455490
25689715
2744309153
4570277038
293552320
1037508560
4884639118
190116217
1037853462
28779194
1035519986
210735868
704401218366541824
175743717
34439346
416741786
2770255129
218423826
3966374844
28007844
233425639
720800839854632960
104575916
713172910186168320
16703058
960386988
574924141
720342019604750336
3648807013
189796675
4135435274
3004960138
175439376
2995033537
718071108277108736
702969200093036544
718607745944039424
720713630577111040
3289220938
707074073298219009
719318219924766720
354643575
2722377256
4836566368
720653795391311873
267363591
602063319
1407973770
3013132250
3047409075
363989254
3948927825
832150434
716779443528867841
932991066
695270922576592898
3401939052
720531175136174080
2766560059
57226715
720599591872262144
705584916
1151725669
28393138
2396552142
97046333
100587626
40920393
368091411
4928347811
357810318
35417095
712420135450120194
270227961
710291985572220928
704041050789306369
310660918
1038394548
710398594604359680
380974423
708353628436881408
3228893278
1036904150
19358850
1085145673
714824448
705587382
720337367354052610
158373993
714608524660248576
3184902631
157810106
218997952
4777898837
1132785139
720313456457609217
4665601703
2965057507
3061870014
4349407997
222846092
2975166589
34169185
720267074786967552
