1675948460
718776770896330752
895316466
717548917689221120
719345015705640961
3057794726
2936025762
1429208430
712832715083517953
2682765481
718049268397813760
717918192459382784
720263998860464128
4591182513
3151644836
722631097637470209
1914547058
718730241225596930
723523956364304385
720870782239309824
719353241197105152
3095602597
3753903793
714126657414504448
1399557690
720226318252515328
582916398
719029641021788160
719123338098974720
1976620476
3224164370
3092406715
260500866
199581220
724396792780087296
2715992263
719859863484895232
3223318694
718728994145722368
2222623416
435404211
3194364740
2444453372
3285133087
4882679801
717489346635554816
718301294264467456
3181619046
2433516299
722164102399987713
3029278477
3075558858
2641321553
3195628373
2379882545
473362440
718466677675982848
474890110
3385442823
722344837484191744
715859355300552704
718705490159489025
715363918864973824
715511971353743360
714472707329368064
3161109380
2808081505
2150945055
722263842428825600
719348681632124928
2380746024
715043507296198656
715032108071260161
2770817820
2215803619
1732444741
1322736673
2783262684
200209602
335089388
2924706199
4033788755
2561967373
1069167474
2237595005
2873520475
1181920668
1434202730
709355993407348737
33347714
30494061
30500677
3182267663
1703396281
2578188186
830629062
2485148097
1098754603
1535160188
2591929962
994038751
1604763871
484909407
754149666
2420410750
546882078
2702932903
1636950433
2242785854
1279944361
2185783205
2215508127
2587253754
543519058
2440801965
491064280
717285396892229634
3596861897
1350092647
2168145514
240551248
782791040
1201103720
2722696032
541478843
1682082804
3219965173
1491182065
750882690
2254035201
3972036520
2563117902
524694770
1350095444
2918387713
2274920403
1395837230
396764205
721675285343506433
705130482317533184
3929534235
794596832
2958119136
829965937
1678599378
2926006850
3260616722
2996918107
2732402895
3193627904
2958615302
445403351
2354119053
1697657965
1355696292
1548536844
1188366228
2646820459
93085095
163102305
4149150267
438403005
623266545
3195355224
234093893
591726526
712934173800062976
566314923
564464047
4610996728
1622120335
3193701722
3182807272
2349545286
997716878
715992042262892545
4723498279
3194339550
41115798
322253898
3219827478
3195427244
2869441394
171365946
485757719
3159793297
3194286372
3194410184
1390349509
3394639354
3188037436
720233575690297344
947000222
3162553404
3195346316
3194352614
3162514134
3194484805
722070616581349376
3195526537
469783070
575437592
3197735488
418349126
719118833
718598304301477888
712759548235358209
2329575404
3159881629
709340626836324353
716257585024765953
304252230
718264006700580864
720507169356038147
15279422
1590960259
718031869862760449
543583817
2162112522
724174356709015552
3094369021
719850270558003201
716198423355981824
4098047053
493436454
718770334652981249
1869041420
718809970993537025
719828518964625408
43592056
447749616
2311623008
2792276935
335957195
903102104
4865045187
712551108317679616
3279212976
3094588099
721249712091832320
720221840778526720
721513487713878016
718034076007997440
722745572894105600
720490194718310400
3297049651
634132862
718425848395599876
719126040279298048
718784740896022528
718728599948275712
717776465526284289
718751749197049856
2458455205
718818604754427906
51988172
3252660829
555023847
4789789902
717900285499211776
719529208821587969
409886894
60043055
723006959473942528
718384414317748224
3195336648
719015925375041537
602967876
3617481259
3164929414
854649319
3032418436
246796352
718014628303736832
449641239
244223838
705509870787764225
2914849370
3007985891
4697206033
715712760672296964
721810674125520899
194051347
960179054
712971522118430720
243767925
1287075470
4741006217
259232748
723217657953181696
723920709513281540
4777082211
723729595992674305
2835026851
3068428789
718144983228878853
3193642680
718390706897686528
4299284368
3564598572
335816977
51939573
704650561392476160
3275322913
719139879179780096
704753291738128384
1699069382
2361771175
4899171437
1614399842
15367370
544773181
4897581194
316251458
1551936811
1597508245
1303890230
591746664
2469586307
705981399568879616
52403493
2280218359
715460592081895425
2920669056
4603022905
162904019
1702004011
3064342715
4832634605
2703950946
3092731106
4138211777
718622145572503552
2480912208
2546892376
715163191089635328
4688077280
547357802
722963690
2303165075
3302359105
343270833
132090680
2792194171
3714714806
4807333394
4567024453
1377243535
718793043810254848
1358098446
534556017
722753141280739329
3291273915
3011134511
755693262
716138477167882240
719372024175415296
536283421
2167654198
2956335056
930028069
2161765970
2238606087
2413691232
2274918261
380777256
4101674173
3130699580
718726958884868096
249979835
1106442158
708003858
718659326546546689
722339813760716800
719376676824555520
3228601735
1434151788
707265213242802176
706296361117839360
212493291
3093956599
1885818775
702553114490974208
634041554
706843240880742400
3870026895
708511200477184003
291554279
718697815161999360
718793560967884801
736532467
720885710060818432
2976622356
2976065328
4873741029
718795447343521794
2451406465
4735854553
718332340930482177
711826570155917313
723026292430393344
2333178879
337088546
333999115
1133447233
723760320397844481
424841652
720281853140148224
3242508680
719160999618564096
4726871875
718764667590434816
3242916528
718756708642738176
721391782441779200
718387770453073922
718677531403026432
3094005462
3285303193
719409064053121025
3145091443
4387148361
718678877329960960
720153830088835073
3122898558
3094102506
718785926902603776
718438919755268096
715413485425790976
1850098712
404223134
719340830322917376
723718428133974016
2417064984
1562130764
719548927465238528
1294053906
718439059131990016
350666853
718757500418297856
4610739073
718703032221900800
3181553276
1378805054
718680534818250752
3304964250
310747845
189431871
3306023354
718229210616217602
1380293216
313170052
722577517916200960
430877820
718957347796705280
720613064601505792
719689876216672262
1699268118
721962596996239360
3092330587
2433417529
722956818738094082
304922071
505808190
718461898635644930
3295997995
4404813689
4339709668
3421027311
2743833920
705563450571780096
2209471796
252470293
4233264161
719837748161613824
4233181882
4232375703
2183314607
306462574
38950120
2214655098
2330148386
2330848120
2489752610
3421914711
720618747719888897
1379823660
2187128263
3032941886
714833718196613120
722995428694872064
2865321274
2529624294
4746999887
4885101087
350382004
3253403838
715248510233288704
911178206
4844595106
996981140
722523058133692417
720552424637906945
3244646871
1969272362
605648217
2662698457
3508170980
4817693319
1670591972
719455985794875393
723230047755223041
1009372152
2425217220
2577514952
317752025
396686913
245344059
621301322
117783808
2957554288
3161205601
443768861
1329054162
2801587087
3188846455
161923235
3645056775
253073890
4885232653
2207677915
718700279554658304
3913136178
315147138
15932734
705678699446865920
2559217448
2930382641
3092410675
719844903333834752
3276962676
717305578016473088
161554574
531388646
21672394
722601502074798080
717985243152527360
442718081
1379994174
151853037
720205677327552512
720415548538953728
718763135985786880
715848486156152833
723104206161244160
401845860
1109472416
3312842801
718090862169759744
2868779870
720517706244562944
704564107677081600
796138754
491090439
517245672
2898444240
3262523197
2618319031
718665647652081664
875702977
718725425732526080
718420150173638656
395749419
717490253951541248
498349680
311830273
705919730834673664
2430518935
2653299222
721870237918830592
47366326
1913092333
719042383619317760
721145965369892864
788061872
723072021995773952
719318881232232448
555488741
718254548729638914
360975094
3091949857
707275459738755072
1631489797
3342263507
718574475135074304
15187867
3092992610
720665934952669184
718593146607833088
718593895253336065
162371418
721878337258270720
1546341678
718621009012789250
2249208078
438106658
718589576370118656
2872838914
718575091597123584
721508289981222914
2516757586
545918705
3094613462
3038847421
705481838148640769
802283515
4402873041
718587118532997120
469721366
2181620206
2365650854
723145060036956163
711580178565226496
718732950062235648
3094644091
4895864558
709173667603750912
720381458922086400
1135264340
99668269
715425758181593088
721324561740881920
718537382832783362
214308122
423565820
978599760
582055133
718251817424056322
721926404401553408
720864115585986560
487275546
722601111765393408
238978868
454639604
716551959876993024
933397044
3254760510
719574855016775680
4246207092
720942500710522880
4100613614
3321728588
106699394
721908894184841217
706983067123060736
4825377598
3287491532
4344569772
722964290190217216
171786156
3317515952
233355857
718327385402302464
105805455
718794112460193793
1351586424
718648985787830273
3293637144
373872536
180715634
3271537124
599809735
3178370485
3311424277
469035640
717497082542592000
353120217
165807031
348353162
2739449064
361925497
3170933324
719134047557914624
964156615
58602716
3465958273
3092596850
718390704951726082
512283850
3868405453
79958736
401777897
1724269291
174902886
427308745
108193652
4261199180
720125935035531264
432406704
3934666093
4488722123
462698906
158677024
168317227
507579495
2212306969
2434985167
719145693386903554
474658326
3032161064
168325094
105506258
3189336318
712865813456404481
718706413988483072
3323412913
3449024912
566877246
719912766954467329
4366903579
718001160951570432
297444459
89958667
722857349937897474
244280163
701673808025944064
3224463015
269353064
703484113924194304
547618485
426523012
719549989735665665
1899014348
3281730896
717494772626169856
193659630
2917005033
707408795807260672
4105711701
108437138
4808543788
717386728412160000
2430989977
4799397829
2816007016
718650205697024001
190106227
2223542556
719329234087333888
806945083
464367421
3302439967
863234978
57851949
152199926
717072570684715008
122617880
101104079
717062773822373890
124759822
430421554
716072617002668032
4341540619
719007994579542018
718706602182729729
717061717285543936
720859504691126272
114665744
703594618034610176
721299404917878784
712161498
708465226111299584
721158611854958592
550298956
449003500
712080725508423680
1216792339
4125798613
719833131998711808
705678360442236929
718446440863825924
232808817
704128871696769025
4144620733
718776379194486785
721269862169874433
1416913170
719146483639934976
719174923239862272
3480715946
720221591955615745
3314657876
718713906919702529
268454677
720075528699404288
721204430905815040
716609693666312192
714272231417708545
3318864109
3009639014
720415898335518721
719350858962436096
719801492975128576
131194462
3094734295
720097390682726401
3218822556
4584479293
716188643132461056
3253325233
2555710802
56024384
1021990303
729982916
720345049142198272
3131495081
715414691254652929
718702459938430976
716919917270867968
163597753
1475262360
3104595494
705656072346824704
713271443987935233
720514178369228800
284188758
720534252832432128
896820768
3271413211
3380266279
704324151780085760
944955566
205149752
468202111
719510615773945856
2564059472
2920755691
4676920152
889991017
3571471586
701096096961994752
176724444
164972013
718646685929345024
718818409228570624
4880823207
3275332388
4591517772
718708357599604736
3094307443
3393708373
718707347913187328
603585249
524229361
720156667174727680
348279442
719182866119151616
719706326696378368
720441368334630912
721212237382180864
720105931447660548
3239938267
720129191170207744
4183443279
167220110
3104557712
721392480151691265
36417162
355350607
221190401
269619580
2398708421
526646396
4230618075
57260327
714126247165493249
705423615450333184
27036227
718663488432766978
2414113160
25660561
2799926731
719139732941201408
2413244948
719387755147448321
855018199
718729633894563840
3738708552
722281417447616512
3841732469
721380578730201089
1062379038
2793742583
178555145
956890428
719398710937915392
718730202809905153
715254634923708417
87346282
700687649426673665
720192115204984832
3092844685
722210003113811968
718379777393061888
719168544928169985
3702065532
712877547479035905
2975627326
720178156917825536
715723959916867584
130649540
1555560476
718661343931281410
2564053544
114682015
720795838247673856
718623962230435841
106379129
719532067361464324
712921114750689280
718788004525920256
3093990931
720427008879034370
719339742530174976
2754927434
600005805
775243927
720093156910338049
715403471776645122
719116291097759744
4416026963
721429850557456385
2739660739
3094339567
61522100
718636311150596096
4081882514
3508985712
3130858723
718798304578904064
718811927942594560
3303367516
717970098514894848
3236333814
718667773417693185
718637331738001408
4924413422
718776794942296064
4499544979
2830907564
718730059373158400
719199600326737920
718398895584206848
719711072949653504
3301579871
3307742214
3043551288
2996100459
368466256
202927679
3310755367
1533550692
2420850852
3543600026
718279414132379649
3342204434
718385426902462465
3359000533
717685828449796097
721468489517506560
483099167
718306411764137986
4811832744
3227019104
718764881755766785
3306946069
3313522700
719347812278755329
3225124627
3182795562
3315873343
3159391890
2294172385
1022218820
1569242156
4881682611
3092790241
4344471612
348732783
1472560405
719152263512457216
1476968408
701048229618561024
3317238205
722218572404154368
717999980112322560
3189661902
3605612772
3312488737
1650679530
4782436934
3854038335
3023037872
720472435368292352
3224586678
718753737964060672
3301399997
3626383756
3229192890
3225310801
541391090
3005115605
3188809244
2876350885
711110529293520896
3319903748
719902009982337025
705410135368183809
3301542069
3319752253
718674561097605120
3524060839
717286755792084993
718099095487848448
711108872639938560
721930987634987008
718517097597259776
716496436884451329
722198353111564288
722198545663725568
722197481682034688
3231183864
719383881334530048
109237155
3234358951
86415092
4341327494
718697347790688257
632780963
713696839464161281
2810103041
4865526014
3190677560
716998123525001216
2379161372
3190405070
3404671520
3188097096
716783860671913984
710210977325830144
2495733547
4396148560
1216245494
568227929
3234498180
2416269996
718024167631626240
4668242983
3313010260
165007075
718701077529436160
719806087822778368
720659957419388929
184899155
3092691493
1359497898
718317215293038592
719176568585658369
719218380104802305
718436910377512960
3280535862
4097935397
718246586887892992
719092054467317760
722034761645105152
1131580350
719180190979477505
717703066946969603
3160025653
3092458969
427259270
540659622
199277677
3224220169
721983640888942593
716906319798607873
719285093534015488
218545193
4031722454
721655838058778624
704998535339515904
718775168571551744
720238882529234945
718522835514187776
714817273454702592
372693900
719341741153787906
718776126261190657
720227810569117696
718355398781243392
718352697037045763
718376798095024129
4699392445
584249577
3845235193
719775645232992256
3275008495
706580921105780736
3105112902
709633874427404289
706628938001330176
715203920738451457
3331858699
848717036
720568689863499776
718757872729894913
719530974548103168
3311651240
718668876272107521
294923325
3226115612
3092098586
275415306
3148228436
3159362466
720302210446327810
716812861201186818
719704716498890752
1655668590
718101010263085057
719727070532665344
720110122568151040
144430042
3092426924
719144806467784704
4268616885
700616845603123201
95931159
2659589826
2281111478
720138760202006528
718449540601225216
3558530893
721580873095577600
157794758
3093455089
765501692
4753098848
4910274547
3691197084
719718435345866752
32632622
719150688073166848
718638767678992386
718830474643136512
1021527428
702776055619125248
4670309300
718710868884606976
718753708507410432
719362529462358016
4648965337
719168216946216961
716495820564996097
3805898293
718046486739623936
714813625676902400
4746828980
2224263050
720471906621779968
3736904832
384336694
3220864201
718775189606047744
720630987739168769
714795661758111745
718311383323054081
2739534737
3178559994
4359688277
3091969304
4185019278
721772056585576448
718651107598159872
2976057200
2960195354
719681066257276929
719521451305340930
718643861619236865
721850740621373445
721849388843278340
2547156318
721848736377344000
3094338566
19479440
936207042
3589753573
718812810969387009
718440828918607872
3092587488
420316107
3513907032
4283644392
4733191812
4312274739
3092688032
3564672379
4197716593
1961581470
718265082027864065
718437784462041088
62679632
4776856927
2921594049
433314315
2766768008
3292222339
3246251654
2446614943
3204978981
963102006
1368194202
220955172
222937587
1668526932
2750799059
121707705
3927612718
2305431584
185307442
4876718043
721765788005363712
1711549068
123320908
719926995136737280
1241669910
3645432377
2302468187
2569150368
2268406766
1923371114
721739351701499906
1681336381
3104715936
1541744390
716189113460731904
71836829
719107387756584960
718337807824121858
720144908338667520
719739797456027650
3579659837
3508503495
1634284782
395547928
721723638773198848
718728193302081536
718430184383250435
4566283614
718693575295250432
4566242354
719522204078071809
720273368776216577
525786519
1630700100
716967011427823616
719877127768825856
720439703330103296
710333754212921345
4174259532
3094606442
3548696113
3286053037
718711171667263489
3191468210
37820956
716495757679812608
3235814010
2580043901
2827090578
3875033532
3104776710
718653961385848832
1362461280
718272899573018624
3138311275
1724325319
58251690
718725623691128832
718740138348535808
719941820495454208
182668570
718403427487776768
718648100785512450
3094375016
3189671376
4007138533
3092843342
3093746706
3093342830
3328461930
4268914214
3471633558
630787664
3094264297
3279046338
4392025457
718698586217668608
719499349588180993
705778591246585856
719535448360493056
719889163508715520
3188574306
1392210019
717685824892960769
549055848
4846829793
718751845405974528
2960045293
712120562005336065
3224425381
3104588588
589445056
2535236773
3813736994
707546366755545088
4321974073
3190358156
2808871963
546269928
857320663
309468702
2393335814
719828405001138176
3092530459
3318378361
719157467528110080
717967849352880128
4743440912
3094206757
718441504784535553
702781237753020416
718736546573082624
717905005575966720
719726679653007360
719517124541042690
719827838078185472
4893181897
717885624636715008
716495844216692736
719164220407816192
3094612681
4262778732
4925105089
4811055920
718809528297361409
718750781143252992
1855569433
718328696772370437
3092371160
720198834597396480
718737308149649408
4099362794
3094366879
3093344240
711260764024078337
3274418348
4009881763
719803588134969344
718675358694834177
3093940590
4336399694
3089667535
718460820334575617
719424895365419008
719836998022762496
3862850052
3979174154
710619303645581312
359998515
715218078833909765
717708201064435713
719459933826080768
3105031868
718132413101002752
719332630559232000
4832096026
720238291979624449
719379921089343489
719747177598193664
719173792786808832
718598036918677505
720483005572235264
3093450187
3091994047
3116807992
718752382528532480
4343017632
718473027923550208
3220873010
888077480
717924186870558721
720261809538617349
1629678848
720253254072832001
718645938487595008
468279014
329486632
3092318360
3253452840
702846334999527424
4112137993
4100145254
4210814600
719016367723163648
718246388954492933
457103038
715891892278288384
3094201399
897356004
3242054382
3092008092
716851967067164672
3193740320
110808703
200181547
420175416
4343159354
714348927554695168
3093853484
718590719984668672
4838808763
719172508025368577
4619878038
765596330
716993269570244613
718764580697059328
718770097469325312
719372363561721857
3786951972
3096292118
715320421516599296
718764517086265344
3092429952
702312063008268288
701569747620466688
718685500748398592
3093819398
719370492096880640
3128743866
707465080464674816
717963351783964672
718679523001171968
3197090834
715152078620864512
705590323070705664
718248364110966784
717975455320510464
3198853580
718451039658123264
3219552092
4195384633
3187654430
720147681977311232
720422366409412608
1006095146
4837645274
3675080418
172603113
719015408364232704
719898522066268161
1349195371
4097219593
718477088227897347
718476275686318081
718723950193221632
720010769648082945
719888015187931136
3094026630
4852277145
718828278157410304
718410112528846848
434767773
3094561825
719846118947991553
720152788227923969
718288615084789767
85617431
3092420510
718668642200588290
719172735721549824
4340710394
3092780653
3987727392
3188766090
714049614303760384
717991680276766720
714747015259955200
4109707889
719372882158051328
718826157207003137
719170007649812481
718441728672280576
720293954634129411
326038481
715797469154684929
712937511757066240
718753519944110080
718654323299749888
717748620217298944
76487129
718741648469942272
3092732052
718067817942089728
3152241571
718337322287308800
718373933825789954
718436865058021377
531291518
4918564836
267625984
719140219350437890
710340096730345472
4890737768
718264603659120642
719814061907689472
1031588694
718334619226128385
718645514686730242
718699364516909057
720074092200656897
4033385899
3092205673
718774118468849664
3194248993
718261896328179714
718841106134228992
4723974277
718712527979302912
719817100160868352
704814393532375043
718450128852398080
718812561777434624
149376770
177767812
3146859987
3096238434
715892934093049864
3139128637
718787058836213760
719030352858120192
705527623863021568
3091878230
4100126239
3190522440
3748012872
719680543420522496
719696282839699456
3253811918
3093957889
943181642
716926115546202112
4045387753
718693356218376192
1001255977
716948053568069632
3062012287
3091928335
718686423470112768
2172267510
718345720651231233
3104640146
3104616080
3813872654
2783628037
374271304
3092194948
718311577569619968
4694961654
4151928912
718447344572698624
3125323392
2996515843
718807897698795521
3307936738
716946825895260161
4136701152
707057898686316544
2287271850
719132790202044416
718778539101659137
3187032540
718806480183369728
4100826912
3093872526
718425575589748736
702672026796843008
718703174639423489
717826567578263553
3408153012
720157239323992065
701663053545283584
3091859262
718956579660259328
3093765954
3141617526
3969007454
718436369408757760
4399059920
65194422
3093910783
712521751939457024
3040981771
718381451989921792
3232043772
4101889273
719382265680175104
4726564058
718632938414313473
3802378572
3304989367
3190570909
4123215372
3040795099
718286105473327104
3092716663
718106809597177856
2915114696
718799087433166848
3100881714
715393596002709505
718412370347839488
3891866352
720111534282776576
3815060953
3195184476
718301760494903297
324751621
3093339427
3093770005
3288918308
4062233294
412914400
719089645246554113
3188814026
4095156012
3196493694
721465066206330880
3185885726
710699500860362752
716341655574618117
3271441248
620220793
701392352565284864
714800832164659200
4102066332
587189110
3252086690
720098081031745537
4475590517
3093999595
718754060648624128
3322147752
3094267604
718425332705918976
3224032778
177412700
719701887033991168
718764896813338624
3162084788
2471239705
718714292288118784
717450593481072640
718736213734088706
527972155
1586581872
168609813
2621903625
715253153847844864
703466012574810112
3314203928
4535640737
717649018247991296
2362608330
719086166822100992
718713847993925633
16939324
3242147816
3489611952
3968593342
2164048153
714301101080576001
2295718063
712160132667314176
568610858
721131511622328321
2584393508
3306554317
720439614062727168
628936977
3092541253
716729583186223105
716073126648414208
2873797336
3093763536
717708443767824385
1894632373
18684027
718641499949309953
1673457223
3223786268
2981516864
716833640253001728
706266204650938368
717508693294653440
719898501128327169
1370890770
2450706354
162501168
177592153
1245355310
717988935264112640
2731791215
720252206214197248
702002542885130240
719184627504525312
184827418
3017973344
710016096649289729
716283430934331392
718651020398624768
718769956691705856
718655799141109760
721371428923314178
1075697161
718742734102638592
3061693648
716794677085622273
718331559246503937
718729520769990656
718798540609179648
718308182649647104
983555929
715352377130242048
715352804869562368
718697568071327744
714828076509585408
718472911309254656
718426471040028672
718735829716180992
718774748751106048
2151608551
718792424923930624
718799869020741638
713817939191857152
719759563851960320
1593131970
3043323309
717867656729141248
719460160045879296
719298609015992320
716866284609122305
720525274404626432
719487865030246400
718621127656890368
719114395733725184
735031304
141744518
718038607395729408
718435721980174336
2555221046
717080324765777920
325930153
715904417581510656
718358516654809088
719383529696571392
720571258115522560
3232862526
718783484748148736
718657743624622080
721038244268257280
3293454098
720138491309350913
718765720000024576
718455518545575936
718283522549616640
718769183341699072
718756892374208512
720122527314505728
718465200026886144
3278090875
719152717088751617
711483479196741637
4098962473
719422368523792384
718089264441925632
715899947460071424
720252695764869120
2877681518
718011616474705920
719913386839031808
714727895567114241
2400319137
3092666678
149496812
3016785620
711890662573023232
719088862958497792
719138922710708224
717339666085650432
715262002520727553
713643058361802752
718729990649413632
713024594832064512
634280066
718979885213954048
718643744967274496
719147270822764544
716571978992193536
719690694516801537
708142336287440896
720542186769502208
719694328642179072
719146746232774656
719406546338205696
718723280153128960
2915889460
2402207456
2466408812
718807386996080641
717753370308554752
104070078
718121621156794368
4590174269
719086689994452993
3316560129
2586834118
224746389
706439492899475456
718657668177498113
719177869608419328
95459708
719452844663803905
3751593441
718787888532443136
719788050818211840
718747781809045504
3219235112
3141869281
718744907746115584
720579916027314176
394970418
416591068
718385594976628737
549116639
719208007490383872
718687867262767104
718703434921213953
2927347724
718458396995813376
719530871909273602
3431879661
2341695409
719786351252660224
715513086766161924
177968469
719150947033702401
719143807950807040
719210939615043584
718901640103768064
720279041895305216
718602501629456384
710353296519606272
719175223774326784
718809131549786112
718761961773604865
719091310926241793
2543875482
716569275507482625
4765284443
718381283538268160
716910621460017152
718786863377453056
706756189313323010
718330425060495360
576533446
718766634639331328
720137803082833920
718736388825284611
3324577158
720053453901271040
718657085693501440
719529971706781701
718644804737863680
2323150141
23160310
2542131216
718453842904375300
2322937225
719086510771810304
720506987579117568
714288499508256768
4395139295
720182230811676672
2422484312
139493986
4647605608
3028273941
938330827
90645586
2836795494
3425763790
2824619859
413929358
161710919
1327639712
3401815851
844507268
4875059428
4498704274
2963930662
3006680892
4724517448
3656844015
1632258367
4292445435
3320976388
584001292
3292368563
306354897
713763446748160001
1002309236
272802314
715722023549308935
1857469146
4913411594
3770780235
922847460
2604380670
716571448836431872
2267669962
2784170003
3105535019
2583585870
703297862902292481
717885782233448449
493097369
2525224598
124030155
719161560288010240
147829684
3365641634
182730874
3292711397
719133692149440513
112934639
3647251399
3143023778
3034913038
719098634218778624
333975406
1707214164
3151976582
3240223393
1388445793
1564422794
4786284459
709381218685464577
4044055152
4851186203
719524058509881344
240272522
2490395579
4720325113
2155481809
336511336
192024694
237100848
1049466415
172397445
4850953684
3232734689
404889680
2827785023
2340810258
2279556314
437691294
100338893
2887968749
1284506150
3883831636
703616221405646848
1434828373
324150541
2566504330
2492562440
4776124334
613343748
2508603909
718688646279225344
718705465962602496
719193528056684545
4210741888
1549329612
2664072158
28427441
1679297863
3307364874
3301126604
129306477
719678863463157760
719844031614754816
4253429113
4419422833
634217901
599323844
242873266
153874480
457763872
709241868735778816
2208984262
710352962342629376
3309146742
563575189
715825204333842437
3104652934
2848247015
3707186472
2925153387
702442438
4294832535
716806595208810496
3005989411
714824647712190465
1902631015
534415312
1689465962
4872615256
55432259
3015031480
490361593
2524265943
3064434183
1023222469
708114908802641920
2870376958
720968686979391492
717888487404376065
718668404614238209
124789696
99785482
718722930029375488
709069774987378688
3025900581
260773927
4877992313
1932329000
1719400196
3316976666
1114527031
4846748320
1109858767
3216973433
3070397356
719375324119609344
2914158393
719888639115849728
69647174
128896215
3319445155
3933179489
3128482329
1473746294
120157601
3357277319
247746523
3304849086
718765184018284545
719022462755688449
715421041867132928
970921482
396601079
3196088112
4347139706
4224211913
719168963603668992
2419075586
2885331909
1374498110
719912029620936704
3284614645
3019251338
2219484504
1512582912
2550858750
135248849
2920048708
4821916042
3094033874
34139961
702791845663756288
720863027893915649
3414195111
1076394487
21751442
2906870551
373095486
718393578947481600
484999518
186523313
1829303797
2451211718
3421721787
4875732513
708695776831086592
2443379798
3305268433
710519222
2881377238
4452348195
3058016756
252567112
3039651603
3293696029
2846884924
2210874168
2720627318
519983462
4866083122
62503583
594366221
4695671790
501421692
289176806
3727473142
514049259
2901735752
718645758329643011
3093328602
225060936
715345756207448065
2458997503
715424151389888512
2458918472
3092900184
720250057786679299
718729268037951489
717956534823575553
718436030404104192
3242023412
1598852154
3091985610
3289749191
3354678494
709963386981851136
3094699184
716242371269136388
716495723773038592
3307544346
4252687764
2460047262
3094296398
624710051
373663122
719823987417591809
715878497369980930
3219417780
4374428233
2536336019
4133012120
1613604739
24895587
2920234311
2698264482
3028793425
719148056487153664
1116492955
3092443319
1466009443
4847369320
2193060880
3099938762
2893904249
350593129
1643909461
3253284066
315868883
2468990754
715212842052558848
719483707023826944
1924501530
4696395336
3337649643
377940503
2520000468
2328759382
2291428702
1395923928
821785831
2740242523
91673645
2215558460
3122559416
605327060
2409136070
2426816065
3188737249
711511973934931968
3221935591
716495801539690496
716932787824033793
1541070247
710094864940146688
716495772880019457
2424902005
3227074824
1391710974
289192025
3476948112
1484891485
3152264984
717621311321681920
3220219058
719151435053531136
718416323101888512
719140405107752961
718082078009470976
718759869860327424
3197397504
4856090553
719024693961838592
718813680603770880
3259022948
716495764373921793
3219234265
716495765468614656
3179232600
715655859276107776
718755797585362944
718637968190083072
3217293474
719014984915640320
3792290725
109878560
3272630611
3198884252
2199200424
718440768424181760
719358997573152769
2425444518
3220763401
3097954944
718279376870252544
718739792712704001
718260762712662016
575142431
719359417435574272
111257039
3252811668
4922628988
717686157446750208
3138488562
711837392886374400
4722776474
3092121799
3401294594
3287732893
3950473220
695396507680256000
717146345035837440
718653877218750469
717685594801876992
718739218202120192
697618824271523841
718698070867718144
718461881648697344
3228083162
716890814350110720
717706252227227648
719525220395036672
2186259542
3973801160
718766327855316993
2697442772
717380595093884929
717519137178714112
3092475938
707963909479661568
711477059030134784
2528878261
718230703243206660
717895137737572352
367603846
711659358640152577
2458978854
702463079213244416
719347657286615040
2558911250
3812453179
718644963509055488
714982279961939968
3242327425
719174049230761984
4643219394
715330682944245760
3092457432
4783212319
715334321851076608
3196292605
3814503387
718745257681129472
