4829933945
2720206428
4547869279
264422645
4513278821
719953681513259008
4852629612
258025056
3111909523
713008254373076992
336788919
2287887180
497047962
724734395874193408
1670172542
1240400419
1145690984
717196298554908675
3022158560
2970813920
3370225168
4383281909
716271448357216258
17372211
2914194020
395693272
710990834972233728
3018083889
17327882
721867714176765952
2539540818
2638042382
2401002866
722750584760053760
449110269
3284112337
696697762117722112
2615998292
708476919864545280
4479562812
4913878583
2376444547
164429187
2960359075
4746074508
896972016
4858336630
183939999
722153382740410368
3314758074
226657886
4818058189
4585621462
3271255423
389010499
342894187
4154041574
456401484
4033918252
3400459179
2438724661
2172027370
705566834913890305
2465279120
714484294329171968
721570483905425408
721411423440605184
718839469235924992
569501495
554240919
3434719150
4913144437
2431253425
150297315
411098584
2690658122
401157380
423106189
2363153406
326441040
424432436
2848177590
