3187191562
359078433
4753599976
60784269
4832681197
19539314
154555000
326131103
713379035909238784
165485615
3360036679
713508391264641025
708058137283182596
710438242814988288
1627375832
2316417956
4706810197
3239288246
3367755359
3265899319
46315077
4167161052
717820719942356994
2945359946
3697177872
3222932234
35532090
717181752402313216
711772079339646977
801634435
832886564
30500021
2787611772
2485533937
3158234814
48567923
3590393243
4898429954
2345611560
2724735427
2267734483
1858138154
724179472186892288
20830344
722583116863279104
4691102114
560642410
59001488
8966062
4259210063
4867141599
703042911101968385
3481825347
541566394
4122226696
4814892184
4734316675
325246257
712127823943770113
3066382722
176830279
4838960713
712391107439665152
3460547361
3691488916
4373238021
713957538975252481
2817162998
19173608
714968903105941504
239760871
2928962873
2797230072
714061980332593152
2967468312
1516445281
792978680
2265133784
317561814
3065922244
2889035125
708659375
713820028018118656
233282443
256043117
2776692084
717757019013382145
2306242698
3401375812
1649399580
4174381577
3316149093
1339541910
1852638823
2248041456
345538615
722858842443223041
723558007649525760
1652772480
234135829
4717892303
2607123872
720380567372611584
718093613448740870
613705858
3348572716
3105603524
2581758266
720341260993560576
3127894628
722589904786448384
4786581027
607902813
3810021916
2745496827
89934404
2235734407
56028793
251183505
3328130292
3466625669
234212106
62063303
2438724661
134234167
3267456386
2162524604
3115008669
714865285006753792
715471382931382272
715467291434098688
715468416161751040
715469321388994561
722328250840551424
104726797
45177032
3290351
722503917062524931
722501388656316416
18500852
722438944248434688
4318184174
3239062425
424927514
18435068
54769979
3284112337
473279639
4547869279
5688642
1853428015
245038469
1416121592
4766957671
4716938490
3324222045
1620719593
2393063119
2407710345
1506825396
712872467438706688
298853303
2809474115
123445121
4927642756
102327566
713817500073373696
3693271276
38132790
320917731
4855580563
3271255423
709625249206173697
903821
616353890
2431293787
903377622
2713972590
3060235391
2869651383
443587234
712410812862885888
713074562846601216
322189517
2905487946
705914099457236993
721704793799057409
4872723545
2799297776
27849575
706162519077851136
1286749376
713818148772777984
2977324214
1932575690
713593143476690945
713671186522181632
713373629057073153
827926069
334013443
1120296372
3745990517
20655790
720979848340971520
99608225
2377498338
3041438073
2916604288
3397826115
2175396739
114737777
1251056551
506497610
212636771
59684261
2332546578
52507156
206933693
780614161
2747746256
223338604
3031942490
236999820
544001732
2918561038
4606291997
1444350056
4302013108
2312637570
2915438592
17223116
333972086
1326377293
5042921
2328212370
4726207589
2482948878
85392778
421521516
172943261
1455282626
184310053
2413039209
3040693218
720498047151665152
2207665687
196880353
752172043
241010173
1679612413
2329881354
870836497
4315617433
4123771769
304760763
2797374434
23048567
17891116
