3314535722
710212758466236416
705446574328057856
3990358228
3307776386
3277814538
2975468251
3959389693
706558548537270272
4786763677
3709245494
4430503527
204132287
3424711689
4731347430
36707754
4908639453
25900060
711393889731657732
2695311619
31288110
35216399
710288878666706944
114350985
4828257199
65455370
709889869544341504
2871435374
724894586489966592
724893189560258560
191677608
4664790501
4230133150
723452193651740672
3309169489
4508543712
718527061871046656
3284112337
2431253425
3031942490
4765364386
2845207617
2697757255
31228313
4236806414
2395505388
710656531906371584
4513795767
4865928195
46302096
4887373775
702733529965326336
4910742069
4580047293
721133296273502208
314547496
3271255423
3836008983
19341224
710990834972233728
111225697
1618641848
3316868654
435958880
721795232942145537
903377622
272918023
127499705
720287751120093184
4154041574
2393063119
932795072
710502884639526912
4691189473
2581758266
208083510
1072992504
4867884322
705902960967094272
