2968479132
826537184
724557973398425601
786072223
724557857107107840
2529769728
2850514078
14828860
2485028791
933693476
2809434797
723915499105607681
2793018356
3475182432
526985477
3023037872
2577778500
551257483
718459116318920705
2902372616
2162610096
72938374
2906627682
4060278676
178008458
2329396765
2168512861
4335614722
2842621505
713818449089179648
615687834
266135498
472105143
710115698077360128
715935575845552128
2724302178
268626712
953824752
314483890
4459149257
4887583599
21588316
720287751120093184
2589634488
717950516496445440
3367987133
2434306537
697964959741837312
4636949955
703920350543777792
25539759
2316227972
27789999
720293777315729409
610606272
3027052225
3294572733
4867884322
2792409146
354643575
2542119906
