714575249128423424
4016633385
71036272
705502412283453440
19755318
4912926843
4926419391
43611789
706985930964361217
376302246
13008042
1286925169
724922691053035520
713867399750152192
725070809094565889
704886440425984002
3412084715
1128521270
2191701846
2833381608
4169707278
211043144
715323440954220544
3170504543
882192152
479095512
2952714944
149805315
547547492
3594364096
3230513231
724080127466975233
4925414499
4833066275
713380404330299393
723639000855093248
2366418775
37153105
1702731
3287916110
2985270576
48954726
358410527
722840406245806080
2813049204
3907592897
4416662073
2806553856
3921978260
2852660673
43384002
3398460903
3434464212
702397218767179778
4409389517
4424783175
185432581
706924331864100864
720674712855134209
720673630485639169
