714575249128423424
716044992788037632
723914499900608512
1223829198
2799088293
715923987918888960
273336732
714791179158691845
717344625166520320
725102221134684160
2973687112
701190716479840256
723703628775735296
4883996783
2849254345
709192888664629248
760032158
3392152409
719197880892985344
2791180910
725493479107911683
481645650
2575744050
2216216774
19865528
2959497429
275276082
2610494718
2823425983
4811584422
4771593853
3621755719
724911039997988865
4765364386
809931416
1641677016
705799381216169984
4775363417
105056014
2982562053
571212190
2904389591
208083510
2786486550
1084978938
436821727
3503962453
734318563
2587547119
16710420
725193316099313665
216297319
709115655618830337
4873283560
2481937027
2695311619
3289392453
2478015324
723954116339232768
3733471697
3721593411
441932334
3353669391
111225697
190589983
1920675018
1642303326
259349567
14619266
717554036510068736
18993272
723866974296637440
30500021
27789999
3053280354
1195724178
2316246829
371651542
2944228466
4263376942
2975468251
484999518
2769021070
885807355
506473263
73768628
19173608
704403215127674881
153663223
3393222063
719880665005629441
4705228532
3410689588
4383602173
2769194550
3594364096
719334660954689536
169792160
3159920865
20234661
1034009618
3384366087
3221971470
4870882698
1048960866
3185309839
3948964042
3392678805
2647275404
419922605
1494835716
721228572329951232
2164399526
3010162042
724847015235039232
721569805728231425
2954882603
293794570
3288010230
1644822146
2785414744
724810394473271296
710990834972233728
711393889731657732
3697177872
347627434
277805390
705103783047598080
1955132936
4887373775
723427554447618048
826537184
2697757255
2496032305
3316868654
4547869279
718573941527343104
724023061054406656
3808438402
724022802534281216
2467794883
2393063119
722661641117122564
701997644621619201
291870582
707101101451915265
212023751
3677742792
116151918
19341224
706453092
1701352496
708265425998618625
519165407
716284388259074048
2438724661
