2845849081
3010442038
940503344
1717464030
3996611363
944145019
373367371
164929903
561654065
1376536760
709707103280230400
4100953924
94607882
348013783
709897775362605056
2202371624
17456691
199909211
3948480435
721736643196162049
2888090229
275276082
4236806414
1125937411
94818581
3711628096
1082171360
347627434
3284112337
49870351
78968880
2764770081
701293616304562176
4862761480
1641677016
237376748
3414066557
4230652702
705103783047598080
2241196470
720967777134227457
1391035928
717554036510068736
721864019397713921
2240250237
4102376488
3293136890
705542887635873792
903377622
4797850879
33079769
4423704915
989446776
1072992504
75736238
154350597
721914038049857537
717073713427046400
3898315708
484999518
701092942274953217
715371702054690816
115681686
19341224
3722301372
569501495
3314758074
931168093
696160650108645376
379962842
2885707365
9376622
706116872760983554
4851276082
705441494698762240
712839118456131584
83682387
424927514
2984483826
706558548537270272
1939133288
70156027
318061556
272918023
4510849520
56449803
34428405
4909691868
562372370
4848238043
893437514
3384930639
1593917364
26876136
349582502
710990834972233728
705333567543504896
3171817168
111421228
1180890241
713061530892427265
861963872
550987205
51623734
132661533
45991643
709497411144523776
2431253425
35216399
4501660992
336638653
38976390
4381232594
449110269
4479812413
714934318305517568
720811727256973313
19102612
1373468185
81414369
3281910150
705506254500790278
79646958
582414063
3031942490
713073765622616064
270435439
127499705
2543829204
3277814538
3394743772
2975468251
342894187
721133296273502208
2906973191
3677742792
320917731
3285819409
713756394722340864
2804931115
3314535722
3278931906
22936237
3293741005
4855625836
3769782916
227410667
4828311314
4154041574
1375860338
2723864312
3836008983
202289395
720980512928608256
704070213143232512
3744122597
719125463499685888
44382195
3184471478
2393063119
304061756
4928347811
709426609
3416488763
2412406063
165145111
314547496
1871441173
3271255423
4547869279
3424711689
547629687
