3284112337
14828860
74610516
4551720146
724533422308364289
2791180910
78184330
2485086163
2847321953
3239739028
4499382678
893856362
4910742069
94607882
701843912835469313
808175304
71720602
3220851492
707036972804517888
712288570254434304
705961747157397505
4430503527
34428405
582414063
3271255423
2683416931
121656624
46302096
4547869279
3951302129
406978288
3277814538
342894187
721133296273502208
51757492
320917731
2478015324
719939273340882944
20606171
720340387613683713
3440895073
4154041574
70156027
557840546
704070213143232512
4887083588
164252124
2393063119
304061756
1259574180
3316868654
347627434
27958450
116151918
169813345
26713641
720846387009617920
2727726878
720845731892858880
