2445162480
4889984566
1655569856
3954873432
3264419007
3389493070
699935964395798528
1543483800
721131899653992448
719897611566780417
961144316
721116509347532800
3717679876
612833238
705499655073828865
4889489825
723621385004699648
2674269822
47330301
2598401496
4681263074
2316798014
719897417836048385
179977866
323394650
879161563
2970122426
25868312
3382363841
2809024942
47503235
166380343
159129192
446281467
46955805
2510072210
448509999
236580290
48057281
87710468
4510176733
2987216307
723525748104040448
152920008
2488343474
243324920
15526558
105535846
235102332
721519928302510080
716861728093519872
14641650
467637028
2916255125
721591400056250368
721585526017359872
16248319
3271878714
721578969577881600
245412151
721562138565693440
4475708953
1190498018
73844104
2489364475
3106148338
722958551329607681
721221768258543616
4129661236
710130262076690432
32478420
16892009
718135956952465408
2894183921
702319185536393216
3286300087
1932975414
722657862896455680
280958455
16307887
720141946824613888
2578510981
720658809639710720
722608546664218624
1276059200
3741998180
718122952781402113
4848238043
2492978670
551899010
179130348
3130567797
1244051924
702782996387004416
73470426
4443159320
3361921271
45855594
2830423904
713378579376025601
1906524205
14399552
886973371
164714295
3286193916
837861978
337261957
4850465548
716480640498008065
716480340118745088
2900110930
3770202496
4594737151
4896640934
55073736
2657818230
707891155334135809
253734910
722274318718095360
4136502739
711183720502272000
826960248
223083302
1964746321
2274406315
717445892719165441
4345777937
190589983
711841229189849088
4311386548
34272509
3114133972
23960479
582759042
1629059377
1176727231
4369492876
1375860338
118680823
1169999154
344147836
3058237574
57551989
3350998017
18873062
15597149
105295143
3010593099
4167136460
3189086780
211542053
16741161
2914541789
2646885205
381561525
22864811
820435232
218556307
3917608992
156097928
67014608
721916981675499520
375994659
138221532
721898333997043712
2892956524
2397270384
2793018356
218423826
7682072
721871789157056512
17010913
721864620135190528
248546221
111726086
2770395050
34784693
568714838
17897772
965323260
134770671
355784391
1707606522
3239251297
131325228
721832086039044096
3354530974
267894935
721826322453032961
1955132936
721807365172019200
