709377187808284676
722345506618347520
712861627968831488
709125956334698497
578180378
1604389386
4221955574
722148040866406400
719070482251837440
717210913707786240
720738175686152192
717778016760369153
720930508222382080
720975462973980672
718963923366592513
720837857582034944
4150849522
720908308907864064
706430174011727872
719241851061071872
721013445504667649
299159661
721014466993909760
720390645328687104
372236868
716277794548944897
249017458
698149069856739329
721646827209113601
811732417
4836995343
716050089718976513
2950593229
722554081076715520
721500772920377344
2167157113
1588711514
3234083612
3040929557
720686226710405120
3235232730
719935619384913920
3235055432
720380677494018048
4263588976
719125751426072578
721801604794552320
721957636745375744
1153045208
720646476645445632
3379247795
3414383723
715084057596571648
1157773477
720556514264686592
722003510322180096
721637095861809153
1958775368
811744034
431864776
4182004600
4182046883
3343843959
719962971175272453
713893965930631169
248415921
2334348380
717560946760089601
722105126069133312
4892099837
4853176618
721782503359541252
722872594374864898
2990904424
2991842940
2893673154
2913647954
4820806726
3434879279
1207847144
720415197580640256
3171178361
706557763523059713
4611247173
720294127976382465
2938391715
3025528114
2314509697
3373149243
952369106
721730382002065409
2320322507
3192838306
986526950
2485547532
722755416174804992
718012207972421632
717016380588032000
713023491
1136552377
3742446142
1061288576
723143131315757056
722232467567075328
2955168380
721277281474371584
4353171617
721847990307184640
3526484061
718453270994399233
718106743251795968
716797112860733440
2827655014
718239833735487488
3760275196
719917493977014272
722527105280557056
706599010501533696
4180371377
718157406665117696
448493900
722511846771724294
3019500176
1224096792
718153180241084416
722985721754206208
747990648
3052605779
1028853144
719125371090636801
717834267682861057
4122074423
4802553519
2614422432
719896173339942913
718475475585265664
3044166745
715261995629547520
718722104846364672
721403448659439616
721661574553976832
2609474504
4371857595
713057238823399424
714042688195149824
3419327354
720797545820250112
720735260380684288
718272752977842176
28330303
597477212
717358694749642752
788914674
2215320573
720583923697364993
722022629209731072
720180744098865152
720923206979305472
4472607682
721020669882970112
2802167222
4845241917
722683867010871296
715987300354809856
719677473009623040
368505037
721456286198538240
711287706916155392
426027981
707413555675578373
720750183353483264
2460490946
706585510404345856
2861094241
510052861
720912630588813312
2997417870
714322861733912577
716996205440540672
479543866
397574054
704596251891920897
713092266320125952
721751609944993792
720995189674913792
3131425478
246766490
2957554288
721277149647273984
4904198170
714871073158856704
721317037222584320
3541252572
721680409856237568
717091975669944324
721237281022033920
2728456763
2869616739
720954861374849024
3302223837
4895296720
721290505837907968
3207151393
720376820118499330
856984388
721460573960060928
3291811287
721058548587839488
4825848959
4310898616
721567968870707200
2708960333
721961615147589632
721626572466307072
3238329072
721236387652059136
722353840209686528
3993744981
721342480071974912
4830324243
721006204462460929
721409327962173441
1042947469
3253218941
721353812854861824
3355999456
4623084807
4771441222
196315853
4748751683
1860722359
1017669176
720786272780988416
711108872639938560
720251398915362816
3880872527
2776276551
2961168046
519491963
518948466
4843594599
2659696782
722238504072278016
2896103062
4867388848
3007853287
3238348709
721853502109130752
4871512570
3144288154
3961212136
1596275851
719452419822862337
720874566784946176
718914546430275589
722111617350168577
1732994048
722101528916586496
718035088030765058
1350435924
1614138686
722090591182594048
605648217
720933069797093376
720705211736657920
722047975183237124
719513761531486209
1313464111
3144424385
706945552227962880
4037134512
1201928186
720759773239603200
722020535824048128
719376092910497792
721125605631205376
717831913751314437
712915596753637376
3452451257
4901222775
721990910679060480
720885817598562304
718109972136075264
2316501585
3351156101
1049982127
720708178137214976
4384123881
713984332889776128
709301272998973441
248504959
720980142542229504
716002363996241921
3252785654
3389509169
869086050
721735105690148868
720893406780788736
716252044823306240
1211057172
2207121849
865072028
721502801633742850
2599544796
1629871412
2472697172
710436042726350849
720712028080443396
712044537980588034
721298561363783681
719782421194006528
3347020623
719755441903964160
720919262643269632
1703396281
151920434
423804680
720941881488711683
718198945453850624
720985241465262080
889974061
2846134425
3578215876
1278319406
720944959570984960
3035277332
721026928426250245
721466730275553282
2762228582
719838320629563393
3498325160
776697494
720483118961049601
4914800242
721165605244706817
717832466887741442
1936064160
498174984
721729462010777600
713787925
721330554516455424
714599691497914369
719539543494500353
721320292551888901
2539433076
2980849537
4409642489
715865759537344512
3158925206
2346717697
20910927
2650461102
4794030628
4405773585
862113067
721639319237054464
292417145
1470804174
446012196
2893071919
1913092333
1420890840
3177261091
1965368540
2203298052
491090439
2301583193
3144832261
721614310342955011
960401869
438256496
848022468
711097238844477440
3351398350
558169494
4091960793
717836362716684289
720760809949904897
1362560876
721376226192003072
2774098400
358266555
710786812336316416
1858864176
720587080783556608
1379994174
2675377939
720498429336690689
710010656502784001
710005988447920133
710000152552062976
3329830065
2328965885
1033783477
1618573009
2481572461
2231671639
291554279
715989178421526528
2616494850
706923878925377538
2356909834
2502462350
703298382534742017
491448397
703295596334075904
2499770924
720912781973811200
430153945
2514282897
3171979481
594113634
721160722231750656
3366259425
721438389489283072
718538799844847616
4842328973
1466037997
558220352
3504066378
3126488557
2330848120
2227100462
3474644592
709455310025580546
718548318423552000
3102752307
1621513513
472845857
420600103
1399407307
878977320
3497846836
720870939202748416
2575309903
717233279490002945
2768282010
3662974400
3453734653
4857248902
1609387074
2216101642
3265583029
719771865724620800
3390043384
434368309
1666171658
2767987852
715604634090532865
700749696680206336
287397663
719766315070844928
2361863715
3166424338
704294948624068608
4324736832
115768514
2373286355
2244094333
718661479944335362
767436901
2840343100
3206395967
3428545819
829965937
430590665
455821152
711269555
98667044
623266545
428616971
453188803
710622660116553728
624239077
255441010
720959231982202880
843082674
707237298346319872
720958532691050497
2942384712
2701629769
720955262874578944
