624850881
16703305
709497411144523776
903377622
626603996
4825406951
2705616517
17148456
82383649
158876370
4171612299
3903251179
123094385
4866287061
539219621
3739067240
25539759
3581529975
4895085192
696160650108645376
706838411466952704
436452080
226376376
267443407
69660609
581499659
716734128687878144
3750897171
478004224
4445570548
708116652320116736
721864019397713921
708678971815305216
108593067
703028343751450624
705961747157397505
1339060338
710037060321546240
720947764071436288
208967993
277200557
2840957589
3284112337
3271255423
720959986466230272
