16161391
282839449
719449858063613952
39067136
705743274103803904
724271388341706752
4045249696
3220936404
44720605
3319386989
17010913
718656454350225412
555373277
294799083
2501559841
2393063119
718962148748173312
1359226843
4889137305
3767430503
1020857448
374138602
706394486440652800
65455370
709732642338566145
4912226817
223605377
18087450
105295143
173203977
328484372
523085134
717069654158655488
4260462455
1125937411
3018791432
3368546494
2361707564
3256699331
714760467605020676
44547422
1463897504
406041989
3297050356
2291645455
702200373172428800
4883014710
372086400
4549647093
759565674
2845849081
826537184
21080187
77180390
2433403248
721916981675499520
30999491
2201941
3638128881
4729317440
721046621467906048
3299917608
522132942
2781010250
87597088
69491812
324023112
2800810057
