722165115752210433
4854338289
44311069
4746074508
2613877056
308710644
3243612494
438643729
60784269
226634176
722310500969656320
3313472909
719974159183286272
3364589120
4693705232
4855164370
4158636868
2993959370
2810439823
25798829
54647745
3051419602
714144640870563840
2796958821
1287564798
398886217
720829479308779521
43220684
1657667690
1367974088
4171472655
4434120134
114106236
721902555643518978
2920745128
3202554148
50298947
2874805857
4879026263
3480349520
2407349186
3324614036
44135635
4218204317
4387685536
547969112
10207502
634045976
3009077657
3980772021
4691914915
109062993
2969923665
71709895
722598237908021248
2589395358
15063486
3180994279
2203346248
600580221
18733504
407982776
2338830632
3069898104
4440678868
4246248252
713601074439921665
90570778
713820159497011200
50415286
2311214054
287846485
75736238
3267456386
1453209588
359661105
2527783074
720287751120093184
722732762705301504
68036705
19430735
1537701253
81258653
718960524612997120
26820275
718960053286526976
720165901614587904
236231012
718955950451908608
720221257409683456
250940418
385400237
712812538451337216
1046657701
291257996
27499508
79049073
83650664
1726542289
551789117
73986605
714424285528502272
722239297357676544
718709901770403841
24715042
168254115
60678378
143167699
112379003
270572492
1947307322
4183841283
2316246829
3300731652
15805260
3437190706
380553186
1616426947
2904389591
105295143
478929312
19782981
1000886101
804097207
342894187
3836008983
700286457
1041079664
4154041574
4029639214
832270448
17172311
459586511
363488255
95285481
2478015324
50705139
4747916484
282609209
1097268498
706924740095696896
3257412572
706253966187712512
190589983
4660509148
21664938
74610516
37153105
291709775
3990358228
2319339266
712505673322377216
1315851828
724894212
965328678
292929271
2650426551
305409810
421716477
710502884639526912
1081819903
160925137
1849938847
707031481064038400
1573489183
2997910595
438668235
571212190
14110710
36662949
14654141
718834655441657858
4691189473
5840532
786124356
3159920865
3013145413
4914539795
4851732400
4843914659
21939082
49210897
3675016697
710990834972233728
2393063119
443304640
1426253114
705103783047598080
234921834
2675092897
2438724661
710146442707476480
3304386655
713819306283311104
2581758266
260312653
14828860
2466339073
4697504730
615264758
339299474
582762777
16703058
48470558
32604577
1955132936
105223236
54916014
466577127
3273752936
3065838055
69324314
47848186
2159216540
62927413
3398227787
1270003645
710124405028945920
88787330
268003929
1924528525
2988912073
33908800
21205906
721137982003093504
