295171830
905815676
705682567815495680
2906424498
2940917830
4874675475
21116978
2547917489
374074124
4085110516
1493267851
721480260299022336
2329290121
493551675
1433427858
568151409
3312124672
3379825083
3422875404
32294051
718960524612997120
718958487951314948
718960053286526976
720165901614587904
718955950451908608
720221257409683456
705799381216169984
342894187
1726542289
4906740262
722233797199015936
21588316
1424467500
4923863962
2316246829
2915365093
705393098214526976
721832943790997507
190589983
721479169759006720
263675112
3162853197
1367974088
4658235494
721479062401593345
2904389591
972623485
713823384229044224
719184819440197633
3299899222
60308396
713600948023611392
410180923
721515668970086402
357810318
1226316258
2291038989
3268588334
721478187553689601
706289535383015424
721488955275739136
1009195424
356244914
721477825266630656
721484139929739264
721487249024659456
721490594070196224
597911904
715314690965024768
243371409
721481514228158464
4225209080
721481595266428928
3338251072
1955132936
3389567121
3171192878
713397377932009472
3808337061
1350481808
