2973438069
724303194160041984
2810486159
705743274103803904
4884176846
705597059475214336
1700426708
17788508
249189903
719244409536147456
709956160632262656
3620099309
4163939297
713189246740336641
212302405
724837850429177856
4853108710
247174358
4428596416
557747469
235998838
1959593168
3033522501
4871842092
2593580167
722877519964323841
50094643
1568858138
2808778740
26274150
60922257
367523476
415552102
534903573
719331186384838656
1102665366
3020425427
42228475
4859965694
531659443
710805653103759360
361651693
703468731221954560
4859377717
591981595
100235408
707718853
4865162691
4811584422
1659511890
2678633066
1554772885
2886741251
2356792554
722284550043353088
722801684791955457
3392152409
706199160517746688
722388067206574084
19341224
705923660201267200
819349224
4459242574
724912445781843969
260968620
273190130
3439298740
720157389199122432
3488679193
29287755
795181796
710113002087796737
14410652
3098277122
4132374912
4340273833
706598567989932033
412816640
1679118098
3464457380
18993272
1471156957
58808978
705796417390923777
114350985
1613072618
387181116
330624184
3163202456
266621984
768684218
720845141959806977
2828223591
3847831037
709089913132748800
545377339
4898755151
3022022000
108593067
226526577
3171817168
32135630
233297070
4880247358
198320129
2734396106
3573288434
704215172236353536
712580241034711040
94607882
725041883257430016
2162738659
4831072780
4833991823
709175213439627264
723307674331418624
2941351219
713670724423168001
3399043193
711942948242497537
3130363229
946406934
2511162391
713720967890124801
748531489
1097268498
346313311
721686960675401728
714395530558894081
2418119510
442366363
4855999799
3318157303
724287302172848128
2382757172
720805218691100674
246578276
3430176958
2855490617
4549647093
723135574714929152
724935266859929600
26900055
703294077375221760
2517316837
253832931
4864864365
4851732400
724182790921662464
483980540
490857705
724179696225640450
2575444508
2643155179
280520451
724675693959778304
77012250
3091373190
37526114
74572944
2349661610
390430596
715028636018024449
18303591
31585002
3161019538
3697177872
1000886101
4799346261
720379916898869250
4584059913
712373343236792321
722150230070722560
51623734
708803875126415360
4817090090
712391107439665152
4905243038
717754449620570117
724464271615266816
605963171
107987513
713354963926188034
26526677
1446532243
718293495849611264
407490941
710155950498263040
4828257199
703011167229186048
2305907118
3379125117
3298965401
723644481216634881
2934850830
447717230
3165731383
4798651573
855911462
4852161518
927019236
2965871751
3089040558
724271388341706752
475450120
4417764312
1376536760
723850262364979201
3480349520
3479359334
4479562812
541086423
4848482896
4910800213
719535575288647681
2809434797
724425481710231553
2741752771
269488377
723138336399839237
3559153233
906803460
703144735125348352
709833601819533313
724386906239168514
2886685873
1641677016
2599057032
2639302925
705495775812395008
115681686
701822634414047232
705119410139168768
233282443
532143668
291709775
111225697
709497411144523776
776101190
721188040060764160
2500587222
720144379956961280
23084977
4140452300
4840654073
3384855927
67765647
1479787818
2914194020
2183565420
50934748
2572117718
236928181
1327263822
704096557235212288
166584813
2944034792
4609839138
2631970169
2335858410
3268808071
64440208
856167535
217909795
4430536468
632985793
715018272727388160
2830629595
33079769
724051582992691200
3044328330
3308357074
710406730610401281
706997052501311488
3179662599
139438330
388441407
22339165
497382276
226376376
17327882
2431837669
3475182432
710905608094896129
22173790
705480309505191936
723980913160364032
259349567
4345523654
722878460784300032
2861899629
2802914269
23110106
714858023206928384
4085110516
74760597
22570887
3005762823
697143960771231744
720179636223811584
3159852925
2270543852
712495647857844224
722454100869156865
702215488
4821315113
561802635
712607517029883904
705446574328057856
28008019
2400769123
711922682519011329
947707260
326639353
3466388606
893923441
347627434
1190787578
10207502
717786915605454849
483099167
3843606622
240116096
3312516276
4124773214
1608751616
696724741806231554
233118260
1887691772
4769373367
458909659
714259748976242688
708160999400951814
3185488506
722195754727510017
96900680
722519140070608896
705911906930917376
865321086
2158806852
65455370
4326490694
2692125771
3267456386
286052811
706186209949712384
4311027620
3610264154
703561088
832886564
718886089205932033
252213961
164322849
25169797
719291357173575680
723319528529223680
3507574155
3419294291
4875294079
858595376
1955132936
17840903
4851318494
4660509148
708659375
366306258
1491304592
716361085129875458
719364293955694592
704140867368411136
142015635
533712421
717866212407967744
3239288246
43598363
4853820677
21588316
717073911977025538
4889583208
3053684231
710146442707476480
4882323005
715669551363457024
723506498643566592
40361182
87710468
4897514267
486046966
525656191
703380478099763200
4152596593
936276248
48320268
3010593099
42476136
4214489914
716762372279517184
37252440
3685459885
1012724688
719553589027454976
4910528087
2928701984
713445404847824897
427028916
115997542
98425584
2401827770
4513278821
22297480
4214456477
722377525868015616
2301377516
707243451541225472
3873327141
1467772789
97710257
44901486
2387153004
19424979
2338494558
721736643196162049
2798366383
2256039328
720347745047842816
32861990
1359226843
715362310513160192
719028620426158080
705678360442236929
714272231417708545
705438106787430401
635622629
1146323964
389637601
720184684274196480
959953598
16556259
2393267202
2874359694
347358838
727132566
4899832572
711262874048462849
111421228
2829573012
4587681248
713817565055705088
114106236
4296807192
2956133751
805559731
708522042
115945502
1597209120
190021399
722993869969743872
3286691174
558528946
4638867435
710597822941372417
349582502
723055369489113088
184987685
148891227
4786763677
4907299348
706465894638055424
4503519034
3066382722
718656454350225412
4818208875
712750710878707712
4810747934
722559287097225216
4923636440
722596781167497216
3806955261
3023037872
49709066
164429187
3192449516
722986685978554368
3370308023
1880936238
2186440171
304061756
2467794883
711756879492288512
444994317
2321385744
181302278
3982213372
376982853
722608247358758917
717669990867058688
721805643892551680
832119061
15628274
392556712
718023666630598656
14205576
2331911006
3113652247
701869179117375493
3622904116
721548887920496640
3255069311
722415555920023552
2934738424
119534385
721081786332233730
1652071291
721150994185265152
3884744172
3293195288
19317371
3809379317
14993272
718157543856451584
19500176
3364716815
109192303
2460216512
53704876
703799098386751489
4323735923
4813635132
2350318927
4924162551
940503344
4384206995
1717324226
137827273
3309854312
3081658941
28338571
710247867600887808
711576455306743808
95258507
182444924
3258839030
2926128044
715611407249608705
1516626181
3161598228
714575249128423424
2325067037
2584659632
24518857
3719273056
27217647
723152665488711681
4539403335
721049484936024064
1208688576
4901489212
281235442
4887373775
33811812
3015769804
28782732
62828045
4864258233
893856362
4068142025
434520280
361859989
3273222469
722011972376600576
733326702
317561814
1928043908
2845207617
4896844150
361275163
4182688875
3415032597
331275639
237044684
235709466
713220523677892608
4840251022
722955380888883200
722404997074460672
3004991137
203518609
22883168
743407993
2876591842
3157436101
74610516
3246637482
710540663075377152
12874852
3335688374
121825148
3088492475
4763225023
31573982
710815238682054656
710523845870903296
569501495
578180378
4799794400
4710499710
1579308793
715741371307401217
720293777315729409
28584427
706048165984772096
51788651
3045813600
3419210573
1386102528
710350479163691008
261451222
86378821
2855136498
785641237
395693272
2735511486
110863694
121344834
3138165577
518022575
17723632
708496183187013632
1241997822
2761577487
397153645
241651011
2475024848
334840399
1594222130
479862285
158060289
1082171360
2347517296
38022781
4358227407
20732140
4907206000
4500900136
499283149
718402460751147009
166245707
18787733
2953007923
49136127
23258472
154350597
3178355009
4893166665
43196336
4236584177
857339838
1598061848
2348339620
23653909
17798031
3310011989
4870290495
912573871
459840015
1606398271
3739209309
3396541371
2206912764
3301266202
267021306
403171779
1029560786
2305888410
1219427419
2455115335
1363449445
703486201605435393
4851276082
2887593005
144657491
1526553212
2477028826
2371628348
283749703
617761919
2850030400
852360432
191957134
3398030380
705656249992548352
3054471976
701513221388136448
1368478189
714522046911229952
63241623
74672763
2273486366
259351323
125381888
4848049753
713553481651462145
430118889
184628546
385748822
3028415961
705230020654948353
42741327
4083275295
714800430551662592
2249261083
103066878
254257862
3923899456
4813881008
437301407
1105527368
67503749
722086470442467328
700507254240358401
3752079317
2738512419
4431398481
368092584
141293475
100638300
706835581561651200
722481256512901120
473285651
696160650108645376
3191320373
3394229943
1668523076
2776453659
2904389591
2447600173
3309110228
277805390
298663128
928910886
722550301325135875
4755923535
719974159183286272
2941533395
4122056133
2927162711
2673762353
57275398
25539759
23653818
2772650303
720170326659706881
713032252251308033
15853191
359587187
840277302
216534092
2958309957
717079794660352000
717928313969205248
472280781
445442076
845501731
154939738
716277987428044801
717077832535564289
2593693367
4711930195
4894918717
635664968
2417731794
3363002194
4765364386
706217251016478724
2150200928
717074003953917954
722048828224835585
710606939915354112
719031883653251074
717073109543727104
707980313662717952
404583695
717061913767755776
3296504462
717072967482654720
3101613139
717062661998047232
717063744854036482
279134171
450919703
288629888
39606379
4479812413
167760471
450062327
719769746330230784
717057894903058437
2330101823
4096614498
280222937
714589370079162368
717058219412234240
4385550995
942868836
3337133659
708471566175088641
703459988144959488
717059816661905409
4848812232
715659671542108160
91942071
4841858242
978298495
81249071
721099695855177729
715500137804652544
716997422455644160
717014356848934912
961798645
4857277504
115041496
717013929231257601
710623332157284352
715499679954432000
717000730238910464
65279376
3107470439
4472858532
62103325
715498261394681856
722019925863350273
3388805937
615687834
561654065
773378167
1952998376
705559028408172544
705542887635873792
705535323481182208
705678699446865920
705678590713667584
705523366803988480
552005607
99820682
207392880
291506429
389669612
720947764071436288
717729644867260417
1870245800
506864606
24935003
515154835
388388380
720971525092810753
3309169489
718834655441657858
3942388759
3012577047
1963995792
797557909
3354530974
55622659
28465478
4260830547
46710991
705961747157397505
711015205136826368
4127231656
3207589853
16601581
711977116607205376
715548600584048641
3292833318
4250407933
722561673878482944
503246844
722377761633927170
546212484
2302134816
722502081056153600
182402931
80218612
722605157918314496
30994811
722554126203101184
721463443182608384
2933404318
273020416
602901827
722589641740660737
718990172558262273
77238039
3358078504
722589862289743873
1668442021
4842829892
284542517
3391392651
1542335869
4734689232
399500971
4644743654
3401688225
716542856270360576
4867907469
720293732872888320
2817700675
480500298
720978043007844352
189186078
582748413
1278967314
17226141
796600105
392573751
16192261
521841612
714807770114101249
709098394275418113
160047813
67003795
2417844248
720762299158523904
4553599515
162786595
720147361570414592
37391190
720173060595302400
2202948090
582675763
1904848992
711526025289703425
33611715
26815140
1435725865
564947756
4214995979
119480392
1642303326
4507853954
711942406682370048
4639360597
3943435522
4708379511
720316299570614275
722481281653673984
4861280291
4358346135
1009592004
722207490633441280
582676327
583043323
4407713362
2797903675
722469391359746049
1685042425
4906853915
4797850879
1339060338
17393362
280210186
2530135165
2316246829
3092748335
16248319
719887058597191680
559977174
716482854062919681
167924087
4839433331
4187388423
3950481494
1367974088
322090376
1192485361
2874640793
2575007671
105295143
717354453490249730
721279807233900544
1934933942
620451650
40908168
41919896
716734128687878144
785830202
539357234
714920195400269826
3195373490
1037537101
707574993878552577
985186471
9376622
21091983
2395268660
1947501678
551644827
49964679
156981013
290097255
722408518385594368
1849938847
557444210
19927676
379767285
861963872
885794358
460848476
360805303
3951302129
708324870891937793
4764867800
16997660
715245408461721601
16710420
317284206
2778655002
1184314416
708300644487016448
93992192
1049681827
1829841180
3642515717
713136731738996737
2168408986
709085397586939906
2904509258
970733750
719016858297503744
716848041328676864
713212757617696768
2917394612
2973180423
27789999
4289720041
157472033
2959497429
722341746110242817
514718176
4651221329
2287887180
4694901331
720974661580890112
720660111161630720
4177665013
719653285095976960
706558548537270272
29243214
25372496
2984483826
4506804387
3244275619
721449273410383873
2905947620
3942478155
710816815576821761
423840360
4270060828
407130574
435509701
1351385318
174316096
18185124
807446946
158834146
750703231
718550672732499968
2505217933
2404148318
456179788
629482056
33495086
3958240768
21727456
202729390
4685391012
16495811
1727699204
2420849377
4756017559
3281306976
718136291951525888
133780263
709492573421764608
56449803
60317232
713884220905533440
709596967408640000
2227231045
722244129657393152
39651447
3376499254
603708824
704070213143232512
1679297863
23402755
321572161
703661055835136000
421575263
2933006569
19981155
709086771548704769
3019122222
719690579395928064
33170847
156214500
522132942
975156187
3795292154
708380698177085440
4063697833
3058539006
3224850985
410170867
2573584249
333803392
533778808
17563445
3363350488
971047465
3957920723
2828705712
4881074567
4907880381
4785202752
189736126
4828311314
336638653
614627531
222974563
488543818
2793009004
4855720452
4910742069
4538011588
35767916
231023430
40966769
16672662
722209846024609792
151633598
235337115
1489703012
24305174
722204345610170368
1541536724
702712957315067904
89496720
4923863962
3021829272
4700477725
11102352
521099168
4281772516
65310022
274891222
2792409146
2555712115
722182459522228225
25722965
3283723057
720969330066894848
722172476881510401
704403215127674881
3644296515
721403270648983552
374016026
861281180
160925137
51477515
1977419539
223155604
3161056485
4914539795
1912292184
3062136866
849906277
4717270817
117598897
254729145
720850305756213248
1072992504
705263442307854336
4847253673
4511278280
702906255786946560
1157497063
267443407
123701304
722073831171600384
713601436928446464
4598034012
711921811424870400
2678262456
58760309
3946915763
14241002
605856114
4122392560
27835263
706562279282761728
550987205
2160706974
711160683040104449
3064698886
16606038
4154041574
2564059472
4642373166
898736670
707036972804517888
314547496
152125801
314287177
826608434
283305169
1398194666
2510342521
3306240758
22936237
93341685
3580248555
2313099380
193507567
3309841465
2177421912
1618641848
720810530928267266
14346664
733513268
190589983
706636243476594690
17075338
721840906752696324
4416069678
459974518
805241216
2912118236
3103575260
1337093174
109441206
2359511121
3811615161
719704782936674306
412914400
823112684
3438374192
3034782866
461159747
82383649
706356777869180929
712505673322377216
449110269
3406706536
867189920
187893930
711245286409150465
376454567
51738464
1172892373
3007163826
701682077314355200
2382829512
107012365
809237988
1319391925
19102612
3885469758
3861733523
1885868298
3013145413
1465694088
134317134
705594763588730880
4441793189
2393063119
4259633173
703247602381418496
851907139
1020857448
2563966032
527516258
33059689
4876673652
2603953490
622661135
2902031256
1636645297
83352139
720339460987052032
2616482058
20463917
171469059
2438724661
409735484
3421712584
3711628096
3592503441
159009432
714307238546919426
445953764
177488029
1024109838
596779638
501264324
711356107080523776
826537184
3148545679
2943780644
229335572
4784596178
35622166
2906158672
125813890
2205261256
3679373475
700286457
721629466808623105
2335992812
3539369717
721628490018082817
4171612299
721627448714993665
3364754032
2900352505
633141917
1185048103
719379316195221504
482077328
212023751
711454551505707008
2739348212
67139827
720537467124858882
52209156
720533038371901440
3315855847
3884598859
3956041642
3013132250
711240422270439424
2959160143
720676411623809025
717607441672765441
1586298372
374331041
4788715166
1264566066
4629424968
705427858080948225
75736238
1358750551
468916175
25205736
720404451526180864
2351970129
705441494698762240
717499396393291776
1889934800
326441040
702903243756564481
1191779618
714093549214572545
58869220
289066063
716842176945082368
3281910150
3191385767
719959526905094144
4216126756
3102013813
2478015324
4151281694
4086907239
79646958
1432029667
23335196
2339004380
744146034
3360131914
518160684
2207780696
4710992167
320917731
483426850
2338050279
704031254300258304
468462508
471244664
2562154980
4898505019
3303852253
711994971562188800
3031942490
582414063
199883469
49452556
4918775000
54769979
713546416770064384
626681544
711891487869550592
212824070
442996741
3390214067
4916168262
4690759914
525636026
716286508542652416
4887893478
4686488156
717359740259422208
356244914
3027052225
4165642155
18486002
2588109960
3408232162
356244482
2885832963
3293741005
4874246939
712872467438706688
712061448009216005
578981845
4041511396
308997977
1347447042
38351186
3304455363
3284112337
711797911156301824
19263576
709701668737196032
2423364223
208083510
574203272
4873283560
54415293
3422158725
1358873161
4922884573
2916054140
40409398
710928807629180928
4744232172
127499705
2450840197
3166623503
429613418
3951491722
719133446967332864
2204365240
3392941000
3314535722
714202855666794496
183411039
3023863007
2917954661
35216399
710111818371338240
3580385187
1851673267
2587253754
266722897
4463149992
711745403318734848
2460513337
1253462209
49122922
4703755045
1041079664
3836008983
2753238146
37208507
387661638
208822341
4906749684
720130950504517632
808175304
3305657700
2581758266
374760130
3283581596
2853443310
521733249
4431494720
720480488817836032
903377622
4364693417
29530235
704211325619036160
3756112462
710639096431927296
1351095835
436795156
54229868
847770697
2845849081
1125937411
2845681325
2426370916
3427200023
884304968
716164624551313409
4475574072
539965437
4249591816
4808999154
832242252
218006318
812793462
2378242429
3769782916
68173937
3271255423
462386797
1004702144
698562318351863809
398644168
1498054537
2906655619
711977155542921216
38740882
3159920865
720238962296627201
1913092333
3589992012
944145019
19173608
70156027
276393043
720966759230996480
721376598012760064
4389666737
2702932903
701806162950418435
272918023
2879515920
444888751
2299839837
710539793873022976
3424711689
1664006540
3389073989
568943404
720344807768363008
1259387862
244092249
3233623436
4670902697
702328529959194625
709846113163939842
802659122
3990358228
1555331312
121689892
4835913153
4335525913
3277814538
4118097982
704682505052422144
634595966
288455050
2975468251
2542198015
3027426612
4843615563
2714916943
4679513822
3384930639
3683971032
710920492354416640
2477344169
61049859
218193050
2228016161
49162880
4847356817
1065869268
933693476
3412434748
342894187
704889875212926976
721351747063525376
3031917432
46315077
3442263075
2830483802
3490774228
3438548127
4299954755
721064511202070532
3425230223
3425589393
3427504527
4204665401
3427539089
4478395109
3239920642
1611164437
538127689
2533033880
3253917482
23342386
324023112
718114773297049600
712096206013505536
900082255
463227770
2864384818
3302017177
721077157980536833
558309997
264268489
705963579502104576
39606279
204555166
720253174410391553
3424489361
3293193577
3289295713
165145111
2997910595
16703058
710990834972233728
484999518
712772376870522880
372086400
829735580
2906973191
2812638431
51757492
4105765714
705103783047598080
3503962453
721324868604661760
721324660529459200
721323112210505728
2466447313
3316868654
1494835716
14828860
2319339266
708265425998618625
137657904
718400610563796992
2502879353
486792479
268003929
721132345236041730
721132023293878273
