718332443359633408
2969791466
2597368819
297044414
4660108820
2287887180
3142205650
2914937290
1899650755
3065922244
4777108129
722479219901624322
3948484817
3885689593
114106236
708971045995331584
705510639565987840
713525391974121472
3464457380
2485119697
718412792542404608
201223844
3092694229
323665834
181614462
2713875793
4680714752
3466388606
3602651775
2886636944
3166284583
712400058403033088
115681686
2877716099
606412878
2350324046
433519871
4465241353
713149372620533760
102374130
4295266355
1967327719
450038170
4896177515
4322818413
261692990
708446330931126272
1542293558
4650479175
58203678
2251816779
62831080
4440678868
485293634
715215810453577729
722443720398934016
16601898
3506165899
3308907173
2833599255
722858842443223041
2916604288
701915386883629056
4848403533
713375245218918405
2837169387
965069406
716304538232348673
4717892303
709757722854625280
126108526
202555000
722356828923777024
2494154071
704934612183719936
2905424053
716192024949612544
722589904786448384
2883864873
2886685873
105535846
722808915285532673
3002428558
451789150
160662502
50027667
237376748
716398449546117120
19341224
337454127
1345580348
3595672337
2601084013
37321863
3082520873
58661424
2443269734
4372443982
1358297388
1289865636
3109361506
3004812683
3594430036
716792256544514048
1297445892
857001662
2393063119
16703058
463004475
717864675283767296
3395273235
3303369747
3131731858
891912374
21518829
2960154445
370338998
323703758
2871404379
4857816142
3948733222
717174266614136832
1859824632
718435230323994626
2440239300
717056752261468160
159008138
717014920081047553
2805673956
3124860130
123873223
706447335467798529
3742798042
522556024
4772504264
582673225
96836785
716542856270360576
268355879
2424974508
2900583291
582674507
3601950743
3335109197
714739562782834688
265106660
3231849263
709081401522589696
2865668345
4708361495
1333636118
3149556063
582673817
1556456528
715249753152479233
116375949
3196557524
450464025
704141864832663552
165485615
722449136642060288
270435439
79993544
976510088
1541810790
702117931610722304
713722265586810880
88168692
1853228562
2850255627
1082790528
1563916915
2982539158
4463149992
532646119
720185507511214081
773544938
3060235391
4386946815
3006403000
1208688576
2827346120
2208811256
3001022988
2231189623
2295846070
468416469
580857186
4819215988
17427729
2870315974
2465228118
3231069186
159034813
542748875
329531410
2747746256
715557925666832386
4830020273
4389666737
2444138720
719293633380401152
721411987561963520
612246197
24255681
589138371
719660131022192640
3250962678
1631532624
2431253425
586953346
2757067388
424087650
4049743339
722130140218712070
17327882
722240486057058305
3178591858
908483689
2798609018
904587308
110835004
4870882698
3245560302
2949913042
3238091899
2267939160
2929718880
32508431
2828588137
722227055799234560
792978680
722219552852045824
722218958213017601
16495008
16710197
453221269
721624042323750913
2350750987
1710828710
712872467438706688
272343501
2366086668
505775222
199805985
4346583740
712675715024429056
1042108328
3074394707
2280304916
713374354914938881
721821009247137794
23260256
721815437667909634
721823336293122054
456787318
708659375
2348981773
320917731
1714440350
2438724661
710146442707476480
721484053505912832
523404926
342711262
317549563
2695311619
4547869279
3031942490
3284112337
3139143346
20944649
3138278288
134841238
2803167201
712552531184984064
720780342349733889
3106787658
704070213143232512
702703300219707393
2866265925
2951819489
2804721640
720645465444892676
826537184
4621979257
2724735427
198128780
2501559841
3084913539
2483891426
15610459
