721327136947056640
721981200563363840
2485533937
105295143
20830344
1656881834
4345523654
4385782960
723850262364979201
154350597
712391107439665152
1641677016
709497411144523776
4765364386
2914194020
719382954951249920
4822842671
28918971
25539759
164322849
93506338
406978288
22936237
733326702
4216126756
2467794883
376982853
365004530
722853389298757632
3392941000
4892095814
43196336
3062136866
2584015260
712965800718635008
25169797
397153645
3434421484
18993272
703011167229186048
719031883653251074
3101613139
343772856
4479812413
903377622
722589641740660737
2916054140
3309169489
720130950504517632
3538521917
31934987
3309841465
4624500980
3391392651
705441494698762240
1480647108
3161660191
14828860
67003795
4848127139
3306240758
394724898
3771035778
4851732400
3307776386
211321995
3254047606
379767285
719125463499685888
61049859
722344200612786177
2466447313
1142814942
709175213439627264
57058641
272918023
4251469171
3419294291
4756017559
3284112337
3007163826
264268489
263692122
3314535722
430118889
4909691868
4828311314
127499705
720797084178391040
721403270648983552
1072992504
44382195
3289295713
619345580
1337093174
1542335869
4154041574
717750470559797249
1398194666
163626482
1618641848
336638653
721840906752696324
4913283719
449110269
204132287
3424711689
4548524053
4251585732
720660111161630720
3075682975
3411140663
706361107649155073
23018032
721763971913617408
2714874608
1530324420
199909211
721737068322271232
2393063119
719064629926764544
2187719406
320917731
4691005178
372832400
3277814538
622661135
2975468251
264219232
61885589
721371169300066304
1180508838
270636028
2473080032
1102706966
74610516
2319339266
26900055
1233938948
2832071262
3271255423
2388324930
2402351540
1338047336
326441040
709956160632262656
1526553212
154698661
70156027
2186440171
747969990
2478015324
4255054333
3296504462
4691189473
79646958
56449803
4547869279
33611715
3114809195
582414063
3031942490
710990834972233728
4364693417
2588109960
68543202
3836008983
704353017106206721
703559077469822976
714989079021006848
4430503527
1947501678
711924994830262272
471192095
208083510
3316868654
3293741005
3303330952
323331530
2650655484
1065869268
718798950074068992
717302253909106688
250952665
944145019
2573939444
3006418240
40311118
714874675575148544
2540711815
715897825888903169
2255567535
3590192243
307039086
3990358228
4653073094
2583179378
4808999154
705930018866597888
2924635424
718834655441657858
83312898
4105765714
1399760516
4844017714
721077157980536833
1494835716
310810863
718466041446277120
231500786
3642515717
19173608
2845681325
721380663098642433
168006655
721378822315237376
721380123560255488
721377086452146178
