20830344
74633217
722542797417488385
721655010971361280
947065484
1963995792
16667912
3776924833
722709277169856512
719616215434555393
2650426551
717461174200233986
711577126797836289
721362425073696768
2883864873
723447238685417473
208083510
703841715208134656
4714625318
4848379743
3102712483
2865078826
3324614036
723292466816913408
494554219
19341224
2861152027
837232694
778976910
721594102303690753
270679712
2695311619
2511584504
107012365
2223370226
1433427858
820684206
4908130021
719878283387645956
2564640128
3772895061
3785289699
1070242490
3166623503
94282470
4321465157
4567024453
1359226843
202729390
1372786812
4782796015
719025930694361088
850394178
719031883653251074
1697365488
2906962900
406041989
264995126
723660454900322306
82383649
2294762225
107229597
4005375497
791679762
38552379
3248374263
3240223393
518753324
4761064634
4835934909
2207780696
2764770081
1494835716
335206333
4914700089
3332191708
4487406624
322879013
594990097
718402055296167936
240220270
3244311331
2762897193
1338047336
47336979
893856362
712772376870522880
4564665231
86054485
27897429
2903166449
3405505149
91493488
2481937027
94687261
33611715
2888884443
704070213143232512
2314556148
356244914
714791179158691845
2229952962
2789401818
4867581777
2344426058
21883750
19173608
721221021282344960
3380501921
721368033885884417
3232837242
4704399409
627768841
