2492122184
987511111
718386426673565696
719783322487037952
2282963677
2559223106
14312952
45597390
221408929
4241228765
718581668181852160
709491990531076096
139988522
110983195
713601754554769408
718600710305275904
708087993962106881
21672394
3935621422
73700893
719779873271767040
1016696390
713379069274955776
17971670
2415860681
4909951089
723205134763872256
3818079733
431028087
3122517722
3026411422
578665388
3133851347
2412911131
3805755753
2541156008
4503245897
385472830
3042395044
3382164261
21070366
3302679633
3280932013
867573492
4697516233
2792085010
709190199574700032
326380075
175535865
1403884568
896678600
4457298797
4734823362
2520698768
712593172585652225
3172209851
2974061287
3140991277
4882035364
15063486
84779274
2466439189
3267456386
2524210554
1445417424
4026027407
1580171834
2888344193
903162031
710887076330283008
1081948844
4912838473
2967043896
273696571
703307012176781313
27410885
1053633654
715958373380960257
721394202324512768
4786506255
3100244251
2415765410
3031976375
1577169758
426533985
851378570
1260385928
2543686548
717074003953917954
4201744593
3039231808
3646530034
3383288414
723565760820436992
3315237092
2985651095
3131171266
3296918558
960792000
717058003447504896
2866089008
719838140924567552
700487162924404736
717056665145749504
717014920081047553
3304823953
3539395455
2821249841
156052545
717000730238910464
723483634661990400
4033918252
2301377516
246221340
506473263
461233414
711620367857668096
2555708322
720948653628747776
709235168951857152
705559028408172544
705557249536745474
712119634972024832
705542659176271872
705539044760014848
705678699446865920
28020720
705538796482338816
4851054166
3084742553
4820294800
715541041
2459451259
719384478993530880
713390358969737216
701225314500751360
2591733169
3721593411
3789815122
607205960
500243463
2319362190
4322703915
717636131932790784
707157656977408000
37629629
1674578383
3020046886
1591163618
705482141908520960
718392417746100224
705481838148640769
2268123672
705510304298504192
2372514684
170530166
252701864
69112295
714791179158691845
4383700300
559780277
2302555176
4862844252
4383448337
3185850374
2865488616
717698562327453698
45895231
1009765016
158667834
722179699175268352
702906255786946560
252020392
3215354579
42825860
716398449546117120
715534476479242240
4706627774
2935851814
346246513
209266133
701185327671730177
233205224
719705467103100928
3040563715
174813114
20813338
724305408
720419825101606914
4576968862
2563656001
723092593798606848
717213305903923200
4475708953
4156887941
2814815276
456401484
843341930
379893641
389263463
2233455700
381814901
4585444348
90570778
2462989795
1961152604
334984455
718842482193080320
553306589
2636724320
722950674481225729
1965228548
468071981
1183887576
1965192378
1649412138
70448762
354125865
196449558
3350451975
239264158
3885784693
714575027212009472
711032614681862144
44187349
3193561300
52266142
718798146093101056
1408457772
570301676
3387303983
18250615
320558363
1029790843
1965247885
834006014
16876996
715535347682316289
717076727214841856
722809204172550145
717077111987650560
717076921679482885
252691588
4856542455
77540948
2700840230
2911704048
4868136485
2329213170
2378881075
717074504292442114
822071580
542059607
717061913767755776
717063554483032069
717073109543727104
717063250416955393
20551251
717072967482654720
717073817122828289
717064460301680640
4874300355
16466943
717062539385905152
717073713427046400
3793624942
720944699230396416
3683532316
337803210
2402394607
720965149989990401
717059071145283584
717058599634276356
720967875616485377
717057894903058437
717061482496790528
1467332090
717059816661905409
4553567014
28601983
719432938656555008
2197603344
2481234331
715500137804652544
716997422455644160
717014356848934912
717013410765021184
2667529933
722693039299391488
715498261394681856
1178015312
577711105
2470736629
2327625295
704407584
2402013390
707887707725414400
705540183849082880
705542887635873792
3679531156
2255872778
705535323481182208
705678590713667584
705675421266927616
705556276986650624
705523366803988480
330791427
2195131778
348376954
720947764071436288
582757842
3077470023
14330381
2555710802
389878278
95687734
703825649274736642
3161019538
1493298541
459435896
1483135430
4543183093
722547872273551360
1686618576
3011339794
582748413
2874805857
491541325
717725565734625281
437183111
722080295932076032
3400413867
4848238043
16977308
18554720
1888211342
1663244532
113047441
1353696488
2473200434
3130567797
32294051
2447681461
1526658577
4519913839
221790633
474463923
1894744428
80262585
1038560467
2343380198
1350303332
582678395
2651621508
2179022832
2760843777
279571991
1904964295
47600097
877093688
2706009970
369358258
2407760893
4270863672
1591687903
43519478
105056014
3002517906
722446766755442688
3317948355
722126575739740161
719304299050897408
3133713049
722327114423218177
105295143
1658092255
3002428558
342894187
2520748074
2407710345
3244658580
720161942380351489
2650270941
3833177668
4878098271
2931925367
273045690
1137271452
151198065
1130798108
705154199625998336
719954313842466816
720528240
721792691151990784
702260382375796736
1935998474
381541712
3261047455
83476469
2349917270
2432684635
37689002
430727193
722186418349608961
719847284448604162
3034282000
3221781649
699127459296505856
2251874029
714145550497685504
38082423
722316764143566848
129936844
2929616362
69399777
103514969
722056485157478400
1242525277
2358220628
576375783
2271885056
970942356
37311844
3279384350
3331994283
1694574930
3141293886
706683801427173376
893539278
3278260933
4845808755
3071920904
3025928386
2659696782
4489093996
785726042
721587014982836224
722227548646719488
2336138846
190589983
2383328197
2453812009
2415674455
14120481
1097268498
722192373841850372
147759481
3383212649
614547470
718820834882818048
83195334
717410406571110400
23777671
3294572733
1152232351
4061487315
1036727678
14590082
2584659632
719915911424122880
2300780431
3138260611
495557560
708185055969939456
1431701455
598518279
722120783766634497
2492174134
2586836180
3426605909
558360059
2891278975
21588316
3065531261
452666167
4135405054
512401693
2729145631
1275525446
2504199410
2316246829
722040050943336449
722025344010625024
722035100305625088
722029723707002880
722037917053374465
722032523702718464
327863152
205758785
702245114027122690
15284851
15416816
222186782
3320094115
301083222
21426931
2814906473
4911431720
4844191953
18770674
1033440151
710606888900153344
4002556455
1578648948
701556377358049282
3210427264
4716222875
133135627
708283434389602304
28893013
4421117535
1146323964
2207319324
3412160919
413594830
4870882698
4500530539
2297768296
93183948
4441110134
2454386928
2824945036
50565224
721974203344412673
2555712115
2562327457
3005989486
282569265
721961359378944000
3159080511
706053900038574080
3311887720
2748897390
2934391325
43171999
1685042425
697812571978600450
121931834
21263698
721901364117389312
721896039330885632
721859269570740224
13884162
4847371126
393798452
38015405
42885254
61848323
3358893513
3367577529
3367586451
3369203356
708659375
703429809360076801
705768693926633472
2996292757
85653101
942342446
4359586756
717668380405157888
4359217757
4370107695
721792222652428288
721791308575203329
2258343396
391811027
4556067077
2962608480
582675763
721777239667449856
716094866565033988
4597581618
3138190748
1228545349
237091398
143188127
272396530
4129886668
717613098035597312
710146442707476480
721417398436245505
247983953
720793600586420225
2941075884
586855139
1033347878
428527417
4135435274
3438374192
707058039543742464
3401939052
721625682971860992
2453263154
709866571737538560
3092714052
713395025015480320
720179309701423106
3083974971
3055405878
3184760182
4756734660
721579928299278336
2228221938
2505618696
2465146394
721253580255076352
721573262887632897
721568973691691008
4195870333
721553273187131392
2780013326
721536400743489536
721517681330036736
378205013
721510493140160512
3107470439
281208379
273347643
3806480532
3881338413
718263511810469888
721097065699418113
2986449423
721472938340458498
721473076622397440
721096099805732866
721468179877404672
721467370527682560
309173131
721446345924599809
4656312581
20412133
3208148789
1873706185
247150500
26244945
