723913696364380160
4887972329
710526406967615489
4864078363
723468202911522816
3296918558
707371865631641600
720948653628747776
213163850
345989929
721509167073226752
715529129442086913
611614592
718101222520135687
44217028
722447974387884032
721778960485392384
4878385048
722449461679513602
2817700675
4129886668
3438374192
4135435274
721767643804495872
1643368454
1835520559
4760322199
722223037672747008
2861631592
14619266
66693790
911552035
721583523191070720
720476150099800064
720620288837156864
18811261
2392190738
4648783940
721458355194081280
3164818552
334546020
716570223772626944
1275680106
721769915963871241
721782324300541954
716713545086447616
721780741152075776
721780850145288198
721774090487537668
4758406890
721777819399897089
