3648525504
724794429295480833
424999049
1647851270
31497295
236030641
704664265375027200
999645600
167781199
710413445791752194
459534627
721543812338679809
703703712527572992
725070809094565889
3258491224
388228229
2374403634
4925050651
432853827
287966234
14120481
701190716479840256
4550258728
76668572
71895597
744634680
1483826582
360929019
237671297
721317522591608832
463305192
3580696697
317549563
2865488616
722858842443223041
4617534860
721758308588220419
299811593
722872146112819200
3118880532
69112295
723147777480351745
56608893
722565333958139906
128763579
2426064692
714369769261019137
4852490704
34751747
4877081086
149362750
4717758375
3601167035
385400237
399774230
1242408967
2742118754
3266624894
713000375712788484
20695144
91142333
2203371548
4909199357
1445123090
2296062121
103514969
107043434
4856133020
2791180910
22419717
525595860
263675112
18465936
987022944
2517854953
18722739
1353851779
29047968
2520524172
21783641
3853490176
853801490
707101101451915265
378177049
2585187098
3377482181
2522126634
2906962900
2720415778
3594364096
999716342
273358261
695062579073409024
31253302
2829428812
1412827658
703111771532324865
33978651
2208027685
268322966
3299944161
398354613
4195870333
721431360599105536
