724567005857210368
719894037206036480
2307021294
711772079339646977
189109863
165485615
4768958869
711266257836883969
3516024074
254620177
4882034459
4882015732
719894006780571648
4910077456
4660108820
2293093710
722464234731397120
703915603355115520
258025056
3066382722
3199041262
3488018354
703011167229186048
711212271297503232
701523082528182272
723093706211921920
2883864873
2251816779
703606168451678208
626706066
722858842443223041
701192323837857796
3239288246
705914099457236993
65864764
3317451545
720380567372611584
1230617456
1702595875
718995058230497280
337454127
3292892127
720559186120175616
1433427858
3131091887
795575654
2307049753
3002517906
3283704313
3239062425
2509662642
2657818230
284241195
56216595
18607390
2873974078
100893218
712153883137552384
4346583740
3149556063
721993326342201345
4862018946
3023037872
224105683
826537184
3004065644
949545120
3110775388
283043739
376302246
713450767810568192
2724735427
3231849263
210555477
2341139364
2465049607
1254978090
2720415778
17010913
4244534021
858983125
426009354
2555708322
844766941
2868936190
