2465206574
4718506273
2231189623
720650024569450496
468071981
2953703825
3133814108
2937323047
2564059472
720648343320399873
716702158255759361
1333636118
1658092255
3331451835
4450675452
1462572668
3184760182
497925978
715558773851602944
4874088027
2854815620
709103642943447040
2210487122
716022675706134528
538434525
1856474107
2824857990
2659696782
2929600757
2460842042
1307031638
722229206399197184
2314509950
721587014982836224
722227548646719488
4867316109
2865509241
2209033345
3584262923
3271311217
218546307
531545749
3881178867
635622629
2360632321
115489598
721097065699418113
3100254493
721474994358874112
2889012624
565301220
4874492453
721096099805732866
1634611202
721468517015494656
721468566227283970
