725426494235918338
703511776349069312
2201036006
499202239
723294771968643073
719202585639460864
732730692
711346933218947073
265260401
2574015792
3311075804
1573265210
2916046923
719943851931234304
2966659210
3430452070
3017844583
1955132936
2941682232
1657907858
2205867026
3141386270
2689066200
4195870333
3803305755
705571528692207618
719238742452670465
721861334695067648
713401581463552002
4842245728
2803939486
720716291691147265
2978076975
2687764388
833271210
432832791
2350750987
735050322
711736023466831872
473322379
721507138577805312
