725231706647740417
373018802
352963308
857001662
3983343485
2998451675
4835400782
4693705232
2638042382
192538987
1641677016
721710276790394881
2413245824
39773126
2588998418
786898950
4125875653
60784269
973495711
4706270920
1000886101
4717892303
717754449620570117
4927986136
4716481825
708410100487217156
3232904432
3480349520
417227541
2350324046
3392941000
2496032305
4822119385
525808719
19173608
903377622
3271901318
3294102947
1584301560
713672936662646785
712931525533310976
3284112337
480500298
4257944538
3179662599
885733974
2391736202
2478015324
2431253425
707586497915064321
60121599
721787523165388800
4883956643
719690876432302080
347627434
722676551339372545
2249261083
2724563700
720751602932559873
719953681513259008
720168961661366275
721753002420367360
715576669461942273
1726542289
714424285528502272
4421652856
4547869279
3039759820
721787243006935040
327184784
50012709
4923863962
3437190706
4768958869
342894187
3948594682
4154041574
705446296761466881
314547496
190044015
259349567
2975468251
3031942490
2792409146
4747916484
3271255423
866717532
190589983
17723632
707988049112621056
159181284
717314875416915968
160925137
4129886668
3661168817
4808999154
721787102514405376
721788022153347073
721789007546331136
1341173161
14828860
4478395109
4343728535
932795072
2438724661
1393877221
721371169300066304
710502884639526912
2335992812
721627448714993665
2581758266
53298374
714356473212616704
2465049607
710990834972233728
708265425998618625
721540099163295744
795181796
721542198374895616
721541614452256768
341190477
3306996311
4698219865
