722166680525414402
3537448999
4773653473
724026680835190784
717536944981479426
4689872432
712257386090786816
722026583284981760
712268628331249665
714228480804855808
711632765905719297
711528970244759552
723798339242844160
710941083165921282
4326684335
1406749946
4664845042
723202520126906368
721238476826521600
2582848008
721647604803747840
3226222786
1174136574
712934173800062976
721236020965089280
582689150
776583991
1499603581
720916350114205696
722013753282281472
776495569
721325331639103489
1850769662
1538616984
1539620076
1538612412
704068792721215488
719963128788881408
722320042529067008
719962312241766401
719837080227024897
719835156824113153
719498893424242689
719491745210347520
1531615890
714152480800686081
1530377160
1531645088
1531660267
1855709468
4730865320
713669325844930560
1271092987
4663640477
722184872018776065
722184627973144576
2200275622
791141402
756085628
789623239
789587935
789066090
789541046
1486123196
714488328809287680
714465806055305217
721908944726331392
387117271
721483172714848257
713893684287242240
721828418103484421
721826040981680129
