347627434
719664708173897728
3364781501
720818148564279296
22136891
725193316099313665
3023037872
719472067481980933
724723077326770176
718527061871046656
723887155228057601
4085110516
1493267851
717756961698234371
4910742069
2585061890
4567238126
2670390968
719630250993434624
3253917482
208083510
2806553856
701997644621619201
342894187
4154041574
2478015324
3031942490
326441040
17723632
2393063119
43384002
2438724661
721371169300066304
2943780644
719631540809048064
3656608581
31231597
1578569942
719627373671542784
198587480
