351596382
4847999223
2206524008
934982222
4890424055
2200662625
1116884995
209266133
574034176
2206453430
3239761179
1003136372
2513396039
2210426983
4094005938
720314533772795904
723625355500752901
2269190234
717073911977025538
2301377516
715578002860597250
636991262
722179699175268352
4443752009
1304875711
1183887576
4877958125
526831911
4287517877
4046380006
4385550995
4619925858
705543292151320579
705536640379445249
2255872778
341658039
719939675461263360
4447975215
3196801302
4539911787
4720203677
722567826620420098
722567562765156357
4401461061
2570441526
3315453078
1039354182
2176379453
2502660610
2290486093
2415674455
2790310335
2365895219
708617210198155264
2715117796
2451156707
582679358
582683374
3377372086
1002870482
2282146066
254536310
430272018
4385758092
718466677675982848
3164774620
3164676027
3153138336
970942356
2350876189
2764308706
3187175150
2850894915
2849767567
3152220284
112106428
1394638951
424315853
2899726696
2201205147
2878022791
3023037872
2709748092
2324893837
3245608431
3000652800
702567027207225349
4714740937
712297655993503744
721801325789507584
3603550817
2846955819
3546573192
64542950
1462677938
4031257637
721783588719587330
1595816779
215411520
4712129072
721642030976352256
705201784260722688
4758406890
4581646032
721777865965047809
3817863687
219708585
3178363158
1546138206
711977155542921216
