702347461667516418
4428596416
235998838
710910433369128961
96655484
710907502729281538
906803460
50094643
194717495
4840251022
709897775362605056
3179662599
2812168862
719331186384838656
3697177872
721394628264652802
701915942436077568
2997093136
2548708429
302855374
2329210838
818524453
703144735125348352
710683615227736064
717729644867260417
725776399139770368
946406934
4859377717
3688570336
707718853
2751821696
3055633561
2582449201
4502677063
80626778
65007261
978561402
725245719662190592
16710420
326639353
718244298991497216
724925488091828225
3648872731
4459242574
273190130
2874359694
721406535843188737
2534195028
4859061670
17798031
860746436
3098277122
753466388
4340273833
1963995792
190044015
2954349753
826537184
706583599
1679118098
818358278
2382844717
4218156466
712365246808072192
732980827
1641677016
3318124892
364844072
534903573
4141742472
4513795767
726459679
2993449593
709086771548704769
4706925559
725371014490820608
715669551363457024
3410475429
696160650108645376
705656249992548352
3013132250
709889869544341504
206499058
373367371
107953123
27695678
545377339
1080576949
534617444
715202740608233473
2236913876
704002391536848896
893856362
20150373
3146447561
522537060
497047962
712391107439665152
1479787818
4316711352
715043644332511232
819055338
2236414884
54086590
697143960771231744
4771593853
4887373775
4418684392
700887450948751360
718834655441657858
35372757
211068552
37252440
397153645
719233661292425216
4831072780
274891222
2348339620
713230224012480512
723307674331418624
4127907918
715529301295108096
701329970652647425
2941351219
4872606291
1326330290
2945359946
3809379317
3248715393
1206613706
335854169
3661168817
526985477
4799794400
198320129
373266120
3577988418
3292334036
68698563
713874298876796928
19236097
705230020654948353
4875427757
137827273
275276082
3105723744
3316185079
9060812
442366363
4709779748
704684944426192896
60467856
3419210573
2347517296
720805218691100674
1244774534
1433773628
722853389298757632
961957580
2353508762
714515303712034816
58808978
4909425670
2485533937
1392359263
246578276
2811852432
3633874334
456179788
702599731105517569
19341224
711922682519011329
876040219
76687969
112685837
81602176
181302278
714410850463784960
4236806414
1339060338
2639302925
50072011
23110106
4921087510
183411039
713546416770064384
3416492837
427924454
3239288246
4828257199
188807646
703294077375221760
711797911156301824
705566834913890305
3060448016
4924162551
4230652702
3107961830
2158806852
700681978664759296
2205261256
3067748810
455463626
1299803965
714848424655347712
3314535722
3622904116
3025921727
712107981144461313
3109418389
3420965393
4163792778
724675693959778304
1608751616
1286459726
713349508134936576
518160684
64511469
3106534151
479862285
702205235465428997
1542335869
3130363229
4041698549
1433427858
31228313
712699302959665152
4262087414
4854866921
3427182407
3066382722
701682077314355200
3196751539
2885560028
3313043539
385192329
2973794439
2936404574
4608306202
3077866248
3185488506
29530235
3302882995
40966769
316188153
3138165577
712710995953606656
259349567
3488679193
260057252
913138123
68173937
98947740
429703285
705103427903197184
4717936273
109960811
701513221388136448
343751045
4707467188
405178737
4215945254
318061556
3130728131
2706281318
708587530854092800
4239552609
3412434748
3479359334
964341224
1727699204
94818581
4831831583
4230133150
3330557069
1507311499
595250319
2407349186
121656624
2950061003
1493267851
154630029
3271790814
1381676828
4847434255
263758004
31637836
4786138371
261433876
3951013695
4890276589
3719273056
2227231045
229732637
23387313
2831453256
2720695433
16206579
17723632
720089939556179970
4717892303
721081786332233730
4187496929
480544538
711763281447268357
3165740402
191311509
2721239814
3277495507
3303330952
468916175
940503344
721188040060764160
723939854027902976
478311835
54713427
178083995
2350324046
4708379511
4234566983
3311276608
1368478189
4886104781
2887593005
3225760870
3706069334
59053238
707128120004857857
70320954
2897936395
26957062
323665834
306089200
711526025289703425
3265899319
2874640793
3267586404
3226000643
4753718287
705442898188210177
450324323
435509701
29724054
3000570031
852360432
3227019684
3244962238
3625865482
420800326
347411113
2861152027
2183565420
1536803004
4770418093
71387443
88861017
108789800
44377087
3096994954
42266389
3347497853
438449199
16895164
3089783026
3328878194
3525770662
712746553744564225
4769316554
3448960215
466144416
4185143260
322890279
15077409
4694901331
163340416
4609839138
4910800213
3990155837
3281458244
3184471478
2949051936
40061626
3152222052
3224850985
309472255
2227540266
827214126
708227058393030656
4105815614
717554036510068736
617223173
54052856
4237277387
4752171317
4326490694
204984389
3132138280
916084236
90533009
2496032305
67657700
1251812930
24081461
3232119925
27835263
370324628
4769373367
43598363
189486699
842217397
157851432
3494008336
4236584177
24935003
184628546
3811615161
3018793935
235709466
1078510842
191156581
2695311619
29600467
59511805
18545481
909429824
61658962
2971772202
49210897
60922550
226526577
37238077
229099779
258329760
143053356
4769536303
3251319026
3309111666
127499705
3005920144
3055319153
32452446
3283531724
3093932225
388441407
162301746
832886564
3071790234
390910877
4592091439
796191410
2574092503
2985114214
148223322
2906655619
3239739028
2316246829
16395141
2893768217
4653073094
2898636656
703343282387095553
4864258233
4033144487
3903411854
3685052935
3065685213
3951200003
708039673684295680
2251402658
3274781244
51384135
870899976
4299954755
3494440892
3192540098
711772079339646977
3286691174
4345685308
944145019
26652733
3020455940
3079870834
3585222980
1157497063
3128713016
45450902
3364589120
1282220160
701441874033250305
4542531254
3086873664
39364787
4059698299
4834006780
175344840
365485609
21452519
204298054
2908293891
25539759
4501660992
18814000
3044258071
615735027
162786595
34430800
722195754727510017
704403215127674881
3270576103
287505023
431198790
2947671473
3219740900
3808350372
3048161350
2919907586
25336782
3020425427
4462113379
705452113862725632
4624858456
3481965513
4423704915
1065869268
4700477725
2315583427
3883154232
2292492709
4041511396
111853432
4808436291
49638895
3248410062
3034805760
3058539006
702951722486931456
3254145463
106637776
2841405708
2461452080
2997910595
1375084074
264268489
3164614729
4653908325
3034782866
3278060623
2932555556
3251873081
3027817342
3290965597
2955091368
27897429
3131586011
3273444259
3255092929
3270443569
89475542
3274720530
798530833
78968880
1170241909
538481859
15693450
4190307435
41919896
2935980075
4503606973
4464362181
4784596178
3298446763
4837973643
3883733953
4322158361
4551720146
4601276962
2912118236
4660509148
4186208238
3324710323
3013145413
2577562226
4267265183
4021000228
3440646155
715655582963908608
4455055816
3374730436
4559654121
712495647857844224
1319667026
533712415
4857707848
14828860
3374464498
4440678868
705446574328057856
3310255544
4197484935
3960275320
3372178235
906498283
10207502
714202855666794496
3965614753
733326702
3884598859
4340433312
58152567
706146938157178881
3312516276
4090756337
3018870708
4855517681
4422984375
4507853954
4183085298
157034798
3415032597
708160999400951814
704889875212926976
4639360597
4270107672
697482278151172096
710159389219422208
4238209872
3005762823
3255069311
3968744956
3861733523
3999319457
705108555288985601
4052012474
4584059913
3707246052
154350597
3601445532
4634648774
3980772021
1343305784
184987685
3808891033
701259623894921217
4122249809
3436973898
83645743
4307979493
2404148318
4478395109
4400389162
3609833652
3296504462
3344562192
4068104776
4832318893
3406551733
22179696
3315412357
4908391490
3376781080
4813107140
25169797
3409704381
3452957836
3424241421
3419294291
4145752282
4705591369
4601314599
703159573411028992
4345523654
4258239203
3315630181
4734689232
4822094443
3293195288
4785202752
905374200
4417558281
701979026089324545
3521395697
317246039
712681195851554816
4825029201
16703058
709524373363924992
4553599515
3914640494
704853530981462016
711312929153486849
4444748596
4759303114
3405107909
3958215027
3958240768
702465173919956992
3951302129
3428604087
705607866552463360
721782094922317824
709701668737196032
705585635919200256
4746074508
707350543362949120
714900956014465024
3356933235
708663938586640384
4906853915
4371599354
704720247224475649
4827146067
4416217393
4731347430
706232376519761922
4665987910
3808196833
3739426048
3990358228
3717166709
4500337213
3397826081
4839433331
4035665661
4750197256
3756112462
3440895073
3292911462
3979623923
703583287483244544
4430503527
4077359361
705506254500790278
3317212730
711649223427563520
702038489253158912
3950801836
3578314213
3310106389
4436589979
4463149992
4770718583
4182066809
4055563935
4056675988
721049484936024064
3423107207
4857949199
3364754032
360640666
703062904300396545
4048852873
4615814789
3610264154
4145603123
3095807927
3927572774
3436173213
3406706536
4494418096
3410667189
3961519173
4143209601
3408506309
3883130052
4890336327
3320545346
717905238837952512
4242542056
4292036594
3408232162
3384930639
3390129334
3720737542
4105765714
3435940588
4788715166
3396282117
709087996851691521
3410689588
3433020107
3631816876
3589992012
4503128412
808175304
4364693417
712625110016864256
4798701630
4085135908
4187517856
3530718374
3309052040
4308537982
3293193577
3529564162
3408977751
61095768
3360388514
3453942737
4165642155
4182688875
3798320963
710994861831249920
4593518204
4749272904
705557649950056449
4498771938
703685327882289152
4851732400
713212757617696768
3087656786
4751570748
93506338
713885792431509504
2584659632
4876162073
3233623436
706671720040685568
2693137016
4832681197
463523291
72717549
4895361413
96807699
3830912607
619520469
3219094901
716283392883572736
2581758266
3063584945
442996741
932642034
187746158
2467794883
706562279282761728
1356992605
3950073855
1000131600
3113652247
845501731
3030071640
3269638129
115681686
704807640195403776
2213930756
3885976940
32495636
930823064
417227242
2926464862
870114702
3159920865
44135635
4513278821
4358227407
4855720452
2734463639
3115816309
714544233693245440
885733974
3711628096
23485328
714836740045811712
4170920232
4801886474
23181999
2907006339
721902555643518978
241651011
2527377957
701253999228354560
4780854029
395693272
720692798836441088
2791180910
82383649
33079769
718466041446277120
43196336
3310011989
104602115
3281910150
712872467438706688
728945978
584554949
847910245
1947900744
184780576
1183887576
885871045
4832280332
1348346059
2255620342
3355045187
4786763677
212543625
356244482
712772376870522880
1301827592
300439280
719769746330230784
501264324
711579168706682880
25507323
75736238
1977419539
4259633173
3752079317
843820334
109192303
708265425998618625
48105920
4879338880
304061756
176127226
4427356692
3234781559
17148456
407927046
2975468251
4765364386
35216399
3201944938
18486002
4660013206
862192382
3146482982
479567205
1928043908
711630728686018560
4827282714
4479812413
696037878204338176
4598034012
199883469
46315077
550987205
3337133659
2716269940
903377622
3388805937
4183453293
407490941
26019382
3394847123
4760597658
4751413166
3309169489
709497411144523776
713415305679278081
1599562578
1072992504
18993272
30963457
72426152
3411140663
54065567
2365954740
3308085366
3248141375
3309841465
703380049844502529
4176001696
2804931115
827599440
4624500980
2162637748
3317287716
1534688612
2174588080
115679629
3391392651
750915709
1911619351
16855253
706186209949712384
4497437903
4364549596
705557162265845760
4908742273
2593580167
3007163826
3091373190
3389073989
405909513
3418980555
4460771554
49452556
720660111161630720
3206460682
2424016218
4345493055
711977155542921216
3415494767
33025520
537904539
49709066
27789999
433568168
1526553212
65455370
2562154980
709280891420278785
702628810483765249
44901486
423530697
443304640
710920492354416640
4856026475
2417844248
709405990211325952
18787733
3539369717
505000907
4775336477
2520524189
445135319
3592503441
180074028
385748822
51738464
3958532542
717820719942356994
705799381216169984
905898240
705441494698762240
2263491734
294203162
1350725479
3580248555
404463989
21939082
3285647851
3392941000
91002295
4858336276
3290543735
269487992
2176174432
1337093174
602954914
342999231
2997677960
4872612725
3946915763
3277908812
3950481494
579187283
706131496046878720
1363449445
4856133020
532542705
343815922
596591919
26570572
2830629595
3423446873
59454488
310548781
703990775223169025
714920195400269826
2223064093
706835581561651200
2164770253
1278240818
3879759869
819668389
108593067
702528905169780736
83682387
57521457
3542103674
4404484933
16058324
317561814
556736472
4700436012
2784100399
3309128594
2916054140
3836008983
3053291705
142015635
711146010521767937
2511162391
956217427
3101613139
3308822353
310580814
703995932048756736
830995670
715028636018024449
1726542289
379314159
4842923147
2826216461
3248927020
383314897
709085397586939906
3911139081
1185048103
336638653
3033154947
4360221673
4828311314
3503962453
3356152332
722344200612786177
624850881
4219318899
714259748976242688
16077017
2319339266
3670520652
4895096885
424927514
33186312
3308492869
2944758356
4216126756
4054895653
4728142435
4679513822
706558548537270272
712061448009216005
430749539
1539524610
3417755386
709175213439627264
4843914659
4810747934
4510849520
69739698
715035176833839104
3430176958
4252368740
273287404
708697173689413632
3612901152
710140885611184128
52209156
1354697688
2937602114
3029140895
867189920
3280229443
2252839610
795181796
990260346
3023863007
2450840197
705440373825474560
3419318626
4703317886
272918023
3335688374
32495439
4841147176
1191779618
2255656483
3277814538
3301266202
3311840432
4822536123
4808474910
3382498841
4180352153
258025056
549519059
4871468352
490975532
698971629595058176
591505507
4847781730
70156027
715645679612375041
54769979
258621712
2911804329
289066063
2660080975
707994226387058688
4465538597
4852425299
1091712824
327378368
2202371624
372436704
263817790
2845681325
551305411
71629071
2255567535
2281297118
3050788789
3822233052
1890848160
717359740259422208
329945223
395700090
860691823
4836393909
249504637
1566816938
3284112337
709492573421764608
334288260
717367646
387661638
1428794820
723031712
552495441
937475790
2771406515
698562318351863809
1306331118
464361232
3739209309
4114290851
4756017559
715044396
2478015324
3271901318
554117316
4822842671
2273797556
3308305813
706665518044999681
3033669203
4837803682
3901587613
3740513716
406483952
705961747157397505
4182380774
4800862086
710622094497751040
711013678070370305
701541169084248064
1050271441
28273116
71877669
898736670
2431253425
261504179
2272092822
104466132
23433605
1528212727
849862741
74610516
25960025
186618398
39152845
3522115816
23258472
34428405
21634278
3253214641
4872183652
1161371029
2354351132
4833162304
900431706
2290504362
606681626
3416505311
473704565
3653156114
2579500110
48337299
711589795449864192
4547869279
4909691868
4184859132
2744499831
718139901
4496497823
19264136
3001383634
410170867
379225543
1573489183
190589983
3304455363
838760262
4292539453
60357436
25477701
185425059
4278386653
4517951
4697504730
22297480
3571808356
707775609104113665
359441420
4234882707
1135993442
3401977823
500805074
208083510
197291419
3644296515
2393063119
3909925639
1175584525
3438614458
3613516993
4901201023
749780112
4847282143
582414063
39003445
3284680262
3197771281
3325070438
4552434832
2952719616
105295143
4768875064
3011296997
619345580
3438374192
342894187
38441022
3407890707
23039009
4795359535
3016501992
3951491722
4154041574
3424711689
709426609
2368480255
272559329
3174127245
279134171
2417638200
710990834972233728
705435690021027841
705125671635394560
3293741005
4781576424
2764242773
56449803
314547496
833446135
710656531906371584
2186440171
320917731
3957920723
3306240758
78194344
2792409146
4914539795
2510362008
4839567549
3744122597
164820303
3271255423
3416488763
1618641848
204132287
3289295713
1955132936
705103783047598080
719704782936674306
562372370
107012365
2906973191
3239216766
165145111
4355797094
61049859
4495515442
4691189473
4715923693
1024109838
196297605
19173608
3393937697
908203088
705435996876312576
430344855
67003795
224732878
3316868654
3806955261
2208095516
552362937
3192848121
198587615
112519014
932795072
