347627434
710805653103759360
93506338
14828860
721406535843188737
710212758466236416
94818581
1641677016
410170867
707696112543473665
3431315500
718748352997777408
275276082
49964679
815493158
4581897554
4706270920
3185488506
3957920723
3310335104
855911462
1337093174
723877752307376129
719535575288647681
720141358237749248
1493267851
154350597
3239288246
22523182
1306331118
115681686
4226557876
3293741005
4765364386
190589983
3130363229
44135635
4770418093
2914194020
705103783047598080
2845207617
3281910150
96640195
707915973316251649
163340416
3411140663
4797850879
2697757255
1862373380
2496032305
400270219
3580248555
3027052225
17798031
722759547677470720
3503962453
4332740714
4786763677
4478395109
538481859
22429865
4216126756
718527061871046656
4440678868
707865505663549440
710369154428047360
710362836761845761
710361010016616448
710345184639262723
710343238763171841
4345523654
4746074508
18993272
317561814
3095807927
3303330952
19236097
2828971725
241651011
3430176958
58760309
3066382722
2467794883
1339060338
722415555920023552
1433427858
26570572
3392941000
18486002
4828311314
3711628096
183411039
395693272
43196336
712872467438706688
4720439180
719254367686107136
4135365027
2797903675
703247602381418496
722541530712375297
109192303
709596967408640000
2378787962
714584355390226432
3221862823
709085397586939906
1200164539
710597822941372417
710663022109401088
721042293650767872
27835263
83696994
394500004
1278967314
3309169489
709497411144523776
2478015324
716861728093519872
49709066
67003795
708316309180776448
52209156
3265899319
3277908812
722356348462227456
826537184
424927514
722344200612786177
2287887180
706558548537270272
714424285528502272
70156027
3029140895
1191779618
3277814538
2975468251
54769979
1727699204
3018735995
719974159183286272
56449803
566975554
3280384898
2272092822
3314535722
3023863007
4547869279
4909691868
222974563
336638653
562372370
24532988
3039759820
121656624
4796707521
2319339266
192538987
3709245494
705566834913890305
3577684994
3289295713
1575689569
2393063119
50072011
23258472
2893768217
3293142718
3424711689
2696359013
174953869
1368478189
1072992504
3284112337
71807953
721628490018082817
804097207
342894187
3836008983
706562279282761728
733326702
1621868402
16606038
4154041574
2581758266
4877882572
51788651
3174127245
2461452080
21799129
3693271276
2321891941
4430503527
2481937027
320917731
22936237
388441407
3031942490
35216399
2431253425
4775336477
2771406515
1473217476
3271255423
3401815851
4660509148
3769782916
109441206
903377622
378735981
16703058
449110269
513438857
4335525913
208083510
3273222469
17723632
2237237556
3316868654
1065869268
2501559841
227410667
2762251732
3321777673
701541169084248064
3280337558
3928095387
31479090
3290543735
2903166449
4914539795
3031838684
710990834972233728
19173608
705271787894939648
2736962849
2386894920
93992192
3055288047
554117316
269416530
30500021
