722026213682900992
721875664371113984
719639378973298688
4888199896
4728064483
722045078869442565
722223525038264320
722102896721010688
722976678960467972
3224000906
2734630621
4887333753
4881963081
722027379695173633
2659696782
722227379104518144
722224914749603840
2314509950
706098376060891136
722115440496013312
711295467892572160
722114177066733569
722113188817453059
722111730969669632
722112153562529792
722111002565853184
722108688710922240
2277837108
721823336293122054
721863978650091521
721228570543144960
721861334695067648
