3311119727
704112742039318529
721887852611661824
721101480871272449
721488865219997696
721823880114008064
714552099149848576
4745877213
721037463070892032
723189969251106816
720818895313981441
721881474857709568
517208602
715520524273762304
912206564
721881064214401024
812139986
144279919
4848238043
721890428031787008
1531140434
721798993181679616
44842964
1726542289
3751958836
721865238077792257
190589983
1956656672
721875288825729024
1249588387
721850909823733762
710944751122522113
3100137788
714933511950626817
720710346151845888
4831072594
721884109178564608
721889022700871680
1699588867
19341224
718077451042066433
721879975163523072
721883472424542208
721884235087228928
721867557276422144
721877078241619968
721887056385826817
721882585366994944
721882240460787712
721884318214139904
717348247598043136
721868876691161088
721880760714600448
721887083443294209
721888767162732545
108873647
2466447313
1582280215
721738001349349376
721293377979949056
718256386002591744
721878040305754113
4847659630
3312920270
721456387142873090
721885082659590145
721882371969036288
721149092877873153
721666746969497600
721880145531764736
721876198037594112
721886325184557056
721875717068185601
22789952
721877851499200515
715837530462150656
549231000
721882786341064705
3940809449
709488077
721038509361000448
721890818470969344
721890359089999873
721890172930027520
2405249880
721889172240343040
721889145006723072
