2181243230
713398580061585408
4895787654
839200800
716524830733021185
712391107439665152
3977253500
713874298876796928
2287887180
2347517296
715269398039232513
716426085991198720
1849938847
712740083296698369
4417130582
273287404
3171211230
704383743042015233
3981225735
709051645913669634
4909691868
4615814789
4822094443
704519468953817089
564947756
2438257069
2183565420
2697757255
2329210838
65020791
4866494759
1392359263
722777437554102274
713219671928008704
712800681007120385
14346664
312927309
463205843
372835834
328638472
3391392651
713611018719473664
717820719942356994
2402547302
703561088
582748413
716046655414530048
717950516496445440
713818377844723712
462210311
2511584504
3327633194
3315498595
721887856638238720
714979506746994690
66579081
189664093
438668235
713580266556526592
478227061
3308357074
721870541284581376
