723530244150427648
724372638655778817
1012310028
2151166693
1868509100
2564059472
4864078363
722185464686514176
4595156414
2798536076
4613580922
2890646348
723674173411844096
634513763
3880974376
723669739697004544
4882161959
715126923433795584
722749615599198208
2517537707
722205655562629124
613625081
1603993190
2763345090
1542241051
722409027653734400
435166541
718033394609696769
713879309690269696
722186746474192897
722185421535461377
722185247891333120
1271092987
722185099463274500
715496304777015296
722184627973144576
722184005941141506
1452121729
389447625
1036730815
933997134
2872890980
3294362022
4408750401
721855457120399360
721806673636102144
721848238630912000
721845226508271616
