724986465583828994
4856143034
3037410049
710048057061019648
724086102060093440
703045003673624578
702440573177831424
721233074051133440
2804339834
713832851087736832
3253728642
4772639115
1901447682
1649468473
3393438658
4050192377
712454833
3488679193
2353713740
4736821846
3479359334
1530916794
1649433554
2407349186
1158383569
2353210639
253457964
704175164791980033
708236192588763136
1037021658
258075868
716356024215556097
2865288079
253057977
218482405
361617283
723842147221278720
1016696390
716632709100150784
2415860681
718625752
2251431872
147759481
1403884568
989660850
4909358353
4686015342
4831053502
4838782792
4510176733
4838837229
249768807
929810214
2748897390
3438137512
694424374934261760
707108002113818626
1096498604
723294771968643073
3301028359
723125490052005888
15526558
3161642778
717381633339486209
331804267
723165036043104258
43171999
724305408
1077079634
714316809558749184
279441524
85689612
2483770620
37321863
3021018443
1871982200
70448762
768819619
622073561
720255991401480192
722884059366563840
3200902917
1911154448
338647724
131609638
2469949405
464871521
4772504264
129343561
4848238043
28770097
3130567797
4316725212
3624835593
1244031900
1542222752
1685042425
1367974088
582771612
710271037930340354
3347642651
337803210
715907078783520768
4778413768
781319274
4778457459
2564059472
1538612412
1032307680
720161068325216256
3187770086
3187378818
3109512511
2657818230
582689150
126434587
1530377160
85653101
721555698698444800
3099504883
16601312
212619235
716350151816781824
3294572733
722151636253040640
39948926
1375860338
78422669
60052632
1486123196
3724362982
4830403569
2722603541
100909746
4847282143
2323027134
1364837244
77186485
1565989826
1033440151
930456511
226285866
334635978
720162243699163136
3008915494
3316605116
58559649
14324518
2412406063
4641898699
2309895487
2390312023
3387237851
4158185356
194235230
4803179914
3278742619
3855131433
4556205436
721956231724822528
713116885005443072
721937883184107520
2465239620
721936473134665728
