712961112220766212
1435368510
3239293655
2987645026
3015156537
2747091501
4095317375
722060360669265920
2653007173
2174553567
3101395305
721501036398166017
174953869
2897196767
1919392622
4686140719
3241767033
1572394698
721389384801656832
717260865431535616
1438571610
716953588883406849
2542019558
714143045743149057
3496419918
713726614073446400
1472537803
2406643387
1444229702
720162413040005120
723891442150723584
705831576366620673
705739656080592897
2246928318
4733503719
3859471408
368841507
289881653
3184171007
722852644239183873
722850164767981568
722847886690529280
722844920164159489
598348217
722837919518461953
722836043829895168
4826670052
4826656294
4826628551
4826549541
4839177363
697399483265638400
323931077
2958579135
2887348931
715969645807804416
4566318695
3375346587
3024476715
4284619528
1417018076
1412700818
705723384135602177
2299648921
723629094387245057
701351478569607168
2911210077
1581640129
722018171499200512
2410501892
2417658443
550098077
1706768575
3694590796
4203070817
3284615910
4928386469
1482015955
3345563531
2415883788
3835617862
717058003447504896
3986183789
3871306877
475568260
706420281196335104
1965142544
718074774753308673
719531181612642305
2391436461
2769813630
721988265432236033
708612156456046592
2832003757
288899003
301843600
721557757833388032
715282432300331009
1477069987
247411551
2819551738
902174174
4882161959
4563732138
4823748617
4008454643
2335858410
2888257348
4792613177
2265046712
722155680761835520
3526307069
723228172351868930
2894862465
715635323712233472
717090062161338369
2866283620
2985824985
814978736
245997542
2962748133
497044714
4728523667
3301264188
480717163
2571880727
2440455322
4909256067
1920967225
4882226092
720632307162460160
2256654186
2886892307
498894417
2850591052
1329352717
3119625086
616426562
2265593787
4803746055
1045546638
2927218353
3193715163
4073299402
2380571773
717702960973803520
2825538437
4429652901
723164853922324480
4832672145
2526966830
3240547884
3079804762
722467155862618113
3470439214
4116697599
4871935121
716325710575628292
3242220250
4091809510
721574249216024577
4195535002
2546871469
707301823275737089
4690495681
720960532581376001
720187443459317761
4903767665
2298225643
718905736256962565
703139774979141633
4914420989
455252845
717313521449627648
722091576047099904
1134713396
700709278366076928
721453692155772928
2278039577
764095428
2774973274
788746483
2714422628
4735727253
1649952145
721393431667412992
2617691349
705723833718804480
2413774771
2371492072
257809369
3197061734
4860057431
1009686608
2841793601
4195532782
4891386387
3114748521
2364324817
2795927954
3297916432
4887006672
3362218061
722075268576206848
3980527037
4404895953
708961017980706816
711697326604230659
718101010263085057
3300062105
712014376950239232
516360435
468755769
430192464
3835848561
4504752981
718817127986302979
710642672
2309608274
2902345133
4905799875
701319786215694337
2847814503
2819829454
3535203855
3423669298
702521332395683840
4883146546
718883603443281920
3740419827
4752653596
4648127237
715837627665137664
4716930509
3018214049
3043127440
4362001275
3030411369
94654947
4492500820
2807128968
2788482288
947928140
3565606037
1511408522
4905456555
1664618719
1699622016
718523603084517376
3068404631
2430989977
2698060380
2952727311
2976796864
167456151
1562753629
3170262201
4084584339
720991204343570433
2686945342
2521190122
2492693568
1917598446
4348969108
720295222429638657
711147919144034304
3430480444
1256277990
4883055298
717058219412234240
4360951643
3356491527
1493574865
288899227
3726464056
2200530599
721294470428241920
3300835475
2943626865
3795925527
3417454505
3422127413
3323176162
1868006586
126595080
3412870227
218554899
702102291692785665
721238433625219072
338463662
721334612564316160
2829577349
3236625455
4928396614
3823870281
721235976551579652
2359833284
4425919347
4603408907
494330630
705678360442236929
882013292
1620205567
705557249536745474
3771576502
1033310906
700959275150155776
705556276986650624
703468377419980800
4908568169
2195897515
2694221311
4024048877
3119743763
722325081058185216
4415390907
2520748074
4881998505
717758728561410048
3256514601
2425736586
4482871281
3347896588
2440571197
2978352820
4775062523
4172479883
2696655715
3317331592
4083262227
2918257757
1553486630
2726341617
3253741541
1163809099
3357420989
2992035075
4395496612
715090571690426368
943474033
606964452
2990418347
354403706
2473363104
2823581544
3564270316
630867087
713590117219184641
3095845878
3233051049
2415749258
4842192717
2842517795
701620340435378181
3110497192
4877804236
3109519509
1720259040
713200085358747648
710543532612784128
452388124
3252540107
2377166582
3403591978
721332989716602881
2883719790
233205224
583048444
719804566
3435287885
3381342021
2412137316
721710276790394881
3740932516
3213379228
2886621442
2299099258
4624835716
3061486456
703262475811164161
2609701656
4821569332
721232819524079616
3317548403
3215685814
2875447823
3387102923
3399226216
1704133819
4110317157
238569458
487471902
2862693801
3435615509
602081778
3152130659
721042412504760320
4031722301
3426001468
3511726281
3331110927
3021030534
4897355182
3228639226
940651098
370124299
722022038672711680
4830234155
4517071054
3382280098
697451097158500354
705152110359416833
4139920763
3306668706
2967711045
2758268451
331726265
719867271741632513
721335881743732736
717371419567529984
721306478842417154
718637968190083072
720951311227817984
1111157126
4866912729
4319914996
734929273
3177028896
4203601900
2613127453
4878464507
2930114614
811430779
456498911
4703807369
3372976175
3381600904
456505738
4106319251
2455704339
2293644707
2374900358
1128038714
4820913197
949233428
2234489088
3320384054
4097862435
4722635473
1931097194
3478731508
2911381739
1008931026
4857925864
3264572968
862458696
3344289729
414532649
3197071316
718297680284401664
2807534837
2940686452
3440146757
4559346639
4126878532
3079527387
2887880393
1480240232
3590085989
2912217089
4754441541
4439116047
1857510870
708407263715856386
2778048183
4037909717
4219147101
2828993236
4537821581
3003360869
3395811867
4856773744
720851442404208641
1472293008
3628572616
3283403132
4892158049
3000182896
4150179922
4745205645
3308434906
3120609362
702520538841944064
3135889242
714669834915721217
2813596474
2985115049
3329906943
3367653363
3487976841
2914495481
4885867245
701393288427921408
4416279915
2888089727
702028819998359552
2266539087
3014016940
2255759062
4165048762
4304590875
3296392218
4829624746
4866168154
708697101815955456
4363474282
721945128714309636
3558578783
3427691775
3824474537
2446908910
4513687217
3232975234
720970983855759360
1546160041
2533560012
2502048524
3321015700
2687221410
3389644930
3301814920
4895388875
720274075344576512
2595207470
2276234546
2765644085
2951383523
4695751951
721061443295145985
3599567135
4818121539
3907421355
2357933930
717394390579355649
697812571978600450
1459219994
711797550819446784
720187533590704129
2180357361
2399147162
3089920902
2311743458
2336168480
1609747358
719916459632291840
3231623744
4284853395
3032191827
722067057865527297
2207145098
2876295627
578046717
714030494376140800
706106073548251137
4871542821
2725525271
712806558648774660
3226228778
4904863581
3395136652
721332961220640768
2824020810
2770420816
3709172357
3091033437
4874411446
2212529932
4869224267
702384583103406080
2690255888
1638355940
3126275932
710778174913773568
721401332264013824
2470954152
2836008431
867946704
4106947415
4236762333
4913572366
4765764448
4923765388
2255968486
719109606262378496
4295199442
2754777197
1701541638
4825944053
4919844143
3020457286
4053743632
3303697612
709748882209705984
195077109
721320362508750852
4393468702
721297745030619136
1394488638
2154562628
1919763937
718153567681519617
2964656633
1335384668
1608466032
708702176969953280
607386189
1683448993
712338068804673537
720258421342142464
2353406216
720489871232606208
4581347957
720408685625925632
2997541683
721395631953178626
718014628303736832
3186616972
4349830096
4178738241
1683366894
719153874582577152
702212274786856961
3014998505
1574582630
3466472235
709774251448999936
2281563557
721946724856643584
4072518382
712619520553328640
3289900062
328067458
1136214463
215592104
2426441596
235856011
3303887625
715462882872397824
704267243912359936
177319531
537225129
250034113
1347574932
3141499675
2284523197
710820048177405953
722303516849516545
3130991955
4137193485
1015911128
1180143120
4876330138
871759298
4645263135
4113674487
1541387305
1004362560
4548196462
696640784448229376
2249967467
4664564656
4218366448
3091690942
3325015493
4870340290
3020831391
722063378743738368
3341006278
4126311382
4853613358
1569242156
3139583750
1411815756
4837315805
3005989486
341392535
3854038335
341190477
2785414744
282569265
722215892050907138
57442529
722215267586207749
722215587515117569
4788880361
722212714257506305
1425961508
4071845543
2609001092
4873615743
