720939612131221505
724063125557776385
708636140488667139
724018515456483328
723422914188439558
723708402199846912
722319456379236352
3437993877
723787288325554176
721513487713878016
721423260349386752
719853570410094592
706418423027269632
2239135201
2996864040
3238927589
723279270936645633
723268434159636480
722199568742424576
722160144549740544
722737913050435586
720821231600017408
722748968648593408
2492972616
4848857235
2493029256
722495391019573248
2706962660
719437243094548480
722144635389374464
42381705
717543058909175810
2658773946
33548324
1569242156
712497976669782017
3883611435
4870533541
722219457494429696
3393744657
3881178867
712473735907782656
2903227999
3854038335
2206802120
4782436934
722203738656632832
718971979261284352
707917070038540288
901931790
722177487766204416
722200126744342528
722200305178394624
2899970579
722199785277648896
2568795450
722200027708407810
