269880854
721881826407657473
2864068462
344773750
721880733879562245
712849192620847104
2499766504
309306876
721892408955441156
4848523918
4710831314
1697297161
339527807
339510111
563468835
4896557404
717040647941799936
410238982
3139068317
108320844
722500438092877824
2963544345
1261155014
2321331529
2813725870
2925004704
754478114
2703198718
458504288
2946172151
543855094
2630262412
804388
2790051466
4911745961
3755993652
3883611435
3654943276
227942485
3880872527
4289440352
3680486362
4616688917
2890646348
88295133
590526514
722241209356279808
722247468239470592
4782387774
3950586455
722245872730419202
722241725008363520
722240101070303233
