723586420133126144
720524811991183360
2971779902
715910442523099136
3238328102
713862676330381312
709874365702152192
104240540
718790033075871744
703915842698813440
4311125359
722362586251923456
3724265773
1511147558
719311072956559360
701076390603419648
901931790
712200120456990720
2832978568
2437706742
714306479067570177
721648641899757568
719065728968564736
716485139891511296
722192951653347328
716885822264315905
722192792886382592
715812641860685825
722192388148609026
4717331735
717305543811923968
