4777995679
2481937027
2496032305
16394320
1493267851
706860228633989120
184363884
3577495760
295165033
1183887576
712321819391488000
2647986108
992040524
1190325248
767633689
713307380767793152
4450675452
4656018335
718290855417749508
4782520526
3884082503
711108872639938560
4158306281
2776276551
3550166352
3272630611
722243047212347392
4359217757
722241725008363520
722241413879111680
375516375
722241441246879744
722240101070303233
722239726212800514
716882417009623040
722238738034724864
1217774989
