239587594
719148351808253952
255789984
2559285443
2418723195
217812395
1214224410
2488896943
26139410
247983953
4920792105
4232938366
582681311
711058343096414208
225995597
1186321572
503350075
705659339445399552
719943062252875777
123406713
24155748
720329396322570240
3290671121
1244224070
3806005457
266366083
242015310
354632047
219625723
120849378
239391466
464312468
279870172
525946141
1311963276
266988329
396581469
224096680
2812428534
3085062785
2824857990
1877124102
176725690
3908208446
4782520526
711108872639938560
257612766
64931193
722173298205921280
279554508
240106623
3854038335
722072291853668352
47028956
302355200
2488832495
711086725813051392
236179651
390859354
376380333
901931790
3921304649
3260881920
233483807
360327227
722196658545692672
2460842042
722195479577104384
722175676875464704
722195782028410880
