28918533
723321346319618048
4775780347
297647145
13221042
706945574042361857
3435906383
2194556366
2938760255
720892388357632000
719580356077178880
721748365755572224
720619471056994305
2408582803
4882161959
85409136
3198685311
716367409301622784
1577169758
742905182
722765755696025600
722561691276292096
4264737514
4329688455
2733125051
5359622
2457594230
4221424947
721707147965415424
719519193796894721
721609832533463040
721757849353863168
2230497434
350355393
719474224876883968
185615317
4875402137
719946977673392128
4644534679
3367310533
721615802131095552
708183141899370496
4922619429
1044211926
721021358994550784
713276681260236800
721451800608555008
716301680451723265
105373704
717829812296015872
720744329011142656
721473213444812800
2334881310
4624295719
2715128400
710066861216497664
719555041460383745
1496949854
716823561495834624
341200881
721326404839862272
2980367277
717104790346547200
721257581654712321
2199262760
1717377289
719522778291052544
720605065539674113
1463291245
3049257328
721143152585781248
258629452
4718300221
3369207917
721330677271175168
203508709
4503131295
4453593957
3363638693
719409257075109888
704080429696098308
2292488509
4644911800
720975193313841153
704931478690525184
3146652697
721031021492375552
721254003049234432
718637524042665984
721112243958607872
721236205405388800
3719984357
786364434
460222394
701009472747995136
721415023906725889
712533441481457664
722271164442087424
570608126
721252778308452353
4258779400
2590510239
2224318187
457973298
542911853
721308060917096448
720089418309230596
718896344484737025
721319121015738369
2727762665
3599550809
721299822548881408
38583110
1569242156
4873107818
718827519152152576
3176992611
721181817085100032
4837315805
705461091099213824
797915048
706675031313620992
243371409
2454386928
721091730783805444
720310363716096005
4295482574
722215358480977920
722212271997480960
718106687211577345
722176385981247488
3368684535
722175115425935360
722042047721385984
722173476551979009
