712455022576062465
714144640870563840
722433966574301184
717893503020359683
3437993877
723584348713291779
3648830293
719630006616530946
3142253026
712852233013104642
2515956665
722217950380474368
722189529969373184
722337197207248896
722624169167294464
723030309265092608
722925102866776064
4920843196
722629201279356928
717040647941799936
722501702335795200
4861187441
2493487368
19127245
3020047118
715465427363753984
715468545518383104
715467097577558016
715464233912242176
715465569718415360
3149103368
3238458571
2318554140
3838308800
2575932008
3147200810
2418305216
719286277456195585
2656331223
4699955532
254285164
2443454024
4281694518
716563405423947777
3630250212
2963013881
3198693278
3223165651
57132965
711293923721748480
720294567732379649
4842245728
722200259213074436
3854038335
4842848605
15165561
4067455753
3823386200
968642090
3111497597
1266198450
3242498775
2594573772
2380673956
3008517289
4740437717
2463843518
3472754302
3174249191
