722180730910937088
724718993219661824
722536177002274820
722088376103542784
722180951162425346
2825085372
3291618841
722083492495024128
4025509043
723216085504413696
3220699604
2901511662
4885589896
722837772764069888
722765452955492352
722735550382235648
4036935673
415901849
721377465088741376
721353812854861824
719939458699816962
722295588503621632
3673537652
721304380377587712
3452451257
721251810976129026
4884249351
721850218560536577
2382883963
3884082503
1628665171
4613492489
2959324792
4877873590
713669325844930560
701657796
4566537135
66693790
2476072856
1452723103
4615412784
2430861906
722180499733639168
2861476007
722180886788206592
722179451388325888
2830757531
722180168417177601
171977563
722175676875464704
722179050266107905
722178742580342784
722178307681361920
511402689
722177812489203713
