464312468
4782436934
3959710213
722223765376077825
721981543208611840
722218958213017601
722217765600432128
722216854316572672
722217487958413312
722215267586207749
3854038335
722215358480977920
722213955763073024
713237974868041729
722212714257506305
711108872639938560
722211001999958017
722210695522164737
722211540263374851
722209695663054848
722210139726553089
722209788109713409
722207993572499457
722208118034325504
722207680333484032
722207528893968384
722206656478756864
722207797895634944
722206317100797952
722204978589384704
722204217025392640
722204080651771905
722204345610170368
722203123880738816
722202824998825984
901931790
722201589784698880
722201059914051584
722201375254437888
722199785277648896
722200126744342528
2832978568
722198353111564288
722198200740945920
722198545663725568
722197822842486784
722197481682034688
722196658545692672
722197067163181056
