724011615616679936
721513487713878016
708942303218573312
1038210642
71185087
4624681289
704355171128766464
713391740024000512
715396386460545025
4824461292
247832982
716284158218276864
711973472356814849
722706922642763776
24416431
2564059472
3511344432
719192691955863554
885576109
2213746602
3052400751
1038231804
710733798569349120
3336129243
719087071684534272
716278315489726469
3139583750
3854038335
711089142709391360
2781324062
3195894061
2601282751
718186568608034816
721472872628137984
3293793938
712634284104921088
709207979527114752
717158679473053697
4451432714
3229008764
901931790
2719963425
1461421117
720074510439948288
720022965186736128
4594714944
711427480909963268
2779849204
722200305178394624
2977495629
4843624694
721611480504774657
2582074110
2832978568
722198353111564288
722198200740945920
722198545663725568
2899970579
722197481682034688
