44023872
1033389506
400754829
567381550
3319168921
35595347
3123131711
4030906642
587076179
3291931686
3955409993
3007181015
711478232516730880
2706154603
2325561652
722283429102923779
3033935195
524323374
2927128650
1033934088
2854815620
721874580495728640
704509457011757056
722205623778197504
722196726313009152
4906200750
2602174483
2745915978
1689457152
717291299951357953
721609480316850176
705559151649411072
1378826935
700833736070471680
328058641
712769680709169156
722197836243279872
712614335894302720
722216122657824768
139458849
2319475186
4143953777
713441934832832512
720786595885019137
712613124763815936
722214740475256835
1873424545
4237518261
4884921530
2781841041
3179113104
720096371269885953
718443829272166400
3139402472
721741925187981316
2869652109
717292482422185984
2957719703
720795410592194560
722200290636754945
712470949166194689
722194570340143104
3291255879
901931790
854801202
722197481682034688
721809196677787649
722188394575577089
2832978568
722195479577104384
722195782028410880
4722309563
