20817660
3119697941
1606520023
724511566205472768
4879190530
724500917702299648
597513035
1580014860
724306444837756928
3291919635
1172516546
2185351899
2717568357
2795923887
723679280379502592
721472244686405636
716719898865610752
3313040995
4450508832
723526192783974401
714947058088562688
723930463031668736
935686764
723595517377282048
721698861639598081
2825085372
722169785711067136
720410065736339456
3023888532
409413505
3233211649
3980906953
932787440
4187380158
4320502933
2854167024
4187512272
3842725878
4187541734
423121704
4812448393
4187673013
4187740213
3373222131
719517939565797377
717546616685666308
717548497466105856
717547798682427392
717545942769995776
717547266429423618
717549430648377347
709284793536503808
3244845565
1974083694
3288624266
2833026068
1541037174
966842196
3958029972
3093392382
1706666298
3846010950
1108695031
2834221130
3229902468
3613485196
2374149744
246055889
159389938
2931833648
2695819537
380914209
3318305703
720358320414982144
2935849256
3100090970
3070949654
2913554456
2682120156
543787174
3068923116
715039128061145088
1035279745
3236256337
722227009607176192
3025928386
72660086
722184782147383299
4898231534
703957177522921472
23536653
722072291853668352
324946454
3806480532
2360215050
4169046742
3209753612
3229008764
2893999507
722182806307266560
721221021282344960
713669325844930560
718820834882818048
66693790
722083068585078785
695624250670063616
2544019577
701573694754258945
4615412784
3006480166
722181504554635264
722173457241346048
722180886788206592
2266784384
2861476007
722179451388325888
722178742580342784
1141177579
722174489388298240
4724666723
4634835447
