3418185123
704389829279260672
363905797
711715954040901632
2204920100
525506288
2287887180
2449286540
214481740
336076935
302085384
203797094
715011728967409664
721275366543925248
718101088587681795
4871042651
3606130649
3729504802
1714319281
179226812
161783180
2588146139
265004204
722857100687314944
2293306411
3185143498
84667031
781763467
1967939774
969989642
130781476
389263463
399222712
3304892303
17364065
251763524
3178297061
85008170
3350735885
4919451
91828665
1089846516
197876706
167971586
35099519
267940268
195459251
788066503
978570626
7288532
93080678
364102428
3121312894
3408093767
1328190980
151738971
260421063
160192827
1679809466
4586663652
257860097
33495086
2773711586
161460591
1271092987
4663640477
722184872018776065
722184627973144576
722184005941141506
722182087546171393
