3648633252
3094131504
722102507514830848
1053823579
3409386309
4856659287
1888994436
723691768613638144
721760939259760640
721412191740506112
3959710213
722217765600432128
713237974868041729
722212714257506305
722211001999958017
722211540263374851
722209788109713409
722204978589384704
722204217025392640
722204345610170368
722201589784698880
722199785277648896
722200126744342528
722198353111564288
722198200740945920
722197822842486784
722196658545692672
722197067163181056
722195689162338305
722194763601076224
722193951088840704
722192792886382592
722192388148609026
722191817761009664
722191271700361216
722191011238297600
722190126345007104
722189732290129920
722188750625902592
722188341697978368
722187966572011520
722187517001379840
722186746474192897
1271092987
722184627973144576
722185099463274500
722185421535461377
722184872018776065
722184005941141506
4254230712
722181919568437248
722182459522228225
722182087546171393
