3438496655
721437743088300033
3336833722
3321831363
2455574666
1688455242
703757039542128640
3698636956
709737730830376960
1580361872
1048787905
3086749873
4838077215
721141814368014337
2273582270
722228479387967488
1177246494
1960731302
722219645802033152
335400062
717835433820962816
2651786005
358921218
716616386332725248
1120363788
901931790
3361243264
711194014138155008
1158425642
4012818808
4145268737
2812505049
2665844012
62555668
722191271700361216
722191011238297600
131647626
173266258
66693790
722189732290129920
