4920671305
713450767810568192
3245603756
718722445104971776
3032201282
3027306828
2406824052
244492251
3959710213
722223765376077825
722222810836430848
722218958213017601
722217765600432128
722216854316572672
722217487958413312
722215358480977920
722215587515117569
722213955763073024
713237974868041729
722212714257506305
722211001999958017
722210695522164737
722211540263374851
722209788109713409
722208478660530177
722208118034325504
722207680333484032
722207528893968384
722206656478756864
722207797895634944
722206317100797952
722204978589384704
722204217025392640
722203123880738816
901931790
722201589784698880
722201059914051584
722201375254437888
722199785277648896
722200126744342528
722198545663725568
722198353111564288
