724089377521963008
701969489504522241
4849662657
723840945968451585
723588951718682624
723823448082944000
723836224037748736
723779504104083457
723796487860146176
723453496872177669
723725649211363328
3437993877
723770552591220736
723333231127339009
718233974015926273
723273439163854849
722532797731246080
722576804528197633
723460343901495298
722722501101420544
723461022921584640
722550231477444608
723413662757576704
723455329783017474
723355618887737344
723148393107755013
723315845007478784
722212305572724738
4862381002
2891225304
24416431
722177658394701825
3625330756
721513487713878016
316018679
722271164442087424
3161201690
2382883963
238684935
3884082503
4214321534
3807878532
3882693599
4616351835
4837315805
365286240
722125946401087488
3854038335
722211135991230464
722211001999958017
722210139726553089
