4181528834
3437993877
723670614607716352
723609772331663360
722494416498331650
1534164110
723311897777455104
3357968373
731134178
148780415
722177603495469056
722217950380474368
722958671345541120
702256825622781952
720080785366204420
4836723292
499091570
3107312973
2496738011
463005746
2456378086
1341585871
720551268733816832
3389108213
722186795522334720
867069084
1688455242
703757039542128640
291832413
85616497
3086749873
2896752858
708504102842605568
718257791769645056
732112140
4620031016
711086725813051392
712720135493169152
74604641
4510160363
4782425414
3854038335
957134856
155093004
2408156544
3119670442
3759729616
4883071887
1120363788
901931790
1364924954
173266258
2832978568
722192951653347328
722192792886382592
722192388148609026
4656932427
