720463117394821121
3648788054
1709830074
721722604348907520
2785252271
202634160
721005224459124737
1658449928
718017368585289728
721300698500100100
722096411064561664
2976287524
1483515956
723303098215739392
3321831363
3031461851
4144458615
703328111379816452
6042412
4861514082
3311235777
2800956939
3201786454
2949789940
706002007497302016
722662566816784384
319322448
714972020644118530
346665367
712853148562558976
2427877111
4288856421
4885138221
706405051
712528055890259968
4605135623
4718766622
607900242
3581655387
1265075510
721100854032527360
294332528
1173760904
4257732975
4388255482
2218559240
1596999932
185780180
166942892
2383068395
4267042486
375257774
2622973214
721312638697869313
720809465335922688
3013454626
4917109029
702202245
387433125
2786667162
528739646
709035339898298371
3433150563
721194657338814465
2506633333
722228479387967488
409919930
2747174598
721150902380412928
716616386332725248
3308647565
720360548982984705
2665844012
2812505049
713669325844930560
1369759141
722186795522334720
66693790
720745095247609856
708118426531864577
4663640477
722180499733639168
722177459580481536
722177812489203713
720057000923676672
