2987589314
4873971431
2546573048
721923402638843904
4209135286
715638889835266048
722998320424095745
712597544
3185352014
2290411765
4705451062
716302013810782209
2460773775
1854102182
2740692266
714069296813441024
4739569348
356626278
2732220056
3768677832
552453162
446012196
4286137827
2367401433
741665227
2880107664
3525450073
1594189262
772269420
1968243770
555488741
1530423691
525017356
1530424771
1530423463
3854038335
540698873
3231980791
178132766
1530398372
813184076
3260881920
722198545663725568
722198200740945920
720340333792464896
722195689162338305
722189727777058816
701407771
722195479577104384
722195782028410880
2268502441
722194473372033024
