348044531
4909082806
4214348506
2349661610
718390704951726082
2880155445
4860747126
175264304
3288514818
426640683
584855398
723163948254556160
3437993877
417676868
4871167714
723633693944889345
166815454
713489401360330753
877666716
2878743325
35817819
4882161959
2313729012
3912985457
2764359555
221896350
723293182797176832
2826709166
718304112018919424
358506236
2458520401
712573570354909184
52432756
718490776544669696
44023872
3185006354
268357861
723083200893865984
707168840048836608
713392085982797824
723070864846127104
631074017
717602048712249344
598954080
707028330441273345
3350039469
706116646386053120
722931983135805440
704419805793746945
4834406788
162332153
713276681260236800
714820728542085120
2178168975
3387492614
2448198912
41281473
59109788
312491595
4867288905
712817083776704512
712959925744496640
329993165
262400490
82034036
721513487713878016
3953172395
1605227250
2699747973
2605532968
2891491275
711478232516730880
981731924
4701378809
345581408
178125646
4203147867
51337928
721236498423668736
578204216
3278672940
2465235651
226696223
452668069
559631836
332865622
284608342
545286689
2707080209
706450420940435456
2366844276
314198516
345618010
516126812
283543540
3194911317
718895035635396610
711171965675917313
551197396
457592761
420128292
582677288
721858178921730049
844999644
3252969587
120380873
714939956242853888
459739731
351143527
540278767
2997245515
2471896165
723297530
28601983
515819560
42293815
2288403184
877768898
1697137728
1275013292
166938112
1650216894
2185666440
1069182000
3363634701
3325436079
411922924
3021460671
2732462617
4911789754
721465925967319042
212520368
414566358
717591108746932224
400979036
373013690
66269913
1949433781
499416318
943228153
525771057
1090756975
1425560670
3076998132
2660840210
554048115
2512871233
158476551
709876433728851968
61949330
1144459526
2974528823
2164888750
570387016
364706602
274841450
2688240478
2377440128
2701355682
590469234
2746975936
162177355
2417874949
2934749567
987845989
4893031331
707735888432762880
2889957266
2953714139
342980158
610515624
719740654142758912
95790999
3145989931
2320103743
2220009340
4332408563
3084782971
709872303685902336
1898462905
238979963
258162059
1183856952
2454386928
96304177
288046820
317346657
818993779
701549225172140032
591445948
1236721987
1334963437
829304708
1064939630
334096621
244321682
2467866623
582270304
624376674
514916198
1613605700
383834127
869722028
118153612
3109077748
701621964952174592
172256089
2819823065
357074769
767091475
3438177441
527849320
624247501
2562857362
1733170740
3107746712
58542938
314747997
566753891
3297187349
711034542975492097
832158709
546566494
451949804
777056666
258389686
4259114417
4826985367
3027617683
1884650916
574119455
258571972
267436710
1413923696
2471239705
706564778
713478553283784704
167849101
71281560
324799555
703108020956323840
2482113744
2562327457
1714809630
720467895453663239
3302272851
2811558903
1118346715
141939866
1321099908
721393393197314048
2555708322
341392535
2997853886
433935266
721858537333231616
846699800
3319093980
108189488
346883061
220351239
2495046500
57442529
3854038335
2821091369
2893999507
211409886
717337633911914496
4763499616
722208478660530177
586160252
722207797895634944
721393395395129344
722207528893968384
2899970579
722206656478756864
718317667388628993
719238703684562944
721901837670961152
