4469385973
4508071466
715874839618326528
722684544017674241
552777581
332856550
717908644587659264
2163496314
22077812
4676626633
2731988561
2565403538
700505606109573121
2636601534
1902631015
2560486220
2198724478
173074162
3571471586
2413947780
181450154
231329778
4880890187
744038046
3062012287
3294531038
704514513140391936
717898536818487296
38458095
493621590
3917397077
1013448020
1124812956
2878533622
7040442
3722333367
60453038
609964916
280401865
1633427036
4731075559
4857826133
3112651858
283765499
3094574464
3247491746
720703195354234881
270430076
3301823398
420560706
3012815737
3003209591
2611249658
3123131711
2927128650
89757916
3623180273
4508100255
1909683720
2678764345
178501760
2944447337
722248743400128512
