721881826407657473
721880733879562245
721892408955441156
300026905
105535846
1439425556
722324310866546688
2862362071
1443095100
347740075
840307328
14312952
3302430297
4656018335
2336550146
3184760182
714424285528502272
2316086091
151198065
2400415362
4831994693
1157422724
308337980
2674630925
722269902694936576
438828609
4195870333
3680486362
720097759429144576
2790700827
28393138
718076352927240193
3278260933
722246633178718208
2890646348
707014838644441089
3550166352
722248444132401152
855277848
722247057302491137
722247468239470592
3950586455
722247335267450880
722247610543812609
