719586888651300866
719710000902512640
558779086
3709302013
2286109989
2954833134
111698159
2586019620
2716414825
1095288084
493680243
402462425
3310039740
716091094434447361
3721081094
284474359
721071942766305280
3286078496
445736935
243687497
2292488509
207392880
388454092
246754681
564595075
384477439
2526427310
247705465
2502625334
228462983
3277036956
2530265125
440092482
1609261976
220058258
360834267
4488800475
1536457465
2367401433
1413415496
3789323535
1327474339
1386198902
2210487122
4188261147
722251693795237888
2399941027
627537504
722244642230689792
722239726212800514
722240101070303233
722238504072278016
722235713241133056
707819142
722234890826227714
722234039227260928
710868162305245185
722234343788322816
722235159454576640
