2325966343
712346093191872512
1909972848
715642476187541504
2994853515
707726906922291200
1030747094
1613732965
1669681620
188360402
486027537
4335046713
701821604096032768
4867315541
536872687
117193263
411105780
1098744600
706758135978004480
4634559797
2400899072
4864078363
4050000916
867413612
4605626233
2456946373
3316292635
3370123223
3877254514
4386635853
3380369602
153468846
2432716338
3022684296
451636774
723461967080488961
3141385801
2290413098
3328803514
2817873212
1649506753
722889792006918144
3109260005
2392705086
3406539379
422711841
23491185
2557905024
3403833245
2375076408
3139228669
416741786
4636130587
2800810057
2659696782
721587014982836224
2956507309
719980375745961986
4656226108
