4864078363
928917745
3317380675
17944711
721594456537985024
4828036128
716634888607105025
717330653801549825
720381836065550336
2798083811
723155009257381890
719821543140945920
301910562
702396142227726337
722433966574301184
270038023
2588892166
2377166582
722898962697621504
3864899524
296990120
722820466864328704
3362810314
4804673301
3014848228
716359519694139392
68751187
719025930694361088
697095243473285121
715825204333842437
2555710802
721196265225080832
3320999542
3064982027
182485142
721346171470508032
1578648948
912206564
230736902
1891886544
3154364248
2469300742
722687808079601664
3289719005
721401964890689536
4882161959
720476550450294784
1496949854
717681801423097856
458852339
721034990721638400
343157640
717378777635020803
4295390909
323264925
722553998142808064
3537269662
721125244098998275
4370858541
719970504430501888
720247414670565377
3478253652
490968081
1452505615
490981415
4807630709
582757842
720696601157701632
4686781062
15129772
582673225
861730880
705498579163607042
4450675452
582674507
35758164
70674475
3468180981
582667556
270435439
713702747665776640
707574993878552577
3605796205
3398019209
3031712274
4763231656
720930028054155264
710606888900153344
720063477663023104
4519936397
721215726908874752
21621333
1649983477
3151146781
2284500260
489562241
721100842145816577
712555243381342208
721684074008571904
31231597
48593411
721605362286206976
722368442532282368
717144994327502848
722368086649749504
722366754845028352
722366444026077184
721354394436902912
1097915599
4692103394
2917471037
520398033
3493552227
1933837478
294245418
2953653238
761512159
538259142
720254948110249984
1036979996
713659941354123264
4517595328
715381288878780418
2854815620
2709748092
722265962423181312
722261892199268352
4371004463
722258503868395520
717445892719165441
722255765575221248
718076352927240193
196296812
722253540123668480
720431180089270273
