2564059472
349045319
711008394266714112
718617349943898112
3096824838
97354314
364860349
525589542
722575224181559296
73812364
2506633333
717094006656786432
453557772
706405051
2366390365
2202519416
2462201947
3107233323
1688455242
714927672078499840
1442419219
1575612253
3062961963
34850180
722474284350894080
717835433820962816
722477450593054720
3294031577
4859573605
4509158656
4509649463
4089762070
2241181896
2575916531
719113620764778496
3525928287
3374725365
607900242
709737730830376960
624968514
40779014
4854313287
99275009
722201643979292672
3435460869
711209779868393472
1580361872
1048787905
386849491
722241772940894208
2978285769
699684112475488256
2982539158
380986525
4775999477
3024116920
3037944593
716831706020515840
706699485624344576
3069939111
3130915175
900990673
3086749873
2405761318
2480467856
705682769418956800
3001022988
59607395
722326063502778368
716824196450553857
4911765286
4035175528
1856474107
2503979118
3400121447
3881311725
219368134
3884478035
4441110134
712582085521879040
715557925666832386
2798096676
4838077215
308337980
350031537
263819275
722269745739902976
2235071519
637137194
72060160
722266866597683200
2391879703
722266619108573184
2636601534
722266469434847232
