3291160326
719784067156307968
2280474355
2524871645
1649450340
717030349226831873
721127390366277633
715595450351484928
3407694610
505055716
3234792180
430353553
255581254
4828891294
2300973316
709410999678308353
722235972533006337
2944176546
717408353010458624
582762777
542932104
712933424500248576
721011706621726722
4678406455
2634688255
195112859
4259167940
721133433058103296
713392489986723840
2540033364
2520524172
3185850374
4810451954
705678534040264704
2201951496
2453790212
717323406912438272
717335782386753536
2383328197
745775629
701567986482683904
721549757982892032
3185108853
1064841398
720845949602369536
2555712115
712998301847699461
282569265
155999283
2785414744
2185666440
27370616
1087731572
2555708322
718383769242230784
20299862
2212484778
221408929
1332945530
721459229652029440
4656018335
2718303200
2658341144
38679662
2993862518
4855412434
177319531
246055889
4863611393
720254948110249984
4289440352
1157422724
721649619009171456
419216683
4620081073
1222710073
3141293886
3123556766
4456442122
3881227294
2226181789
4370867236
718554517407690752
718820834882818048
2699865448
3433891804
3550166352
590526514
364961257
271179281
3950586455
2147914304
2929600757
2210487122
719376101613682688
722207977722245120
722243047212347392
4000573576
2314509950
291497363
419307712
2817825546
722238504072278016
722238738034724864
294751487
722236057631223808
