2714469949
717716822326378496
2753578592
719088352595578880
722641642805731328
713247166102376448
714854103323701252
2961850033
713253032461529088
713252783638634496
84426539
714845951010217986
713249909969969152
713026176277676033
713248543063015424
545235190
3407395697
1979545026
207448792
3237293630
2885054381
3994742482
205510399
3367265829
3092087433
711008710374592512
4782433039
282120231
2854815620
715381288878780418
722146585451204612
722259241927618561
710944033959497733
722257707294699520
721493253447659520
722256722719555585
4698675750
722256983840145408
722256572915851265
722256177657159681
