722933586530144256
717709578721300480
84755712
719380208776679424
4887320763
327228408
723417327136432128
723008958714146816
721910873036435457
2426651191
2493027188
705112357823913984
45069613
721937470875521024
710002431023775745
1124432977
2903994336
2431377942
594057443
2225219490
427505785
4887621204
4134323293
722207707957043201
2790786736
3317748193
4427225238
2658773946
339854892
722219457494429696
4771312206
2206802120
712473735907782656
3854038335
722210139726553089
722209695663054848
722207993572499457
507985302
722208478660530177
722208118034325504
