724055497016401920
724045038032809984
634648697
723124565493329920
3437993877
723313378928807936
723455329783017474
718092267500605441
722576804528197633
723283621881081856
723129041167982592
723278023366160384
723224886634766336
723332936095899649
723324298568421376
723322956038819841
723148393107755013
723327547975426048
723321088504025088
723315845007478784
722271164442087424
238684935
1569242156
30862237
2956507309
4837315805
3139591038
722125946401087488
4359688277
3854038335
341190477
2241404293
586160252
722215358480977920
722215587515117569
