1014716629
266388785
705420485736079360
3360572067
1713150050
446504744
3193648602
509667891
442970657
32294051
1589966468
2361567164
3071357927
4747092801
2564450804
18469093
719847284448604162
3182831783
4684317336
1033149474
2689154460
1703913265
2817833970
151198065
378270022
1067847511
4833667309
3247132848
2709748092
620257654
720097759429144576
226416912
705789232770650112
438828609
271179178
4360118423
369114152
720294567732379649
3312736277
3071920904
2659696782
2725149228
2180255822
3091733007
722233659089166337
3840902069
722232216433094656
708815708453523456
703400638705696768
2314509950
722225814767407105
2652011762
722230223547277313
