722235031884664832
705774336238424064
2990715878
717182678877868032
3384512892
3925525458
576717787
718790033075871744
718780087013773312
317180431
176028378
3184846531
221189329
190921318
858434839
1511147558
722273544642560000
928905282
722007777598509057
3023240978
1032893065
2506662900
703071812620558339
716689473442951168
719825445168910336
308337980
721969672111796224
4517595328
2490003331
307910186
178443572
720520486447398914
721551527052087296
2179575090
722267878137856001
2854815620
722266866597683200
719107236203614209
711502514412072960
710944033959497733
720871506788491264
719065728968564736
722265309890113541
4691833693
722265040544481280
705695826815774720
721263623222366208
719435872861458432
717982174620680192
719856116411314177
716881108181196800
722263803375828993
