720613064601505792
723627962038284289
723444180807081985
722166422831542272
721213376328830976
721875664371113984
723455329783017474
717507511008509952
722253251924525057
701124961839271937
720787885146804224
723461022921584640
719639378973298688
722223591924703233
3001048854
721206269382504449
2458978854
716202584093171712
722829549122117633
721458930778574848
722038641397260288
2993745619
720944181229654016
722089231091281920
2359331912
4839309670
1570659236
721909329431887874
720278157496987648
705295472034885633
722721283058872320
704489320002891776
722462679156129792
713966108097642496
722370053157421056
723002182853779456
722825687455780865
715424151389888512
719805548158390272
721972640236212224
719828405001138176
722227931355873281
722892690711425025
721453461674541057
721905139280437248
718629301029969920
4882161959
2449271882
2607548971
721294052486942720
1306944584
719199600326737920
721605158812057601
718775189606047744
721124309981401089
721549757982892032
343157640
718339251289649152
721582632283324417
558053471
1913092333
713374483264851968
720831019490742272
720965379560980481
2353876721
699532251349061632
721376654203826178
243138976
519586980
3507470592
721243894772588544
719522204078071809
4037539459
722442682744836096
753848323
1474981033
1279944361
702883095272366080
469721366
3983682734
1558162153
1442828940
3223377884
435805257
4312479676
3188722476
721262042171252736
2803986450
718034076007997440
721439984469876742
2610287832
2709397933
4774127002
1125074845
1395837230
709975492095569922
2909953052
1414383061
719935200092954624
1464756709
2237595005
1608220916
712521751939457024
3437202080
2782292576
503534668
3144424385
2551097004
4656018335
711425556898832384
721649764475908097
1255341860
718331958112174080
1131564300
775817916
3015001219
1485146197
625931096
2564287645
2393603326
2803121958
410278364
4868521636
4414451601
1414145966
3150462991
722406597574725632
1944722516
2252303272
4877136760
4405950737
3761954722
865192393
2678467207
930611610
2897696713
4628397557
984100376
2561967373
3188712698
3259665230
2417967263
2822581164
3385621526
2195259677
2926013983
1388196660
1201928186
543519058
1604763871
947283282
1241258876
2484102530
1160675580
514167744
2690326003
4833494464
1040895769
401888081
4450675452
721215726908874752
721356136469831681
721384767636299777
718289679267807236
1091293441
2790700827
718076352927240193
3272630611
720151096392617984
4371004463
238684935
2659696782
4370867236
703400638705696768
732112140
2314509950
721125278240620544
3151519679
722229976813158400
1569242156
4359217757
722229621576634368
722229227517538305
722228323422715904
722227379104518144
722222536554102784
