151920434
784983968
418987962
435166541
939011982
3260881920
3254860024
2499409101
2367401433
717614028856692736
3881591482
4616815714
722268437725212672
722264086835167237
410919125
1536457465
722265040544481280
722263889669464064
715381288878780418
722263551797239808
722263803375828993
722262392776863747
1386198902
722262295657738240
722146585451204612
722260377493499904
2230200988
722259865872306176
722259550028632065
722259241927618561
721493253447659520
2946343318
722257536565538817
196296812
28723372
710944033959497733
1482271950
722257707294699520
722256983840145408
722258089936863232
722256572915851265
