3280045597
723625131680079872
722440009186287617
718092267500605441
723523019117846530
4864078363
723428805394591744
723373227725062146
723064103711858689
721328448841449474
4302680715
158667834
3842203334
4882161959
247983953
721513761832456192
4129629580
722185998084345856
2686825987
3003945851
98739624
4129886668
3438374192
3475635676
2424336643
241513099
4921386472
4782555019
4782520526
2854815620
3808371193
4613492489
2890646348
2776276551
310660918
3247545687
722242785391308800
722241725008363520
722241441246879744
375516375
722241167648301056
4709214382
4656226108
