2209043371
3098920770
4908752788
3027306828
722235482533470208
722234890826227714
722232216433094656
722231896986513408
722230957022056448
722229227517538305
722228323422715904
721412191740506112
722227379104518144
722227942839971840
3959710213
722226746905505792
722225616930660353
722224914749603840
722224084130664448
722223765376077825
722223339264208899
4837315805
722222536554102784
2956507309
722223037672747008
722222810836430848
3139591038
722221323544633344
722215426491482113
721981543208611840
375516375
4788880361
722220166826864640
4633962148
722220569282920448
722219552852045824
722219886496333825
