722214978015653888
713857842378358784
3486683175
722208589985800192
716670478253862913
722214702001074176
3377893395
716082642400256000
722169398342115328
721533279485169664
2181986247
722183804207534080
722280941335506944
722214808414760960
710763764556144640
722229227517538305
4254230712
2956507309
4837315805
722224084130664448
722222810836430848
4107476728
722215378315800576
722213151765241856
706675031313620992
722214672980668416
722217962900430852
3854038335
2331133059
341190477
722214697844518913
722214456164425728
722215736714731520
722215267586207749
2241404293
586160252
722214959078359042
722214893240188928
722215713281183746
