2716889463
3815217974
722044874229477377
722613524342513664
567173155
92988484
722498086434693120
706044471146729472
4882161959
722263960376844288
3139228669
3576734235
2499409101
710339510618484736
4767095240
2854815620
4620075019
715381288878780418
2376833214
722262392776863747
721879055805624320
722260377493499904
722260898698674176
722260171515424769
722260780868059136
722259865872306176
4371377175
722259241927618561
722259555820941312
722258503868395520
722257707294699520
722257536565538817
722250558988533762
722256983840145408
722256722719555585
718930707767119872
2398603987
