2922512160
2377979489
704800210782961664
1216713378
3152220284
714493449437839364
582763140
2205867026
327184784
1952819317
218545675
2537107911
715548386410168320
2866176950
2468411222
722632204711563266
3409560131
582673225
434507002
4865378667
1694118445
865622335
147470258
209699042
2815823672
736032888
4379170343
4498536015
3396547407
2614999354
3396511030
416741786
4782595993
4782411860
4782554228
2243317118
1602708877
2574248673
333549546
716781088832663557
2381197166
1613976596
2201996449
88295133
2869742987
722247335267450880
2620255304
3046910183
719129973517213697
1475476135
3733975635
4408279642
855277848
