702634735303053313
4129665912
4129824794
4129573632
722520408013029377
2844582834
107858729
4925237423
3167791458
253182937
245344059
722336420275335168
4915838779
722300062395707394
722296045791809536
1258103570
13499962
2362868408
722289898242252801
2367401433
741665227
3352616893
1386198902
4833782674
519491963
555488741
480899496
704148587568046080
2790415515
2255948393
4837315805
599008750
535352634
2950429334
2178726510
2551097004
722189727777058816
721843992141434881
722217487958413312
365286240
341190477
722215892050907138
722215267586207749
722215587515117569
722213955763073024
3854038335
722212271997480960
