722172008646184960
564235494
4861083006
720302929945579520
226277549
4909764239
3097411720
714284939202662401
1319332753
2209195838
2519119482
713176850072141824
2363316380
2827324314
720356307044163584
719550308037312517
2441615755
350386228
401271633
212327594
209690104
373539804
559908670
3073170124
212333894
3071357927
2871222532
373558022
369605471
372515750
58143605
718035139977084929
2451433968
181769078
3184760182
2246371640
3182831783
68192969
708697710279270400
710816815576821761
2406249446
4519877727
3568399996
378270022
2499409101
1378255813
720869215494754304
718678877329960960
1375609824
96744528
308337980
722273467098337280
722272541050540032
4574800295
717154351450624004
3107927196
1252387428
1337653831
1337720798
526973325
722271477215686656
722271419481120768
3125516237
722269902694936576
