718705465962602496
718373933825789954
721102645121937408
717507511008509952
2458997503
711315961714974720
715859465644425216
185615317
719828405001138176
721129630510542848
1640646720
719487865030246400
720205677327552512
719140539589722112
314451855
721132214277111808
720471906621779968
720831019490742272
4881853258
2469887563
719305190227197953
719522204078071809
720881677413670912
3170933324
721265245717721089
721228976316882944
720381458922086400
707999654890348545
709103642943447040
4456442122
4584487337
3881311725
3272630611
3121284834
722219472451477504
2659696782
722236057631223808
2314509950
722234890826227714
722234343788322816
