3180206601
718386594726735873
4060564035
2281111435
3219154051
219334833
3234718432
2296830289
722440403711049728
2725459623
723246968709898240
3095529327
4831731956
714516279449796608
4670555863
4535102477
1904128825
723571658615848960
721850737538387968
723558071491006464
2621706058
296911363
2780148254
4828501829
721346398625603584
723456450450722816
719968654826291200
723428805394591744
76266840
933010754
701482131298590720
2686720800
2756490242
3537714615
719316370203275264
1471219464
2287794990
3033327539
3031909939
3430454541
4686709830
2804721640
713214685194137600
2888239792
3900175276
2913095657
3076161208
722955340116037632
2777867928
4159722314
4872817653
4279303829
2973577680
4536479354
722985943506931715
2346090480
709433372762836992
3317459437
2328116628
720507862624178176
3227870660
3818752933
722944889693069312
722883072685944832
722927787993100288
706531251155509248
4882062291
2533858286
2266138392
705895282467336197
3012789487
2220439113
717871687098826752
722256840776687616
3429536020
3231857163
4441462995
15328083
3311094915
3092134054
3168280800
3568834275
717006600142266369
4377985653
214155773
3129254579
257301429
4460117747
3170556934
4314769817
894375127
3104593889
132342719
2963013881
4813709292
721137005053272066
227942485
1943352421
2890278621
3198693278
2959470294
3004319998
2729928980
720685166067380226
2456952290
4661146515
706701857935065088
2525979487
911725273
3219127934
1463824196
4650439250
4215155297
2531368206
4870775949
705092029215285248
720486600602480640
47489753
908798082
722434207700676608
721162023183233024
3373592957
2418305216
4820827200
4485460932
2410866288
3035893794
3299653915
2742951197
712045000914239488
3321230409
3317954336
3303242305
3249364454
3141349700
2908653915
3223165651
707427276443357185
3190189814
1689681818
718921888056086529
722258395789729792
2790700827
722257043080359936
716548772843532289
4880477529
718916061291233280
709553075644542976
718295286569897985
2961794257
720063719670042624
2889956901
2659696782
4634271938
2251191285
2860861607
280083246
4374797834
3014608482
2323336904
2835946675
3267426859
4192928233
2314509950
2980522445
717152390567354369
