1850929850
722443192961003520
4864078363
719288029811240962
302929814
1706560566
2578737487
707937496978558977
19127245
4841283498
3427048510
464312468
2714066977
719847284448604162
4782387774
4782554228
4782555019
3881353102
4782520526
717445892719165441
4324521197
4613236713
718076352927240193
3908208446
3278260933
3053496317
2890646348
3550166352
970942356
2704048303
707100403595415552
719129973517213697
2776276551
4850076293
722231718334357505
1583257789
2259504470
3247545687
355614292
4358632647
722242785391308800
722243047212347392
722241725008363520
2314509950
722241413879111680
4709214382
