2503098028
701219364301893633
716321128919212033
707783246075924481
241306820
4442972302
3160404205
723147425561477120
718190136253489152
1601934702
2903076829
952719090
4874509012
2452281002
4141779258
595939268
2281753399
2281969472
2283186620
2964618809
713431419876302848
461526184
3319829127
2281775886
3647473277
1669681620
4614465022
2392705086
2281821860
712672922519752704
451636774
2281764098
1057367569
3193642879
2811593419
264099812
4634559797
4900756493
1423629054
2281764211
3381242710
2281993381
2281992908
1281249104
2756264293
3022684296
2998916707
863635782
2495087503
3913528203
3294164733
2992871707
622215215
2282003599
2817873212
3328803514
2283159746
2322466067
2283138954
2281973456
3255985836
81693580
267546343
722248986510376961
