718061881966137344
722005576037875712
1620464288
722221706811719680
3525839599
722169398342115328
722219199699898369
722220937270177792
2395461458
722219559063674880
1386198902
722222186010976256
722221634711519236
2659696782
722220939413495808
721855650439933952
722231380852260865
3840968175
722229227517538305
722222458061922307
4254230712
2956507309
722227055799234560
722226486267224066
722221367127453697
722223286315282437
719137980711997440
722220674983534592
722224914749603840
1969183400
722224341929365504
720251690969128960
722224084130664448
722222240108904448
2219240322
722224114610618369
289325298
722222052896305155
713156639
722223957353439233
722221488971997184
722223949078257664
722222782818480128
4837315805
722220950360625152
722217166775443458
722222039143096320
720287751120093184
