2837992827
4860566933
3031909939
722774191926169602
3193798364
706531251155509248
715564380709064706
2628486300
4475442137
1463824196
3020047118
4904510916
4736930189
4854667871
2780148254
3524122457
2192826226
3966948554
2810331345
2368539727
3231857163
721900276748128257
733592616
4352189476
2634953605
4821573203
4526461036
3313874538
2961794257
280083246
4374797834
4921718080
2185666440
3238458571
4763231656
4870451248
3359314769
3807878532
702510928516898816
4214706773
1619204592
722253540123668480
196296812
4620106998
