724245656060190721
408252048
44023872
723884243290578948
723064203796307969
723827406558138372
566210888
711727629091651585
720019882625134593
723038095877120001
723276866178682880
3329940879
723299365788499968
709004717460996097
716748191056666624
632346708
707487171364704256
720663936434118656
4922744362
2287475013
2691041346
722598799802286080
722597990544904194
722596743163080704
1255280209
1117150153
919980596
157422085
4046639267
3170202711
1858158420
510132206
2493231838
245344059
2252313768
4806490333
2943175764
2405466550
918261440
285733857
2454911620
3067830806
2195381567
388757057
721397165671653376
531771766
4619941824
171661552
4762959135
722208247961280512
239067572
1011755424
