2255475528
717893503020359683
621124019
2247843464
1660424155
59598969
329862192
716660080511299584
415907795
4704197606
3388916645
721094735616733185
212327594
722137089345765382
155566248
2744532656
720767571428012036
155329967
2566207057
3147200810
98923358
498540707
28768235
3319920132
1036514154
3198693278
3223165651
1362857383
2966659210
57132965
720097759429144576
1328360287
3183313595
276816587
2156512233
160272125
720294567732379649
3312736277
2731214480
193297971
2727762665
307991956
3139583750
4336205838
722224341929365504
4837315805
722223037672747008
3139591038
2687860622
706675031313620992
4788880361
722217962900430852
168913681
