721406311498428417
721324765454200832
723716517263613952
713160317463883778
272344045
721368127058112513
130016268
138162208
721362416861364225
2559562825
2449243826
713881739475689472
107520685
721354371460636672
112252875
524064535
713156681392332800
4873585024
3594255375
3542632516
721357396854050820
716104212069892096
721121960218992640
2449823960
721394707775926272
178242005
4714524394
722960768719790080
3059785355
3741109996
698958490648322048
4009176969
721262042171252736
3613490662
721408351125577729
1372324788
721306849870348291
1323457140
3066603756
2721170100
1307208450
402800682
284334050
716447480
1535160902
250351626
2237595005
2264196417
2597225056
1252412941
1112643223
97821009
720093447474941952
721096099805732866
721448234606993408
4855946914
721455119615856641
375849452
4897556945
4433732914
218889199
1296341263
4265221978
719998302280892417
144516558
2380582243
561437755
110707187
80015265
520063411
716689873118355457
721447683647545347
4620846799
713474219133313025
2758823165
4837315805
2956507309
3139591038
386475453
258508074
706675031313620992
722218561884839936
722218276231778306
722217765600432128
4788880361
