4129665912
723444501214277632
4129573632
4129824794
106811787
275721995
1444641109
812030887
701831312936665088
212327594
559908670
373558022
373539804
212333894
617679722
372515750
715303462620237824
713860800738365440
2799190940
721996380034609152
719991569521254400
302243345
2478926438
721513487713878016
717915687382097922
2547230154
2914127814
2229160163
1045136922
4780680739
4837315805
365286240
4346540472
2163854034
469729355
3854038335
1452557424
722211540263374851
4656932427
722211001999958017
722211135991230464
