189390580
720313839443529728
708627602689232898
2718571285
1649412882
2780029512
708843035044368385
703537965918773248
714996447070920704
3098920770
706273038862573569
3437993877
4129665912
2458546436
1039219860
2905553485
76641426
718807178275110912
1389644580
71185087
709870210853961728
4808110937
723552526621134849
2967421879
4760561432
4129824794
4129573632
3865756394
720897592251408384
718302212343115779
704355171128766464
713391443524497408
706473118571696128
4875000685
710915302775631872
715139024491520000
4819826961
712159532793925632
3244553180
4371918552
142392561
712711022738481153
721196525162893312
713514706196164609
722567259638657025
247832982
720018126184783872
3043579746
3138333669
1599829765
2493628800
712553949023309824
716386474619445253
2961431587
712292237141516288
4817964107
4657157896
4872829127
700970474424156160
705163529133932544
2806050170
711427480909963268
715236320625475584
4853248766
247983953
722706922642763776
705678360442236929
712849465036509184
3483734421
718645229998444544
701815368851980288
717601769732198400
721324096643051525
3511344432
4501708645
721711374766768128
702283187314171904
715633465044168705
4583761107
716284158218276864
722580789762719749
3774641232
720145125351882752
712634284104921088
722559487534505984
716405624381112320
4738626380
847865582
263985862
3987119772
719192691955863554
2507706702
4899432546
3943839013
705848788989120514
716475879443075072
4768653268
3231988536
4879514314
3362810314
3389414267
2209977042
717158679473053697
718844419697352704
718084223442157569
714974741673689088
2928495377
715068150925033472
4824461292
4562443628
2718227137
716062980836753409
715639671896707072
702094929854652416
903937897
2213746602
2467246410
704953043054366720
3130296287
3009644917
3697750396
2947847759
2259315288
3248153091
885576109
709987271303372802
718101890274340865
3836596996
3063480634
706218248811839489
715357030534524928
3052400751
4843466092
1035513264
4835282259
1602503928
2461237213
4640765726
3029097178
3076998132
716360263532879873
710398109629726724
722272190272372736
3877637360
719208127803994112
2698835894
3437251005
715396386460545025
1463574397
1071969361
712784687081635841
701803727276130304
4593551841
705904780841910273
3336129243
720074510439948288
719887847323525121
721472872628137984
4770239466
721978978395770881
336885081
3950675962
719447957792116737
719087071684534272
715401126489640961
713893301833760768
2920828978
3883639342
1567152330
2574583655
716278315489726469
3882693599
721611480504774657
709547424423944193
3139583750
4837315805
717462174118109184
4737671967
4594714944
2752477264
341190477
2364770340
15017477
300518735
716960241657651200
711306422806380545
4751665273
3229008764
309173131
709207979527114752
2869505868
4843624694
3907340412
720022965186736128
3854038335
704582541643268096
722212271997480960
722211540263374851
1099430114
