717200207394504705
724055497016401920
701384807440187392
724045038032809984
724007944677933056
722437621067046912
3437993877
4864078363
722576804528197633
722550231477444608
723148393107755013
723315845007478784
719314966306811904
4813284606
721513487713878016
2837796163
2180218208
1681193348
4763499616
709073577467912192
4911789754
4613185032
3806499314
722215587515117569
3854038335
820263295
722211135991230464
722210695522164737
722207680333484032
722208478660530177
722207993572499457
1041158402
2899970579
722207528893968384
722206656478756864
722207797895634944
