715044731080871940
348248858
4906189629
720282805108736000
723549315394842624
718666921177194496
3365742831
3301135036
579223166
4734308069
722765022208880641
722753141280739329
332023069
722779143784501249
2993111550
709620721501265920
722715146792132608
2687579372
2447884029
581407377
2753490355
23636912
630804856
2957763074
722439753224863744
2940188821
2319213642
243430408
1392206070
722385612800724992
2922500155
1933948897
721415297031368705
1538641382
3254094254
721745520549564416
2587164169
588823095
360834267
715392237429862402
444091095
720699756582932480
903631404
1483402170
2692164876
1362857383
720251398915362816
720097759429144576
2468076587
1328360287
764500218
780500886
2659696782
721397165671653376
596394686
4837315805
706675031313620992
722218276231778306
722218958213017601
