4018443316
2173781544
710191100473044992
4577288535
710547818893713408
709103179003240448
711293429024743424
4502857527
3568886121
4528174647
4524078795
706792923183063040
4008934941
4534792767
3840042137
3520785857
4523672955
4490355148
4523835700
3824278108
706434586637705216
3526753342
1619112931
3524933902
2179844172
4534916615
3578735422
706415843371048960
3524837116
4012201697
707465418458451968
3531734536
3939213207
3569092515
3520787602
3568790243
3547326317
709840283710705664
3619151535
708966715720335360
4483934175
4643077529
3543487096
3664223717
706796770135838720
3536146456
4643324327
323170626
3633994947
710923725114359808
3997085369
3525484101
4528517957
4556270361
3619204701
4018268367
700432830875176960
3839944095
706787175497670656
3824125042
3824263877
4483853199
707148760011431936
2179791272
4528288041
709319976528842752
708929621165797376
2402063448
3824064321
1917031699
2836392983
718606217288015873
2961748757
706794550241714176
2231599885
3612673036
1977986174
706233231125979136
2173872662
3520571775
4496259267
2406249446
3804766812
3881178867
3282805837
710327381878247424
308337980
722273467098337280
249437151
722271477215686656
722269549974970369
722268533267279872
722268437725212672
722266866597683200
