455510782
2260373173
2956524021
4033918252
4747234697
3091928335
3093736296
3051436668
75584152
400252741
2264904751
703237750015827970
593163862
416094992
4715090632
48806289
3353403154
2826615911
2197165081
475292738
3350688411
462273752
14590082
273102349
277805390
327184784
397808398
702782996387004416
216861350
701607260267479041
425208912
702319185536393216
32294051
2298353947
3014848228
713662390194290689
1267657268
718381756441878528
715273665823293442
797659777
3246423080
1266198450
3071385010
585862676
257790013
783118723
1653128834
1879506732
503569516
469749636
1485798007
582674507
930456511
2273408418
147470258
384022022
2757204677
582759042
178834320
320298219
448328131
209699042
478984702
49068640
2552366984
4900202529
3165954829
2361567164
2815823672
1633044060
713328793490882560
264009490
62068936
442550704
355297409
606412878
237833319
493389145
411624089
2426630646
2760460188
2901328300
716480822090436608
2903026575
3298440227
3407151274
704849597936435200
1872489109
4043283858
64414615
3055169652
2992214868
331898386
4467671114
582920988
4183926315
4537489884
2400415362
809980453
870632412
351332607
264492661
173181009
1926398700
740047236
413480760
931122236
2797144345
458893522
2416893584
432081629
2780218579
3401028799
709103642943447040
4214706773
573249030
722263355776438272
60317232
4195870333
500391228
2509688738
253830129
719495069909135361
1583197964
3786969502
364574788
540510657
504894095
1954964390
560706282
2792505061
2277268483
722242359157735426
209889228
729081444
722247057302491137
855277848
1429009440
2262383809
624147263
609287938
710944033959497733
2749933539
396166771
2664210018
1689497864
722241413879111680
1523838830
4911719203
597686788
2171276137
2314509950
722240486057058305
564256287
633868234
242958396
2257323206
4708113496
