715320221788192768
2917386500
3438374192
2458314685
3107598399
235734277
88513771
4757242812
2783383382
4852629612
721869793100476416
715372247066738688
722654949625229313
238011970
798500203
23235685
722569019501514753
1638193446
3258197844
2846713576
2509688738
3428828229
3301894922
716857750580568064
999470034
2980031519
45842161
722631118760099840
35019083
27897667
2959052239
2873707949
722839216565153793
845508762
27110668
3319118133
4041698549
150570659
713341646998405121
1346829780
4613590469
722146585451204612
722254654483087361
722253165165469697
722254317823115264
722253540123668480
