722441806198214656
2835946675
4831731956
4842848605
719311239520874496
3244397135
716979560814870528
327184784
2493487368
2609532976
722408808987901952
338726054
3092916033
1266198450
718495915213004804
628279657
632910293
635867951
635825283
628426094
628421051
635264199
2724899154
634382204
634470343
2909526725
2675547841
779370949
3917161694
3195975134
209699042
2506577240
3974272935
4049518696
3229598493
3149103368
3313822535
4865239753
3427102901
3147200810
2418305216
4837917552
720712313817407490
722351447556272128
1872489109
715606802583461888
703438515858644994
720323784167718913
2992214868
2919931663
722283925133873152
2963013881
3141349700
3198693278
3247223329
3183475596
150374044
3299865200
711293923721748480
95359336
720829575387750400
2659696782
2806387212
1969183400
4837315805
720287751120093184
722220090972905472
722222810836430848
4788880361
