2287887180
1634270413
3761288715
258025056
720811727256973313
335079309
19341224
3919134861
713219671928008704
3644296515
2605473201
2364614431
613990661
2560165580
3257412572
4479562812
869945623
834453043
717458631977996290
17351843
1663232928
4885278334
4791277720
1692816414
715528218313404416
709221642761711616
831433489
731148907
935543575
2916054140
2321771472
28602301
1195434620
39166602
706216585535623172
4520123307
154555000
261749735
15905092
4899798089
539525101
570241292
15455253
4917321249
701578175218896897
2189882793
1408226660
16703058
223330862
161791896
4841188665
4810695878
2400138078
1478609150
4193768542
4136892859
3773896336
552719261
3150718752
3653209636
46195630
2711952237
534980717
988007136
2834129206
601075719
3296323202
2233822899
528071496
802536194
410535916
412752198
2340305457
887434099
2288346139
1972208360
1924745635
1428952531
3247053449
400218352
1549368890
375780976
492138349
885761076
3300559247
1160978630
376803629
1901902128
84441801
2916347321
340690528
3135788242
200511963
389238549
3167973426
2768484039
2932304147
248497637
3140683810
2731253175
714618530
2499658951
75638355
723268752
1328259601
539429672
2341261218
2977392867
850211347
2972449600
2951347270
165179045
2903958724
2357783711
2878645553
723122965
1226259656
822572725
816056924
574689263
2802942940
1278574256
467795651
974632837
926459892
982769286
2347523444
2632466357
1206598573
417376504
597824646
338819731
218236840
423930184
2458971626
478895784
427005135
172606894
1651181886
1191519835
61036968
1201936932
370994034
417360155
184885648
1528886676
892028120
977186552
2262971896
2187476709
1479754392
159536975
1123748682
341874256
2224034989
414272701
622320394
1552080019
757517659
122170806
2204167748
1258068679
827789090
754239314
628894021
428005349
101036146
2176661580
2164058502
624070082
1040935836
936248174
827965591
1253066473
1411382137
904953032
1539781284
1173318649
1449971408
536450167
626138287
966980252
1320398455
632138554
1642155288
1036127616
531290979
41192167
564165757
383605756
733162142
408916407
809962849
374178940
840517544
401531385
421380401
780491233
635496400
1109381965
389160153
71072373
393793413
906935142
610468668
589479680
349932620
937850365
376239353
291386367
767794777
1214442859
220775261
387673434
1455367314
409413994
427672348
324383814
826393574
514877529
384607713
508205525
400888716
560014669
389762943
421160519
265209582
266895590
839053644
522712352
203996682
389755677
1227627942
456275498
357924614
279202203
266843889
600386113
898767847
984633055
477825329
413531135
831653653
723178428
545294899
869029015
320978781
509557859
198574366
243465557
557461818
811826581
347436779
518753456
740878603
623192754
464222558
421370487
735479671
600979180
731302380
735430392
