3023037872
3854038335
706610437870231553
706299356094164992
4912379376
469705065
3288263771
4175982178
4166493495
3581707461
3461432655
831490710
3403841973
775040923
3378334431
3295430348
3390464140
1087578330
3318238318
842639287
1324795428
294677034
3175801343
2990711746
938362538
363151778
2885076407
426354463
1869938605
3070580396
360848264
3096793846
529092598
435335023
2893551317
82794360
3050305482
3043864917
2641184362
2805820428
462418598
630745281
896224806
423455772
46669738
427085246
442972491
25727242
2698427828
2840738300
799187096
390862815
2292726470
2809618027
431999217
407234702
2563613234
2746018458
637300930
626982156
2716036428
851601474
741239510
1287820951
431023625
1930825706
360608685
2542042953
586809194
1385954575
709210135
434698680
478265254
1568862956
91455265
2483288646
616273688
2489817096
84209786
2321198273
2524378853
50734898
2358620862
462552635
1901432815
520575235
760774585
2451472648
608103897
2389700034
352609176
110079604
2334708384
1355538667
377763349
529834413
2264087398
2271127676
254371377
500017554
613534264
2186572280
26704100
2179533260
2166478510
1978922071
1909106665
1396675394
446028276
1915975274
1157519396
969367868
558328995
1035434995
1695966889
247756943
1666193449
430097489
1858068396
24324316
479871849
1318471297
139690796
565133690
1683860389
1630318614
1682059946
700382738
936086628
611242709
817725805
285214251
1287745957
339338574
1606977505
461560335
419921831
461656385
1590196147
1524151291
17204137
1234783375
1116319512
1038881808
1532746572
1526650435
484365808
772195381
1473650616
1473564751
792457609
744307010
328735759
461519356
772873471
892307352
618291522
380572663
254219179
407229514
302915046
928759417
1026974210
760104992
1373395262
385006951
1087336322
33681316
701832926
196368765
908867407
380703930
1202954383
483215177
1047055399
1151684112
365290909
455251422
428412478
751970952
490695074
1292679492
24234206
1281470174
381185399
326837264
46504692
435563614
84980164
1023604754
838162429
1167220292
139472471
182648512
260608871
399414188
269822397
1123665409
169598425
57692604
635009167
1087399735
993979105
395300135
267484557
532491020
915837038
1041418351
1040589877
1023286332
587802150
548021505
701151954
934599139
133544271
424812655
232956457
289452056
83022521
827367344
937825724
376570130
558237259
99825378
443049881
944834418
413290159
484332218
547359027
928936466
84272010
494832227
911767890
461496991
115275050
747837804
24413969
893995129
465053774
884822456
328718347
570523990
450965588
872697722
188413593
613515890
808026540
834405613
219114127
124907495
731928949
614763416
60211322
465113456
550441463
764359754
750437886
380036801
426060128
148319793
44254513
501152171
426034106
759562723
458533977
374915959
461577519
371383121
423057078
176576630
412443865
466785526
393110873
501251021
701400841
749277918
440313553
731733787
254375451
518227243
600608408
164957248
391703757
582771534
94369182
468732430
254226640
290280473
707644832
58004564
339898787
428806378
502726484
