1148516354
519246632
4110588673
4440678868
3258473948
4845947312
4678430935
1637497836
4141742053
701224881526968320
1480651784
4756005404
463036084
2718153629
94653445
717239859018989568
2211453505
716791614316765184
4862311786
714031062184099840
1070354058
3338965274
824234557
590364802
4688311640
3219550056
510861326
707147376646078464
707794621028560898
2453735449
2914094814
2540747125
2547503262
190382957
1096125360
2385934188
1423892594
701944455918522368
182710466
1689025724
1563005659
4858557607
4884056848
343887854
3242073901
705869426
1226083442
1152056527
855804584
21037547
860468184
1138301442
1449709950
2187072288
19566259
1030237698
2585478326
1965672991
537913689
1957815852
3297102056
4849927736
2436573967
3301197228
3142017566
4806796632
489950172
2736285483
2329534591
2861894257
2326588914
4734961513
762290209
1564209452
3733145181
860471557
3305462696
2828835542
4661146815
2829081942
4677200240
370957893
4658806950
520575780
2919797940
3312722984
3906826152
496317302
1397400002
4442689762
516268211
1393722745
2747095138
519206634
3196968068
1648484840
4395597012
954863048
1467806120
1091101789
4019729838
2530457298
1129923288
4423070054
537829857
3307123728
3330408345
280612758
2938010841
2951597664
3055508376
2808488972
3907482469
994200427
739174722
2260992122
1110485131
3500147534
4060469174
2404720286
1238175799
3383526134
3284816082
3676126160
1622705653
3971164692
2556017857
3929851640
2834188682
3861021733
3725636607
2941151191
1716387588
3776317514
2336356004
3755849952
947146783
3317319642
2915108685
3737835918
3737827406
3733602919
3063982776
850567560
1064935772
3795645736
2463705384
3464766552
2451879882
2212008440
3685432032
3232159448
1624391701
3632938338
3287225347
1537315200
1219255405
3282900415
1252897524
3282845809
3500351413
3354157754
3181298756
2555300184
3312001082
2572014259
2289150416
26360889
1223758628
2520254003
2428299122
2536504125
3305529504
3228614012
965362866
3241714406
1013930960
1138844161
1475381382
1156424144
64218969
498595903
3072487987
2701787041
3285119707
387942096
731501022
3282974768
3279973758
1053777122
3273669018
2808956990
3270281371
3271584008
3150702001
3266768210
2738585890
1511553554
3239326945
894833059
3256415514
1343214900
2339701081
1352707262
3192579571
2314822424
2739165426
3222924655
1509102259
2786496949
3194521736
2411952781
3087814129
2777796133
3192178460
2932904370
2564241438
3180117320
1833156842
2284088150
180927975
3161656520
3160561045
1188267984
3134219981
3156929798
3167728167
3153917796
3146905442
3142897621
3141176868
3116168383
1922136890
1936114404
2331573229
153625000
2367548136
3087742454
2804679314
2781743232
2937626850
459080424
3042390396
754295552
2365165370
3021986678
3016826114
3001437047
2996140634
2730662034
2940524707
1035211320
1914950558
2959006555
1137675656
2961312912
2957233704
447650910
2268031753
2951405131
2945653044
2939848144
2402790882
925629380
2938610592
2936522316
2925024806
2451916788
2854934012
2553605833
2923289864
2896130535
2913010040
2905662859
2835250622
2890464307
2357027250
2307637489
2675849700
2839525429
519991429
2573573925
2832586784
2261982918
2266318472
2262168704
1427023350
853189112
553091537
615672958
2830981442
911626886
218225028
2645200376
2818643736
2816056230
2814188172
2801185693
1194999740
2635060946
2408130007
1149934291
2446748726
2757892775
2751429731
797781806
441462298
2716139772
2734835309
2691128623
269163992
2649534725
2659893420
2585232930
2467091732
2536558235
2595864763
2606818622
2592613578
2590720242
2590243880
865006370
1571793864
492733067
2638713401
1368288548
1958915839
527629145
765659515
1036331976
1429306309
2576334129
2517203288
2538112478
2536462050
2227440241
2482790604
1568837438
1292715270
1602005989
1138160064
883453562
1082251772
924505356
537737530
2467231903
2460440828
2328096859
2429552964
2426469060
2414496229
1473837907
2216355577
1052446056
2389749012
931215260
2310196578
2287364310
2271245966
592395117
1649438238
577729340
2314603530
2349404526
2346085760
2251351327
1571908910
2234026236
1875901344
1143179730
888726733
1527010627
65863056
989641909
1187819563
724466360
1186855579
2235147811
2289039876
552943744
1031509681
1623550596
1622217924
1263421494
940367426
1169769325
908515754
760842848
160066320
