725088261161504769
73671925
624935877
3253817059
562896532
555203372
1200282925
4850543849
544290932
556500227
1261695438
723785350670368768
3361002273
2571938994
3124860130
1476968408
29939467
703186406995136512
724217929215164416
724283313171648513
725057822656962561
713657223034048512
15166145
601270216
2570441526
330509397
864001974
75306158
2236248271
2485844444
720625279648055298
2396841318
2460484747
1009592004
1612977812
1654211732
2677958341
3209012093
243398352
90405805
12874852
2429607409
1649428388
3237314905
723811461303263232
722399139372392449
2209279752
322253898
1619798473
3066382722
120245013
60784269
4928373359
3302131695
263985862
198328580
719834037217595392
3464457380
3909569129
413483863
3622991293
4827671813
629227908
165485615
4788356073
4812333337
4145112411
4719450163
2853149679
2984246926
723842683379290113
3438943792
717697020807352321
705678360442236929
705542887635873792
705678699446865920
705538796482338816
716184165977296896
1038369378
26274219
3586408694
2306228096
1034582047
2778149340
705476576759160832
28020720
3973805357
376540316
486287449
724259825178316800
717750130435162112
3106231865
722119814500626432
4870461669
3394639354
353291205
417990531
2162112522
49074578
2402013390
705542659176271872
705556276986650624
705512515871047680
720510998784905216
14098555
245270949
4801103837
4744636693
293794570
33344294
417579210
705478757356871684
705510304298504192
713317430253264896
590745933
14855279
2811530484
4567024453
2925160535
3012631793
368833352
15741883
1638148770
736532467
1430539482
1850098712
404223134
3739408877
718593895253336065
713373712209158144
41601865
3099087321
4840344676
1036480856
24736901
78753091
20132655
717064171154776064
717072797286182912
4732297457
2490176688
1283442097
4723581259
4721739024
2813538871
717059071145283584
717061579720826880
717056589824438272
723502877600264193
718016930259537920
2197603344
2523883465
2305566168
3415012372
717014356848934912
3235397509
3258046762
3851416515
4226178393
1038478573
432411571
632893275
1032294492
705536640379445249
4846829793
133004897
705543107606126596
705523366803988480
719383881334530048
717669990867058688
442324462
2413947780
719888015187931136
4054107448
2835980398
25086747
705482485036158976
74778098
464206700
100638300
271473456
503640860
711581753635287040
2340810258
18684027
23636912
703962035504050177
2836795494
88210310
706393438040657920
938330827
289105516
4434222253
28507777
2479307436
721519928302510080
2266573932
2827785023
1284506150
3007165437
703616221405646848
28117006
4709172861
620220793
3241369799
722745429096558593
721805319416852480
3025900581
3425763790
3104652934
3968593342
2323150141
900718255
2273927942
1894632373
3390846117
2322937225
240272522
297613787
20565335
3305445513
129343561
161710919
719191899714617344
713383929764519936
1109858767
100338893
713796771751723008
2572844671
1002309236
987022944
3320976388
351474817
3405582261
4786284459
713794658342580225
223941023
3240223393
2393335814
2635372961
1857469146
3770780235
4850953684
710819146267660288
722772481711284225
718276854742982658
718270737589628928
886882542
493097369
718443322927407105
63823069
702667804726661121
200607519
702647471953027075
1183887576
17151314
1964725016
4744284949
2498349169
4847087856
718435230323994626
2347646538
717058599634276356
717060318401335300
717057806046785536
740650350
708469924792958976
3350631459
716998787898671104
716997846701056000
716997192284839938
72334035
2213838757
2161053498
705540183849082880
432029072
2646425270
22743455
1850929850
2467596714
722321929995046913
52466207
1656493574
3009338491
603585249
718612919555067905
718571066080247809
3399417612
135248849
718598304301477888
3309146742
2356688198
206521031
1902631015
79606497
2347466953
4059654509
702442438
3707186472
721815437667909634
713661506492059648
713722265586810880
719481919080017921
714637419040153600
186523313
4851186203
805833182
348732783
719818564799172608
77347649
54731290
4894486085
532646119
3648144859
2887968749
4698507042
2208811256
153339411
597267923
922847460
2784170003
2720627318
708303379412488192
714683600545976322
476410624
718621009012789250
72660086
720359160961835009
718612331488485376
718575091597123584
716140310217105410
1853428015
1032512888
718594737364692992
3601950743
718579153625333761
3294572733
2377166582
2646884678
2509810398
1710828710
4752801155
2334346969
339934415
720326183292788736
3302208898
1034645298
4847282143
2951299415
720642308652298240
37753275
227383197
27009528
2999440305
4450909499
2824134160
3347190921
4166669075
18776223
2914541789
721997640817360896
328990309
701432978296147968
1042108328
3074394707
4289433290
701848531779330048
14545046
702835805203668992
3239052100
2522126634
3307052519
570301676
706034826025922560
4520006488
4711875794
4686022296
4140709092
721904601830727681
721916981675499520
437691294
3145463910
1038149088
2271894427
2969791466
713664556900491264
2770395050
15684967
1956446964
4094613193
718636888429608960
1687931155
721821009247137794
549071746
1472675168
2395675128
701155370337701888
1017253885
396601079
707952633756184576
719665601342529536
3520907900
337803210
1037684695
28427441
1228545349
707139943706042368
721764988314984448
1073354784
2348981773
1549329612
394970418
322050411
4390038736
2811914996
709388123642286080
3098317232
4728841398
2828426172
172397445
232303960
2358395971
702367164330864640
701988679225507840
2520524172
2299353426
713373969194229760
1016567918
720183494643728384
30349066
122770149
118666298
484999518
3883831636
81414369
3015031480
713819044864888832
90645586
1327639712
4827970012
2604380670
371961336
3293696029
3417469481
2433403248
271982788
85441650
2555712115
16682057
1034866178
880331210
480922381
2778774512
721395272421478401
2187429792
3073611072
1259208535
2467597340
1015718328
1543871275
3010777026
1039329812
2616036566
714875624205262852
715138693565001728
703723529687044096
1036472365
3594430036
721102540415348736
4165414875
719078002127216641
2960154445
1035355722
721036577745424384
1036595911
1714440350
2486997433
37181056
228462983
1008310862
1377326804
541894173
2280304916
1036894328
719408559373606912
3565094952
2364479846
1035994470
1039124928
1964718932
3600550461
277805390
190589983
3602651775
3502062254
3395273235
1964752123
3506165899
3297466236
2861631592
272343501
833548364
1036596595
2523967782
177925681
553306589
2937323047
46696977
3937914677
415339580
1374119592
965340229
1011755287
2453790212
2891278975
1130798108
2466105499
2723110706
313951074
2904389591
1033104314
38096816
2565004820
1146323964
1322996340
241394935
715212810335092740
1036602924
706977681624199168
720547310
922276308
126264393
32307451
3147205067
2484334459
720595486634323968
2355374790
224964544
3012236879
1955132936
3150778732
720369316084908038
1036673108
1046804089
4576591229
3292982314
717302253909106688
2564053544
1033380332
720295526181113858
704912374965342208
988640737
4716585494
3008915494
3018766847
4678490953
1038772129
1046548130
4833119625
91608548
1033554918
1046699160
2317801904
342711262
1388071068
86442998
2450860316
756317365
965215567
2663532371
50249499
110074114
243371409
44649720
4126772414
190540159
1333636118
52311367
144549882
1685042425
2272376084
3580248555
3152042415
136811586
611817117
198115861
3167774585
3075079049
81994188
215372826
3273926281
2973079269
716022675706134528
3848254453
3252552111
140132485
91942071
4349042837
716302119624544256
3065531261
4503003807
2989801941
494314730
15279422
3316128498
19913832
4738644437
1967579342
2846971583
720121349428092929
3709679296
716507616030101504
717260656001548288
234825778
3184398860
708325402561761280
15932734
712685944323903488
4844947977
167760471
329927398
170404126
15372749
1554136111
3940359493
3071357927
87899852
98032256
18142336
27036227
42422464
1353312109
294875868
4847345243
719841852510367744
3645056775
3057581682
81730445
633778983
704376293568208897
697290051516903424
112970794
362035439
2991922673
52788040
2904517043
213233928
2360846922
717458793370488833
155160974
198586254
331532716
3362848041
719101674153971712
719782117325074432
451620679
3434351039
135895379
719779072637845504
3004172847
2412406063
719778272473706496
719775970077646848
719773972213182464
719773698174136320
719772928448053248
719772572343263232
2564059472
3116070524
4697500524
4139987183
715099876296564736
2858706208
719022720281919488
387250818
565559770
4655124315
705377082562445312
711678571534794752
2794407273
20228233
15838770
717077324269629441
218549519
976519393
2975884325
2377179667
16155503
717318194617262080
165217349
217455252
158330574
714943928378736640
3533573301
3059739369
24932952
714386061833728001
711832967035949057
214101291
4676494873
712423010209140736
3027362818
3523522514
116885399
2330400949
3808814833
4228325241
3016382182
4921090186
15735797
731793042
1047324295
137064173
4691009790
4873414059
22411342
3179909104
170982138
19223556
4580241796
4873355793
271339475
4757513778
4715320163
3977561615
1072003058
3909788487
3748539792
2967270661
353809869
74713780
3353165213
97522961
14490122
469287705
420070559
364855615
568981705
3053702390
118290434
30190753
468798169
3178134355
3168725606
247284257
1919344891
2929339781
2707042346
1285599678
1202443470
2574133052
2571361611
2905051471
2912126280
2158453869
131722396
231210318
90133249
112296566
497135411
2783584039
1428256141
223131195
102390395
2594495726
331032017
2408938543
2542128540
130671862
2544697122
43671409
472702211
381127976
2492592775
22919914
171050860
301545052
147071542
2451122220
20257619
855075680
2213772866
188930206
1133853109
159501327
119421760
24116072
36819001
153488315
1320869448
44280323
16958077
25164955
20481058
27630697
853133976
364290727
18780740
1170832062
94577732
576357821
15079137
322755040
17989166
