2697444589
717707871719464960
714276836469964801
1034302195
3381242710
715459511046258688
715459811413008388
336800754
720255311827742725
1046804089
2808111180
3184907296
4870245262
21064165
2983331559
704699794174791681
713355328088367105
392405316
4916240972
2959255763
582681311
4829170685
4828901548
4462316793
2552807396
3254015312
3319829127
3233924338
2514756440
3193673603
258622627
4535167873
2278378080
902207287
94159667
3287094769
2422466742
117478402
3063643473
43135548
3060750616
2789125879
2623211956
2345662664
2462543376
2411321281
2165022620
2395944255
232125184
1148571216
1486111927
2310946813
1651508034
2291338075
2194410230
1614414020
2265385578
1589243599
2209492719
1237453682
99831154
1332351931
72116116
605929561
533719243
1296061675
1252146848
933544490
571976850
1038048240
97104587
991675926
383522531
569174053
