2641993872
3722916676
715919418329575424
4417848372
709429829855092736
715953656890310656
701715164094070784
3382135659
87403396
3661168817
2302134816
710221967891243008
3367987133
400178823
4503128412
702584057109078016
3197846393
35282546
4520712855
60784269
4894056333
4883852401
2335637618
4853659203
2518029780
4841734768
4255989073
4747984401
3418291401
3923969715
4736185007
3176174840
32627702
1870299001
394259032
2835328540
1047951104
3776619275
3361049391
4392336442
4000726572
3344232598
4049703064
3233751597
3096515776
287885364
18548136
3058073331
114898873
26221272
1573693694
3310471223
3167700497
3193004422
128962196
1606737152
2464613695
17996917
1148287002
126047737
1071531991
2407365547
629468342
2382401558
114914182
1731390385
35747380
581315629
23678636
237580111
291374082
396213468
547636249
210744915
1083044208
501282802
554627599
992016486
192452526
420006598
431076319
442841775
348878493
274104177
219903064
236225827
159940372
201103047
143345663
19593876
