4211492729
3376049711
403942389
2559891481
719206739774730241
2204864342
16149009
717562777406087168
352289827
3041545957
707328010014298112
4896160206
4144740382
3261841050
18321606
3327216073
260340277
66429098
2445692203
2276753232
127634410
296228090
3044582129
52146635
15820486
2980042569
3023233907
4896164664
700683024149643265
10887702
10132822
4600451234
4436634552
108161606
720865484522917889
2364590678
1128163856
717193233877581824
2197587482
723554229483364352
4007468293
2617062348
928937168
4746718386
721676271021867008
3018841323
3597068836
718934956144246784
21333698
4839994325
1413416460
702372847080050689
4239668833
1622425038
710381754138251264
74353840
695568104479465472
49414947
3081768847
4560644893
1649459665
210609611
16004814
4893249560
4908304269
1649395056
3134056141
2562977786
2315931393
598604450
2251125241
722780271108448261
264918736
163943978
1351048604
2166151260
2364898973
106603906
3042625857
102969242
1926427609
40998039
57497901
3271692066
2792078121
2963930662
4859935612
3331367716
3910080499
4280819729
4820018230
1226302352
4688393352
721690984644550657
707816401
3300750579
4593300314
2710128980
67569486
2476998830
157685613
3223277737
23949673
1904214715
4241183603
183220413
710283685417721856
707600628898516992
4906616457
721167083434696705
4704938596
3121539546
4915855747
3312320251
15683248
247006387
18156852
2477967164
3543953235
4575146353
7384592
194569649
61912496
5981342
22229892
705426759987163136
195598148
3027570068
138668921
708803861910138880
46419622
3032417112
17256942
3254405590
486105262
456854866
34091664
483190332
1584327181
17068104
1653967628
3154339244
40635406
3811264334
4718176289
30895555
214682807
4416416866
27074552
98926033
1107729494
625297944
36520014
14044932
34141640
713229838350462977
27810016
408898240
336101381
38308188
28193730
1336984615
33611053
1260131004
565103969
4598876352
714416040382345216
723165622423572482
501957682
2308506020
713091266
723223260909834240
15832032
1899242300
190101631
15988822
4058474291
175529531
2374240176
3145373241
72647899
119161370
720671471748706304
122166624
2460216512
516117356
1458278131
52168977
14595758
4580095214
35726888
3834073397
15301935
4913287026
1260385928
246420653
558245175
2329423627
703899083052883968
2271873992
3041944516
148420253
9266222
716089254271655937
459991057
18026836
913304238
3066041968
2292531990
151639222
3169873961
723148192745971712
3301869647
36092722
3044526195
184635363
711918719975317504
2532284256
721591400056250368
448560848
204331160
704963760855715840
141742320
135617852
618143282
32135630
138126019
3355904175
2430332622
16718094
3212728883
18238006
2996078151
745013984
709519467709992960
17461776
708704562887073792
2401719650
4842366436
18019612
3224744526
4291755074
597516505
248465272
4804995753
20000879
95217568
592827533
709230264367472640
594577966
2975420093
106699394
114454607
3957104953
2262613846
4718995532
712707400533291008
91080189
717489227
35218556
718106991957315585
2591422789
708864510
2693529691
4839999617
2670065136
4644850763
3035924422
4673962992
3384978545
49780891
68487648
3917981907
33841072
714521307644342273
3611952624
17475560
538399586
379347090
581666391
94687261
3308172949
15264625
18318049
248868797
720782227009708032
4172733928
102442857
2569906851
2931552816
33966951
308488687
4092817997
1964716700
16297675
4912875572
719999616113111040
760763551
161532559
2998221731
116363792
1858770798
551531940
1945546945
91867592
493186696
15929871
19316661
425268493
790035781
60581931
47366869
19399005
3664675395
4907946692
196506836
710641781923299328
328571915
373511416
18834382
1666309692
1584500023
1519412996
35213898
377616770
253121529
2810433366
720235058917949441
7062692
265002533
26138182
4281681381
68585732
59071695
2957329144
4346408232
3535748956
1432750172
2670086582
1132847964
637233762
715048495397355520
46128561
2458315861
2828197843
123376056
340316983
4928704918
3130073651
4442138914
4008119895
80296190
4817534259
137891316
721679148033421312
3856121669
4518294688
907031108
159021627
3044923210
102360930
712376378214195201
24159216
244531233
1325414869
3315013006
714782991541788677
4896045046
129077561
2371837602
2443647511
113165706
715269952907964416
24147486
912997854
418333671
588240308
3014334610
149797759
1710312396
486770249
2656331223
2307090798
52838304
15235231
2291567352
241413198
55801465
481029248
573079101
4276417280
114342081
2301377516
1056036800
49677139
4859776163
713819437820878848
709060459119448064
20582624
713375053748932608
2876173325
10364212
29677124
162069176
722670772821602305
997602998
557228593
4839944799
59477857
4866329345
701604925
715874839618326528
1100531335
3179142689
4045313201
377088460
217565503
3162938210
735417684
28407251
2990164206
708463284408594432
252777601
218547812
188531255
171820413
18197800
239205355
4820547771
67209668
4374334703
2608292262
27551506
708099578071900160
57639521
714605604623372289
1450684987
75476321
3434999781
142342983
3386312357
1649027947
1390876166
1650217292
331483974
714811308432973825
4820463640
42449392
14715426
4820940135
251999456
196358909
3002417984
713200085358747648
25896846
4280450902
2871175661
2282634823
4265453774
3182147479
3087553774
84344095
319291066
86265044
14297098
3235339552
718171393733464064
3864147675
5781622
38670814
3802513954
4823144967
473560646
62937135
473588093
23463555
45468382
1121313396
15259672
28409259
3269509442
4324177396
3083893085
21668515
15902475
26579236
2990698311
62590736
373956361
496094537
4526791
704402045147750404
57454288
1252446144
1317337824
384452052
543563317
696082319447302144
41225114
16366736
1384160756
1283927804
42670603
3054407589
2984872862
1623386208
17373130
17169533
33063870
25506996
14860385
26574667
19341632
280495430
2758681690
3038122755
4281019787
390792129
298602588
224853742
162221379
1665390288
1011755287
2392862702
4554325626
3313767393
1880292350
2355187680
154498853
721655749793812480
2248622653
4771713141
368512214
715736279862886401
4029300495
382012880
41267711
205769931
86993670
3351448120
2856412664
707127571016765440
236500631
1107108840
427628778
720643902911303682
1436847944
18292632
1835332585
556594044
23752651
3093870901
4798353222
379959482
255354721
697812571978600450
34951366
167548637
17580609
887084280
3288446133
1388664121
2411379336
4478880076
721136542262157313
132611492
606462722
313232703
3407711207
3145259562
4375050975
1183350522
550456329
719918918224228352
1353902046
18581270
69033239
59527009
1259235738
2821544214
2445954522
2359721152
2181961613
4440678868
610351263
465290310
1133456036
722365290579828736
3318850054
3529923493
383525937
4280035635
4315945283
3694746502
702835805203668992
715129902865981440
25477301
26910658
866504532
376503230
4816966599
4830114910
315083853
1405011931
4281823102
2321352594
2959470294
6007482
4744376379
4000806916
83549832
173747268
703152992896180224
4281868643
2868007853
4840055350
429898718
3401560607
3113157083
237187345
4862820944
135027458
520401311
103346588
280745235
2611916426
482605939
3278257213
92395925
708238584596336641
1636945213
3247545687
1031168119
2202399762
2423786302
64748834
3400875191
35367600
525638933
57060588
59673815
710838601735671808
169264557
4376981421
717090036110532608
15976194
1687319527
4873002387
656713
1665025656
1305940272
1965652495
982646713
163964683
4485207857
38556852
3028949200
21491861
3849391
514619737
259523292
2323138501
4433142672
19047465
1315599343
2797831196
16958077
205427322
255321958
1421879911
712361734481141760
707186351934984193
281561687
3065792990
1964746633
4915119047
90899531
15776724
229185155
4497093552
3980735590
557695076
615139499
707183818541801472
713149674153238532
2953703825
3598111397
3852515774
4759341
494850650
4890440843
3227532583
2894124057
317302612
716819809376321537
116016186
700681227834040320
19720110
722129104007376896
110337699
111948274
4874336909
19848095
1487574314
16819799
1858278324
1543305852
720332148935274497
31086618
2306868572
15675768
343374294
132068195
390378541
40208238
721786101556359168
407834118
2596495021
16637650
109450622
702112597290647552
327573865
3246271206
722031664671666176
4704693667
4125947845
3305980099
2860289139
9341982
25289250
201844748
2437108339
1964598974
14521617
14478735
2497348532
2971489480
2759903166
36487047
17885449
1382674982
43874512
198207292
629700282
247939907
1622867965
20178847
920143598
14526763
359842112
42654085
3973532728
718736044066238464
3030417656
2857556811
4819506005
4820327248
2713664461
707591424200445952
17759066
1666311042
720250650471370752
4818518722
1060889586
3193434546
4025247136
710112755366432769
3024464353
2197529854
722013383474618373
3319310343
132463911
978435097
166364790
51096590
3250357964
4869278801
829881710
2383904816
2501005812
775958570
710437320068079616
705327475954470912
14962721
711534605795512320
732457362
15089603
3657787754
67045178
4280504716
4314352996
4056066214
243178133
101878351
3757913057
46544507
4442727214
1579161451
175433916
2773201190
40508754
4280795841
4039806313
115991458
4711875794
358576525
1183799946
2937972057
113040735
3535269136
306930864
157904905
90887710
259547274
3318147427
325865834
18303591
3155504564
1909276680
103077936
720721907645976577
2755084940
4280360361
806175462
4202484466
4280227473
3092556585
717879787847598080
179281589
3505902095
369705071
3226420490
4280929457
4280063727
1863312992
3158451439
3260134182
26414869
476410624
61390117
4840059232
1434586208
2679201096
1497912474
2886156124
3175276217
3131243261
23073323
3963562284
4344176594
355044835
700050884127023105
314174259
1534077060
4839940095
2883123176
2295217322
54240972
891928914
4840058116
4480370242
2722660553
496554823
25342170
4407930988
3095391544
32964193
253448640
4833698025
1395587484
75417629
4420244179
433015671
3228286832
511043145
4499964796
587606083
708933994147160066
2506364473
1725045786
2482808712
2286920017
35638095
620228575
357665847
3112612527
2874154492
102356778
1162011708
19123904
632462513
135251922
85634458
337017099
1099327514
1180622503
260766816
37375174
1334007044
3158288612
1498054537
130848291
528538448
570999985
2915399252
717493108049645572
3240759326
422586131
3279384350
14259167
1242341479
719788423096242177
319146253
107581125
713819908736294912
16905397
2479516946
3578199555
2797855248
212971290
3408237904
128782304
2165801
603821156
3069589914
199672762
28409554
71230972
353439433
9158262
4484180178
3130862871
2283762840
715146933589975040
4520793166
333500366
3350572366
4825201629
715446278352715776
3012947937
718623382187741184
3236074198
406858266
712765907953709057
713373483875454977
1169266483
192264390
156666863
712492302153883648
321115885
84152859
14256355
320681276
162576868
218038197
3308906434
554487897
574557459
18088416
61020635
3129677273
2437315033
4730453255
4325253436
2572721521
2332135842
160839857
30666040
718392465259118594
1649398164
1368959768
4820072284
4757373389
335538464
956845177
2927432816
2360580397
719736340300976128
41854515
399346301
704276416368664576
1885474430
20827869
15640646
377000080
24332864
378666652
1643313673
21289405
2975697195
720008695313272838
1003432825
2591821266
1488635557
132622897
37844996
3937914677
3415268343
274611158
90708172
3161476501
14566191
715058902409351168
1026801878
100247304
103961347
4521922822
22185937
960730152
2394624246
254590305
615293559
709031024412532741
4489842494
3169557620
2801918422
56491187
12495822
1526906162
109819071
2801556219
1871784512
42439084
189077899
2374386552
15946990
718262046018650113
1366408790
110046178
4859276627
3078474836
3311390827
2474757787
162707886
2341139364
712811626110406656
1093004334
2579673197
4025382682
2420994084
46553749
479493195
517990568
2463012960
155101912
2449215078
2345737987
3006852968
4870602695
1858767018
2670332030
222204363
5559782
2815352892
106796917
326484653
1910610116
2552748800
220998329
2207462204
27621471
712959669606748160
522168955
719680836325416961
4808569761
237855319
239900153
4749310934
17863599
97511228
68516787
3763252343
720017983154860032
19523935
3297454915
372368489
936881162
15487550
239565412
40360397
2366108664
3956177116
48385340
39883096
2971353160
994948890
18583464
381844310
707546806863962113
165160123
2804122812
279842103
16816972
3937876103
2396623471
237062041
2984358457
1875762716
25208992
1129245722
28830607
57509674
3947862209
487262833
67645940
3344545835
710783192756674560
4037038334
3076264980
2377565526
719915263374815232
38784088
3533387301
27718138
2882407481
14516386
931731259
19878175
192427420
10788852
205182684
255038393
36389335
5746842
4885169851
95939689
72631685
614779415
105864025
2314904520
2800086236
473118610
557008281
707492398687846400
33322763
2175011395
402070746
709192599060553728
970979024
321485473
3042409780
243696789
424342840
2842632663
715941136603414529
2325315378
1167860738
242377439
16295072
600194324
3061505059
132759588
252604777
15493024
216605226
29956943
2713554128
702001426063437827
2818349118
335751725
2532895400
197464628
215079814
3091533683
3365024152
1155099728
36427659
517737047
506359702
23610372
1392295346
4884262121
719594553230106624
538147752
17836739
3432705412
705482380904108032
3632142855
245858458
708181412587831296
389546299
709063271442161665
69669204
2541650593
2174235002
1665671682
2293458548
705820752
2616801462
477612656
2788121
15112267
424168878
394890591
362539494
3185965682
126652676
23789498
862407678
19017283
123421615
4897844547
4871716157
4820750183
3241799993
4869503189
4185139509
14072709
237626215
3254954503
379109862
1310079354
24866979
3043198008
29695952
260101992
719319770491854848
36236834
262839802
190331844
4797254656
94337181
25705129
719307130101051392
4026709757
21408019
14366386
324995751
2165158514
14273522
3864974773
100233441
3178380584
147122717
63738534
74769510
2305631179
3427231035
161685650
17523925
66451477
109453657
17010198
4149086418
111213610
257938883
3249532912
15418994
2287994730
3238899189
1415558072
476806203
57392496
2558921360
61140999
747136356
17087338
2943977465
1348223959
78105600
1614634178
4298338787
371818872
125714961
3071965230
2388263750
626725599
2994021932
958865954
3035918710
197588657
925506006
2207433588
23925837
1536399169
27935939
20622308
1446682004
135639200
2715863282
718866152093450240
845107626
139655283
21693579
103979673
1669723351
127181267
2485968265
19682778
3806215997
371847036
22988500
1575518588
1712818651
15584637
15363689
51178094
23244465
64755998
130268724
338344304
14179126
57325095
2922495202
710754838741704704
273080067
2906580072
1903643599
737779580
968615394
3804105621
605345862
705099149000122368
3236562660
525190267
2872761869
398925460
2284616898
4470278056
1242821113
718504482846412803
16653563
442224776
14616262
718415712994271233
460459270
128576824
15291210
714377887038582784
242781751
216086840
702279684453638144
2958858052
14138157
84894654
25704473
57349371
2758623478
39797912
4889072087
626515184
3238919325
627267664
498927359
87636338
2745636768
755412661
308353886
2419616962
1798420358
213000885
129830192
78004287
60669744
296757119
217869573
226235520
18683662
113716756
305626257
137327156
1232198940
2246925534
1338622628
2510132311
3221080621
845289506
3121497589
2615388558
53653992
425895675
714694411611979776
166572014
3035879801
47181088
716208981513908224
2572533912
4844704546
49469840
123589559
710134977053200384
2848428464
89696713
22391658
22259071
367997404
718256597303209985
3821253682
2884919337
100435086
3640021212
233853593
4475172683
1629517297
2742362241
14551653
717813014771019776
405728102
1223005604
135440120
2899155521
216150973
4882152435
2901160079
889663363
21741198
14932984
324955442
18164850
14869982
2424592443
3000633184
241811039
2303133834
4500566415
168668357
182961400
1593248282
3126141982
791231270
52102296
4716420135
2193833190
2580859512
70322001
15301560
26969058
3434599881
368831859
22129812
48686909
718016434392145920
50806423
1709298170
24716469
390962824
2156970636
3296929378
214939873
90912825
21223422
1329793670
596006889
3262925479
275247908
156722131
4526577395
13786842
1446931309
1570055918
130120918
491269275
72814071
4178011055
195789810
2343555259
251585371
703131815272251392
717977717015252992
3395267877
260367705
2317184695
2436774554
4044528808
4887218932
2460213692
223489042
14162802
2232433148
3038966184
1089536636
220799045
1692153601
23714981
3041985306
179871209
108789805
4909961920
18298086
41905309
3179936088
19178397
49515068
409728421
251784912
18317423
126095423
226096781
3484188259
3484036872
3483897919
321873494
3379031849
3853767022
2995400174
35381456
717784645358604288
1052517314
348415090
65909000
3068284109
266065341
260845720
3115242635
2898060531
2750929598
14819143
2887594676
713074562846601216
16146965
3480825024
28243831
2879807572
2377854378
52367174
197997508
943503576
704727061
3484791679
245505742
3374461451
867304158
237837126
292250604
114481044
2458731738
711922523865223168
248772001
14404107
91308519
2609426941
112383691
707118653225959424
717629701444014080
2293114746
3347379165
3029925953
141436841
116410274
296241309
97662185
2844149048
14865692
4881158823
4108275202
2524569583
3233926566
1289999396
2149377590
14541330
65563900
189173792
4010461463
2987368903
69526040
22948289
1504431163
932957318
4757326744
16333653
3035881841
17909848
222718852
714491291401191424
3971593695
33414618
1264662451
2826702522
157473610
1465260620
2846049605
340404705
3179246776
2937046647
366315920
25840108
3629506338
3180510357
134700704
525881964
175014353
1058796042
2874639892
377738485
1022774730
3089885097
716154073695854592
252013741
29295157
165946995
116689454
1481254603
139842121
3374490526
3241776617
51083723
1912575216
2795338417
194904686
4817116992
2806807640
371167725
8785462
191914406
34825001
2882464834
711968969448534018
39909207
817443714
3853724236
1472187036
715237965375516672
3845493184
2284746242
1584070790
3017711700
41928273
65258793
98133810
3304962561
223679734
4104978918
68909819
174448813
358037930
258955998
3845929156
1095387174
2943210751
8275712
18628114
702881407400435717
3513859817
706952981107838976
3941668575
702446951216844803
717071135523807232
713763942405902338
53710815
2612887771
149140357
1434611485
704875587920211968
10037452
2203901540
23653499
584646731
846364664
226671743
3555661939
4517320272
2910857421
167919573
4561931282
4210575592
42221783
291591217
1377369066
2692931960
6840172
2284557668
32967574
712858653167058946
4722254964
18290956
716877927325896704
1359040722
4010462013
4178062214
19805321
701501421280055297
2354094703
1392509358
550491429
73917846
2443745508
3020909466
1067519322
67432820
396781504
701424642846801922
488138365
714162297346924545
17418808
1432721899
3068703388
4868989696
578575851
26171739
3694826594
898896283
4830816636
467174863
18259007
433732413
4756514115
58891801
2752702543
4891239884
703945103174443012
20398158
2478766231
713836773000908801
3297907917
22082229
31374293
29800229
268752934
4874472472
714068170793877504
86657116
191453614
1368137498
714979198721519617
56392478
2897517281
72084215
3199986376
593286496
2534173578
1452171103
1301288066
392497899
18500743
108277226
2783956927
107069240
715237782826844161
2321760091
4111587874
77886623
298345959
14228493
49901120
318188050
124086824
2379985814
20161530
204055347
696052707145162752
716328694302818308
17840038
306410326
2561069005
3847099931
24841139
708088857909141505
119697957
278201713
21588235
41922500
2977150435
2885707365
15540589
405788134
712821839320322048
4288105179
2471343469
1582030890
3035876423
1566147624
154544883
463049147
3360700518
4808465607
714252518134521861
4584478452
4861176261
2401868163
4902219372
715758258179477504
29967008
1092779366
17127836
3387653974
1484438660
3194074180
483147803
2829107923
236207403
21770050
467382860
2259559219
2210487122
1496051322
4254160038
165488132
190106801
17371153
41652150
131436880
93676970
3302039586
335129021
3158209944
34349949
30562561
488798406
5388812
3159098670
3778995381
222778639
16855630
2951049648
702977877655089155
234231394
2517499850
201872303
18275283
3083493439
2329705201
2966022665
276582873
1621066993
246715451
714107111802687493
2543510047
277954242
3121833510
946461326
3594546342
862212176
20308396
985223618
106458228
366902825
4816623992
7971552
2374177313
932098436
177925681
35867792
369898193
408296435
4835219535
326371495
3160211426
1143841718
131116588
17174462
3130763195
185466138
833071
45181372
2918054276
2351169168
57287716
1904848992
112723632
1109886108
3675129989
3983454201
715483999435554816
119933341
17270289
281644655
4478196568
1349886001
705476046066470912
2997491528
4276083315
119126360
3300473416
2946632295
27431032
14243286
15484116
712966183134302208
3193027517
3888926235
4741525326
58627189
899302962
3035838747
2316924108
4122373399
494462451
108837061
818798281
1435060926
4632557462
16333599
29359479
4582559127
3106427481
367647153
1152327146
19315409
4761135846
338889246
808951231
848260219
490204452
1116418369
2527656486
442787982
2510986544
97211212
4924275575
4106063362
338400068
127000430
25587029
15622603
15401272
227530614
2731337895
3096227980
443331536
4862798895
40268126
113334239
714503643672621056
715217164731609089
3369371241
2885741118
3019041756
2530972808
28359887
76912132
711553544055361536
16852176
38424370
39221671
3066794588
808342398
2852892014
47390592
916529012
700562002775638016
15025208
124030974
2412406063
702291860874665984
61470078
4516943713
28734970
17908555
15702533
612436988
21227395
172192756
1890992798
713757655521693696
3431774631
3317050033
437674175
3168190836
14871204
3796373480
4830666345
126635959
2290103533
29610442
3129287267
26208821
478174214
404107193
390206957
440467607
4832041764
15037300
296398596
228710571
763468874
200542250
697658302864306176
4784905344
2368452848
705591471580164097
21580498
713409951293579264
3929147776
199907546
2604068238
4851886312
4851800079
928515355
77051562
11449132
259758788
161982611
714527817854115842
21025092
16426162
42732147
2758214695
3010502138
14592993
587904738
18210168
3097628098
4259688700
155445281
707904050239377408
713732579472646144
1391763288
3176307619
18804460
14597591
3097082615
249019097
19051145
951764360
25847912
425189805
708809955953000450
2398122690
702663824642437120
341635768
72519621
73414867
2540050842
208916850
706298642466902016
712130952152002564
1681275746
4321847363
4896681898
15767795
970592665
3823830195
4886269399
3428402457
544182942
1246855027
71750601
327015253
2314804225
710596061086134272
152843360
1396751414
4855341539
2952302619
700535541431808000
11240192
713390311112892417
3178893943
4878262024
3184054019
2699255000
4291409675
490919749
3662277508
713650975727157248
3345943145
2665369098
3051008336
349704256
166894701
3254870762
431700491
458731271
4330061833
705610460603641856
323567157
57340744
190468871
246963946
1310657737
177682419
1955437970
255681826
28640988
199276440
701882443066908674
244637789
1694342066
43192340
1096769214
23611399
2332099399
29384578
82902751
2814784455
3638035452
43288035
4861975228
2575270609
378648323
3018845209
3281476884
952967688
354888337
4714622790
544467352
39722842
3121962023
2605566708
1006302277
493815221
221467361
3003717515
382883968
39580859
138034214
4177849152
1488251
4585724294
2841238102
53209513
378647634
44520245
4895247088
350779632
34046676
4615284016
2156041608
86825976
148475592
3254856364
2546700488
3111338074
3031484497
2927755922
89560199
4729984116
4623520114
40907373
17797962
1551504871
2239413745
340245504
323160891
3224026381
73402782
3224446914
705711812487094272
2654057646
3224416608
3224077608
48107335
3224126161
3223072848
3032065562
80741828
3227647775
366243139
3182497778
3223927682
3182511740
3227649389
3224352276
3227611053
3284170452
3557145620
240227447
1930139893
25095285
3066090299
2162442943
2850958372
122394403
98744163
515978659
2602144586
4833176183
2238220027
518156413
3010361348
240265001
7773282
2829795192
570694843
2926542426
2996419098
189970143
1383251982
332140232
6626832
256866719
548317981
60619226
1259805054
403481774
485488945
4177809552
712406617
929563922
2482733317
2338526360
712754307372859392
2613840548
65537504
2834672488
4825293043
3817156155
733335367
2270544150
564976926
744215041
2919240086
3265563950
422092583
15710861
2809863870
3526409541
3245339241
18480522
943541904
4390583175
41093053
3369391577
3670394057
13735562
285366623
2855233122
46425317
93909285
127929667
2674185985
2782310810
16305401
495328419
1957619118
712265468472467456
15444881
27760643
29011304
115663082
20477352
607220819
25632886
2862569945
126919224
89404877
83627015
4025773487
2508741481
17481825
36064522
1343253174
2885914021
2915055716
711862872939347968
594681726
218447306
2575566907
220705356
191507080
3315628876
514198401
318210598
43005019
224725853
394232808
1624095361
391520567
542107405
636877893
3257104159
231287175
14114622
9456772
8373812
14259728
2678162622
213760064
4163176517
16593614
30019615
150282440
226204083
603750053
16723621
56025191
760426542
3068708158
538409980
2753892155
27286585
316732932
3321474418
1147192046
19917996
701469364902473729
16229041
780969409
186897201
4131453496
410703034
2851763837
65054984
74571115
415629952
14645490
1911551732
1402541485
1591409234
834864504
3387596484
3905086705
22818679
420452851
261672493
489531448
2980272195
883164902
3697716027
137454811
2226376610
536083785
1093168932
2597321360
62690124
838147040
111795763
4430089757
20458567
3504830715
24479280
539806660
158699522
1131733290
163774395
14124371
167330057
701789348375584769
66794648
1882922666
3186724807
1670100625
1496815016
212430167
104325921
2884180045
306403865
77022041
2434352863
1275364544
21488745
2191257806
600265787
3124040793
613906354
80623253
14300089
3978146239
3386967933
3044107765
4069802609
538703062
18905207
147283472
1852342921
26852548
52778977
16341503
2577657414
2275299355
212787244
2784051603
191328196
243859638
1051284775
292395826
709805328817201152
44953409
15232343
17489274
40445316
9480512
47252223
16014231
64805314
172199710
415748807
2651789714
711959719884103680
2242015740
97519750
510060174
127271806
1475541818
260283705
944784565
704627962314891264
15430913
361593901
1055638933
157928897
25119006
244232742
4924614191
2888923417
2807600952
430972338
49869201
60838380
157903156
313399140
3038433103
506130922
2478479005
28908112
17591968
16464800
94167181
45920160
61998780
4831725051
18642557
19916421
4832540188
1890635226
953346451
207461266
4822967561
4832725540
67445830
550652594
2917469818
549911981
3586067663
1478947549
3821705535
585189467
920485734
815787931
3223876201
707587346640740352
710890942065201153
20400480
1337615418
2871813130
83813315
706205971257954304
1606894477
58953426
431864647
16935672
2481242841
82700878
2644105176
14502857
410541851
199959370
482126936
1107218448
84142519
2324428741
2401526467
2160402775
18987123
203488848
2579761
2938992454
711587731021803520
704057226974138368
2282859409
269307184
170246220
2308980978
17835945
610596162
2418808928
14945059
3848681969
1479207944
960644484
19930732
1241825748
183360905
4443354861
46509768
2557889515
3708581
264259472
2853521375
3057019697
633338002
177610749
391805436
82345091
315359315
898113661
55516600
700822783
80282377
204366811
1704858908
136732891
71721720
2572705207
710048724433641472
17827236
389551993
1353284101
2578695905
4838245556
1155615906
129435527
28716843
4691328355
28030991
2416199407
2414837893
241467540
4478764034
4295872455
3996205408
3180607247
18042393
3431795687
1013800212
558687162
28711499
361170911
2797383676
2983929086
110217692
385179692
2979688649
272324515
450882421
86605758
137796394
2324773966
1359965784
270506230
194728899
147190881
582199192
1251785438
3358720972
371402328
200216961
442787706
61796433
4119718239
54406648
4882440179
947792840
2865553660
361758151
612987721
3526548447
2214510864
193699648
460970594
29145061
3102594717
145160621
23039757
2344046617
616573748
217255754
1061679608
530970713
623299732
708519951598891008
133926036
478310672
3223262462
2807619180
4697375972
589119722
4220627254
19522325
42780856
2195049319
70707124
3182586562
2815034223
361863952
2659430450
197949639
60049728
710486168064827392
52494989
104005212
274391625
17546054
61500505
15148702
865308752
331685132
610775753
115102073
1646616271
606352994
3109647939
2513426089
26361163
194775716
99782339
21755757
9275862
319852016
612689724
72674882
562544483
200562869
208691330
3374421856
407795752
4070073792
602045683
358257933
15232437
17960208
299432471
318180548
21863181
837214315
17168613
707470430949543936
82351605
92076828
395856819
135895127
3392593215
89120740
40454242
1302114582
24578794
15977038
1953424184
1112985782
24357823
2282706721
92813206
1013938808
986867640
56349080
62539757
71984758
328269999
2320648894
24876809
45972621
4915240666
338222572
1419915913
91430586
3149366831
48740061
25153770
356263656
1464929990
706938178830094336
4686444710
43127181
2427378710
704010344390262784
710476297332506624
724121786
18612142
223976395
3130753779
187246921
460429308
89490157
2442458264
3431531824
2245915611
44120341
4419316115
4053693881
2550278096
21934749
478421296
1008693775
4892032575
332145425
536688016
59095319
1071167785
75440129
888272563
1354064779
17555015
1698456180
2667096109
709765040509820930
2920474115
3304779954
3014716050
15978297
4482779125
382529938
21361695
273602417
2204381994
3941574432
29741305
3346090949
801193910
429662626
21082761
19252280
16856700
2840422386
243877974
3095031203
141694261
294915396
6249802
139543524
410967766
288643992
29966512
3119695469
708724222495883264
554662969
139181328
777433
2278338564
201967290
365551675
1869273474
3902934797
306252802
2638703408
19963948
2451694110
3010711135
571012449
4201600593
14575205
2860711644
2890969094
3238098226
22627525
2207961478
275547687
2399318848
4297655355
17729225
56315864
319108664
374627026
41902412
4909616338
1635552296
701669110086811650
4708002928
32526822
1227028386
21076875
1400429713
1387420922
4210798444
17868628
587518213
3312766783
341507303
56635422
17163132
745250371
628986793
3325724261
2767159070
3181557251
386922565
42878710
1869819931
18796416
636591144
487402854
65307650
48057281
3063382264
703045682517508097
20178452
180558854
1098327739
943184348
627918611
3090528559
1898950476
15235335
396715558
45887607
256564093
213576970
635027319
3354892985
22023552
22212517
86007932
2318811627
3071799415
4276417942
4509165320
707945388003741696
1731838765
14323467
1913209069
16025334
36106842
3439531677
1436446614
1953680102
1975356590
186700511
36895136
3383454389
30218985
3610647267
4420731792
3669839412
48806995
2574103094
1141892665
3173029289
2461812403
4141869373
2369126468
1530865422
256834943
479425042
405313021
1965284569
2389125361
499014749
17590794
1567942986
510987959
21677185
544716554
4744488442
34878201
799531411
3259933555
399318340
2962618023
199366439
1641400694
259783061
3398494691
344067025
1346660312
2292474146
773251418
518893575
3074842481
480389147
370921330
1675314811
310341961
3861665892
4072824627
76444963
3244920741
4871323583
19679250
1316043390
81251812
488519273
4798930222
1317763788
296049299
41479790
439722792
91608548
35680069
1350926383
225054930
2193285991
2772194239
59485132
19914997
104337086
14938137
4163562253
16727846
46431671
1710851520
2222283618
2881207682
709472350710992896
173244056
262363044
4317500056
22390043
331174858
2832362059
1045303027
29733577
2377575445
2255257081
3162056723
338241458
219903336
131352575
703587910453321730
15991471
966081272
2450373654
794328583
2712899456
1601808176
296951527
195760472
3056141093
405386963
707977912536981504
18652946
2829725940
2428516990
106427003
78109350
156950352
704505698822926337
626536316
3329439003
709258029326139392
913851745
709176637192052736
4912965252
2432651550
4210037025
2371487120
15211383
545568852
175433737
2543441568
2451479641
4841811076
1939328785
843134288
4479603334
6036422
27704415
33637444
3415524419
2324325762
708629317526290432
707628895424671744
708620899767848960
159161713
3260360485
2468847859
700764940949323776
376329275
14238833
708461975366406144
37011042
2395575865
2740868515
3520907900
4474788683
701766883394002944
84654800
351150274
3105267786
2782261791
32640726
4678192034
1258042855
1472484391
223550555
4879107280
251004157
4891221781
705109037134815239
453848828
619947101
4559630235
165175739
346045863
2374600500
707217225023889408
14987093
3286035865
15777679
1890088862
701545428089753600
4119032464
2437135026
370834512
4751195995
707944754856730624
19392917
3019160188
2955078135
36409531
15273572
697340802360598529
2162991139
248540427
222523399
14162874
157336934
11060982
201126995
2757340388
1509904382
1930975046
1913968164
287748383
386148278
27663341
4894867797
173149204
3315441563
2945202924
15474155
16916866
3063899488
4847919011
784649
707903601826525184
4911655120
704606084
565923750
707819054585782273
707797491333332992
707597898469474304
550253069
808902642
2418979002
67401312
2538636674
52080266
3545900896
1531669496
1132994545
2494979276
15732130
306620020
428344613
699295084798468103
519138944
4280689635
22861764
2401822034
613190676
104518642
4901094442
15241876
200823874
192292481
255221632
3311401002
2737526348
2302042082
193748232
4873715661
707510109245575169
56235758
1322391284
376356778
707449162233729024
3242128640
3226678766
2201180874
585956681
163332945
57766016
2342974844
2324826372
17602506
226783768
4906639450
18854728
2800510024
2690738377
94344900
707308982231277569
308765300
304570064
28878451
556061461
3529634354
707147470640435201
3075000404
246826928
204937451
703519443821924352
1396824516
619978098
2876559777
125770940
3196712004
707174061118390272
3810010334
4678184107
706388798805037056
707102629378150400
549645611
2486840374
2919532313
24005213
553294124
3578500992
258018570
706478470591676416
219468441
2906729879
1656098658
706970469367296000
16944174
706944142870454274
28708891
117867252
322090035
258147910
21611828
199586927
3119607001
1724621886
2811520826
2429122875
4839593644
705813747936276480
2881089041
375199858
3206983342
87927289
3171324338
4062390557
35189345
3288688224
3289778690
3071557340
706442641299234816
4865321652
4775606834
175388536
706590975980736514
3373848791
4711421874
3920067502
40622126
319520535
320678781
2755631844
1415729208
564887075
2448766405
2448743078
12762292
23223629
242598676
20721177
2858333563
15435890
1966545648
704678817126813696
14232619
4834361593
4624759835
4634832325
304974325
4860643575
1424451290
1686904346
230059045
4917025430
364168300
219362963
1567802766
702537481455947776
4899544300
14817416
386448124
4783631112
1071784153
3989765359
16703742
2446713998
3407150625
1517652614
14380406
591335059
23500066
705139817827344384
71779714
180126533
827501785
21550598
471448236
3180930934
903377622
316101951
276767323
131673519
176314157
393134143
1643441407
3352036769
552134921
3188866297
3091729601
122333834
2740727010
4873215750
3628296553
577101470
109441206
140099337
16625619
18188532
3023519918
226754353
165798633
705523013970751488
2901941748
2829573563
2457823680
3741138080
78518882
705123448952119296
15466386
218851543
3997029449
2963884203
19170029
4785158499
72481175
76305601
2987394058
700450153094774784
4840672030
2482739635
15307725
25438942
3601362136
1644270566
2153622448
4861951600
20763387
4831140646
4878725662
705276657347727360
4096516277
3303033906
83873842
93459396
2366317910
29141060
704714020763230208
410524158
3062014795
21621749
1967495388
696593008981106688
235645004
1939065583
43982791
402003889
1212894655
257618318
2325756884
26376283
389417355
34756353
703219655759011840
704887326510428160
3389439734
1959590280
1464994622
23628769
3450211935
2825501035
3429707273
212273146
1887755582
704985640467730432
494242537
27942962
1400458753
3313455387
2281189688
14242283
402549409
757617391
2982283277
704836279439994880
534568691
8275982
4869921857
28097059
17400513
55670542
224337497
21007701
614444615
4410728361
4076451
18953942
1261897662
1691010642
630245641
18746709
813941358
748222675
1504900886
97235829
2734246980
3881013076
2909519905
1898264479
228629574
150641001
2946724543
42643151
702725716798894081
60784269
38254333
480875170
23871618
2459518711
2918306014
4377486552
61517781
4641305354
3307161366
39647626
4262967688
2893988327
704323693170839552
2788398967
368638097
3302282313
701817998299029504
18098839
54182985
3583065559
621336684
146862054
621157540
1323500684
2473035565
423472379
135503675
3075079049
703636568112656384
2910208501
9001212
2849158170
3982197972
703928852737875969
228686245
2822246999
38749129
40961990
2183077404
703678355980292096
3947471113
2256864746
1643413789
703746618747539456
360514947
341189266
5563082
256713079
21439026
73175592
34587652
2467565777
3092747458
16379899
877285850
701119844024975360
15157054
3366293697
23614398
18899842
18557588
19795404
3343935587
22083
261353821
2903155570
214798997
4895718768
4237182628
370472062
486271351
395229884
2941406866
26680566
266378369
1209581222
4005590373
4836333104
531256710
2338550874
740702682
2723217086
4258351707
37703788
1453271250
43403208
114807593
737308158
4514146342
69288213
1871864138
2532379322
4849544039
702980939731726336
4925066366
2808219345
2904684664
476731128
63503169
2451195702
3289644141
702199544352604160
3020251978
3510688033
69362597
2755277992
75340327
2797625994
19320352
4897139696
702824758170165248
539790602
3851784377
3502852284
2416989018
2550214734
4125663499
12225602
17397143
3252609874
222547670
176184142
702646986055536641
526640257
14560316
15599454
2988389211
4311323002
18940364
4895973250
194681383
4166420363
3753770722
702575810876538880
3321508246
17097996
166189204
560957909
1466594420
71615713
15027796
628511350
702501314358423552
16102168
701753732
4650125236
440551449
4890997601
177577084
83580739
702226537412743168
3190536302
2906238511
4888995552
38478598
358505901
2365165363
3442776981
614631513
3635239692
2789879562
3437533329
3462020483
2292933901
67409283
7375622
3309696116
700498908686856192
3228308129
4608651072
1138423621
1964724242
431440408
4567609873
581329418
2278046440
394759979
3002910875
27255551
3345715457
269817945
307720896
4806728776
370268165
117818027
18547197
31513064
127509058
76680128
85474593
4780725853
1674135462
29790017
183200220
3715208654
2275415491
2399374992
14719617
4783985005
60281200
382585561
1289696168
1162797876
3410111453
824316343
118344091
3081997983
4023441873
701980556762828801
700390666052833280
1151220074
1328059987
170560860
1101115080
206406593
701874104224206849
701909166684708864
377102494
2484508987
14328850
366742221
4674620352
701285296919461889
701880528597860352
413777121
196756191
19928568
94256546
250362489
773600556
53156689
1013532642
248422161
4125007452
47317699
44209224
116347182
4193392355
434828645
4748643715
9875512
3373980345
4888787517
322044490
701001158538579968
4375175780
607992198
701661503343108097
701637385948262400
496832382
701355516493066240
701584159781875717
4750158674
701550184543596545
72169722
14338842
221885341
701515030555013124
4830926424
33709200
700558421997674496
53164499
2451415978
14620049
2656797432
257952086
4578190949
49796081
601900191
701455048975450112
4716059607
2360842735
29241814
145709760
3230437748
587748673
701378735761543169
404219772
701363054500573184
700769893357068288
3253897723
700995615107346432
4919095550
4722865520
1115548956
3438691300
224912877
17811996
701260612794503168
18454442
15807888
229993799
700939357331402752
549685272
2317792764
15263919
2234085102
367782947
1905855878
3606426612
1114967077
2890321865
3006466763
4897935463
20393099
4813249943
1198563614
4046411357
34134010
3022076593
2666965753
1756369050
298868153
529574214
700784625975570432
2732642320
226682366
700782523379490816
3063679556
239993804
314349468
4907379920
1876549004
4878519898
169929460
1715624005
933062558
18486598
3168774950
3063399774
700490267846004740
4847435888
2616735037
1127049992
2727449204
991589743
51157322
3803771237
1252055724
4902735323
210785397
195947171
1134432127
626154207
699952702072221696
4723890332
4025986943
2600004746
20838470
4924729724
3197064062
4722527953
35805070
2877572644
4923487033
1191899893
4476656114
4664541824
105028944
199082624
119433958
238173568
1444614408
17276896
2829445174
4878525479
303679007
3157851408
1678311085
4914522598
465089434
52470116
2427521107
19718163
4452349906
558225686
3355196331
4843328958
589935579
3195278881
4901472347
4375317134
4745556849
37810061
32443478
886071000
115755880
572693281
4905799517
4902010233
14424183
4035573736
4853735001
622045531
3028990383
4849545316
770591088
1924074966
4906830814
3226213982
4885592584
4845273966
3240967158
3375369297
2175002503
118972598
17370737
4917580965
965142457
79827261
169701996
1676648952
2590773241
4881369013
622955945
4797696803
13378382
2906380258
4192002852
370924795
4860753660
536417343
4836551354
20696128
16698445
3329964173
3328536067
3140615172
3107898740
47865847
182319000
4471310837
41175661
4892867557
4875738977
2711741576
600941366
351017878
100969307
4611471376
3010380150
550403927
38369830
106715994
19927845
318009616
2307455354
4820206187
73572079
4850754244
175900668
272214555
391145899
42086276
2317382414
172863320
2804232571
3996965494
2931629354
1380543474
487883238
120886825
3235630861
3304795216
3414569589
4820970483
4821048130
4820190081
4720711783
454337615
222390116
3305374210
697230898509541376
4900721347
2909669839
3668676315
6902032
2291535170
12514772
462020901
9940162
243462285
1289593933
133081367
18925187
24334357
2195200232
972826051
713641410
4898065364
3016309994
20066614
113146283
631882766
268356765
4866240490
2315191895
55563431
875812364
1585068938
2201291034
698020702679539713
2822259777
21370091
4887436631
4298062096
262419777
24877462
20819152
4872005594
4880047932
2905783012
30092699
9423402
20900143
4235701951
3656802082
1083273062
4800961260
4239352455
334575184
1530603942
21724257
23483816
4202214100
4882644018
4824107477
3317725195
1919465358
141849478
581799618
1685464476
588444047
345284495
4582619538
9126432
8783912
65250905
24415586
4865655850
21096817
418391521
2962536352
309446355
14217862
3388641719
225271647
4855951093
543678062
4883878744
120871980
17854357
107584315
3883104256
15470486
462623261
4494861437
2191458186
132821851
2959572593
101825012
4894976651
3110482490
42886932
3248441819
4856857061
4764611486
2746380824
63445804
4055252532
3039572607
4745928019
223850144
4818409618
3847127417
4894202415
4844438185
14296958
493083938
4870828907
17315813
3438332585
23615925
22147617
372453166
315000878
21328786
4831099750
4656851657
569301715
2955452403
1205347476
2236047612
4877650155
40562194
207499493
356408635
21451798
10473042
14770568
3437129620
4889960301
696493222521081858
533392672
3093697095
1859468413
53729206
105295143
3175329842
4374907752
2851110325
4871278513
35871249
3238484015
4853997869
586507928
2381080044
279483742
362035439
4844435758
3439264492
4886767701
1595470196
2837869111
3751705523
499789595
227093737
10138632
4886342793
43377353
228227996
212313808
38708431
120377675
1536300738
22637759
263742885
58198203
14048894
25365510
915014563
39481002
236915430
3196635223
1094869628
4885003557
4563357794
1068897523
439701923
3315974855
27308256
3059138047
4698565152
4870511807
3016222104
447854658
68038576
4773471441
17068947
3607886053
12353492
4846124199
1117595910
993069404
19763307
3536856739
4881036011
4737448641
19376470
3229794835
4494274332
554858399
478115082
14170981
4864367606
4826836770
27085369
44930291
83252534
19498393
3786641542
40282776
579330283
135962823
4878113387
581275345
3838531701
3404153157
4765098222
3485541742
3389825219
94067558
4837893792
4877987369
21950962
522901852
2999309223
4184479162
232862869
4368934036
22712918
2566761355
12682692
4863587845
18189149
3324593229
171465144
1911124195
1636036874
15309238
4862066665
176520306
1394834017
31265217
40383726
109967974
4158027371
605824221
2365408057
42520414
211595149
593205655
338291677
1275249432
24778962
297163618
1502811265
3365722529
3847275196
2725046565
3114610490
4849724160
4827015072
15277503
65492831
919105928
207880335
3612479956
411038437
4727391650
403548353
721042534
3420538565
2899209627
51778456
2185853998
19729412
4857721934
2172338057
744951240
465671507
269942666
202577956
16394668
474923723
11592792
9907522
4875214955
2710658526
14630554
114839520
694984179868631040
76448221
739113690
15904384
4872396845
2586147390
17690611
4734976140
56571505
4409615739
2439224239
4829840224
307882339
2426235546
4873486389
1851427466
48765640
3386963489
33944421
48986926
2308421508
273729767
43002835
88289127
2459640720
579098678
4451558540
4853290753
3471234142
2987600780
21174723
4842648252
106510806
66161384
3094111289
2165471213
309298750
407762916
20445899
282479739
27884239
18221860
4835565815
18314274
4858231713
3472937547
1596061896
4768842231
14464823
300452003
2991780182
4780069501
4845791342
355141648
3092577015
2330696868
72251938
90971559
3662209462
106914825
353541551
1711021106
262738232
262751002
102991338
4194406887
1577019044
455811223
4733204836
394658192
1613709416
79411358
2200700480
143242480
35663593
2297424145
600324712
3197532494
4871045673
314846592
67156860
14613924
144276055
43727212
1061822042
493403765
716532350
532030320
173784781
1616158050
1595581866
4744196292
65769254
2811815592
2844552977
17939906
3871287281
1639858460
32283017
1180727826
16165094
927019236
2459703474
19738915
3122394911
64783435
3134018782
4788656300
4156333513
3611022021
2391171044
4868717319
146122277
3168309512
4825655635
30434028
99338201
339746799
1327133264
4003920141
1906965571
17466492
1940079876
80194204
27689263
321035743
25276610
478936163
2688402294
329800196
191476276
512068997
2376743763
804798697
366664303
19495097
16289048
4863880252
2565196434
2828212447
4147277654
123282802
4756791673
4056674715
4862968215
61608747
3183194794
2340643513
984671185
4336730063
4838558294
1111009880
322912689
493605810
2720403886
4827972205
123862119
1028738874
25292688
2243237430
36655372
3316954642
145294898
4842556755
2980247974
103692709
329429908
19599449
195992572
3814569557
4756971801
3342792568
2655547057
4824933779
1533878304
17324722
3131034173
478692350
4857809639
15670031
4281002533
4862952856
569754798
4861108883
4833743178
4143628933
18091293
34717352
364372773
4861885881
4862092329
71015825
3303629975
2967256900
389340918
3257589785
3250947120
314548237
23412965
3202474484
3021378844
4100482823
1861515002
4830019477
146155300
4827704363
12526102
1454616996
158149370
11215482
3160703420
1298759426
962044795
4629059274
110207937
2953620090
4279231817
4662584120
156981013
1851106460
1081099705
246103
251335334
19919518
146214756
57429327
2650366744
2507151392
4714768332
2914366024
113335501
14351152
3325563285
1232335945
25337753
2564707484
63606248
221864101
1890842214
18560067
2168230369
194742978
602345105
2342387196
4576843701
361216479
29781346
201272094
4248451575
3317872273
2583823092
3290026666
344607087
3305501746
3450144315
15890245
4057510998
414466536
1633058688
3314321803
21122835
262941498
153626330
15444117
43156555
305138031
2914949959
24118574
35819320
2379600852
4855153060
2419187672
871588802
47837779
180759482
1584693480
3424877609
157673967
4659689680
4824761710
2546292036
718939524
1675103426
52599815
414823310
2557045999
15275517
4816962206
330055650
3621729616
2460923132
3107722320
525583390
3314447136
3276323316
1948680224
24122638
715148928
302807185
4555389143
3197085457
4171710791
21653206
4851923325
33960083
4851891676
60968743
2579714306
4050393492
293088357
4263451273
1104358086
4262289193
47802567
3327425966
21997603
50098657
49961375
20011202
1428618049
84163536
3286959535
3312861212
2759673034
2872891277
92372600
285238277
963138962
771441716
45810412
2822452105
14429086
82909997
113241406
2438572014
2680553557
483195215
4362066809
174654182
42880866
254215570
374171564
635120910
16346379
3315642987
14757722
33488339
1095591307
22889873
19538980
2291358331
283077671
61217739
4846971719
3410773779
2491785866
16341689
3115274661
905457228
16823756
295130334
2507513650
37990030
258115225
113086647
390326660
3896363355
4306877355
2806553856
3630881895
1368189433
72874511
1490777384
1911488042
25818717
4814047590
1031356410
116303050
360032494
126903716
248919902
4754063720
3183089767
18602902
2760614596
524789620
17198373
12565802
3235456254
20563992
75115338
6010242
2763057025
343457519
26061564
14186598
78569316
3114995841
17187362
2669977202
67403167
3185676230
2201121968
1378741675
459110130
2287646160
589098279
3017783983
2494926771
3289778925
3167728015
21654768
346863007
956395021
3901265773
263317397
4439267299
1625556889
1893195872
3317475937
3047751019
3321225829
16564030
4782438803
4839493462
132632681
3701870714
46183399
4047572840
311912524
2999595633
15753784
85370286
2165893506
27796728
3579039143
12254752
1459191978
14193229
4484339849
56021099
325840035
2983324085
36065105
2561714864
261799782
2953783114
146067430
4235585891
3006222401
2799776583
707868104
592705359
79035602
417649971
132827708
3044887403
16029910
160983990
21664805
4835690183
4783241005
504783624
2303771754
310913939
76930926
100630165
3779037436
3912376558
4698371778
92128137
1702518979
3017742806
173853791
28691201
366268831
854807468
955297267
348526465
1261095806
3219638749
27363583
2161782283
415924769
3259581219
462622261
4784090953
284687942
322014662
2565418136
2601984811
356276445
4833838996
2226594138
2749895055
4829164587
3286565714
1459395942
456245810
594100940
156357807
11613622
3225175057
190536773
440109717
44646355
374134070
2379160560
4724739498
473655060
2666145846
714153455
433969728
4734667868
16960390
308254197
2412543222
278003525
1488439950
466656757
1654666729
282852336
321040429
215449919
16152659
2377391
207847155
27521080
2985418974
4718848639
4136556453
77232509
2481532285
14717783
143527832
109597858
2513148811
2970837340
4784700812
766369117
2243119513
635334644
3662692276
775243850
4835373274
4635583279
1356489212
275068821
401265927
3247524361
8881682
2469649754
2434248044
3887623573
3257682710
18912438
2563734427
15670334
31208287
15577616
4831927948
925985083
171847644
15751241
2377384461
259613476
388455499
56053066
2527668674
674413
201412682
4356280041
3680261653
200401815
3003910674
2990468906
518154180
3119094543
1653963704
168603592
16097766
5898362
2382722083
191814907
3090704952
4491825614
303147290
256998861
476065237
2247146786
4829599427
4621029676
10820232
64864791
409072287
14761278
2707959582
4341760576
135278897
4649928443
2547912463
4000875449
3767634733
17548069
1189779781
84406346
936632712
19980370
3170494680
1960639806
375895596
2279387280
233743785
1622827604
3204125604
3257059010
4786502893
3390071746
2563266570
2268302277
774432325
527109779
215679045
2257731018
392386637
1495219855
47314872
398336556
3324242566
1449858823
729025896
1917600852
953698994
84639663
3188075432
2966516590
20152433
276520075
2307341611
30040146
2761242276
753393572
510627180
4825314827
45993125
485944793
3240160397
1911195036
3131095078
3836526993
1546166436
455386544
4726088653
153464144
4799017708
1529468905
208997229
472007565
2898558480
23638881
110254088
4787264773
1675644176
22121029
2867924806
309562673
1092148086
1495631270
296214866
249096055
224873446
2845066180
738724327
1728097759
3270403836
195250657
3280520930
3122103800
2720025737
164090742
4085807109
360751666
354203444
363064025
3316438837
1092821834
194321816
23333875
116301757
4786893097
2315967278
3368176366
3105894264
42965091
4707788839
4828299603
4828283523
15168937
87795196
341951269
16117709
3194902610
1077539406
21045623
2787371899
237737876
42166472
4740261955
26048757
19573238
17431045
500495616
4496035640
1426359067
223419787
32337926
221454558
205939041
3039238721
4784558491
2964811840
22993097
22522750
1302274285
29340709
958124821
580406765
532910419
2382155712
2749196267
45645491
2374463348
2826333198
2352352775
4745248297
3162742226
2483140808
57174652
1498410871
2764208743
3021726886
425286461
505573989
3453169642
4338637214
799611355
1517126281
112841585
482276193
389758797
27144740
15947906
239918565
848581214
2188092162
135416000
624223481
843638576
4705243022
2317662440
3272089070
3304689311
1164615390
19449250
236614300
4818202264
2817726888
4643937797
2546553504
375509630
2225235524
17572133
75991229
2833215686
227229810
334894146
3312678043
2883637956
2270986635
2693109768
1034824832
95265687
3321246750
2851812521
25273758
2531029603
3910061309
3241885811
29123710
2243944949
2906431647
35324599
1962281352
226321968
910233571
564180458
973622586
2365806686
111719046
313605384
1646463426
391650828
1005764143
19284455
1946661836
4711859054
323581049
4816435726
4823648427
29661095
53355325
4743124844
4777896913
363018479
1632239155
3246629948
3111938950
2267855205
2679789152
59183225
1143294192
583971557
127822031
222752041
97234038
4766927989
2597457752
28566021
1070220685
3482757314
14454762
165584521
151052955
57134042
123653506
51059227
352933404
3531693855
195724328
297520391
4798205633
167278656
1591242481
16047308
2927149544
36958530
708606104
3170990104
8793382
377844134
227819528
3399824423
23467701
603438092
493925008
608295952
1341917372
4591231334
16677030
75397943
463870813
2610081858
108381581
601148537
422951975
17653443
1021068636
3988677081
22616014
311165179
362039349
2456881826
2865655571
241932675
137903506
1472336425
3644848460
4772708232
106338458
440301060
59110743
1449921385
2532556391
32649134
4148690233
350552021
1668081385
385305988
4687189992
2235473923
554841989
4477991300
4115238929
154867495
113036231
124020149
1459934162
1710760957
402792703
4818347223
5761172
14665063
4335148514
3010670655
2368212016
1565712144
52226859
246985911
27893178
4767895057
457046274
25986984
14624872
3456614654
55805124
2823653794
2572917283
3302512543
4397503094
178636787
45106602
2386791300
1123644907
3034244121
4444889896
15821415
2861715719
2361530485
216553193
2191715826
2842600610
3296316019
2435415233
27816857
24834420
24763355
107428149
3431504445
