723479375539277824
719233661292425216
724723077326770176
964341224
1797956575
14645160
4411406354
717756961698234371
2316246829
455447132
472171748
2988036893
575487293
718435963316396033
4568421803
1478145535
706581289936265218
39806757
190589983
858646280
1939588394
595983391
391876244
4822028422
4254342867
4383651199
4316594173
2719732916
4246846574
4076716409
2699092410
3951277953
3755390116
2971538541
193955867
2620205761
35046081
634900591
181035077
24048518
2505684067
3440201056
3376811687
443276352
3404990140
3278587723
1384840753
2949404474
498143534
3314492128
3290417679
3288540627
179759347
3192598176
1619406877
3153919765
1292292804
2732723326
2959173737
3111076943
3095579153
2401467068
3094041122
624452375
3072490369
2782964088
2998230629
3019223318
316237397
3025884723
3030825947
3009991673
3006722175
3006491554
2998656860
128040133
2986556489
2984661814
2984484381
2977333415
2971634571
801413347
2345879125
1195164710
2929100505
2929017691
2154486348
2916025706
2866274303
2811697959
2858135925
2849155701
2830513216
2854943016
162401085
2513986700
2707394873
2511277940
2765934251
2536469117
2752622861
2751591549
1287312536
2750661970
454479540
2743882205
2739498479
2734617303
2670285805
28530899
222892996
2303864298
2495351544
380519258
2511582715
2364760345
2472586585
2233230096
2459160139
2461816200
467697303
2409550440
2424613758
1660043941
214852747
1434553214
258036226
561606903
737286192
2246765041
2320035706
2278224103
1144119416
2309021162
473469071
544802928
2293784671
1724308063
414508416
2198855220
2244953419
2278008242
1575305118
491615425
932888479
207553392
2186674387
2248012507
381827567
1611239232
2221956175
1067059154
2149493576
2198585003
450732087
2189310546
2202271584
611466393
1330039446
150851185
1380226908
1612732458
2185129610
1028020260
2154862404
308138380
2170207664
599782235
1677956282
1949238668
2157934286
2156843166
1287299395
1949243966
1971339626
16933897
239553705
867079038
2147837389
1949883882
1886807665
614770040
1403845010
430139531
1297657604
516520344
1887604806
1681404434
731976782
1143376874
1506871009
1696349359
232195267
188088918
732071718
923696972
979707044
1240134607
534875753
570501666
1573861058
1434306858
1344924836
1688650164
1697983051
225644558
1687218133
858211926
1679663659
1674239594
1556927228
1615369724
925752348
725053610
1643073270
1654114123
1255262820
228425612
1157311093
1526340000
1643219526
546357361
520965901
384691147
67978536
1049148612
505370697
1608598352
1518146078
512455476
368476443
1356688789
850671918
1529354144
580845850
627437644
1578948235
455046316
399878460
1543670010
1527370892
1242721712
1591654718
1589885767
1567242578
1135152661
1568880493
1578504828
809385541
1567279256
538776603
320780818
1107128826
1332972258
1566697020
972681290
1359829182
1226227734
749411228
985136748
498877024
790455319
1507772017
1525956260
1029716574
919622803
1244482500
1437387900
1486056626
1138416278
571077584
56195211
1499805068
1481072725
865876736
411540453
440582593
585155626
707353206
551136708
813526802
1149192769
1458578839
1400806723
603043502
369245824
445595127
818607427
550468021
1021245355
1455241634
1429337786
20399617
1102290206
472220401
733518451
580511234
942172513
168365010
1403557932
840875340
721287702
1398121812
1273100346
1186513453
484314219
145409573
593144851
1336720543
1092984115
482395174
559061413
1087188757
384495731
635463545
1046320734
480692207
1289620398
840410520
1255633999
593853716
1000047474
710997228
1188002526
1146920744
387943472
891920976
1027261975
711711758
468338253
1130002608
1122934046
508242497
630706799
400240485
1020775016
919974896
1087273117
610478921
815232013
903839509
1020829579
1025007637
373108183
564946947
875981647
569441119
820777914
964369130
851837198
946994792
834124621
487865383
794806506
926248921
595943254
891707360
870822524
541913346
431241934
870748950
940445868
872055847
403696176
486132115
781310816
380049373
818174036
618702028
373501257
727392090
486613063
241699091
205005505
795122868
243360662
723390061
501997547
