14134204
2202755263
2415765410
2533631120
126434587
702991497554169856
3316813258
520145569
97743831
705314366560849920
3227204152
356324165
4851007686
19054245
1399014625
27312017
459601671
388809306
3224883703
47235439
2824792399
170404126
22822740
218547418
19582149
3367165533
168903696
4065799588
4173988780
13224032
87557182
2222218243
2874878334
2859214949
1086403482
3045076438
16268246
52742277
3112396004
2983125032
2943149982
929637404
2807320611
23106530
40886429
3047459912
28202784
246089288
338743622
898296218
3006586407
2446308526
175159760
16102208
289177194
1909476588
376848550
133046658
112396470
56038149
481437720
830221740
2275177662
1615296066
562214393
24476468
24655073
161535624
39244642
855570564
27700150
