3319444079
2777426659
30398084
4839568859
1836474433
2366397027
57952976
544569728
696086614783750145
18131864
281027236
3722720801
507813128
247325537
2826617577
460012237
14249813
3196705921
3227582516
3066111542
2327361073
944393486
42299296
3227827510
3091318692
2921343710
2666606843
3179772606
180180493
2393588817
56506859
3096420661
3112005433
3094305873
3038639822
515808727
1730209236
1375172946
32896052
2836897008
2937737098
501010881
2669421145
315525492
2216885706
396197933
520982700
2938355120
71893970
319050143
1370209410
2910326878
39881209
1858388130
561389363
2376482372
2268683124
2908401638
217230349
2886061175
1872121963
359807174
320253870
486721511
628190751
2764743600
434587994
86050279
2542865082
2592950849
2550456332
2343898400
887750492
2381412102
2343066800
299943929
73627289
254077651
99573612
1967070385
2232133488
1723297254
285881788
267504595
824565608
155258749
1713291049
21324982
887258732
576594432
356264723
427640535
245237733
1549657237
1027934064
1473290946
1249957410
51585057
1534551174
1525846358
449957098
1290295316
194706938
1504923470
250635872
259086165
302116585
26571850
21976616
1243998768
1304278028
1325837773
433827758
14959367
339407272
746437892
260535687
192216958
156395475
98701523
848674573
99560031
438725924
871984464
616717659
594292623
423807008
552738074
565190545
18938515
83236127
50094336
456323975
233392538
768025412
17427012
575722854
624965877
21362631
150138621
354605949
177396597
44154169
19995253
367539908
61056343
783718801
