725615479428026368
4877484687
29959495
711497410468417537
701283530823831552
2929627338
4893401633
911971440
703519562881490944
2218847930
2529547256
4858419009
841491744
119255532
719580864997294080
717388645968191489
711896658938863616
4519040474
717721523000328192
3865357692
711339090075983873
1887059492
1426388498
2933287022
4573242673
2532175668
714456377171685376
269680454
713087275169546240
145590207
707216121288523777
2434127881
477261031
700580497672445952
2507774107
708156366746025988
709508582841004032
709688110699839488
1618405290
1093288135
1715791405
708609749131120640
2927609496
706008523180605440
701241106122420225
695568345769181184
2801210730
1916738564
700501312224391168
705022867654746112
136250217
3699855106
4912359668
700709168110407681
95436756
565243375
151096024
45577730
3528477619
4099050732
1707146660
700963247554478080
4046078894
2880410672
714180781
597302173
2988923324
3107476457
4753686857
999910669
4874931080
629207791
4609492632
1340041214
4900179009
2901880561
2681546958
1141348136
2413983714
4144695433
4517682253
3230437748
461576749
4673345527
4748317399
210768478
3663502934
4794532950
178352412
4170176919
604888692
4831716729
3110248639
817300549
2930685397
2273164550
308333631
4127253982
3143012684
4722544586
4778413022
546009162
1630155655
1032088939
2742831174
2698107104
3272605818
4638110833
2915341158
788748416
149813438
4255498452
4731471805
4530055033
4310658200
4671106254
3147300513
3811703361
4713145670
3307718191
1372359912
2210644478
2441774077
287979883
3366812062
136185881
163179079
2208372715
4407817659
4417941852
241047402
4119516141
618790274
4474705334
2415504834
3298044841
4321829124
43752279
2797311222
2578776906
4262672963
2937060084
4264355900
2387271313
17510210
3010020157
1256646259
2787219084
3017981414
196619512
591615598
4219591453
64629686
77515810
4399158433
4271570002
263521936
582781997
576071864
56269245
4320983592
4321091052
4347332232
4344803053
1076883014
4297240214
113676206
2148881694
120201821
232240926
3326173639
3318932394
4069283834
4291603813
607415854
3319839546
749964091
2724204734
4001310262
2958288732
3314880697
3328823160
101449464
4077664414
4181956873
3398911332
225799156
3957476592
1655809106
3956879715
399216881
1485929035
4122774852
4122608652
1635337711
1246130822
192522334
244015516
3869271254
92474136
413091247
385274059
3221604780
146552176
3043885464
3290708127
3019183465
4052146697
1359893744
387334041
3323727956
3072701514
3870640992
3971382613
3287335028
1598229270
3938426714
3914378652
3901003453
2228360576
181611745
317583447
318286980
2796409597
3302968802
3851121976
209761723
3824563766
3399497141
3038324352
3012479099
3792112514
3780726624
3657939973
3104768082
3737932399
3673885638
2299997954
8101692
2854260631
3591330146
1008500234
2910253789
3537096974
2352945966
1387304870
1716195973
401205328
3417083293
33791650
2864201106
50107114
3410983572
97211496
3390949093
3403621820
3434418513
17693095
1578552631
2922538437
821694582
3372633974
473681613
3323600598
3245858018
3360348132
3007707584
3271571556
3312592615
1450810573
929217169
116397398
1116514724
339582833
3069153271
3315492786
849417793
3305285346
1913596219
3301806007
3387208689
3300128539
2966054842
1331204826
165681584
3241345400
2967730570
598034378
3026614738
3252814680
3265902188
3229684225
3367986029
2987906114
192517532
2998227512
2277864343
163335612
352202650
2606019620
59503541
2811576029
2875819232
3225967279
2917284457
2791422254
3246823939
2438033409
530943539
45555071
270991081
490325607
3253568713
3345960381
1216417262
463638256
3252738210
493061509
450419907
2890579135
760185630
2190629725
3248923076
3244977192
3245028878
3248290586
3248317177
3245145775
3247747177
3248127200
2719467062
3240546403
3158490176
1467558194
48981432
521027157
3170999479
65357007
3099332862
3243293052
1422712124
3246664798
3236139456
3240679495
557628444
2927206159
2576618598
3239094560
2153027766
1533742710
862934166
3213136863
3230666647
2987831295
2668479824
33436172
997144136
3225584642
3297458823
2986995799
3180466712
2320381411
3104447724
3218960563
3143018604
927385039
2274753764
3120430270
129076136
3059937379
1866979836
3170988907
3190544916
2310161460
3156870608
1704509101
3178046102
3180603865
135866856
2660125086
845135671
3166044649
3009924139
2896681303
2283412802
2178163906
765203844
53286865
215323887
3002856036
207397774
791048132
3073338468
130789459
3145960812
486569185
614325207
1351195567
2681569526
141960398
2320526684
1626076542
358092714
3109932937
3071759082
2876078470
3115616557
3102851172
2930143837
148291520
129565485
61735014
139639440
3061176560
221057739
2482246752
2443830776
3112671520
1629713917
3016158062
80049999
1712579652
509144718
1467963896
68941804
3020037314
2996625624
3066579368
2266155205
2730135793
2984054610
115079944
1640408798
2963423337
2892436526
275190742
1321902782
3051922596
3014083298
3022849861
476065237
2888360622
3022133083
1903431162
97428946
125619661
2725522934
2923044098
3017104772
3016185522
2197439803
3019795593
143170800
11793012
1167885218
3005700206
101472845
316287451
275156895
37901535
908538068
2903626578
1181591988
2994803845
2433794674
1275871459
1875715856
68853997
2894844261
580679102
2956825406
2952390985
2914590650
1600775180
1410446101
738155359
2646157713
2741707032
2961681756
1693124178
463904672
2875112246
169495257
2874417913
2960519249
158722168
305357340
2799256327
2322429085
524188756
276399768
2940312199
1101236358
951643645
450721951
2805505184
2449288244
2310178639
2946634038
2702304294
2927010644
14918367
1885643623
2939309922
1116882276
2324622325
28526704
2927549173
2926489944
2929955946
2911640068
501850736
2782520407
356844437
2472178584
2925205844
1562278016
2475585678
392553274
2542762771
1030856952
414559623
145118691
1391398998
2409292766
1608106573
2442309652
2908362414
50317822
2685730790
2336367670
1098517717
1534582454
2833806331
1138834538
2524221672
816874111
2231186966
279018669
2894934937
2478486757
853328364
2843055056
410498797
2884949552
2890556894
2396679984
2880819786
96588163
476699711
2412828440
267088951
2148847435
487604783
2772299928
92256732
154106304
2852210780
624683698
2842252700
2805230762
839283151
2388732152
287763092
120118913
2791087342
412999143
2748841626
76365399
1897478222
1075803828
2235551624
423252133
1575428748
2824573526
390668786
2795940456
2729706094
2662733401
467217277
1601762635
2729238026
462806573
505760057
2447320637
2352001479
2779203888
1118671262
1545724572
232038528
2778672355
559356155
1116218701
442661191
181293494
2564957814
2757804804
2769914930
113560096
1545763104
2763103010
2761314512
54516116
314128517
2602902829
111834820
2737273026
233916014
822034718
260606080
2723356466
312596638
1917389077
1687962230
2323832523
1001796666
172317288
2703643921
917449088
40193294
1900861760
2505789890
107717712
863326374
1567748173
2733052725
251486135
2330259961
353695273
2443775408
172824384
1459219710
551031273
389087873
810905587
2476651844
1590375756
476827680
2545641438
2187820921
1536949178
587263534
2508639770
2637415538
2665224618
1471653409
230086615
134039018
163098551
140687671
132841308
557162010
1118527824
2642463696
225425967
1427325217
2620848907
2622042956
113833397
1949952288
2550040363
2593250341
2351748452
2602330730
274865913
2381074298
481111383
2568969270
2597989482
2408881735
1519196220
2594562145
1062278047
124438224
221996373
1699793646
66634298
590827650
2532747673
1937518302
2514971682
448700496
2352725748
2577238898
572852066
1332892980
2330705538
2569043575
2250021950
2572338338
1911181807
1627559462
244197427
2562747320
1054272740
35168277
313823966
1033391342
962315384
2558672208
2564604902
2510493360
2604119459
1377902317
2534813124
1470389797
175231517
2410937274
285018668
275587125
266370472
2499200172
169948134
2557152850
2412307048
932376702
2374277652
52700064
2157593688
1343906394
383833721
2289662515
2376598212
825846300
1079072227
2475038844
1445528906
2459239898
276140364
2441426554
2290898083
2479369164
591187871
2524886830
58757652
2158286582
2191799401
2224916024
1551671419
2438168438
285707211
2301261032
377401816
1375227816
2473982936
1690131258
459390540
2467380296
514308628
2459418606
2455052928
2385056564
188623151
2333196278
328074117
1517054246
1694055774
2380150280
2344677655
2371758468
2253853292
317911837
1955482506
21067585
289453342
220589008
555937182
2375357826
1634131285
808950050
1893526610
2343764845
169843033
79995050
28384930
1277149010
2196639456
2401680878
607920107
440627910
2360612328
2395892360
2347141327
2359104594
384248787
2163405125
737286192
94475790
633101044
2357860718
17525171
2329795195
128810791
2354557759
2338503955
114520493
2203001364
2341434571
78308227
516255159
2328516931
1633010575
554939552
526915652
2309022805
254637522
227972712
1538104417
203553447
269262686
333853648
957092148
2283225523
2287374895
2280112622
2276543592
2198146470
97437968
1648176326
63342804
330233442
2269050721
2268396600
2265648757
1407550110
2251644566
1050936474
2238949507
1396797380
1467228402
96732276
2164765753
2164793306
2220118310
377406371
2182763054
108623895
919860212
2207441006
460140343
1667352578
140687158
67594122
1398828240
87163027
2163190855
264158926
1323072836
875221994
260743183
1150012214
1918773920
1931125158
251965173
167038001
1968662515
1174822692
1612072249
1703038128
72501768
108622411
464564752
1912854090
54870206
183541994
1906444886
134731663
1322350506
1712271919
52673653
1691310480
599852134
354765071
342012616
1903298340
209967933
368822812
121738276
993214178
1315842488
1699382749
1464036570
837022160
63944381
992651150
1050450919
16358656
17860250
487419084
1664520972
1637356051
98297511
458512419
136613619
556844864
197150180
1108471027
123950121
373934889
324255868
70637684
115872415
185139244
370757396
104889279
1660516476
1572815215
428347349
27188645
244445953
128193854
557940197
1246541426
1106522730
385839594
332488826
235413311
509792578
126168534
348275829
1483776656
1363817132
1394258952
581676375
721896494
897638228
843294510
188874644
1486376179
1484524351
1331791975
1483740834
1482548348
419397009
929209980
703645412
1054295773
788616589
1459232893
13572632
438470122
364212335
618215957
211935834
1428617960
184723988
157290541
1423167643
41774431
252092398
1243295106
1366521204
1381125960
1393846597
128170440
71776841
929468538
95577077
1371482113
552649382
80212902
1358581548
286788547
1352322398
385853766
10650592
1328639438
183792426
404115935
1137649152
1258934551
108269378
1257346513
234713570
113957429
1233123306
350621041
97264578
17184753
1204499059
189286079
320590836
1091655638
600104787
1099056462
1147280192
151003067
910318986
706860992
1086604435
582763122
1089782390
525542733
80527913
626324268
500027239
102459623
557805417
122663553
819020922
133614044
357710125
1049864173
627126416
1045993380
779827033
171329102
498270929
291840918
1036862156
492913323
543349675
977777845
377368598
116736740
700757300
711146634
294188554
715499154
57283239
994900604
993584965
833857681
881731999
481262323
831078859
634509509
413042746
843048714
962130967
374623831
843202411
15261665
71205950
608046215
176732001
229501686
609043130
216785370
220978569
915520741
260643223
899738029
391474844
20130104
482033870
264130221
60338191
183260783
492945748
886290811
555220532
73730923
574589052
838133630
570784024
15688236
297255525
575201694
839913433
129861132
784055738
564443769
581576909
834758545
443654423
425716177
819107256
822910597
277459930
814484900
119434225
452749666
78022296
161999065
146044873
608763188
421140574
134799361
113376749
446091315
796600392
611877386
70285398
369406133
6497652
572511219
29410245
430566589
732529994
88918674
80522170
534456518
256871985
251831851
50328323
405459097
149429231
17958159
157106448
345188943
266688011
728084455
611522564
376106733
611640571
298700750
492129824
634720839
98560085
378049415
472777683
17343006
269656828
505709993
428209379
297015150
602000076
409817755
561825990
561822189
310110871
543250751
441512433
484627782
14941554
417795178
372857640
447514217
318929469
417340545
258849623
102621929
78632434
