722655421773791232
2523485894
473285651
1077483926
96867100
724723077326770176
724271388341706752
339832905
717756961698234371
722717819683672065
2485888248
2485959817
82383649
2588109960
3529948098
588559501
2845849081
16703058
4867884322
383715668
211094486
2612411625
2341266996
715441817425031168
714986889128779776
708709958284681217
2164429993
71818055
2916874512
1870189182
129582715
548006311
3537181517
3092789555
4709695386
3083265641
4612724499
259689332
4221652989
4612049444
4460666195
1622898439
15863055
587935342
3590462542
2393107628
4215895640
4211331974
171387517
51003395
410719242
270020786
2523848810
3757639218
3689940686
3313839469
2400242966
2855115452
3229831956
3321841746
3432047926
2324002332
19155402
1943420557
12916452
2917948339
41008711
2737877461
2305617024
3277038230
1529852652
3262952186
3260126946
885037470
423293102
588626056
870045690
984097608
2953702991
3194164224
94916628
1955132936
1716710299
3207631774
261749735
3169252400
2982040277
1466044560
156676926
1234820298
11673662
3116390316
3111099793
2708114490
534318021
39606379
19713521
3097107194
2577175568
2650814664
3060351152
2992590517
273488721
1950069259
2999931422
38082035
14581497
571224644
1681315604
37970327
2955775674
162018381
2935735655
552782669
2928684686
2906791820
2788146511
1938663272
2899804118
2911143936
41608591
15328862
169364387
375526442
2872304045
2462079870
2890311030
2857801095
317871841
1656690139
259649352
2147984827
161838875
2880197672
17463660
97486299
1368601634
17723643
278147944
39047949
395485192
57760097
196545424
1290357336
16441100
2496424718
123131356
1510870393
317378810
36334820
2288632549
314471668
1724062170
1261057682
2781964275
1621500241
713545387
855883819
237726869
14519349
201388709
969043093
2361413834
546878724
2422364448
625292013
2750239158
22822179
17789690
2800206458
45968105
2258226686
377718470
15013646
2791309675
172846897
57497901
1010416652
523988106
92415827
564705230
42208855
23251100
2306738563
354582942
2468470992
2742139033
2742011150
182421263
2710110758
1449744306
625876566
2734461889
15412070
2725655653
35398881
310339701
307183741
1327292496
487249114
366812553
21721881
815495712
46955808
574826771
2710690544
136401228
28484970
2706388879
21567608
2581663284
2270778943
1900554720
2706958886
994293373
522760662
147284772
151237234
342894187
622437626
18906599
253010355
253019079
2344869776
1902453404
1490882442
609731087
365340868
403942389
524192807
1630255716
298228389
35867792
2478382296
2502969030
1012724688
58525147
124826748
1665864307
2231563825
180273672
67175124
83910168
511026754
2534121224
259674489
404780488
23205346
395981745
73657657
254727002
1277723287
105535889
2177130499
55583596
237166691
2455382858
97070091
211428163
411845007
262749118
135348838
1281369924
174715372
16807285
38804737
16569222
956304722
19108842
140301097
1450888027
115756524
17877864
131800972
316181803
58846115
2432762233
2447773698
2616241644
8617282
2171232373
606487639
2609035512
2485909172
33057154
106374504
15120121
6276962
72249190
111367399
2422551644
1413474480
1909551763
83985689
2571358758
2491947888
2694949793
17090308
572157338
17363477
50094643
381032464
2568520265
2246012708
2541661730
24374097
450033262
427059209
24729747
120887631
108108824
1287168115
21688884
137832796
26429928
2279611712
2247792492
17268418
1877979482
19053307
469627774
1861074817
55315217
2384304505
56871717
305277457
14448173
19512908
95943762
357999445
8426892
457209302
44362897
16075573
57758942
7999392
455677699
2151186774
18345963
2409011910
427958206
2167060284
43668054
828238652
1542468870
235140283
1887582926
33079769
39897996
383513910
169997085
7688492
458836357
1543437272
37877645
461403889
776241530
29283749
410823160
62815642
16255927
295519759
234061294
391840521
2502271520
20897273
41417878
1643159077
17758578
584016075
116909103
53112612
444940567
2598717614
533589110
50774064
2599956019
15175819
732980827
373024636
406602701
27219864
27856259
543561904
83254797
389263463
238429211
48771393
1706406506
1723661946
2586390576
123602264
2544628208
208083510
14205576
24035547
1618641848
53689588
242618658
111225697
1684626314
1640814938
347627434
422216482
121656624
67624327
176474993
2190857131
1137380594
38485326
1027426651
31270821
602190876
169073094
1952076517
395773875
23335196
492833134
163628467
433137670
18312906
32135630
26391721
50677180
144350248
18616085
235062161
24636191
267390486
65453869
103119389
20414217
62554155
161128380
144657491
24436600
264962685
330509973
204530943
14466526
16392208
16261638
39651447
52998511
205360046
96684068
85144671
172314205
25197389
2593696975
30349066
2421328255
2270076919
95263650
61608747
59946385
377325672
887267017
25281063
1187588018
2585076361
75465511
107203249
2634858437
2584168248
2559961771
1557636331
19102612
2573946483
1522470008
2582277457
1700342114
161895582
1201979432
829735580
2535958714
1065869268
28918971
1142814942
2538672380
336498597
948180102
332290576
1183685479
2412814124
2395268660
985186471
188525525
188013000
30197540
24895587
15400189
625524114
117841825
16373045
207323988
481466658
91942071
515597525
2515746120
1173548922
36361956
264268489
361468994
80759906
431983412
2270712229
2415261992
1673421552
41170977
245873727
1882281708
2209606452
388388380
34826262
493609953
479562736
136274193
960798270
167760471
48343144
1549705375
35120520
32856634
9951012
510382195
904309795
726157430
1700426708
2488405086
85424613
98425584
387181116
94607882
389669612
49269819
1713944696
66889818
125322205
2310938544
37391190
427799256
32789366
328990309
19498317
393980056
368831357
1657784486
301869591
17943171
29130296
71165327
317079008
395849879
19478383
594632899
2207249947
615927039
916952911
96564060
184517281
1066647620
31891798
866501353
116619465
393910466
138520385
17994335
1969613893
148153505
32435460
2479022120
915408906
1138133107
570897640
1541200069
720756630
34033550
130728200
42289195
2503180067
39993739
18913022
16894084
259855785
48012242
117882411
22638297
1081043826
1599620792
16429082
75300453
2179554258
599304793
515894130
52619245
1282107054
17972520
2437573621
2429427865
2350565976
47112738
159784093
2245788404
24290348
2241791570
69681766
2371012147
168422319
81021492
2367429037
2365138591
2352618306
2360589097
2360020814
2359876957
2356645202
1107115237
17407828
552175189
2352017948
1673144258
217250144
1979368536
1104347094
