1149211422
271192356
603986609
722653472206819330
339832905
716501004762611712
710184896690577408
2861237110
4725476474
712519733447364608
2868122988
4812705818
3754328295
3233431822
4833965637
4202039012
49783954
3869824883
1415792624
2379862393
3419548973
3366059751
2571662473
3288556029
3301350183
3197244350
1722770414
2658935590
2949848386
183337408
1942566667
165365164
272388054
2411474208
3023093076
3141026371
2575696249
1705101421
1705098775
3120346192
381033115
2931399517
3022045469
605513993
1493267851
2862764573
27903560
112562263
2777871397
208083510
1455794642
3073201147
3091716425
1869929418
3082937122
2218884510
238369587
3048473610
22840121
304104370
2914160638
486619608
1261539804
996740581
482265445
249420175
2319138416
2549138646
2568905805
2495703576
1613981725
469586987
2331576426
1374330636
296434487
2239908875
878127206
1123415575
1117964892
259516003
160429690
798892130
1684601298
214819752
305817820
15381420
1634326604
126979461
373520493
1586100504
269062860
1344659150
941628505
437400125
1590611658
240876004
15959180
1435931089
1430593189
28827353
1171358472
374339240
820497404
454632066
560184399
1119424542
568422337
178964868
131180559
188777793
1101445891
476149277
1086362414
587623837
519050353
577753253
563934970
829987776
189129361
730769839
265693356
159274803
228950067
291941733
364592617
