715273665823293442
3558857354
3535086503
2791180910
929430463
21753328
1105525076
4411323734
422665093
3168022223
3710750492
385748822
1433427858
381106127
308620803
3795292154
705805045913157634
717195109662531584
703673878178979840
705902960967094272
718195757682073601
2431253425
3398030380
4698427297
712354819772686336
714662067911962624
3028415961
831209202
240531800
70156027
3277814538
154637433
2800275421
56249795
4893125805
3375141831
2800810057
709985635935854592
4100953924
17714851
2434533624
2977828764
3038374485
2767557240
318044919
2194828105
