212302405
714039177407369216
722200012449517568
442022120
713921318933147648
1277807990
706998590535639040
720141146014490624
2651990378
714484029727203329
2743919557
288028186
4056372254
2316118291
712934846545444865
713078201547943937
713810414405095424
2874050447
373018802
720347642950057984
714471210483130369
720347369183641601
714462056246693888
706365474251120640
720347591796338689
712478703385776128
2701143944
2291774640
125905051
7789342
3004663811
719717978221191168
4508077459
714330087047491584
711296381638582272
4074160153
720347359889076226
724654196167843842
711232926831222784
180102421
4866273130
724912445781843969
725252926445219840
20721177
720643214676508672
713066688820817920
2298191996
2924548650
725249287693688832
712487006601879552
4801943117
4881840760
785320850
2964569193
711957308964802560
1347788347
716233735906025472
3176992611
711243835700023296
718462364627001346
2454421003
2734396106
695981981889388544
3016055695
720642972686147584
713655116633665536
871352696
712986639019163651
2740587114
720667431325339648
3063418949
3107944448
709620154640957440
719751071254622208
719211087716073473
713638571677065216
2610928584
3002788946
3132994906
4277759902
3021385677
2953034650
352042318
3301028359
2458855225
458344755
124397732
711080082161401856
32135630
259689332
713401487695732736
718460894695391234
724182790921662464
724186802144292864
3011807083
183177441
722030421324800000
15199103
4707498580
4870461669
713153082205442048
4917285461
719941059170545664
60784269
2904967574
3466388606
713827540893245440
4482294142
719210583619448832
711963300838445056
3308434720
4109489885
3190978897
3293943025
258509101
3232904432
3676512972
248731301
3316309608
713215658180354048
4901291644
720952550602776576
114481899
720956296334340096
412914400
898477400
115681686
705509173824503808
2229545250
15836013
486287449
719210016243326976
18732392
14560373
716953100389453824
3434497349
718466776070094850
713768918817615872
3065324692
713747839369756672
718462756412743681
212007273
714219822280630272
705560112946159616
705678360442236929
714163962691067904
705559028408172544
2984246926
705557249536745474
705512823712043012
705538796482338816
714128193913880577
2997676268
714066196782419968
4739440199
714034440687771648
721788922007789568
4196371279
352963308
277805390
713857876998098944
3868451774
710863068763451392
713666794859413504
719671948272365568
705476576759160832
713632874206007296
713586820357824512
713514864564527104
718788430453456896
713279203102351360
17704087
718939088510803968
4564475574
719418538637848576
335925116
27217647
2814963707
2923189828
497782355
3407380102
714263763550081025
714255311536697344
1180862400
15526558
37391190
279414166
714030601867632640
426482239
48954726
713758417098117120
713643600827973632
3155257493
717063017259786241
52656353
35867792
717064460301680640
2490176688
1316344148
3917608992
713271978430447616
230745128
717059071145283584
723514770092118016
717061482496790528
717057048224071680
717056970633650176
717058831340150784
717060581392519168
2521852081
2523883465
715499839728050176
717013201733492736
716996846959329281
2470736629
1657150705
717630409526407168
710388105535160320
2402013390
719713922270502912
1032496075
705539044760014848
705512515871047680
705523366803988480
705556276986650624
722972526112985089
2906505962
24255681
829735580
722922532039442432
233933230
3492935085
4005375497
111726086
2160911635
17368513
2711741576
3189086780
2967801483
2998451675
100893218
3130567797
2373485972
2374652118
949545120
2460216512
707133576731619328
3092012265
3317431864
356350627
157764761
709529805943918592
879161563
713392825497313281
719182712574095361
713300412170895360
334635978
714472999764811776
710939969825718272
712440777490767873
115458477
4412998575
711623880696340480
2657818230
1386102528
715228466690404352
695851884087738368
4323651022
707102710693273600
67417450
1668523076
16475096
3214250518
4798752268
717078110823440389
714477622919438336
1018155726
3398460903
630147678
714375283357274112
2202797912
2159276172
714226977436139522
985186471
714170531805839360
714174014789320704
343772856
714117248122626048
2471460294
717014356848934912
714057880480055296
218552201
716997846701056000
2611552884
44150150
2834181117
705543107606126596
713953337260052480
631025284
705678233728061440
4001108422
2467597682
371108263
713535575576346625
713443216373186560
719901613792563200
397153645
379767285
34434801
719420189859819520
722515210846806016
721319365304532992
713378823501324288
29159687
714825937230110721
720888711139844097
722470462828244993
714786963425988608
546849098
1367974088
437674175
4794546274
342894187
2791107922
16710420
718485472280903680
3104847681
15177871
2991984139
1240449222
583043323
4798715363
718577825796767745
13111422
291748517
2953985551
4358346135
701082182408925185
2295217322
4797460997
4798742956
98425584
712872467438706688
2316246829
3307438935
4847056776
710864774876291072
3401311330
1040429383
2395268660
2583822708
2575561441
3172538313
979402656
3299411481
2469920562
16281313
2767303416
1012985142
18185124
1038467550
613692378
1017235406
190589983
1036744399
82383649
544459972
3316868654
3061427683
2959293144
710865023908839424
7807162
720764816793673728
43951442
144657491
3323157945
3399736517
3399683739
710502797402349568
3399716207
1032684624
718089614624423937
102347372
718089275955404800
4797460541
4797711315
710865540932345856
320917731
720764680843747328
720756646855720960
721710760502697985
4796026097
4847102412
1183887576
4791793702
4798682181
2438724661
3354931947
2904389591
710502884639526912
4177039692
704416026394501120
24436600
706516999946543105
1226784751
704114168513896449
704045464505733120
704022450200322048
91942071
718035139977084929
3231855689
720746065205587969
2994410811
1292856452
4896858243
4798764077
2502114690
4799142257
4777614569
348547927
4167812242
204059561
1137061675
713373478993276929
4074739847
712867570953633793
720153819682705410
4177629434
4797089206
2186062965
487207069
713425465231466497
24585063
703982166775099392
703932888694259712
703917035894525952
703883709922070528
4228293255
1269200970
2397746737
1039376773
33057154
713102062712668160
714493372166045696
714518218761613312
4852162364
851316548
3036743372
714500934072545280
721230455849095168
1007689958
4852190695
716130891207016456
718617257853784065
114711265
2974522199
87264511
3887296279
721357356194521088
3341926097
721354323096154113
3294451193
28918971
189770284
713046773116178433
14119412
16823695
36064812
142445186
398737533
43390722
2672895632
1142991062
184477052
12874852
3840968175
712925142331092993
3391699389
712899753491566592
141310023
2918997222
4839477149
478042067
3224550500
4211510292
4177738694
34091664
271588095
721114761052688384
720716291691147265
16248319
473285651
194569649
2729334853
622854132
2557353991
706103088793292800
1116739604
719494431271993344
2859906479
2460452569
4599918623
3040151394
713726009267331072
264268489
3037117710
335713091
19478383
1065869268
78643357
346182718
4832468170
35767916
3015609837
1489703012
715637689240793088
583225355
146517435
398277709
720726211865890816
2461140037
2744902664
711295467892572160
122014550
82244834
78199202
720980087689060352
710426475279872000
720965257771020288
2874700275
225231369
61171559
2929600757
2472651750
2803103316
2789356068
2284500260
1490639509
4449113536
715852442383069184
610351263
1534189298
1511659278
3012013231
3393012980
717184903390044160
3185181903
878928266
4515038237
720909431119208448
720908212682244096
708888601992409088
713174687522668544
716046541480284160
1926313296
715855464483827714
115945502
1040419159
3100049153
1011664393
3031942490
4177745833
713079926744682496
1012899212
713104943650062339
1038121033
716022675706134528
2686190317
182265955
3937914677
2425090524
713035732768542720
1039329116
2531227350
712972738839883776
703123528787169284
1039219860
712860048385568770
4891670797
2593139027
1075460258
4281538335
22773678
341190477
972909709
107633302
2821419548
2393063119
2207780696
317284206
103623090
399790225
717122366640406528
702283698314600453
111225697
1038224444
704289630254817280
1046685492
719885958393503749
3176978767
2380541912
582675763
719206443145150464
713186998077382658
220998153
4878349889
2464920451
2540147882
4655279897
4883471411
637251299
4925530869
1032478032
1337208289
40302662
2563814487
1668821198
247983953
2190034260
715844822641348608
713026953096388611
719957973968252933
623598644
2451492655
4716585494
2866089008
305791165
3355422509
885733974
713413565005369344
2262584461
4764728907
712443816901517312
3349210137
4537806933
54349640
704086404570042368
558414270
15372749
2854735155
1554136111
1608223082
719939727420481536
2826692708
67885030
719926139720966144
329532730
719101674153971712
4691812543
719901338730151936
23636912
30435460
3015162239
719841852510367744
1083389516
826537184
81730445
2374403634
1394346775
2432070122
2449747056
2852039262
4887373775
243288164
719792095922364416
719790441844076545
4771249284
14619266
719788018480082944
111238942
715083603022053376
1959482466
133702931
507568633
3299749796
4861253649
50067907
3002275043
4746778334
344245367
339832905
4307053695
227743513
210731079
3937513582
3981674433
3911217743
3631231458
3666676821
3515646453
3499463776
28693117
3404622976
3052348359
162945920
2955173349
3159730448
2458376136
3361265422
3350622544
1475510106
2385538538
3243162043
3248843462
1052263806
3305553106
203022025
26591324
2616460788
3307267409
3228039199
259056263
3014671031
2209624693
3246548625
308997977
2584659632
3239362649
1877724822
987022944
255676070
2495206458
1645239654
606631712
2950715206
310143167
339825066
19068720
22419717
2466342182
410010944
3092372848
82945140
615050530
228336487
3047558116
18895353
104948941
3021808069
2470532846
2896098316
334285985
2999429580
2960281527
86313113
2944496739
421419688
71478604
2914269862
17863658
2886373607
2822005146
844240099
42845532
2569285452
93165355
2556989773
129324501
222870430
2515681428
15812439
2503678165
71283546
265645925
1654767391
284164794
146500012
2337158119
162283412
87852625
18625993
2275565975
14238766
124868454
1006041312
2174690905
2162015409
532628241
1031198108
70749017
1577333269
1625863670
1325294984
239390615
1553594245
245093491
209632307
1506160225
982229282
111296651
73115179
234749784
1366769857
604440011
286893792
44150970
309025910
14866327
1151994494
258437531
1338617036
379649856
357900453
579892238
990871442
88623577
972725844
953867552
273625263
865247052
18872519
706528321
150227527
195477809
704536502
568156457
351200439
374210034
582318215
24147863
546408210
534475764
535005869
459216114
443187218
58060176
15335131
415804943
489332217
427686227
331832028
455978197
241533447
64466442
33486077
400621721
97414351
414802734
140974374
400256963
385996312
385889553
82314509
24137218
200825494
49880072
297781429
297784947
369148372
79784809
364698791
122670724
340385487
86844681
271844327
88223484
87996457
296215841
50146942
249023036
253485282
72626888
243577441
168276922
24662806
225390888
58822495
81459085
178362206
74974353
100915902
20926913
817283
23795067
152908650
69275816
41376744
120765750
18759359
42625658
37775728
120934229
73854301
35274401
36849573
38495475
16822114
114073805
113708821
19036014
18504709
37961469
17336507
105656729
21062248
67258163
84168814
27209583
69115208
97269836
3020421
23782203
18034962
28660362
47000865
19783820
90814377
32164128
27278632
35531539
89763168
89383401
25712580
89135362
31230622
60428559
88931839
87040883
40276414
17417674
36731667
73194492
42447883
75777318
16348745
19342686
20506424
26160846
85366665
16210339
1885341
40159672
23218730
87758137
87735636
17068735
18354504
17431123
15197428
32128610
18694578
26780344
78063605
15145983
70025484
41202507
19938262
45772406
66585941
24122765
72131632
20965954
35524263
15892920
84946066
31417968
37813775
75894673
18050035
86132076
78084936
81554593
78066273
17194090
38344425
62648164
66282198
19252455
17671910
26786998
19448989
18462534
82648230
81305284
53490701
25946686
31088604
35529802
40796966
45201088
23578626
17961302
31443473
22347093
15611277
12773482
26628170
53850307
19912362
