531685333
998673882
708265425998618625
610455863
1965947676
4795522652
19515059
337449684
2920168232
707159140725104640
2451071197
1684759824
704033619262582784
4832988995
702568849770569728
4904932557
472189139
4850843295
37160162
4730637609
422985183
4174215149
71451274
4195820291
245832839
4262496257
288016988
1242292790
2937170449
3872192823
37836873
3373683673
273280167
358961765
301679554
52543726
2267014712
3150452736
2215021191
2266224166
3050774387
756068882
264508323
189359046
3063748359
1305478884
2386207819
848324755
2241044846
3138836584
1513533552
33441979
2972073855
3148509638
323330040
2800991820
2431714329
3127698137
343834839
357618415
1855789184
1109284808
1021479601
104499325
468498912
1569750750
3023061530
82492347
121546530
3029296331
36764409
3016213281
217872546
3000604280
278098811
2786391836
2980784162
2825001542
345733013
237194675
33663814
2927104409
260590025
624291914
377413312
15535022
509037809
419169866
2595025003
2565847648
2756745398
37631853
1021043383
1638062078
245164729
103878315
224891498
2419699890
2863866296
2808436269
2828487504
2386820271
721380518
2783085469
451700014
563874963
701894294
1090247828
466801459
2694474368
2690362652
2653815930
509421636
718462692
965585138
1604307104
2573323403
513396207
2402981258
2506052784
2504583944
315476710
116637792
2504844808
284828981
402039493
346317276
316769039
963353556
70497378
60589713
705040642
24140915
1199074446
832404296
807652429
257215779
2365637181
2363619777
305092305
281555524
327681803
1289808870
39887297
462319188
272254295
2250502095
2214702825
262749554
285905799
484451804
385706630
1602552936
313143523
2177254674
715194005
708046396
705238077
1734992443
323339847
1309472300
1654299343
430352324
286735239
1431063480
376452090
329302551
1577746597
210570655
1545933132
1537510231
1535490860
240397132
1480758768
1473384704
51803274
514799603
1453008920
1322481716
1428224683
1426850474
263268454
1400822720
571315378
1368811796
905091288
1326411608
1049095758
413573493
464172676
46155871
99308439
355293277
296654063
86579728
74837626
325951632
766281853
1132076671
21596340
1011277291
368747035
392447087
324698027
30519620
363488374
359179385
32646282
539302296
297725563
985977012
338128904
595598170
239643024
462447425
358246499
355978556
953006875
944844463
710973222
394945538
868296343
538130047
78502596
290928309
757379454
359003874
852239497
853420519
566374955
439258675
497581329
278188036
431482954
363954845
787939748
385688829
387474673
728878315
54814529
606134765
760338440
289962303
301169914
744441860
29457601
360311579
391743987
722672540
613108305
635145089
575356320
363433696
386208912
323512829
635510996
315604210
633043439
547582708
473104445
342422745
556880363
95300243
78755480
620232856
323964431
130566415
26376089
494587967
583399724
604736138
595763625
599667112
548818688
454234068
595714044
421489279
341864765
524627526
519088594
226364991
322375266
545784285
266725043
290744683
359167484
504619107
516983847
503261616
495019851
368527618
378199719
502553700
483595784
426151500
394785215
506017114
500823551
480833903
46888468
477817552
464033115
130628986
467487963
436868026
475296667
223593260
474802507
343513698
474151773
325116188
467915364
450257890
468917931
436261298
315139176
315555874
314714619
316279221
315372688
315349728
316723578
460854332
358947232
429213539
458519413
60657069
456959280
457258256
455513490
373090514
62206404
405743671
394495230
453279640
299962555
332527377
395061221
337257213
290644483
399024283
81430085
352694958
437148872
436968820
436390553
425425214
364021902
38163295
409734547
114505685
425403833
36811486
411757274
419707344
359001054
199152353
52250182
35707634
411136833
408096296
394443563
321763188
338518532
299370923
59863058
402988612
401750314
101846128
390935123
394072204
64519243
218212906
389742072
381310177
358391830
371368020
31540948
381355589
384072595
361406725
377481221
95968548
368703246
380484035
375913546
377803400
375222760
76993897
354182655
33335793
361627300
364528044
363929155
364281815
345775359
279567634
27384211
40751961
237202649
35404135
196272690
358279374
336713844
336312721
344386650
316769243
348508441
292123061
345748276
171783544
341100773
338089711
325800861
329686685
322438568
333111912
333229775
322758293
329905911
313705199
47653844
314004715
241393674
278264215
248485500
227126702
45295608
264488951
320932353
84938730
321245408
320511756
156387079
318886224
316218462
316938455
316859038
317334828
79816421
302135014
161876873
19322655
297792417
308840378
291178451
295971397
38241497
255596511
288053016
275041843
258597103
267404738
242172717
19769471
257497265
59525592
57568557
112442361
99607543
102870419
102844447
88289058
