4803493942
4925291165
2486687649
3816922282
3959871819
3043706182
719571911789961216
724109033897005057
2323655809
3954129972
3556286413
3959117842
724106387597471744
3958860389
1582682274
2845983983
713747643717984256
3774312915
4855164370
710505755749683201
721287754143907841
66693790
722180499733639168
46492704
721929562225905664
5548212
711024907946172416
719200589402542080
704847177445564416
3059397208
2984989318
2167380106
3482754682
496257145
2348133865
3161201690
578665388
192749697
4178097436
700988547319201792
706883451413258240
2977897370
4510525036
4138258827
702715043419262976
3882276853
3140982847
3225940782
58748881
2797738004
3507699972
734356866
3019993142
2792256906
4757070101
3045806498
2381361711
3241775570
3591860478
3390821987
582771612
4829450151
4339785679
2956665163
4348776553
3781787535
3319617553
630746438
3206947187
1605551227
716044325
344348446
30344426
2711397910
571442595
3196515151
3119001427
2939982221
3016111881
318243531
2595563696
591423838
2965682933
1573297422
620421446
1908984746
2885698595
1573279434
1573201880
2836874564
2836861614
2808519103
2341549017
1079264052
630727756
596672012
777250530
1935582438
2379322608
2460402578
1418813347
1977926750
2451585915
775933952
1376281824
2155915008
966551329
2391229518
829397720
129321232
615557919
2235565417
1030922232
2287273712
2315677944
2277520132
318329996
801843576
2303805900
2304509054
244746802
2218611944
164466971
1179528084
206521031
322648501
173102503
2269884888
1944006361
2259402734
250132805
60791382
1965629366
1736939930
2245874000
1969849015
2222486052
2229973982
62318294
2149478138
1438736256
545749643
565831625
227942485
1936862924
1609085906
1612195314
1918062432
1917797676
1597178856
1075709592
1467275287
752280048
1456897010
1427049536
1383070170
609765960
1273858338
1268669748
1265810575
1262440831
1256127134
1135556576
1136166553
612778991
1084688778
925998205
1096609194
1075606754
557280980
842191069
114278022
823917421
764028584
855439926
950834060
951109232
938098688
64163370
113507586
342451204
606788551
913319442
896242646
417354838
387264928
881206806
862694274
337394377
381057976
878462401
860528479
281132049
440388434
15112249
858654829
