723638535778082816
52232596
718071464889618432
721843625664061440
2286097290
4838939897
716089102483853312
3341393788
1906349580
227755413
4850618500
517392967
2935412449
2800070870
1092298711
191033726
2551992944
2962224874
250362250
28551387
3551230100
721727593486118913
60261918
2362428720
3770202496
117067991
708151122498695168
2967229294
4876290220
4837315805
261229297
43111757
3420574769
3315436704
2901212982
3232134572
2687785382
2529816744
126640430
2569117442
255905534
256389125
256244246
134241265
92444329
