1649393556
40182400
1379901716
1312222128
715391424380801025
2725407937
723769525250994176
3272373295
723279666845360128
1864228866
115681656
17363928
722039842696261633
713445341757095936
1023659581
4717892303
717077324269629441
723531821602971648
3279934004
2971229502
127213408
4877873590
67679542
4687710349
4308095180
251131699
582673225
233412289
1965251923
268355879
4138494736
703307383565451265
721899509987414017
86177206
2543686548
2709795373
3775088057
362035439
3356878574
159157505
4633171995
714533158377619458
865166624
1609140835
3435161811
2833927285
48695082
4414826596
717265598007390208
3183946116
724381890480881664
2350324046
262353661
4834091764
582755154
717093589952700417
4850501775
4605182005
3544609993
17881816
723946390900994049
714680269060644865
4704718980
723681197117812737
701090512342806528
2192636738
1039472443
3023037872
4004610382
718459116318920705
716029753124339714
1037188567
723225813106188290
4440678868
2421499064
794412535
2440198908
4766932942
286929107
266135498
58525147
713373648791298049
4319093615
890601840
4177665013
3307505193
2316246829
4547869279
720287751120093184
707535142559023108
3760270512
713818355610705920
3418042011
544171730
4876263940
3255233053
932795072
3333088872
2438724661
54065567
4806920236
3101374492
193162743
14855279
3390484594
88830663
2835162357
482660723
711140235288174593
4491470541
707450154740289537
704070213143232512
131543835
562981626
712527284792606721
714348260257824769
716480340118745088
188684410
1596611485
720271483398787073
2918928661
1002962226
719320610850148355
123678702
749619139
60996791
3260492390
706902760998834176
16406568
719187199187673088
438828609
4213648994
88621782
158060289
2975722854
2920865526
32671625
95687734
2293329019
4875693100
506007359
477716550
713322236657020928
2431253425
3753356896
2288632549
719069169606619136
4732007068
518126981
514784608
3195696194
3109278869
1035066134
717843042116313088
2949798992
3122983383
504946068
1368959768
2954975065
2954883814
3880668494
718877483421036545
718164078875844608
83889785
4063017977
42818205
148369114
3089617168
4662640755
713852188859232257
185917435
716478390987923456
716478269835444224
54620021
4738876228
716730615970865152
2987468815
589638516
1169604386
3750468313
56123341
38474832
85400437
3115816309
21149051
3160518276
355683234
17798031
712592011564564480
347627434
85448391
16953808
48935222
3695103739
2786212652
709531907063746561
2795703256
351353255
4918685888
716753842881298433
3177234912
714914511304527872
2267940265
60784269
596954246
716395681850593280
75255479
716696000325410816
715018762324287490
4612807114
3162319070
46407798
1267585716
233933230
4903319673
4338834082
3357337306
2378499680
264264597
710927457386299395
2828223591
2327706199
2161491157
2157521846
2148328322
342822563
714734425263759360
714388411331846144
1494835716
3090571130
3021064180
2148299336
2886469671
2197700736
2501559841
35216399
188899793
709960332001808385
457618544
934406053
708387700622155776
589164746
3098382612
4678977494
731807868
4924340038
826537184
3113877165
4041564798
714227046659043330
2393063119
703670485859614720
33611715
21588316
202615056
607873890
2302134816
633614191
4676548814
3228508546
424711422
3245070880
2802280964
313269222
2518739700
3038520372
4775488913
18826506
2759285651
511740616
3049090435
1713417312
262998922
13374
1020857448
102688431
542291870
600061917
2800217406
2903638510
3875339716
2457553466
3761843294
4178264541
15063486
2849814501
701713885599023104
991432730
4580376493
2204606340
429031681
710848219727593472
54300306
3142273143
2312494016
39713219
4698427297
3145178862
713285541320593408
713314534300250112
27208120
480552499
709181181040979969
701475310626328581
15533586
708715440315326465
2437410204
705691747
4517595328
134234167
468071981
2622160657
867456276
247189991
711473165181050880
459269265
1350838814
709932203594031104
2590257072
4749036917
707597514485198849
35599836
3230207017
404508369
378266244
2586779466
2753238146
22041124
444940567
1871839519
921759169
4799872152
2982461789
42885254
2438889943
992736907
3020150838
4894216431
208233921
3353727100
79218153
2607123872
4735325700
4902301453
4711421874
4863061333
1558861508
3073692637
4838267485
4888918438
3854190616
4299815909
2959253673
329413818
3717663673
4745738167
87403396
3239052465
2597452268
3502389073
2250817146
30160168
4310721918
184383206
2780207274
4088243776
4061866396
3744957437
3799213334
635542499
3145281553
18594817
831774918
376941085
3638310498
3000583950
3037508918
3900664217
207397011
27835263
446273295
39595443
508158037
107651327
478661755
2594737003
2783708485
220086346
529679809
41637864
3146358755
37001145
3322673776
3323135757
270453961
3323384818
26106475
88088995
159302313
252767227
231896114
2927421008
316177297
312184270
3244116083
2956438778
15444539
36218299
33170847
520995345
405219414
603859294
478359113
1091332514
3138338070
926044843
258401721
885372505
32627702
377837520
85104249
226717822
471033216
417607160
3113627134
2215013870
2207498172
2889248151
1944486170
3069762741
3061356320
3061621926
3059992728
3060122462
3062129683
3063333440
3068233401
3063353389
3059534527
3059039192
3059256564
3058987304
3061283892
3059004505
3059262582
3059060125
1301199937
3153255629
3152775489
3007218336
2980727978
22918689
2339751824
88508536
31253272
850554889
2895202405
2544247831
24848289
39609592
2190793022
1541571260
2600352439
862829036
345534840
176156069
1541453060
2512704042
1189312963
19195936
50109401
613856964
709732368
2289624425
1118100025
535236945
30122109
2195164722
463750919
28366979
2237855605
482265445
487272005
2388560162
162199242
85566766
1952160714
1529838788
110526422
1716118640
22680580
514056284
33004814
1414600476
215548002
30480982
1920945816
471821391
2245272304
2250669242
1549494458
21952395
160829264
594144816
17233176
1516645142
563242682
1696595958
908892068
34212151
1609019617
108783916
524778973
49522286
23938270
1855031070
275836823
14887504
1672219363
1640298128
137195029
700481953
1488099264
1537302126
38469196
191706047
865847653
52801321
498934975
1348118946
1527902262
1307768822
239233506
1122476137
1446083455
1459949886
1393908852
408723871
1407035707
222947425
239956918
369831039
39220910
490918543
627635554
1345005295
1206052956
394371134
238265480
1309669760
47465322
153870913
384478574
1226952619
1035615505
1335478579
993141644
15881136
512528951
174476366
258128142
585654706
1330339818
1328555780
1064070692
275556783
769717471
142741497
123929187
266842638
29169161
1244502050
618353654
402327503
797676721
168845353
1270666734
211452438
627187853
382043744
76312561
1252222616
1247113158
257605537
1246978716
293797383
926245843
132925774
1101366973
21178611
514791761
58958031
851989740
331228346
299515048
301853775
1202148458
988368655
226040717
461782436
986065686
17410863
550311488
1106296584
1145700848
386280957
852003463
1117440164
563285420
15638375
305899935
489610776
901265113
352875812
350607944
102943603
36204315
1011758316
63464371
548573593
785344280
737814445
981222722
967139112
179195921
932804480
973385828
32907039
969114326
302557186
969231709
804220748
58496537
333213783
908393414
809369263
790901244
97546048
962454392
963141260
606633746
532826601
372982900
301285775
952571346
887918724
809329668
946884673
849732499
940864537
794883025
145039730
474681428
891707204
16916445
817687284
612936475
26265033
913162422
402836452
117870145
904568622
340656374
473482231
520793062
352090345
746312239
69193277
268404288
138401954
19635552
29138029
323518355
553009086
613967342
395236658
42842094
139127925
357473448
325509677
483301077
890707824
155304667
37221525
207691068
465263765
538195237
547058831
381302504
347077027
835361994
279137580
269159293
102728088
871976186
92186515
135849872
369515264
834130572
156691851
246101846
537339924
798892130
176344932
829581654
483315989
343372691
71568038
585134947
855094808
15284851
113228181
85461820
376452559
218025410
756880926
754911012
725687582
221764610
605753158
379008226
833431795
17350407
810326959
121392186
868790208
846649140
243958124
253411993
281313250
633533462
140882701
857174088
195918078
826656264
212066025
545161611
404074569
840039697
75604865
449265279
467428631
242011722
41471638
623063556
297521507
842882358
244358235
107559019
314337824
762592440
400306444
855852313
850162890
140596958
856319988
19664356
851216059
586858957
102240229
516235019
477955952
381265372
203684369
598143669
484500046
865164876
767696466
616688313
628277476
177020263
864082303
717085603
502194421
861212042
31278328
390432271
296876375
26112139
29074159
291806215
252020392
38481059
293163122
206402423
824110135
364005386
47404677
546289365
516324386
799891405
