400712653
2659696782
4837315805
3854038335
59805399
708341814563115008
271625102
3998609319
706870827728412673
4135354393
4565045543
3097127050
2980730458
218547053
3982496751
3667760189
3090693693
2610523727
3232143941
3184536228
127401093
1561458744
3670196595
3667910236
3102182199
166579890
1876546477
712867783
256102269
1241679018
3099684231
3086986396
3050086214
3059042223
3050166250
3003210256
2415372789
742929524
2969841604
34297160
2949085023
44026776
1465233259
2198392357
2928025599
290898032
1730581884
2853470734
2900308774
2893159366
2856898449
915005425
2836192432
2857439311
397616798
107849183
2555418483
1459141772
597737993
2742539347
15420794
2206067212
917107538
2620149332
488333729
2578972118
2576745462
50041102
68269957
2479292318
1222017301
2474451974
109076920
1977384710
2368212267
2350916988
2178463087
40955164
1909666472
1926371406
1619222389
2232275449
1651032601
52441617
2177346206
112334866
2156244081
2148203324
1971607610
1331861226
1923145988
1831445671
130609695
63122547
1705993226
578360104
43219386
1050698540
1608353780
137179584
248872555
1425371484
416019597
40043442
330631128
8704732
1263768962
1263033546
16788804
9851522
524752577
326291904
634953075
20450814
175831479
949736569
807418688
889389289
862021502
353838115
265343261
596670627
600011162
578462580
562886415
267773158
554969288
14036322
14129687
14462052
518740937
179285459
528854304
49673023
521549326
168840675
187183403
492544400
485916342
484684564
293470513
42166699
443173426
433416785
125854763
427436586
426167469
421902023
420584899
417831688
206285100
341725100
402983172
165425288
398050214
19597783
121440496
383864946
272939385
334785274
74311579
361247404
375849483
6439122
73444744
346536233
341914692
228877035
356259064
196835291
266064520
336170986
245117081
206313792
81873598
303957869
320245802
57431409
309974020
108198606
72898921
285326974
37607563
301546904
36364788
297526422
246554342
232702827
41203758
115641169
214088039
293518862
122177967
190636109
42543176
283156598
281179304
34610889
53687347
61233935
184876092
263807095
246402865
213722666
34348829
57449725
85320045
238235433
238153027
84741317
22673959
218887329
213238106
205931711
201445735
193029105
190230125
195110222
14939344
118891191
190253397
72933620
166161733
24317625
133370274
98703271
174362397
22022589
178703637
21152063
174636625
35558339
15752399
45064735
157464441
157463743
37823852
141772589
15855076
152723458
130622205
42627200
121223869
119062510
111048309
108013800
8110402
44170731
93850190
88262187
42867372
76517331
81552280
48183966
81736342
63606767
78305777
14514451
75064110
69674089
63715237
22710863
17391373
39112075
59671495
59362436
24524308
15794195
57342769
54299772
22760271
44455164
52037813
50692642
33864822
48140883
47427058
42453918
39252516
40696734
27735906
23192808
33534045
33890725
15920467
15745126
18897544
18023958
10008222
17021809
15533196
9190322
16462054
15828126
14737797
14991489
8469822
14583503
14583434
14583330
6668042
14361358
14336317
8170692
10922042
9363332
9582722
8609492
2354021
8900122
