151633598
2596671277
885794358
303571878
720920250401890305
713415305679278081
4706270920
719974159183286272
3815669777
3309169489
4855625836
86177206
2941351219
705228110782812161
855911462
67003795
1493267851
21426342
46303458
721188040060764160
4344428602
2480730702
44135635
1065869268
27789999
4746074508
163340416
3031942490
711379646319861760
107766082
25539759
4418027354
3390214067
861963872
4440678868
4584059913
952112047
710920492354416640
17010913
2903166449
293056140
2793009004
18087450
718004031327698944
561654065
846009488
2706281318
1464560094
717554036510068736
304061756
3271255423
703990775223169025
111225697
82383649
531351424
347627434
3744122597
2891432029
709897775362605056
4236806414
705229345745276928
706665518044999681
709429829855092736
191156581
146960129
717013929231257601
4092814534
2431253425
3140890570
3767430503
3744704416
3674359872
49709066
2393063119
715458590967001088
705441494698762240
596591919
3222795979
4877882572
3168209881
4360221673
3005393969
4729317440
2534195028
3284112337
190589983
4547869279
2302134816
18305815
23433605
3410689588
208083510
703662642682933248
1072992504
712872467438706688
1699588867
19341224
318061556
342894187
4154041574
20826129
379962842
974728872
3290543735
480500298
443304640
374138602
2807863507
4910801009
45450902
2386059667
4432642934
4355235137
21521500
3191437437
1541504336
35043583
20215865
901907479
785302634
275695416
940368062
155977830
152389419
290894597
46131381
888500786
935548225
930390032
39755667
895921560
261952880
40885909
795412399
938948774
559229584
806949422
20711739
352598172
47952607
80670332
527516258
288381629
207360209
828048228
52168503
288283415
932922847
443224827
707925223
207999109
470329248
17563788
23220731
898027693
28384772
829216771
49224286
422069920
807741085
53162642
359703735
23055970
340880465
342821167
28162811
123606315
851726574
909188599
497747503
322892352
930065575
