702359964803842048
203585237
22523182
3474606374
4623491658
724580845588230144
3355391681
3349344192
2486180348
720811727256973313
710212758466236416
2334888653
724966932173230080
702908788966342656
223604189
3185488506
2847767012
4784221812
719535575288647681
3031942490
1493267851
353672532
724231905034403840
3115816309
2659696782
82383649
2393063119
2588109960
4231833855
2496032305
706312788612816896
3854038335
3980772021
48320268
706562279282761728
208083510
4892095814
2340388418
2438724661
3089100915
521017945
2361516942
338448758
3697166300
718834655441657858
3279420912
721244117959839744
4746074508
1431168336
2540573335
60317232
3161660191
5548212
717124051467112448
885733974
1185048103
2340187291
1653677617
2485972759
716178360284684288
3314758074
4880247358
829735580
115681686
2897724949
2325632676
713460984308961280
489279067
4809178566
3434421484
713727791246610432
1184005140
44135635
702614567218708481
3131434985
705752996827627521
50294938
361345368
3472694303
705902960967094272
46302096
4598876352
4665046707
3950240957
738456968
387661638
4000806916
19341224
717950516496445440
2331141888
4102376488
222974563
548464863
19173608
795181796
3316868654
12834372
3284112337
616857481
2694833430
4706270920
949707872
440129269
122166624
349513956
85008170
4848388827
164386441
161186387
714989179365527552
2911039074
310476518
318383192
1622596526
3240385912
3240272615
2825186511
109237155
3240190259
3188618684
3240235546
3240325433
3240287871
3187320511
3188480306
61608747
35841335
709915725943726080
2351797375
2572844671
3166668422
3241369799
167760471
33495086
819181700
4337361629
107086297
3382235129
98133810
924343872
16667912
15807837
37391190
2787056890
30249176
854647891
1849193754
4636949955
2289565736
3256122117
177291959
396074579
20414217
4870530584
701322659330654208
3277814538
713452259150020608
4788715166
3302124063
4504737134
2224623414
3395171703
2341237592
2328903066
3019385613
3231069163
1933042237
2408736559
2898118440
259105230
3698420054
42255876
49783954
3318192802
2899133017
553396754
2698572919
3310660647
3372973415
242290825
3352293917
411777058
25521823
2898258020
2893076684
58152567
78704561
567442879
3123647013
45479255
3206938917
456178697
2231233459
2254526162
2897624184
1163720496
3305954487
415753384
620381863
461013813
230980008
2484311226
2902123382
2767108013
37599351
965592506
384965718
55305945
18962418
1300402423
2902176931
3149526548
2841214245
3198469196
16273972
58525147
36588897
28840736
50218809
2731132817
2738132155
1701813770
1895001812
1668647840
293338829
3225998338
3224723032
3004905346
2589067346
1717215607
2168331208
396826345
2171648470
1489703012
499740214
2424372326
3121706279
17139579
2805729872
557254053
1879355582
2568382842
2568235537
1717323234
3163297658
1477135267
3215830222
105832910
3152873716
32164801
2445490051
401442464
404780488
2331601460
3035082942
3050079314
820294621
999656748
556044933
2588396617
2366190072
253021980
401563492
1203352368
1439543376
12730602
310324804
1292944081
14645160
1561671733
2517569024
3056406404
175192928
1091737844
31222240
2207715150
325681991
3015865218
1543375315
1386255356
24357823
1895922452
37352138
270486922
2776721773
1895643764
2895079797
210947304
10427102
1574566705
1596939493
1894382352
2216285619
2390954771
1519665150
87403396
88528024
1223458890
1870279412
314921818
17881816
2897275413
6273542
1881310620
316168500
707436974
2803837776
2881316166
3052724342
18435068
234420703
603537927
2963830033
2988711209
2534169746
2909074350
3053207992
72805428
39196592
235362301
29973024
22714173
626344295
2909397931
64915297
2803136000
2781115008
2899875403
2827494384
2154318588
2381397648
2163636708
2410091410
22591125
2749119730
15210888
3096704538
2514128228
110128031
1028389675
12928322
3118908270
184872574
3086255270
2162142426
1882100586
3095970597
123087976
2426252714
743856512
2788239146
1257645007
2396963676
1061038518
213723557
152568491
81544911
2363290530
433992089
2854769883
2400678038
2217293335
406312695
3109918572
809998878
3022032564
756663138
3111101906
2350406370
55267464
2863881202
1264405410
2478382326
2836453703
3010422596
1960213704
19305327
2821360289
630685825
2595429275
14363436
627924123
16814500
1724062170
2217623719
2477974567
239931533
3065287570
7044722
1266561121
3113827078
2575288016
2477115577
1106760763
373906681
182220456
2457967778
17488457
45571759
55659987
100784901
2818586300
2872426114
38619478
241358291
3019306961
225553867
244998644
476410624
3078715192
389029230
3020109137
424004504
16894059
1216979486
2835383596
456895067
2196924114
2359311132
191196375
67175124
616509322
2654543552
394776692
30071917
934647924
792795914
1310229482
18122984
1871634932
3061154035
3032287848
282200309
1050787094
826347732
1956517381
2807951340
2434001850
2916106794
3032188255
2511459216
3065063758
469964230
25563036
106163743
2609636953
248728207
3050125792
1076852898
232183410
330509973
182421263
2560028598
2576661460
2713683168
2218267860
284894035
1608806894
108108824
174135877
3078558141
323648321
1931811601
2981782721
317871841
385904836
1927862899
365118768
1133129990
2804060912
24719097
3026149137
77575897
78045423
1279109071
1073370367
2522775577
1236837823
397993662
83879550
2964199330
1069792183
24716475
304735795
554487897
222054197
2222323506
2698185847
2298405554
193978434
3021314001
143429621
319886599
995168185
3039205942
3014862911
2902062601
16641452
439042294
3042671948
397416864
2701213939
22311903
2824199170
97242310
2209402690
2528424878
310277761
2499632564
3038760321
3066375603
3007557487
17796143
2482656782
163738855
2419779698
2813421388
1611669086
114925260
2151618943
2701492915
3066059554
171761906
2447513227
3060161813
25844640
310352757
2734630621
164365376
2995926855
19512908
2902167817
2502142927
2740228405
2814132798
23483073
1449744306
2810401531
376597267
144268387
83421914
604772054
23154642
2884664854
1533840589
2902033922
2904272030
2866916845
358905141
621559397
47336979
139394637
1069278361
2523317676
829554127
2289894584
505700565
771136856
614165574
485760600
631669280
864339338
49868276
3029233433
43414122
346836110
556500507
313992030
24636191
407003104
2600432198
139510761
126592212
2934078309
2985173046
1434534536
1693499504
3044726695
2713626576
820478274
3026127653
2360882965
2853142016
1140274477
585955080
23402755
253017426
496616165
277225326
2793018356
455425961
3053817184
65453869
3057000975
338087395
2847607720
410778280
1598571691
2334527342
3010701698
2954003897
255021092
291020135
240451540
919947757
19539314
2604632370
2897593697
2970092647
457338834
2858316782
230290909
3037658759
2855600388
1525689241
1122871166
422216482
1149134282
328695608
287285192
319404056
319962159
462096360
44504025
225010383
107252031
2813933214
2836470995
399030175
2256985338
2588707457
2430564295
1917078386
143377881
629537782
712454833
1222070768
2893448207
2899628997
2385357091
2840097222
8447862
