4777108129
1092298711
710533987316400129
3672596175
2212014426
4590614475
2808778740
1020081481
2571654918
14645160
41598618
1575463592
2242863738
28993398
27188645
308298468
4378754480
706969962506797056
3149515520
1338765866
2806004678
1470825097
2352747871
4634308693
4292628435
21558596
4251707232
3558976767
15434448
3070069987
1718802235
376402430
3064395437
1877346612
2951559428
705691747
145148226
2586324836
3118061945
2607396692
3077598142
57166340
442144732
2803819184
403638481
2929287324
33923443
2753440416
2875788150
14934247
2318098650
123302334
2258537768
2301350874
18837632
2334713114
2328471177
2341600948
2340066817
2321962320
2339597036
107646745
207203125
18616722
2174198630
2310796272
2229441180
20898169
1099924586
1395076646
126082838
106272254
344932693
294961728
296536657
1283187866
1594416505
150605181
327791334
