722277904638291968
722276807509196800
722275901073960960
29722353
722276093407981568
722275159319646208
722267220227678209
722273910083837952
722273248826646528
722271683340603392
722272330748006401
722271944058515456
710299849233604609
722271495284776960
722271199942672385
722270094437457922
722269467246333953
722270011692343297
722269350359486464
2773043436
722268803090898945
720301012989313024
722268522810851328
722267056763080704
722261262160306176
722267188275445760
4855999799
722265855338242048
705517007580434432
722263472981954560
722265852402204672
722265404387815428
722265152792363008
722265069350989824
722265057527205888
722264814915964928
721571456618856448
722264501849038848
2227312522
248848548
722262132214099968
722262037737287681
722260875432689664
722261458931683329
722261278916366337
722260937038663680
722261250646913024
3404892459
722260695547400192
722260957016244224
722260394744516608
722259776466460673
722260144348737536
722259641015541760
722259969333006336
722259614524309508
722259187204362240
722258755463675904
720146229510807552
722258343113281536
722258040507015168
722258421609697281
722257643964903426
722258094776913920
722257861619884036
722257742237335552
722257014781571072
722257333393338368
722256899274506240
722256840776687616
722256973282955265
722256113601789952
722256621481512960
722255993057386496
722256107146780672
722256055774748673
722255218046595074
722256303809146880
722255979199377408
722255614186008577
722254987070275585
722255595076608001
722255207929778178
722251917582274561
722254846758227968
722254255889907712
722254464745275394
722254085315887104
722253544653328384
722253154616766464
722253137231261699
722253185499303936
722252659034488832
722252576381644800
722252750508003329
722252264270798848
722252177490587648
722251074078248961
722251873500008448
722251723100655616
722251503210094593
722251219066949633
4846287026
722251078427762689
721373992402165762
722250607713619968
722250716048265216
722250644564762626
718942196284682240
722249899048321026
722250324166062082
722250153118150656
722249765014994944
722249702314356736
722249461536174080
722249324126601217
722247894229626880
722248896282435584
715337622931922944
722248616543277056
722248317342654464
3306916470
4900030142
722247922893475841
722247620316401665
722247341068029953
722246140670951424
722245651417829376
722246978034339841
722246641093246976
722246385140133889
722242584295436288
722245766111195136
722245953772789760
722245810692304896
722244273865789440
44293550
722244022912290816
722242153733341184
722243555318722560
31549131
722243461030801409
722243637166411776
722243422304735236
2732693745
722242507749199872
722242400027045888
722242164261040129
121632159
722241540152827904
722240359619624965
722241300620140545
722238030208065536
722238449521188865
722238306239541248
14349942
722237428832931840
722141893145063424
722236704443092992
722235916685692928
722215164636848129
722235245555265536
722235474077687808
722234329091411970
722234230764412929
722234281771143168
722233415576084481
722233839855210497
145268804
722233124898357248
722233419284029440
722233468281864192
722232417222836224
722232440748695552
722232450429120512
722232169205264385
722230878420623360
722231072331821056
722230905192865792
3413356163
722229908781580293
722229592665284608
712793112658190336
722229293997301760
721936110327169024
212914889
722227668759023616
259090372
722225683875897345
722225771515887616
3467911094
2858772767
722224000223424514
722223765988511744
722217166775443458
722222928717287424
722223009281490944
722221655410544641
722221767389892608
343065401
722222017655640065
4195384633
710993384668848128
722218351074930688
722218719473188866
722217932474949633
722217972232810497
722214395443478528
721378396249436160
722214643419234304
722214354595266560
722212787569762305
722213299056701440
722213318425837568
722212663783198720
722212260941148161
722210261084610561
722210116439842816
704279714593169408
722209493304549376
722209120443613184
722209310634151937
722208371714068480
722208796488122368
144346924
4715923693
625221942
722207357892194306
3015866787
722205770180333568
722205434006740992
722203876057837568
722203623221030913
721649552311369728
722202074759503872
1146451310
722199322767581184
210112252
722191191845052416
722200791663173633
722200226832990208
722199538522591232
722200321326477312
722199533803958273
722198524532801536
722198120403243008
722196926435876864
722194457395900416
4682324654
722193248110837761
721648465332301824
722191904734121984
722191420694622209
722188454524821505
722182836728524800
720005958966079488
2740415585
722180796681949184
722181564256399360
722181055990599680
722179985201623040
2941457229
722179913999073280
722179170432724992
4665351732
722178741120692224
722175995135049729
722176001552330752
722174544602099712
722175049088806912
722174245443342336
722171685642698752
722172448481804289
722172185524244480
715212133991059456
722170029261877250
722170275891023875
722169711836925952
722170060421390337
722169095635017729
722168547892445184
722168298692091904
722168092982427649
722167916737794050
722167390839173120
722166567405035520
722165790657503232
722152235782815744
722164151691427844
722164528436391936
722164342175744004
722162150043725825
722160604723732482
1160216102
722155929068810240
722158502815395840
722156875022774272
722156459312685058
722156542703890432
722155594334007301
722153557538009088
722153649233743872
722153236522598400
722152389860573184
722151732114026496
722151638924922880
722151097113133057
722148461689323520
719647492984463363
722148563858374657
721133296273502208
722148532019453952
722148219124322305
722146890129764352
722143460082495489
722145612255387648
722146570712428544
705254267465109504
722145088592289792
722140905298345986
722141059506159618
393845774
127773540
422579804
722138871417462784
722118595363344386
722139479645917184
722139298296770561
722138862374535168
100517147
933477559
722135692034383875
722135170418126848
722134898501357569
722132692557557761
3050300591
722132672349343745
722132816629219330
722132253921435648
722130596022001664
722128609163481088
722129586088116224
722123125664706560
722127524604588033
722124876790833152
722125651352928257
722126054282944512
722124940737032192
722122048927993856
722123926109683712
722121736439918593
722121582936768513
722120211734900736
722118521069678592
722116904433946624
722115687670550528
722116027056857088
719531839925448704
582535521
3316723524
722113459433906178
722110936564264960
722108422544625664
3742736121
2354351132
722108718469509120
716818231399460864
722098469905637376
722107497952198656
722104692973641728
549106913
722105250853875712
722101345822642182
722103396380110848
711630728686018560
721465216358354944
722101558649819138
722102277633372161
722100910348988416
722101899772764160
722099923605266433
722100693394259968
722099024157736960
722098594459701248
722097765384192000
722098082364526592
722097976332718081
721023996209336320
722096444610469888
138909349
722095583519858688
3318836306
722095541232873473
722094621287968768
722093572959416320
722093038093250560
140268222
722092034014777345
722092034958487552
722091695928516608
722090691677921282
722090515550838785
722088997900554240
722088825862815744
722088731251847170
722089173998505984
722086470442467328
722088493942333440
722087258745122816
722087265501978624
722086372639531008
722086382689132545
722085957793501184
722084135548760065
722083670283173888
722083654260932608
722083556151824384
722081641238302722
722081610443726848
722081960600870912
722081147421757440
722080208421933056
722079388464865283
2175061832
722078819067125760
722077649259139073
722077065948831744
722077250707783682
722077720188952577
722077341732589569
722076830904127488
3722154376
722076646526689280
722076190618624000
722074410878767104
720041511518212096
722074760255897600
722073881972973569
270684596
722072902628061184
722069496781930497
722070158294945792
722071759554347008
722070709527322624
722070050002350081
722069683365543936
722068737533214721
721225304350416896
3526219288
722068725411610624
722068236817182720
722067177264709633
722067365442129920
722067146059223041
722066323375833088
722066084887547905
719540679534374913
722063585656971264
73352668
722063694503366656
722063307708846080
722061816965103618
722062365408276480
722052383254192128
722061819003682818
722061107683143681
722059892471652353
722060874307997696
722058138426290180
722059081532329984
722056708428685312
722058793329258496
722058075385913344
722056047238737920
150405521
722056168391061504
722056306677252101
4506550094
722055293329358848
722054403277123584
722054431362191360
722053249059008514
722052296784236544
722052591748837376
4830908056
722052060024344576
722050666139508736
722049385324945408
722049592888418304
722048610951520258
722049524802404352
722048959783378944
722048570682159109
722047672132079617
722047521585963008
722045493665136645
722045832283860993
722043083467157504
722044319868149761
721999568196362240
722044461262307328
722043769919533056
722041715385884673
721935046299533312
722034271117045761
2920530632
722038593846284289
722038339113607168
722035422981791748
722038634786885634
3193759454
722035704197304320
722037019996651520
722033651513487361
722036103725723648
2403254664
722034793433722882
722034632087056386
722034562746998784
722033814885810176
722033199421853696
722033270326693888
722032528639414273
484165371
722032271834877952
722032088241733632
722030261886656513
722031831529439232
722029187209437184
721874023680995329
722027239794176000
722028066214531072
722025098320818176
722025196404613121
722024359322378240
722024212576120832
4082406372
722019724628865024
722021083092680705
722000958071377920
722015631021862912
3101210216
708275267987374080
722015963009441792
3867340576
722017111485231104
722014269936635905
722012905080643584
722012050306703360
722011980463116288
722010610511183872
722010179248611328
722010528525062144
722009565760327680
722010055223029761
722009676146016256
722009792697339904
722009142387302400
722008746252201984
722008502307164161
722008217807634432
722008539552559104
4499473048
722008132956725248
722007664809484288
722006809196638209
722007333652434945
722006940151259136
722006540136292352
722005924626325504
722004787101876224
718432683076890624
4734021933
721997333886414848
377946218
721999317339246592
722000372714184705
722000067532460032
722000357828628480
721999488668164096
721998662574866432
721997362131046400
721995854853251072
721996567738081280
721996510880108544
2741710456
721995897706455040
721995521884160000
721995175837368320
721992818298740740
721994357407031296
721993585713815552
721992982564438016
721993509905936384
721992642960232448
721992682524925957
721991249020850176
721990993126371328
721991053385961472
721990262596063232
721989284618612736
721988656936792064
721988212265058304
721986733680623617
721986834486546432
721985681136885760
721985266097995776
721985045364371456
721984868754698241
721984350020087808
721981257941430272
721982813776580608
721981982503280640
721981829440540672
721979036151353345
721980154801618944
721976843004473344
721976868946255872
721973665638834176
721975797712424961
721975348225642496
721975269121204224
721971319554879488
711872149531680769
721970813226758145
721972837859241984
721972551040110592
721972279605768192
721971839342235648
721970240112857088
721968719061082112
721968010785742848
721966927581581312
2357022944
721964011588231168
721962985086779392
721963272119984128
721963491477692420
721963020910342144
721962872650080256
721741436278935552
721961736119529472
721960945904447488
721960925603835904
19122596
721959478657028098
721959139530776577
721959382108385284
721958813918597120
721959150540890112
721957922708717568
721956180059365377
721954712669536256
721955829151191041
721953247846469633
721950804068929536
721951627024801792
721950142018904064
450715012
721949983612805121
721947523439398912
721948174466686976
721947762544091136
721948253730672640
721947587721306113
721946557621252113
721945762586726400
721945071571103744
721945023625887744
721944515582427136
721943140437917696
721944389757472768
721336841614393344
4572856932
721943668865667072
721942794084876289
721942455344439297
721941793122557952
721941490973315074
721940678423527424
721941552151470081
721940322121428992
721940649151320064
721940600451244032
721939627729231873
721938529090150401
721938689375358976
721938352329494528
721936702671990785
721937303040602112
721937770512429056
721937186199711744
721934942092017664
721937337094045697
721937092842946560
721937002518749184
721936187494154240
721935616699711489
721935869184053248
721935529579679746
721935694072049664
721934832062767105
721935265564987393
721935232371437568
721932809187696640
721934789909958656
721933884695252992
721933329444896768
721931582747967489
721932732306055169
721932133661433856
721930958996316160
721930760182059008
721930168428658688
721929369086590976
721928796048269312
721928768336449538
721927503359533056
721913650357755905
721926398470918144
721927717839572992
3157786735
721927456538492929
721925911629729793
721926867607891968
721926200243826692
721925697686507520
721925130117648384
721924838705618946
721924336202874880
721923661192503296
721921954454700032
721923051760312320
721922021886537728
721922227596210180
721922455590342657
721922283359473664
721922436640423936
721921425708199936
721919820804026373
721919078840057856
721918593009524736
721918047871713280
705963154371702785
721916908472143872
721916963379761153
721917235850317824
721916810623389697
721916418057510912
721915436736978947
721915578873565184
721915454235631616
721914439797235712
721913353518448641
721913816120958976
721911557966311424
721909116466278401
721911238381449217
721909465994371073
721909834812010496
721908036382629888
721906444203732992
721909568838610944
721907006357897216
721908404164435972
721907731767156737
721907854643310593
2724325576
721906322749333505
721906334640148480
721906150724280320
721905551102320640
721904311345655808
721904240206200832
721902503600787456
721903230335234048
721902881226379264
721902510206763008
721902314529886208
721900285770096641
721901714425688064
721901288544296960
721900411737763841
721900885710770177
721900294955786241
721898962152611841
721899555487424513
1871441173
721899116603674624
721898693251629056
3626705295
721898122725593088
4553598982
702299675643224065
621499125
721894263190065152
721893917772230657
721893770057408512
721893381048107008
54025978
721880190285176837
721892441197002752
721891339227365377
3949802003
721891133035417600
721889746956509185
721890306241794048
721890190613180416
721890172930027520
721889565347225603
721888777824706560
3302852424
721888627798761472
721886683352813569
721888921702035456
721888141003464704
3002616786
2983206142
721886581716492288
721885006919049217
721886037283364865
721884721987383297
721882363517603840
721882995766857729
721884035945861121
721884514306416640
721883144748539904
720794038098534400
721883592922521600
1486461811
721881531342397440
721882329862418433
721878717438509056
721880299492220928
721879826693533697
3020455940
721879300560068608
721878781594472448
721878901413265409
252793570
721877297347866628
721877216271994881
721876366015135744
721540037427490816
721874990132523009
721875588592611328
721874192526942208
721875048601100289
721873889295536129
721812009096986625
721872108196749313
721870048164474883
721869186138513408
721869901527429120
721860726764257280
721868116423258112
721867320021409792
720572432768053248
721866284544036864
721865462200602624
720580945540067330
721865036713472000
721864906325118976
721864916555051008
721862275762679808
721861061801021440
721862641694679041
721862623281704962
721861729005748224
721860270717415424
721859758332858369
721859743866720256
721858400188030976
721858814715240448
721856678371672065
721857906283380736
711808089154912256
721856771321643008
721607872988213249
721857093523894274
721855323884142593
721854954340814848
4690367186
721854646151704576
721853477521981441
721853388128985088
721852137819480064
721851782222192641
721851807140552708
721851309171830784
721849982261792768
721850409690775556
721849567864426497
721849544405819396
128997326
721848267814866950
721847489620525057
721847178336079872
721846368390815744
721844936405053440
721844453418340353
721845069565833216
721842453158957057
721843484550803456
721843501873242112
721843602528276480
721843181302759424
721841522845454336
721842896199098368
721840905020436480
713894929559228416
721840255918280704
69572809
721836738197499904
721838140726636545
721837223633625088
721836673076707328
721834948794138625
721833439389990912
721832301915684864
721831776226844672
721829376501882880
704240232506511360
718748352997777408
721829106912993280
721826581249974274
721828556364505088
475450120
721826888897835009
721825544774557696
721826430825291777
2261339807
34637327
505944795
721824658362765312
721825398334603268
721683851337183232
721823854503419905
721822228892016640
721822422815678464
721821319772422144
721821416895684608
721820392516632577
721820396769529860
4542858027
721815938190807040
721817816387710976
721817254472609792
28631995
721817128316321792
718157543856451584
721814816915070976
721813433201618946
719220083608928256
721812230120022016
721812304971620352
433994334
721810324681142272
721810256943300608
721810567929970692
721808508744769536
721807279360573441
721807318363582464
721806490802249728
721806077692678144
721804696026025985
721802435413598209
721803383145951233
4818531934
721799116443885568
721802593601622016
721800354820726784
721801473080889344
721800117028855808
721799885536817156
318805978
721799088354816000
721798102538186753
721796655813496832
721797805078102017
721796727527841793
721794554614181889
710078927411286017
721793976810999808
721793364681580544
721791986383077376
721791637320376320
721791717288976385
721791218615758848
721788099131518979
721786784183672837
721784404515926018
721784048008306688
721785474088628224
721784678378811392
721784504847831040
236602687
48619983
719801382367326210
721778964214243328
721776941104283648
721771940969586689
721777316817412097
721774708941688833
721775656107970560
176552319
721775242985791488
721774896318189568
721755901754019840
721769552690814977
721772974345465856
721772666009493504
1910844492
721769733222227968
2381459064
721768735988703232
721768974325821441
721769739530407937
721768048500338688
721768306605232128
721767632677048320
721766114062176256
927535586
718780025894338561
721763658209038338
721764658177294337
721763371478097920
721762915825672192
513197041
721762503936516096
721760730681245696
370386337
721756779177123840
721138733484023808
721757120480354304
721753378318131200
721026843260952576
721752983847841792
721752504632020994
721751026982862848
721749217098756096
701497624046731264
721735375975235585
721745108257882112
1095516506
3184411399
721743740046557185
721743498777665536
721743034141011969
721742525615235072
721742116225986560
721738872955150336
4861293725
721740190675562500
169893524
721737916372758529
721733034324545536
721737165508636673
721736774029090816
721736362005827584
721732952166506500
721735472431677440
552362937
721734135706824705
721734058586324994
721734209660973057
721733828428095489
213049673
721732947716501505
721732649300193280
721732468835913729
721732028903866368
721730846080667650
721729363314679812
721730331620024321
721728543378411521
721730358560088064
721728690053390336
721725431704104961
721727408416555008
721334944639893504
721717799375122432
721726883868508160
721726170128064512
721725183803985921
721724962646700036
721724733922914308
721723806587490304
721723465334534144
721722374538858496
721722093419671552
4927958205
2194426349
721720982621138944
721719915179220992
721718610662596610
721719613189283840
721717736364228608
2321484119
721717522932699136
721716276473647105
721715531028410368
721715840551362561
721715081554202624
721714904609075201
22719355
721713225495019520
721714185722171392
721713430445428736
721713129714016256
721713211909808128
54966066
721712618805669888
721711745690021888
721709875617787905
721709451196018689
721709134861574144
721709830487031808
721707731367903232
721708856410120192
721709207804911618
721706468278317057
721708479594016769
721708075963392000
721706896764375042
2411603504
721706037745741824
313779394
721703746049220608
721703418872528896
721703432239747073
721567263615295488
721699957497987073
721703211976028161
721462314935939076
721700998801035264
721700491164459008
721699722583388160
721699206004498434
84384407
721699740933468161
721699373126676481
721698886469820416
721698540209221633
721698339696222209
721695634181324800
721697002417852418
721694936089767936
721696400929456129
721696361213628416
721696157370576897
721695861655412737
721695283977916416
721695197529317376
711379646319861760
721694264724496384
2880252723
721691639224279040
721692353430470656
721691349288882180
721692229060800517
721691338681397249
721691646002225152
721691178001805312
721691123924619264
721690619500843008
717245007657177088
721686536987611136
721689381019500547
721689475571552257
721687748772401153
721688951317082113
721688369256886276
721688398390370308
61972551
721687195329933313
721686918396801024
721680477841702912
710781497804980224
721685972237156352
721685521282555906
721685522410635264
721682644849803265
721684099065257989
721684072427196417
4723771609
905028212
721681408104640516
721681332565254144
721681358393741312
721680229023031296
721678644993777666
721680129215328256
721677621717778432
721158964801585153
721679046820515840
721678764308967425
721678229224955904
721677718841008128
721677575404331008
721677126626316288
721676895478132737
719115623998103552
721675794699960321
721675955182239744
721675255257796608
721675707420667908
721672161396703232
721671780193017857
4809696373
3768766156
721669231738138624
721668184969863168
721401576452022274
721665672552456192
721665602645954560
721664979087130624
721664176930844673
721662980514058241
248970879
721661823951331328
721660904958402561
721659769543503872
721656624297984000
721656245011107840
721653955055366144
720948473374339072
721652742012448768
721653704802181120
721653190127583232
721652226977083392
721651380461506561
721651970541391872
721648367084802049
721650347643703296
721647070780600320
721648862159450113
4704762920
721646186533244928
721647763415392256
721647289824124928
721645010664472576
721644836030296065
721645325308583936
721644849552752640
721643784874827777
2349531938
712972369971642368
721643092609081344
721643341901733888
319020598
721641788251869184
721636977284546560
721633152809107457
721631609011613696
721631304383537152
721630987558322176
721629197739958276
721629493199122432
710395520234037248
721623537971281920
721626943653683202
721626840167649280
721625359268102144
721609408115945473
721625443627970560
721624687265116160
721624846719926272
721624318052962305
721622750758961152
721622578784174080
721620178371420160
721618094913769472
705369664092659712
721616526554476545
721616806968893440
721614309667639296
721615885262151680
721615094572953600
721615293965991936
721615459427172353
721613598439542785
714125593298792448
721609528677040128
721611649312907264
721611794792316928
721611213243715585
367909757
721609231145705472
721609997759557632
55095831
721606700873031681
721606596468428800
721606520379613186
721603464866848768
721606167206584320
721604083790913536
721598417428811776
721603060997300224
721602103890685953
2867248721
721601685714444288
721601909233217536
721600441558167552
721598770710859776
721597749062307841
721596971253805056
721596108913246209
721596485691793409
721595895574212608
721594744011264000
721595631656112128
721592219891687425
4893696868
721591521439571968
721591226588274688
721590339019108352
721587165784891392
721586013798141952
721584347770396672
721585699753885696
721585962514563072
721585019232382976
721583802737274880
721581481517133825
721581295818698752
721499108649750528
721580040044093440
721579862461386752
721578915505029120
721578216415059969
721579264190083072
721577393631068160
721575569327026176
721575280834449408
721574876058812416
721573638055395332
3992091087
721574301569196032
721573279341776897
721574268719407105
721571044457230336
4114418662
721572747067822080
721570570673004544
721572583414505474
721572926332403712
721571920383229952
721571821162639360
721572129607651328
721571443838959616
721570506017615873
721569070370439168
721569237441978368
721569366970503168
721568994012958720
721568459402964992
721567632684494849
721567530133815296
721566940326731776
721567097546010624
719017787805577220
721564993787990016
721563048419467264
721562918639128576
721562488110645249
721562745687027712
721280238060068865
721563144603189248
705175712337104896
721559711171153920
721559477883785217
721559877055815680
3080935221
721559574977900545
721557881233932289
721557515931004928
721557231682981889
708865727172743169
721556097459294209
721542628999700480
721556013271240708
721555977250725888
721556003532058626
721550124153876480
721554259930513408
3733132853
721553064499527680
721552990117707776
721550180953169921
721552196068884480
721551722594856961
717554036510068736
721550909654708226
721551455358820353
721543804461924356
721550342912024576
721549515233189889
721549951281442817
721549684733452290
721548765270773760
721549531624681472
721546206418235392
721548823504420864
721548847143456769
721549029260140545
721548918341771264
721543735658459136
721547747808120832
721530834877050880
721547260409094146
721544962534412288
721546227209342976
721544124382322688
721541624132546561
721542980952137728
721539921211760640
721541356146003968
721541329092788225
721541557485047808
721540980600492032
721540877504618498
721541226214793219
721539989922848772
721540772382826497
721540540978839552
721539890387640321
721539618177462272
721538947025936384
721538227480444928
721537766639669249
721539027288121344
721537261263785984
721518772482277377
721535118540611586
720504760353366016
721537048381931520
721534243835351040
721536474651435012
721535928137871360
721534544525017088
721534080546971648
721535359625117701
721534142295502848
721534322122076160
721534787580739585
721532841784434688
721534231697080320
721533922237095937
721533394601902080
721533614802997248
721532605896781824
721532082040741888
720826807855898625
721531622361698304
721516795778220032
721530443846127616
721530642303819776
721529791711690752
721529627848548352
721496984859750401
721529063618117632
721529019456356353
721528258987077634
721528530647953410
721330279017750528
719317626942525441
721526954680283136
721515795696717825
721524723864055808
721526633413279749
721525813477253120
721525975020756992
721525666106224640
3435066473
721524705447055360
721524288080211968
721523319212765185
159692887
721522058778263553
721522934599258113
721522406792126465
721520786754801664
721521304092979202
721521571559563264
307395167
721520797601280002
721521061750300672
721521019111010305
721520188282249216
721519999970451456
721519201060392960
721518745257172992
721518406923497472
721518239566733312
716692880350396418
721518045424914432
721517282812268544
721517347987726336
721516063247085570
721516855429611520
721515603413102592
721516781400158208
3383921027
721515781780058113
721511669101432833
721511696792162304
721508994108497923
721510235249238017
721510060002820097
721509619256975361
721500814846607361
721508000444379136
32441268
4328643374
721506833026916353
721497359365107712
721506040974610433
721506515253882880
721504987629621248
721504902636122113
721504232830930944
613975936
721502403409887234
721502268164542464
721502340994478081
721500690347073537
721499650352627713
721500615654928385
721500516887433216
721500471064702977
3092133968
721499614818484225
721498115065384960
721499210458079233
721498446226669568
721496173870260224
721498101089865728
721497517674930176
721494199045079041
721479441587810304
2907733165
721494986911522816
721495188812787712
721494537701625856
721493406120284160
721493297231826944
721493523816534016
2954082699
721492655331368960
721491913027620865
721491364249210880
721490553733517313
721490385353187329
720668648986304512
3278856822
721488093631639552
721487838500544513
721487198474924032
721486963795181570
721486122325442561
721485649799471104
721485871241768960
721486292635291650
721485451299717120
2907999736
721483551766614016
721484164613193728
721483692183576577
721483079748030464
721480862110457857
721481555953217537
721479757746040836
721480611244982272
721480267953737732
721480244360687616
721480888924692480
721479733926608897
721478803353157636
721479133528793088
721478767139504128
720079351383851012
721476536281493505
721476254935986176
721475853138452480
3162084788
721474567424864256
721473768791621632
721474741681405952
721471978121601024
365596100
721470535444611072
721470794459578368
721470856145149952
721469545375014913
721469312460914688
721467910498226176
721468087443165185
721467581446561792
721467242253328389
721466838367006720
60279769
721466020729380864
721466097275387904
721464493751013376
721463049174040576
721463172352380928
721458532114149377
721462548826968064
721459062097977344
721462023578591232
721460740239028225
90581452
721459692673769473
721458475222446080
721458885534621696
721458525340360704
714974150364905472
721456220003938305
721438420346802177
721455330002149376
721454563979616256
721452304956858368
721452431524036608
708072024439009280
721452836912033793
721452557281988609
721452306290622469
721451800608555008
93637779
721449873917276160
721450229078351872
721449748759187456
721449983493451776
721448138901491712
721446961824559106
3249064476
721444950991368192
721443814079143937
721441857822138368
721441387573571585
721441813144473600
721164856049721344
721441254672699392
721440157128396800
721440053013127170
721438071053553664
721438914653921280
721437659579723777
721437399050489856
721437234537369600
721435292922679296
721404101913804800
721433821460197376
721431244462895104
721431749960589312
721431043081945092
721430517988524032
721430252594065408
721430155177103363
1138299596
721429174897000448
721428654702600196
721427889724338177
721427220443578368
721426459307454464
721425417526251521
721425133735284736
721422658915667968
721421913176743936
721421319708000256
721421344391503873
721422140432642049
721420687940972544
721416867647262720
720044373388484608
721415473384988673
283765434
721417100846350337
721416017994457088
721416919639830529
40999048
721414053973868545
721413779276316673
721411727020134400
721411099908702208
721409918323068929
721410574844694528
261787442
721348940717756416
721407584058548224
721407741433102336
721407034286088192
721406842426015744
721406044707110916
721405364466552835
721403840675868672
721403510055706625
721402807245500417
721401437935108098
721400495680655362
721398604620029952
721395423429066752
4014295335
721396013894868992
476044966
721395745841102849
721395532703342593
721395333033369600
4537522589
721393656226267140
721392266049298440
721389829683027968
721389785269583872
721389026486415364
721387526678781956
721388442094080000
721386513099923457
721387324098088961
721387134251319300
721387081575084033
721385954334912512
721322680645984257
721385331472248832
721385989021765632
1392477246
721384225530912768
721383441191804929
721383515514867713
721382684937875457
721382235266510849
721382210310430720
721380611747749889
721379617911603200
721375633557704705
721378794880118784
721378724067680256
721377720450617345
721378283171004417
718112741806837760
721375589614100480
721372692960649217
721376135943188480
721375570886529025
721376112387997696
721375839154270209
721375370533081088
721375266132463616
721374393021177856
721375118266613760
721374220257656832
721374551154667521
721373505204461568
721372662505873408
721372060010811392
721371163528704000
4661988567
721369075730001921
721369971155021824
721369030955696128
721368392377061376
721367998305538048
721367204453691392
4886031841
721366446119321602
721092946343407617
721364597957988352
721364580987830272
721364192683425792
721364220986568705
721363017380679684
721363927288934400
721362669073084417
721362543222988800
721362934505426945
721362123511599105
721362479176105989
721362185541136385
721361771932491776
721359326577881088
721362147649982464
721361858821623808
721361052571672576
721361381010903040
721359755994865665
721360065207279617
721360548114341890
721360585598857220
721360052217511936
721359754845499392
721357777831071744
721357399995486209
721358147135283202
721358263359508481
721358036204269568
721356496198471684
721356261858480128
721354342914076672
721356109261332480
721355762757419008
721355502764949504
721355127286841345
721355001650479104
721355486486921216
721354700390539265
721354385750650880
721353898816983040
721352392856342528
4273069634
1564278192
721353547204411393
721351950592294913
721352165525188609
721352360476454912
721351201191636992
721350599434969088
721344877343162369
721350928255868933
721350520833708032
721341566527229952
721350313127583744
721349546895257600
721348506598973440
721346918970826754
721349315046809600
721348076141563904
721348869641011200
721347623802642435
721348230978469890
721347790891298819
721346208149729280
721346226659008513
721347160231538688
721346502015250432
721345699535671296
721345288602914817
721344957374550016
721344980988608512
721344704458158084
721344815577894912
721343942814400513
721343665550069760
721342348341354496
721342327013281792
14618754
721341123868774400
721339033528303616
721335694598266880
721340269937856513
721339267595792384
721339779124584448
721337730999955457
721336748207263744
721335513265741824
721336800740925440
721334786740981761
721333979903893504
721334614824992769
721334136863068160
721334349837254657
721333770226384896
721331980713889792
721331323961389056
721330799102939136
721331126674006016
721329322108272640
721329933482532869
721330473977409536
721330566650433538
721329742184472578
721327858736451585
721329166998704128
721262843203432448
721327619384324096
721323692400054272
721326464763711488
721326806293291008
721324893426593792
721324338079608832
721323779461242880
721323440024764416
721320792970158080
721323123581161472
721322323056410624
721281097187721218
721322925207482369
721321640781459456
721321325483036672
721320965133701120
721319838732414977
721319283591114753
721318624879751168
721317765433327616
721316411440820225
721315645971767296
721314877181161472
721312434225594368
721314691931181056
721314898295263232
2162037772
152821193
721313909127450624
721312347218817024
721310234682073088
721310029446569984
721310890558001153
721311809928454145
721311099828604928
721311496614060033
721310458813100032
721309867995074560
721309243484209152
721307103357485056
721307683425357824
721308322331258880
721307501640228865
721305807464243201
721306386223595520
721305938817261568
721304882817290240
721305040766369792
721304776655261696
721305194747797504
721304127775588353
721303756558770176
3210835691
721301839564525568
1435935943
721300215198658561
721300746587611136
721300225181237249
721300005391351808
721298514001592320
721299749526237184
721299553731813376
720972569390637057
721296179196076032
721297318310313984
721296556700213248
3681240021
4812380850
721295057731497984
721295073564971009
721293153597329408
721290578932043776
721289739731542016
721287156753244160
721286637435486208
721285999834173440
721285647172960256
721285878669115392
721284010056417280
4132857674
721283679671185408
721283456743776256
721282493756772352
721280228950036480
721280062549532673
60996791
721277649960632320
721277161932525568
721274880885272576
721274740573343744
721273782166421506
721273925225750528
721273443858014208
721269720066826240
721267330207113216
721139543496331265
721266875267723264
721264108515950592
721263749949050880
721262352604094464
721261642370056192
721261401419882496
721261136914415616
721261503609843713
721259019835289600
721257746478161920
721257436586184704
721257349302788096
721256624338432000
721256524228636673
721256329147478016
721255140804562944
721255236137009156
721254454536839169
721253117791191040
721252249452879872
721249578511572992
721249916199182336
721247381614755840
721247645897854976
721246503801520128
721244926961459200
1434784670
721243591901728768
721243615352197120
721243070159663104
721242408785178624
721240855902695425
721241323571818497
721239422977515520
721238135770730496
721237783981924352
721236335810322432
721236863248273408
721235439605010432
721235893747642369
721235033491542016
721234785637572608
721233278368378880
721231836521730049
721227874259353602
721227468191838209
721228756388433920
721228120922189824
721226818187952132
2635360062
721225307802329088
721224894223024128
721223640788897792
721221795987083264
721220326525243392
721219883745157120
721218256975998976
721216315839545344
721216668270112768
721215815933157376
721214617599483904
714310375924105220
721213320796049409
721213477872930816
721212918746914817
721210778691465216
721209165243379712
721209190673465344
721207953794187264
714333948071940096
721208241984647168
721207530991460353
721205598168059904
721205168512057344
721204779721080833
721203024161595392
721202196809801728
721200824337039360
721200771199422467
4046992339
721200129462509569
721199725202972672
721198676807262211
721198223394803717
721198424994025473
721196756201971713
721196834668957696
713712145297502208
721195931148767232
721194251564883968
721195217773326336
721194846862635008
721192965637443585
721194033939423232
721192944250658816
721192995891056640
721192538263199744
721191908735725568
721192244368306176
27535928
721191864255299585
721191250389389312
721190468608860160
721188612562227200
721189527109439489
721188611463389185
721185442213818368
721186373512929280
721185677673684992
721186015243812864
721186092163014656
721185184196857857
721185061941473280
721185207592755200
721184199538028544
721182270418079744
721182764511338496
721181970156417024
721170620218793984
721179156722135041
721181586700369920
721180875354865664
721180684505739264
721179456740597760
721179262439403520
4925209383
721178262467162112
721177691651592192
35841290
721176802354278400
721162605402943489
721176172785242112
721176127738351616
721166758271299584
721175397845639168
721175445488668672
721174482329722880
721174764455223297
721175023185215490
721174349261234176
719697624320843776
721172863659552768
721172749083762689
721171978804142082
721171598670102528
721169790199410688
721171412849934336
714889037434236928
721168910947598336
4858438413
721168164709470208
38812130
721168306233679872
531538768
3431370215
721166081365151744
721167434653114369
3952019734
703862791040475136
721167378386698240
721165871062851584
721164736939864066
721162395175915524
721164626025537536
719227924516352001
721163163815649280
57813854
721163072874815488
721163502996561920
721162466546159616
721162097875427328
721160769912512512
721160048748179456
720835462022037504
721159028852666369
721156583145611265
721158109549445120
721158211097796609
721157872323670017
721156970980446208
721157757190148097
721156220044853252
721156158644314112
721155589666025472
721155313898905600
721155203395952640
721154629329895424
721153310108041217
721153257372946433
721152235032461312
721151630033481729
721150834294288385
721150789276811266
721149577231998976
721149422319509505
721148488784805888
721148131052756994
3241359282
721147247736537088
721146310095556608
721145116631633920
721144359102455808
721144785428463616
721144535447769088
721144377779859459
721143187637739522
721143828153905153
721141893103374336
721140374740140032
721141295029297152
721052461751001088
721140792648155137
721140775669665793
721140113162395648
721139711151075328
721139213035573248
721139568142131200
721139614212362240
721137611654479872
721138722943569920
721137576472666112
721133024092549120
721136198597488641
721131813406646272
721136249994678272
721135459301085184
721134085033164800
721135128127229952
721133779461361664
721134529151275008
721134335252779008
721133064433238017
721133841105166336
721132475976560641
3401620209
721131829806440449
721132143079002112
721130055796146176
721131287285772288
721130560983318528
721128854430097408
721128964194840577
721129113029910529
721126750038532096
721126116015022080
721125898666254338
721122169615286272
721124260882882560
721123743033122816
721123880048455680
721122732788838400
721122897327095808
721122371386654720
721120770718568449
721120361803354112
721118975346794496
2405482501
721117804913565696
721117331586424832
721116530927214592
721117247385812993
721117289089789952
721111815527211012
716999083156574208
721115469726498817
721113989300805632
721110005655740417
122442956
721112946470952960
721110763688062976
721110524373499904
721108185256484868
721108349417295873
719236327498063874
721105128200077312
721105184865304576
721106653823836160
721105335474339846
721104720799133696
721101209227149314
721100845522292736
721100646066364417
721099868811485184
721098347625455618
721097894430969856
721098695274557444
405746572
721094377616056320
94053571
721094738603065344
721094127547498497
4277867596
721091548868448257
721091634348236800
721091538344939521
721090779947626496
24316155
716968833718693890
721087503000858624
721089858446442496
721086934685249536
722202524
721088368868777988
721088578151981056
721087247391580161
721086710583418880
721086622482219008
828921342
721084970601684992
721085466796290048
721084599602966530
721084134899204096
721084056629288961
3408977751
721080108728119296
717858896212131840
710562525872463873
721075827169824768
721078313846845441
56100350
716684705358159872
721077165815635968
721077644054380544
720305744881410050
721076099787157504
721075343055011840
721075225773895680
721074918360793088
721074275478827010
721073293063794688
721072481067474945
2812168862
3309099607
721071794506100736
721071105746804736
718906279629074432
721067390742736897
721066360244023296
721068233080578048
721067029848068096
721065475820691457
721064354817445888
721065557001433089
721063765509337094
721063787005132801
721063697284730880
719987900809666562
716005942580670466
721062100638957568
721061571758333952
721061221882060804
721061147819053057
717861566029369344
721059838445428737
721059919752007680
721058903442735104
721057333913251840
721056919931248642
715224490611974145
721050537727238144
721046821456519168
707072174499061760
721048976066105344
721049791803891714
721032155137249282
721047730534117377
721046792444514304
721046667634483200
721045337507500032
721043632413810688
961724137
721043990192197632
721043789356404736
721042114117836800
721039269943504896
721036778736611328
721039240038060033
721036488230760448
721035906044596225
721035324181385216
721035651664232449
721035865968025600
721030744743755777
721032735112982528
3130193361
3349137869
721032555236093952
721032412487118848
721031579041026048
721031723081986049
721031181261778945
721030497074159616
144351617
721030635582787585
721029110424813568
721028821839908868
721027281003552770
721026872939790337
721024485764292609
721026171593318401
721026112252325888
3401401163
721025891229282304
721025052314091523
721025189081915392
721023632533618692
721024152656875521
192964243
721023802050654209
721023178223525889
160562901
721021549545783296
721021488116207617
721020807389048834
721011689664086016
721019751531548672
721019328590700544
721018923341254657
721018308665995265
721017213562388480
721017247377027072
721016207957045248
721016138801524736
721005250325295104
721014229210238981
721014301436162048
721014272990392320
721012556438089732
721012202870677505
721011696731623424
721009662204768257
721010433948315648
721010419876298753
109317125
721009050398265344
721009783336263680
721009093251592192
721009639106691072
721008923780767745
721006314101587968
1030375518
721004743850524673
721005601686310913
720623711062200321
721004914437136384
720998983552929792
721004158430670849
721003695350161409
721004075660156928
721002863799873537
721001702929907712
721002017246851072
721000722808967169
720998001834070016
720997692785238017
721000703544729600
720994802741817344
721000430877040641
720999509946449920
720999069535965184
720998012907089921
720997760317530114
720997908506497024
720997818085875713
720997505429712896
720997668793815041
720994812112019456
710541033268838400
720997062360174593
720997124398166016
710177511083282432
720996834634809345
720995780362788864
720995957656186881
720995172855615488
3348480783
720994343276953600
720994491486720000
720994731371532288
720991603251392512
720993719978221568
720536014402514944
720992985069064194
720991786278096897
718181445878038528
720988176551030784
720988205860970496
720988341110497281
720988488053620736
720988364430798849
720987227136724992
1642585470
720986508887330816
720986563883085824
720984895955152896
720984114623434752
720984695962382337
709150271050530817
720983397623996416
3343099876
720983573419925505
720981144825561089
720983059210706944
4202147892
720982164632924160
221774159
720981742618718208
720980871805685760
720979910341177348
720975442090532865
720979619076149248
720979091785195520
720978325016088576
720978245055676416
720977079513313280
720977207955316736
715311433270104069
720974449764208641
720974831831756800
720971713840816129
720974590810406917
720974048922984448
2415041391
720973256056905728
720971982192435202
720971827854446592
720970874057154560
1541804904
720969775795564544
720969706870542336
720247183971196928
720969415056101376
720967134491201536
720968366006079488
720968123730563072
720966715623010304
4855232314
720964148587155460
718823418481795072
720964132833509376
720965215211298817
720964674032771072
720962346571575296
720962842602704898
720962553765974017
566250617
720962039376650240
720961880441769985
720962074684321792
720960369783664642
720960733824081920
720958648772534272
720958917887397888
720957569901150209
3017631158
720957608962736128
720956572650848257
720956329653878784
365984646
720949865363025920
720954268912472064
720953635148967936
720952110641090560
720952328677752832
704684944426192896
720952385091149824
720951519785431040
720950865616461824
720949877648334848
720947931075985409
720946807224823808
720946500189220865
720944100573343744
720945183798403073
720940251544494081
720944242030428160
720942885227597825
241710747
720940869688242176
720940728256364549
720938924676222976
720939437924814850
3146449143
720936579448119297
4925208159
720937819485511680
720935883772309505
720936379509657600
255246968
563712459
720932125088743425
720931845454475268
720932284023476224
720932364986236928
720931444382687233
720931603090968577
2509224828
720929121685999617
720929878762254337
720929704987860992
720929897322045440
720928714905804800
720927021358915584
720926188806365184
720926320268599297
973117214
720925506057670656
720923595904532480
720924258860269569
720919090399817730
720915004913004544
720918767442595840
720917348291649536
720918246916947970
720916116646731776
720902043867545600
2721331305
720914524560171008
720913033967439872
1393704936
720912289910489088
3374968211
720910015687593984
3862129035
720907907739566080
720908552269746176
720908120768143360
2595586801
720906178377613312
720906143711784960
720905237402222592
720905152778145792
720905037501886464
720904363045101568
720904851874562048
720904828336140288
720816247441616898
720904621556936704
720904589919264769
3716943496
720902474945687552
720900807382597632
720900516293816320
720899876779765760
720899322443771904
720899071301406720
720467156929015809
720893855093002240
720897024393019394
720897838931161088
720897372528574465
720896074706251776
719944351451897856
720896047669649408
720544478617055232
720895452007149568
720894961881915392
720892796832382976
720894139739582465
720893619901607937
720893550133575680
720890729321508864
720892086669586432
720891458488696832
720890901589954560
720890966756864000
715720512165392384
720889004967751680
720888708661178368
720887630242549761
720886704832286720
720886871824314368
720886805545951232
720886213738016768
720886006262575104
4700360245
720884225709199360
720884475303825408
720883546978582528
1429546334
720883224847605760
720882668355735552
2452031474
720881116186415104
720875401963122688
3237896258
720875093690175489
1406367384
720850305756213248
720872798575394816
4859012133
720872694124687360
720872386342432768
3093654048
720872341144604676
720871667036127232
720870295490277376
720871840080535552
720870657219633152
720869363192967168
720869468092542976
997845487
720869564519546880
720864461121134592
720867733596819456
720867063305076736
720865539195678720
720866094718652416
720866892492046336
720867087543959552
720432113867096065
2913884355
720859753853784067
720864722623401984
720863866343673857
720863818583117825
720862035697741826
720862115746033664
720860477694169090
720859881410965504
720859890600706048
109762185
720860189587410945
720853498405851137
720859289468801024
720846783383863301
720859192395849729
720856888846356480
719600227506905088
720856365221040128
720854788544462848
720853975679938561
720852790214467588
720850607943262209
720853023719698432
720852063773597697
720852661919043584
720851962925744128
720848087585988608
720850852718649344
720851716199985152
720850181525082112
43196336
720847714615857152
720847912133996544
720847258191732736
720847466657030144
720847269931552768
720846009446707200
720847584512729089
720846970709868544
720844186837078018
216446007
720843751187320839
720844101218738176
720844226045419522
720842926847168512
16564066
720841432429240320
720840351620009984
720838935845281794
720838005884235776
720838121667997697
720837936472662016
720838329306976257
720837083124727808
720837319809306624
720833132912488449
720837039357173761
720835782609514496
720834334370832385
2908610488
720833179225948160
704630095349088256
720832260681773056
720830576421306368
720830917263032320
720829968167505921
720829524817027073
719145696037773313
720826893335814148
720827208390938627
720826042428960768
720824725992288256
720820958366289921
720823723914346496
720821221877747712
720811321168494593
720823545786294272
720823046198726656
720822443279933440
720819300278407168
720819253784535040
2729152001
720817659533791233
720818652971458561
720818312498819072
720818081820512256
193414964
196549813
720815192058236928
24013481
720814886624894977
720814511222099968
720812563068542976
720814059881242624
720814122468642816
716286075757441024
720813470711558145
720812059806560256
720812658098880516
720811594913939457
720811798543392771
720811526559555584
705512273842970625
720810510871093248
720810494894800896
720803041331453952
720809977611427841
720807733444775936
720809157738262528
720807318351396865
720307664408965120
720807405659889665
720805333350948864
720638621087363072
720805759097905152
720806685623906304
720804524441493504
720804256769396736
720803046276489216
720804019866898432
720803661673336832
3979470538
720803696905494528
720802985757044737
720800670790639616
720803513769598976
720802688494133248
720802167033081858
720802658571960322
2894268770
720800856786886656
720801001620566017
720800900302901248
720800181512486912
720799917397164033
720799615289667584
2706995004
720798889440387076
720797883587383296
720798700759592960
720793859572105216
720798266120515585
720798307489030145
720797201622937600
299678248
720798479585570816
858350690
720794766129037313
720795011378388993
713240520529588224
720794339048341505
720794986933932038
720794299567202304
634901920
720793114944770048
720792605727059968
720792660059906048
718191819369091074
720791897996795904
720790296624103424
720788753350938624
720791122721681408
720790025328312320
720680694184288256
720788612728508416
627856916
720786796057985025
720788959492571136
720789646842662912
720787747250774016
720788597096325120
720788936725909505
720787102691168257
720787675490467840
720787011716706305
720785647754018817
720785865979666433
720785642112872448
720786250806992897
720786082539773952
720784685169831936
703768420702154752
2744194677
232619337
720784159216640000
720783406053785600
720783614963748865
720781413864312832
720781485620523009
720780966332080128
720780385324392448
720779651635920896
720779725988212738
1494448069
187003149
4721216472
720779097929052160
720778778939691009
720778348486606848
720777145132457984
720776977418993664
720776359492997121
1187743116
720772862097899520
720773654095613957
234936039
720766198733021184
720770311159844864
720772241516941314
720770989806731264
720770437697966081
720770077784576000
720769360529195008
720769105435955200
720767218678497281
720768302780399616
720768824673480704
720766553675980800
720767660674392064
720766902897737728
969057787
720765921174908928
720764928920055808
713884220905533440
720765409138491392
720765100332879872
720764958032662528
718818344309231616
720763579411132416
720763480429707264
720762956972236800
512525774
720763258928386048
720760663862149120
720758996177563648
720759489662697472
720759329855418368
720758621919907840
720758247435714561
720758310597566464
720757828374413312
720757376714940416
720755004148068352
720757132791037952
720755885665071104
720756133393207296
720756733958889472
720756456639840256
720755715439104000
720755398668464128
720754208970936321
720755148495187968
720753093810503680
720754640086704132
720754540363063296
720753632199639042
720753997406216193
720753849544212480
720752630625091584
720752820056637441
720752261723324417
720752885424877569
720752227351150592
720749421189697536
720749227106770945
720748178027454464
720748827007803392
720748378158690304
720747430766059520
720747844676796416
720747315850579969
4504524141
720745879506927616
720742933926776832
2540688307
720740805158154241
720740394175057920
720740489494978561
2902999443
720738705690927104
720738964525682688
720738529177899008
337255801
720735439846379520
720736321946443776
720735787738927104
720734714332626949
716760864079142914
707505601
720733655879000065
22654378
720733129049178112
720731734233452544
4198188821
720730676438310914
720730039323664385
720726078340407296
720726295835975682
391612699
720725346702790660
720725456903921668
720725407276920832
720725074580348928
720725731152502784
720721842713919488
720722288132427778
720722195715137553
720721671414525952
720721836431028224
720720788664553472
720721638426337280
720721056860880898
720719916698103808
720719058728042497
294191031
720718991493373954
720718287978557443
2649016570
720717189842673664
720716910934016001
720717321401147392
720716935227379713
720715864727638016
720716596642119680
720716418333839360
720709281528479744
720714639315767296
711984328335560705
720714242437943296
720713967413436416
720713986665275392
720713979031588865
720604436473778176
720712763555885056
720711655806672896
4519086793
720710619633045504
720709819330596865
720710328946987009
76624810
23695984
720705913770938369
720705071239946240
1726578252
720705918627934210
3430484483
720704971965005824
720705827406016513
720573626672640000
720704878306332672
720704269545054208
720703161690750976
720703257363001345
720701966746161152
720700303482437638
720701535047585793
720667786188435457
720701087519502338
704846626427252737
720699854394142720
431734814
720463605636968451
720698039502028800
3232038523
720697230127194112
720697223890251779
720696294285656064
720695154294788097
720694149259927552
720694896475127808
720694081853255680
720692826313347072
720692196496826368
737503514
720690409744297986
720690987211878405
720691203453247489
720690084933197830
720690394523111426
331243687
720657600078069760
720687658477817857
720685959197515777
720687499392262144
720687880243429376
720687783975604224
2219240322
23195125
720685105857978368
720682717667581952
720683099659575296
720652426064347136
720679336853049344
720681913015484417
702845719024177154
720681109210574848
720680647103221766
720680456241471488
720678634713968640
720678368346247168
2317332626
720675696012603392
720674247140577281
720674524841152512
720673893866823681
720670832872316929
369319801
720670695181529090
720670389140066312
2990071075
720669852625711104
720668849855729665
495197116
720667438333960192
273112583
718215612162379776
720665022314254337
720666127521693697
720665583793152000
720663630664970240
720663432169721856
2304960704
720663044422959108
720664112154345472
720662299548082176
720647850871386113
720662184104181762
719803341069541376
720659320782917632
720660210591920129
720659703190188033
720659372481912833
720658599001763841
720658416084086788
720655801577148416
720656857656901632
3024038308
4186056214
719699601591242752
720655431853420544
720655057306394624
720653042798886912
720654911126507520
720654358296338433
720653546467643392
720653339285827584
2586126704
720650769830121472
720651189851983872
720650906052603904
720650431693774848
720649228029022208
720648899480805376
720647823381934081
720647324431552512
720645935752040449
720645234393288704
720643030152310784
720642097167007744
1922741856
720641830316953600
720641479811543040
720641033336258564
720639960848596992
720639879730728960
720639459360956416
720639215751573504
720637747778625536
720638265271939074
720638547338862593
720637430630522882
720617539282333698
720603416871874561
720636529555677184
720635717081124865
720635679265280000
720632938925309954
720634650335383552
720632352842608640
720608048721436672
42729835
720634142514241537
720612310893506562
1206239444
720632255857762304
720629467614326788
720629169005006850
4535938393
720627151444275200
720628378542452739
720628258077708288
720628067660529664
720626122774347776
720626886775336960
719955352486330368
720625883384569857
720624957735088129
720623830801215488
720256510727626752
720623104037359616
720622825862631424
720622746154201088
720622867293995008
720620352498483201
720621029417070592
720621871088082944
720621225677037569
720619921172930561
720620146243592192
720620165507915777
720619411586097152
720618859586138112
720617716558614533
720617740986286080
720618872374718465
720617701140471809
720615147266580480
720614912444076034
720614941280092160
720614693560123392
720614663063404545
720613811175067649
720614086485131265
720613760704974848
720612671880589312
720612552749748224
720612388672815104
49126050
720610689874796544
720607334419050496
720610424345919488
720609051051220993
4229750839
720608745571676160
720608647135399939
720608549450043394
283674506
720607228877807616
720607232207884288
720606543452831744
720605960587362304
720605184448151552
720605196762492928
720605034627604480
720599129332846592
4874916237
720601894473900032
1278967314
720602106940493824
720602745489600513
720601905110642689
720601211557138432
720601455950897152
720600296565510145
720599710373797889
720600472877289472
720600429952827396
720600128541835264
720599175994458113
720598975150039041
720598123219955713
720598063413334017
720597120156332032
720597359688699904
720595580716756992
720595380191289345
714582605564260352
720596102714503168
720593777702871040
720594334244995075
720593773630107648
720594091621240832
720593706068258816
720594358941011969
720593490460205056
720593395089956865
720593210809004033
720592022571065345
113436037
720591464523304960
720591045533265922
720591304225329152
720589899913494528
720589391509483520
720588609615708161
3437634533
720586097609351168
720585905686183937
720586928291229696
720586482176684032
720585525900525572
720582690106290176
1101435871
720582016304082945
720582661052477440
720582653620068352
720582463173464065
720582322391617536
720581367034028032
720579211740758018
720579234364719104
720578315686248448
720578855287840768
720578267363831808
4861965535
720574763475664896
720574499054170112
720575414645620736
720575410065412098
720575086219104256
720573045384069120
720573450730020864
720572279890030592
720572985761878016
720571070319828994
720571941275303937
720570566189703168
720569669493604352
720569026963857408
720568685409214464
720569197324083201
720558266414010368
720566935478374400
3050922047
720566225982615552
720565784959967232
720566019924713472
720564002179289088
720564914645917696
720564283025666048
4151414126
720563095819591680
508705991
720559638962442240
720559380928696320
720559908031229953
720558020694900736
720557551000100864
720486649285713921
720554876959399936
720554154427416577
720552866012737536
720553347405766656
720550808681623552
720551047748546561
720550358662135808
4209929180
720549540600881152
720549492991356928
720544726911299584
720546558463315969
720546606622367745
720546319329312769
720546093046632448
720546237456453632
720545455097163776
2885416306
720544867143852033
720544754430275584
720543294778945540
720541927679074306
720543019364167681
720542081773645824
720541482244042752
720541807285772288
720539357824872448
720539455757529088
720539568483622912
720538578485448704
720538236540620800
720538103413223424
720536710606667776
720535905208045568
720536227255074816
253568724
720535416122642432
720535285361156096
720534379995480064
438389254
720533814204882944
720533816570486784
720532147489095680
720531333693485057
720531019095502849
720531143548878848
720529247161466880
720529085471047680
720528254948532224
720527084553166849
720471537736892416
720526476324438016
720525595667480576
720525760704987136
720514924007530497
720525578819018753
720524590427082752
720524671691710465
720524983869575168
720524180014383105
720523897456631808
720523113138688000
720524131876216832
720522786775687168
720523031991427072
720521281557422080
720520901800767488
720520053947559936
720518752610160640
720519509304602624
720519002313908224
720516115756097536
720514528610553856
720516268332335104
720515342808784896
720515362475937794
720515202035380224
720514876666462208
720514530602795008
720512457417076738
245175571
720514399266594816
720514063277625345
720513817311068160
720513243123490816
720513253219123200
720512277343047683
720511264141811712
705347591140061184
720510253121544193
718684552793833472
720509057421991937
720508462250201088
720508040001286145
720508047253225472
720507212758650880
720507406187438081
719816086649204736
720506750944833536
720505791900426240
321090531
720504735325941760
720504558926086145
720504482782715904
720503801510277120
720502832206606336
720503799945826306
720503407732269056
720502638593318912
720501016471420928
720502295201521664
720501961607524352
720501784150740992
720499104229552128
720490444371685378
720497936484954112
720497935914549248
720496787832889344
555462441
720496760846696449
720496590490845185
720496288530374656
720496872553648128
451620679
717293899044114432
720494338430603264
720493448713908224
720493580545077250
190163287
720491803980537857
720490272858181632
715749635428638720
720489279240216576
720489429501153280
720488984258994183
720488938197139456
720488318132187136
720488277749407748
706919505105133568
720488153262514176
720484846435508225
720486163639836672
719774948806496257
720485394282856448
720483162095267841
720483080893505536
720036240821620736
720484043586945028
720483709120589825
720482721752031232
720481912947654657
3310859370
720481225333452804
22959589
720480415677575168
720479339574390784
720479536178184193
720472281617731584
244843426
720472733059006465
720469618977083392
720468944327413761
720468936337317888
2192805572
720468622519480325
720467328467648512
720465455719325698
4918643216
720461987189284865
720459076547821571
720458405324922882
720458512577490948
720458261577744384
1175103578
2865488616
804740371
2963130071
720447581990596608
720447202053746688
720447736315846656
20176362
720446808644825088
720445049683722240
720444228376072192
720443427977052160
35491164
720443764737765376
720443244853768193
720442952556941312
720438975064883200
720438579718021121
720439038478422018
720438442841083905
86981714
720437896810008576
720436468393463808
720434651114926081
720433780935274496
720434893419868160
720432861879353344
524950211
720434226605264896
720434943684452354
720434349288501248
720434619322077184
720433137746976769
720433087914618880
720433783053266944
720433365808054272
720431035780100096
708295898892206080
717493869567467520
720432539232550912
720432096871845888
720430616924262400
720430206020886528
720428352209842177
720429336881291264
720427121630441472
2769756553
720426667584303104
720427582827716609
720426847561879552
720427296687980547
720426998363856896
720412027408293889
3050462640
720426850544066561
720425082338865152
720422459111964672
720426257872261120
720426357147045888
720425579825258497
720425876186214400
720425188647649280
720424493928189953
720423957703184385
720422445497200641
720422677429751808
720422684698349569
720421862392463360
720421251471138817
720420649437499393
720420112503705601
720419463728762880
720419572201963520
3680667075
720419977069772800
720419894483947520
4888144683
720418762818629637
720417699998773248
720417573477748736
720418311867994112
720417640368316416
27338845
720416661249994753
720417170065375233
921595832
720416633530003457
720415793280905216
3409518166
4213786393
720412887861166080
720414450591739904
720411320923725824
720411626059370496
48256173
720410605954314240
720410474957946880
2995258740
720409013045870593
720409033165778944
720408106711142400
23992501
720406464611926017
720406896327401472
720405906266177536
224894459
720405885739212800
524627779
720404458690097152
720404147028119552
720404406965907456
720403937803632640
720403998964998144
720403011089006593
720402574067695616
720402957334740992
720398364081303553
720402930247938048
720402660369805312
96469356
720397603528028161
720401166777982976
720392717017157632
720352485517488129
720399250673143808
720399959317680128
720399155143659520
720398938570825728
720398065937481729
720397649057341440
720285187511345152
720397104510869505
720396203272183808
68887789
720395125038317568
1923580958
4298874447
720393146236940290
720393433957969920
720392775892541441
720391764406710273
720388643110658048
4769533848
720390299034320897
720390290255835137
720389619754278912
720389423645519872
720389653820379141
720388603784871936
594886554
222844907
720387047295422464
720386318015074304
720385229953769472
720384833264877568
720382722225676289
584425848
990957085
720383787012603904
720384210582822912
720383819367354370
720383448913981440
720383504471564289
720383062245318658
720383104666349569
720382234432311297
720381885008986112
720380141373771780
885797118
720380475655651331
720378934676721669
720379355625435137
720375939100573697
720376713901916161
34515719
720374722123341824
720374818416099328
719897031700045824
552225511
720370766286561280
720371179299713024
720371382421291008
720370783067906048
720368538846916612
720371095895846912
720368253902520320
720369312897208320
720368702244417536
720367997999718400
720368042321047552
720365875153473537
720367169918398465
720366754816335872
720365199627304960
720366369364144129
720364788577136640
2159248767
720362574487937024
720363628302479362
720361240174788609
720361310186270720
3839475854
720360677450326016
720359892670922752
720359298115641344
720359256881541120
720357766678720512
719618035405996032
635727494
720357212376428545
292717138
720355372054089728
720351530361032704
720352276435570688
703312952791699456
720351942841491457
720350540157181953
720349277742968833
720348806764572672
720348651499880448
720347405099466753
200762307
720339975800160256
720289077480673280
720344841415192576
720345065080692736
720344527932796928
720344400128303106
720344578696605696
720344124377866242
720312518451851264
21157395
705595132666466304
720338502626357250
720337940992274432
720329950054600704
188123495
720335834289819648
720333096139276289
715266066675412993
720334853435056128
326257962
720334505266032640
3048406672
3000950822
720330928015323136
720329995088969728
720330825632354304
326205829
720329571589971971
720328653498920960
720327422864924672
720326030666436608
720314905086312452
720325211271274496
720325418671210496
720323994327584768
720324583778164736
720322946611286016
720322219763585025
2687957913
720320371098923009
720318571738480640
720318907194560512
720316856087801856
720316584120557573
785718756
720315624845496320
720315784220676097
37184852
720312538722766848
720314065193734144
720313771751796736
4609839138
720314013964316672
720307406941458432
66978803
720312584402931713
720312383588143104
720310029849534466
720311221170356224
3580385187
720309586683559937
3548300957
2245026396
720307032255913984
720306081256189952
720306319748562944
356235854
720303859562856449
720302119023218690
720303096564424704
720301827095330816
720290691465646083
720300057023614976
720302031781568512
720301310512201728
720301413721440256
716701066369310720
720299251989749761
720300300742037504
2375364985
711963786966654976
720295446141210624
720298429491101696
576519176
1140433182
720298747272564736
720298652007145472
720295784470568960
720296565257187329
720294966765838336
463217851
720293347840159744
720293947621265408
720292786067480576
720292639694725124
1355548567
720291272502554625
720292251260157952
4650513944
720291174498639872
720288504886853632
720288836652281856
714949505720823808
2916757874
720288611753730048
720287323099758592
4918227758
720286898711711744
216037727
23020052
720284995474960387
720284772258349056
720284720227987456
720283689603764225
720284934666108928
720284603546787840
720284732211142656
720284426668752896
720282706014117889
720283503041126400
720282966627254274
2741613417
720280908545138689
720279869754441730
720280438393057280
720280347703971840
720280604604956674
720279762292203520
720279390043516928
720277805854920705
74911318
720279052255236096
720278406357655556
720277806219825156
720276651372707842
720277112897179649
720276531386445828
2472721880
720274683434651648
720274357457530880
720272942517473280
720273828748759041
720271668527017985
720273304544620553
720272940466458624
720271722516078592
720271617633312772
720266893429514240
720268749056516096
720269668544479237
720269641868660736
720268614268362752
3589927634
720268852429398016
720266909216690177
720267027454164992
317636762
4085586897
720266119890792449
2374380360
720266599366721536
720264116225581057
720266021471330304
720265073172721665
720263522874052608
720264119538946052
720264042393182208
720262670306271232
720262487677898757
720263057620860929
720261188781629440
720262240973295618
720261104866357248
720261131932045312
720261343564042240
1123005986
3290750362
720259657520918528
720258347857883137
720258792261201920
720258792370233344
720258792462520321
720258792248573952
720257122492022784
720257205489037312
720257175805779970
720256224256749568
720256223107358720
720256030597230592
720255393675534336
720254960974315528
720254193441849344
720253297169281024
720253315603243008
720252530983247872
720253260158767104
720246539797577728
720250381985574913
720250689365131264
720250241698562051
720250107694743557
720250252792578048
276794773
720249883287011329
720248684835901440
720249384877887489
720248575909695489
720227354396729344
720246574215929856
119432484
720246667841146881
720246851736211456
720246226629754880
720245637242101761
720245464277368832
720236969448448002
720243617650991104
720242180082790400
720241963484643330
126275937
720241441214046211
720241327053471746
720241553189384192
720239179540488192
862212266
720236686412685313
720237995551535104
720236787856240640
720236292299051008
720236193829556224
720234555345657856
720235641083006976
720234171956862977
720233178443735041
720233591926562816
720232815510495232
720232711261200384
720232621649850368
720232476539531265
720230958616608768
716915728406814721
720229407751675904
720229247592189952
720228705574858753
720223777422856192
3407906147
720220996855136256
720224626266218496
720225577861529600
720224457286107136
720224833745854465
720224596222484480
720222870710792192
528430475
720222105107828736
720220726968590336
720221712432947200
720221323302199296
720221102765527041
720220100557725696
720220783620952065
720220154852814848
720219152699432960
720219243984216064
720219849452965889
720219469214146560
720219192243392512
2883964210
720216674004312064
720216387096956928
720217333969461248
720216944083935232
720216397310242817
720209572925820929
720212026945998848
720214916741734404
720215461871411200
720215272649396225
720215253296898048
720213863111610368
720212983624949760
720212406421487616
720212581332332544
720212358963048450
720211671373877249
720211218636677120
3288076295
720209278628278272
317429022
720207996379226112
720207234953822209
720207070356729857
720207023380500480
42555795
720204817566691328
720204199514890240
720204082644914176
720175718672515072
720202993765888001
720202342272897024
720202305346273280
720201696517836800
720176531343945728
720200232819032064
720198661767053312
720198468996870146
720197394969862144
720195449244688384
720184712463933440
720194467488071680
720193290272804864
720192373456781312
720191898233614336
720191561426841600
720189601403383808
720189125228298241
720190063758286848
720187762540830721
720188571424919552
720185620333617153
720187063266648064
529880865
720186111625162753
704878505616674817
720183966419066884
720184293796892672
720183247523737601
720181631244378112
716293862021545985
720181255514431488
720180796380684288
720174030980907009
720180152634707968
720179430174404608
720179067186585600
720178517149790208
720177518490177537
720177775714263041
720178402087440384
720177096572735489
720166814689267713
720176510322081792
720176337152028673
720174813432717312
720174521194393600
718776448253693953
720174067454595072
720173671969456128
720172763357581312
720172614585610240
720172831246561280
720172527243407360
720171814014418944
720171662021255168
720170824473268224
720171210621992961
720170028394373120
720170532554043392
720169054208524288
720167986288586752
720166405920784384
720166597143298048
720166635819180033
720164726919995392
720161691615567872
720160297743310848
720160824950546433
720160585955033088
1120925796
720160456833282049
720159420584300544
720159100147871745
720158502002372608
720158475565862913
720147409527910400
720157260467417088
720157144708820992
720156401461370880
720156086867628032
720153502492831744
720155774672973824
720155237038731264
720154005863837700
720153826028707840
720153400457830400
720153532960083968
720153001625653248
720133190619242496
720152245614981120
720152092078317568
720152037174951936
720150816804343808
720150618795446272
720150783090630656
4182925212
1609080859
720149252421349378
720148921134096384
720147989210107904
720147604646957056
720147725208039424
720147525437681664
720146452089942016
720147204179148802
720145758373224448
4530973455
720144668583800833
720144741619224576
720142886205988864
720130950504517632
720139746324910080
3291192658
720141140910063616
720138414146736128
720139749806071809
720138147108098048
720135516960661504
720135184910135296
720135981580423168
720135878555795456
720135401495617536
720135455048667136
720135179046625280
720133274929012738
720133676495843328
720132487603732481
720132781741838336
720132192370761729
720132505819435008
720132090973581312
720131909624303616
720130745335816192
720127225199202304
720130618009468928
720129922346434560
366804239
720128157664325633
720129465213431808
720128911582044160
720084206676619264
720127578095427584
720091612131381249
2579918916
720126472279744513
720124743064674304
720123477198532608
720122392580857856
720122130826977280
720121874047438848
720119603247063040
720119720490483713
720119150341922817
720111382327357440
720115296443449345
720116098885152768
720113216005791744
720113656097345536
1196244463
720111908532133890
720110909679603712
720109310894845953
720111264299618304
3081214624
719532627896565760
720108710748680192
2977638041
720107687648890881
29648111
720106798955544578
720106520185303041
720106018705903616
720105886560161797
720105411051986946
987289753
720103604024131584
720102662184767488
720102905232101379
720103064582103040
720102237423476738
720101200545333249
720100329937903620
720098659199774722
720097368037855233
720097467551891457
4660256903
720095051473383425
720096027768918016
34077978
720095731781079040
720094919658991616
720093823708176385
720092811375325184
4867198031
720092172729610240
720093298875047937
720093111595245568
720086287449923584
720091749775843329
720089489532563460
720092090332385280
720091815794360321
720091627608543232
720090854229061632
720091151852658688
720091046143590400
720087978584846339
3807361573
720088846893916160
720087847794028544
720088146218618880
720085503681245184
720086576651325441
720086055785922560
720085786230714368
720085250613731330
720085464858779648
720085240232808450
57151313
720085986777153536
720085986890395649
720085986772914176
720084244706381827
720084933591580672
720084806214791169
720083698826219522
720083144666451968
720082479281938432
720083086231252992
720082799777030147
720082894241296387
720082887282966528
720082139467763716
4768815733
34423856
720081159439278080
720081329258278912
720081471453704192
720081074009681920
720081061888331776
3288132007
720080931286032389
4171966611
720078685861064705
720078977851727872
720079278084198401
720077312536883200
720078296394768384
720068459812495361
1137136105
720078327118229506
720077345457983488
720077065299628032
720077020089184257
720076366801145857
720076895379976194
720076047257972736
720076387030327296
18555167
113381750
720075184343027712
720076014567731201
720074332718895104
21710280
720071639283568640
720073986105737216
720074088493019137
720072564677165056
720073108544217088
720070438194454528
720072713998594048
720072305481818112
720071214769774592
2980318934
720071055050584064
720070129644646400
2442749740
720068304723791872
720067782847700992
720068037039300608
4890632395
720065682629595137
720067015369748480
720067300402065409
720066597008703488
720066221660618752
720065943871885314
720065170589003776
720065081636188160
720063536588853248
37261787
720063142257012736
720060726686015488
720062757878571010
720061565743931392
720061777149464576
720059812780769282
720061239641047040
720060527498514433
720060082898276352
720060597459685376
720059210952679424
720060012123537408
720059973477261312
2834239203
720059255915569152
720059377630187522
720040248399372288
720057915462299648
720058004230553600
720057030317355008
720056493609984000
720054369585004544
3422870493
720053862716063744
720053520389566465
720053518527279105
720053386083770368
720050346718945280
720052634875518977
720052135677857793
720051613403062273
720050009203417088
720051478627540992
720050584968110080
720050928456462339
720049782602014725
720047624531939328
720047905214607360
720049816470953984
720049602519502850
720047141998100480
2788537229
713203021790978048
719711957176160257
720048092322603008
720046659644686337
720047128157011969
421460415
720046790968418304
720046423593652224
720039180089188353
720045311155154945
720045087636471808
720044611536863232
720043949654687744
720044103984095232
720041864993378304
720042293605089280
720039800904876032
719971841226457090
720040112831229952
720038696842616832
720038719781089280
720038362564968448
720038283242184704
720037931822358529
720037057574219776
720036856168103936
720035892216348672
720034290587824129
720036306374520832
2774005935
720034804570394624
720035011525767168
719951500408176641
720032579320225796
720032481131540480
720031043399655424
205836623
720029223172313088
720029287261163520
720028494403670016
4417849033
713230224012480512
720026355887435777
720027350105210880
720026235502366720
720026071349989376
720025585611894789
720025709822001153
720025482583011328
720025707619950592
720025206283202561
720023709680025600
720022622545788928
742881702
714803418339143680
43430605
720018559733084160
720018448646938625
720017288309710851
720016298185515008
720014890635689984
720014477740085249
720014743872933889
720014133618458624
720014011291602949
720013929632677889
720012008687591424
720012688617836546
720010751818117120
720011841880125446
719663442215444480
720008832060112896
720008946782728192
874529215
720008483182157824
705594763588730880
720005303933235204
720004493270728704
720003226150531072
720004049429512192
712902119548780544
720001670525100032
720001388714057728
720000196416049155
2347630178
719998171825455104
719997413709254657
719997891734016001
719997504767582208
719995705281134592
719994206937174016
709504451510452224
719993086689046529
719990075573084161
719991555348672512
719991026841186305
719989034924290048
719989582947819524
719904229343817728
719988173615423490
719987230492729344
719987226462011393
719987538816081920
3401761931
719975960179843072
719985527290728448
719983408429010945
3090700860
719984045627740160
719984278763892737
719984405259886592
719984008470388736
719982997169156098
719980977938960388
1432346910
719981297112903682
719980722119946245
110765814
719977880252522497
719979308681441280
714439522751094785
719978067876319232
719978721764106244
270470671
719978848545345537
719977021984665600
719977249022328832
719977052833767424
719976104119836672
719974834894213121
712143917362221057
719975358536228865
719974740891410432
719975167682850816
719577184088825856
719973854173597696
719970357973819393
719970675671310338
719971611105820672
719972554799202304
719971963079434241
108021761
719969525739991040
719970973072678914
26723970
719968920699056128
719968476484497408
719968547196284929
719967540999516160
719967281816694784
719967283842387968
719967182319390720
719964808490127360
719964465580654593
1537558634
719966242430459904
129677661
719964654148186114
719964152240992256
632533026
719965621983801344
719964845982875649
719964658363461632
719961833638129665
4206476843
719960741286166528
719958729505030144
719958506804150272
3041984047
3281891929
4839018285
715716396517208064
719954250789478400
719956380636028928
4765408036
719954595246530560
719953900103569408
719954660342296576
515934665
719952937468968961
719952592860790785
719953119791202307
719446373632995328
719950794171289600
717735409757847552
719952538338889728
719952297011195904
719950849301057536
719950726680616960
719950501832306688
719950224202924034
719949981105258497
719949695443861504
719945436300226560
719949214088765442
719947975578005505
44541079
3906603977
719947328275124225
719946531088916480
719946941010804736
144707834
719945576419311616
719945972109815812
545029972
719945657205678081
719945379639222272
719945182859370496
719945073824169984
719942574946000896
719941429984915457
2776340216
719941393389633537
719940499407314944
719940303805943808
719940273158156288
719940088256425984
719940291113824256
719939463376474112
719939295809671168
719929080410415105
719933753821368321
719933630546620418
719933642701672448
719933534937309184
719933263481995264
719932831808430084
719540617223790592
719932480149528576
717722140057821184
719931333817065472
719931811049181185
719932068080136192
719931736633675776
719931551795060738
719925995093024769
719930329470017536
719929366449360897
719929385600577536
719928747017773056
719927431822319616
185714937
1612983302
719923953129553920
719925730352766976
719925115371134976
719924860466683904
719924303559593984
719915392035106816
701977266536906754
809479248
719921777661444096
719921527261642752
2352583003
719920562756304896
719920450680287232
719920172761509888
719918162893021185
719917920818700289
719916460009725956
719916990366892032
719913078842896384
719916590297444357
719916320196845574
719916301758672898
719915986749669376
719916220225609728
3082208087
719914721223262209
719915619068604416
719914122658377729
719914197950283776
719912940627959808
719911478703321088
719910232663699457
712625110016864256
719911970170920960
719910463480467457
719911393579937796
719911267511742465
719911046778130432
719910576751648768
719909387637231616
719909422395469824
719908560331739136
719908941803745280
719907599521574913
719906818097549312
719906238004404225
269698829
719906553239879681
719906205108420609
2180762000
719906068101480448
197489782
719904804257067008
719904851040329728
719904451113394178
719903405381193729
719904071898001408
398875159
4883847269
719902391433359360
719903027352727552
719902473608175617
719888733818892288
719901147247587328
719901932668764160
719901847243395073
719902070728499200
719900804375846912
719900081449734144
719901035817541633
719900968498905088
719896343599267840
719899664724660224
719900745206730753
719899665223823360
1668538026
719900109132152833
719899654150864897
719900010553458689
719898320508952577
719899465931493380
719898558707724289
719896017227935744
719898121711525889
719897850600099841
719898493603704834
719896508783554561
719896424838787073
719897053589950465
719897364656472065
711514353070055424
719896962812747776
2908325899
719896673875595265
719895274857099264
719895934193131520
719895508509204480
2246516278
3405374959
106559428
719894637582934017
719893519394086913
719893355019243522
719894168634568705
243631688
719892116202074112
719892463083761664
719892412668211200
719891380395487232
719891526550208512
719891107325337600
719890892937633793
719888734058110978
710221075968163840
719890347212611585
719890066433294336
719889917644554240
17935144
719889985491595272
719889736094117888
719889450143244289
719889163592540160
719888394466123776
719888193710080001
716130204955987968
719888942628216832
719888600431783936
719886870738558976
286922071
719886907308646400
719885719150444544
719885898779914240
719885411158519808
719885265913966592
719883583834472448
719883309094805505
719883755083710464
719883250756399104
719882401342574594
719879818704261123
719880514698670080
719872568480645122
2756268590
719880705409286144
719880604993613825
719880271085060096
719880557514133504
719880018663514112
719879435827056641
718457759553822721
3914557949
719878020450885632
263485273
719876772838449152
719876623831601152
719876761165676549
3242655129
719874330595827712
719872644997361666
719871904149069825
719872542102556673
719870945192763392
719870633136545792
719870055228575744
719869343912300544
719869529858310144
719869718388154370
719865277752729600
719867604148555777
719866944883703808
719865851403497472
719866378640076800
719865353258594304
719861917158940672
719861933424422913
719861890877403137
719862272001224705
719862075586162688
719861939858468864
719860166531936256
719859118983553024
719859849379622914
719845932595023872
719859490473000960
600422244
2216506564
719855364842340352
15536325
719857033848074240
719856746559365120
719856438072512512
719855751368417281
719855927256608769
719854492708044800
719854912956473346
719853174606151680
719853025112756224
719852380536197121
719852179281022976
719851894483652608
719851532934651909
719849874523430912
228708403
719848852283650048
719848392361422848
719848059698548737
719847574954504192
719844163643183105
719845303617208320
719846506170359809
719846003638149121
4758449742
719843932595552256
719843777687482368
719841458812010496
719841860466946048
719841165051326465
719840460588523520
719840087647903744
719837979011899392
765996624
719837536361820161
719837615663370240
719834915525636096
719833974152044545
719832237219385344
719831774642184192
701000725107752960
719829925662965761
719825222803791872
719828333362458624
719828522420703232
719827560096493568
190568857
719826057038274561
3038815708
719825692578304001
717726794242269188
719825309042774016
716799910008516608
719824944406859776
719824186739326976
719824702991110144
719823975996522496
719824295937986560
719823956337930240
719823650539638784
719823425209044992
719822646502912000
719786361960718336
719821533242232833
719818609762181120
719820698441494528
719818780319334400
2874935127
719816368351121408
719814879700496384
719813916445040641
719813618582351872
719813563213287424
719813113592352769
719813407889846272
719811829984280576
719812618890960896
716165138290774016
719808604149280768
719806594138169344
719805871346163712
719805138454581249
719804969428209664
912760646
719802347182891008
719802534794240001
719801345629413377
719801350297530368
719799956626939904
1344143539
517115715
719795925951102976
719796449194541056
719791953928462336
719795933928628224
719795577920335872
719795016097333248
719794402084786176
719793662218084353
719786674360881152
719793403073019904
719792274427613184
719317699139080192
719791327559491585
719788018115166208
719789018255200256
719789325093900288
719783536681725952
719786132171595776
719787983604473856
719787525770903552
717338356590321664
719784128413958144
719783399846752257
68070799
2162529847
719776941449080832
719781261187817473
3438088180
719779819701936128
719776066483720192
719778327742046208
707143555622559745
719776315159646208
719776103213228032
719776191461371904
719775664778452993
719775525418303488
719775321495638016
4576204933
719774542399451136
719774173522980864
719773973442129920
719773395785760768
719773128499535872
719770707060609024
719770370178445312
719768327288041472
719768909491134465
719768861332086784
719768733825294336
719768772182036480
719768285919723520
2857507324
719765366554128384
719766773726318592
719765953035145216
714966679839776768
719764662217228288
719764434265047040
719764156195409920
719763954545922049
719761139286999040
719757116685344769
719760484120006656
719760282516455425
719759649575190532
719760068766474240
719759856710893568
719759326110445568
719758142133944320
719756189568004096
719756009984638976
719755759593111553
719755537999527936
719755237746036736
719754707128950784
3405489772
719753842372583424
709555605887782912
719751935532908544
719752523351896064
257609294
719752549650337792
719752386290524160
719752319680778240
719751855048265728
719740541186007040
719752030517141504
4660536748
719726278799187968
719751549539520512
719751176904945664
719749697301323777
719750867172204544
719750315482996736
719750641086767104
719750417513652224
719750226144292864
719749949223776256
719748953386971136
719749303363891200
719749754171711489
719749273076830208
719749521832546304
719748760532840448
719749309260894208
719748068036505600
719747413301440512
719747763232071681
719747494679154688
719747300562706432
719747093204713472
719746879941120000
719746668011327488
719746395561975808
582007636
719744541989974016
719744525418250240
719744231766695936
1544687888
719741141084684289
719741946718208001
719738946209460225
719738784045264897
719737436243243010
719735649549611008
2862292328
719734977022136321
719733660342226944
719733728562556928
719731207047553026
1112346848
