93111391
46211189
721750854425059329
15574295
724688538785202177
413520558
4686106212
630820411
33079769
710252270324211713
3917337451
4407557715
887508614
712690241023283200
717573284028506112
4582590734
1957095554
715333291331682305
4881264489
486072725
14282169
1633214160
4446175103
825518317
3063997351
2774437986
1884086156
701591706437705729
3427200023
4761313046
4881311777
711261581175205888
3271255423
2970856725
1190221885
3370770580
339832905
4335253213
906909457
2594037259
896762100
3273224484
2854762723
696529681345073153
17850785
3310659202
3404973213
3037416531
3374357303
2970429202
2965659375
283209221
4754577512
829735580
19341224
170808650
4842008897
3101820231
4906365124
2170942711
3093127102
91741446
3401822619
18787733
4672746678
4854739871
111020669
3507056716
4857070799
114987542
3376465077
574204051
3305218124
506088970
3025463301
190683978
3241409395
129807852
4024650376
3461107695
585291217
168617040
3134840099
2904035452
4736700411
3317072862
143463314
2386059667
4646989655
930403243
3272609798
165181781
4439462956
124827833
319190304
45038044
167254399
3131184425
2628792209
4372966348
3002517906
2854042663
40397795
2149664056
4399977873
55400110
257715213
15327070
17072206
25363787
32671625
3412431628
252509775
3328845024
2920176631
2667118308
3146723240
3949431627
2381523392
4253800114
2717940602
4039447752
3330117095
2726802703
2282706721
2563425403
4275010453
201174312
42147940
4175656822
4207449856
4064887156
233263596
2401689745
24642579
1852068350
115637932
1015416452
383269821
2396929442
3505768635
1230268231
2767101807
3610218197
4069285767
21360280
2554071175
431114787
16546046
1933042237
3262687856
3260329958
3396669345
1354616977
15987393
3675506181
104879164
3773857529
61560116
276792819
2787123007
1968421
157920406
2329498706
3310174263
14957147
3699021029
2841719373
3248164248
3671644937
3067715954
243200597
3645947002
3531746953
9101152
102475469
2568176244
1612067526
2364993769
1423707932
30231573
858646280
2463642223
2717319992
308629160
349541837
2616654486
16193218
2671568898
467577351
3015770920
1498928096
3427358727
106509982
1942629240
2304202346
117983479
3164523499
77525513
3306267556
2291321310
2411722069
3257065082
1580542628
2944095541
3271585093
2455199851
573810759
119699532
1397635206
2946549015
2187991308
415196079
103711636
3298856399
3235197674
2371320175
2964574649
23337357
858196730
3222615042
3128989426
2336838536
523455262
378099791
3195525602
3012908109
3134238697
1181360906
3243642340
2963214833
116967904
3000354891
23129535
3153901843
3094441273
700014511
2242552579
466139283
3153258322
459269265
168838692
2790070496
16711026
2412989580
1699964281
3036764674
2338607627
77741518
2478575305
2201643468
231262857
144702930
17238636
2402035496
211551088
564874924
2975351176
3062208179
3013936320
113437820
2413002085
3046685403
3041037801
3001362417
419855790
298679825
3016103048
1301654648
3022666871
181816429
82782267
1618331880
149329406
2994300868
973854666
603048515
2984848847
65209619
1561047422
2978020126
589373216
513416724
2828248913
1438846764
253442984
17394023
33371149
77329593
18400520
2956929928
2950613666
2295217322
260484586
719478178
885752504
487600344
353672532
317956055
2845991501
21567649
2936720525
2932429173
24005865
2918971413
2942358894
2936451651
2922305721
2366446525
175857734
98045582
2903407612
1670726905
2873553269
236220569
2857293026
1335413689
1905079760
2163557455
2443828427
325691774
30500021
2868097139
2573389238
2860609109
2852518570
2419748898
2845673008
2871648204
2242727510
2866329224
2857462195
2844333517
2584647306
1050555006
577372087
1009268455
434363053
2827826132
2832878526
1176562662
229332466
945944563
15172704
2364421519
1295510082
2815274492
84790917
2780571318
47513933
371810063
2591917394
2760878262
75410973
2725225753
492444908
147739631
1491532188
2701057032
2432573935
2720393903
244259296
885522626
203867334
461982187
58624077
1588630488
52956163
454539212
2292637912
2303636704
345564958
2550252246
2532781004
36042077
2372317160
68921687
2504494968
183356396
2556002727
53479838
2504401094
1693066885
114275140
2470792357
2387087071
55409773
1655502564
56707305
118819689
1324936404
1124961342
2511466828
2463135643
475271982
2459493770
2316148033
2180917962
1327778989
2450106906
16845218
309414541
128259648
506860791
1536685297
37515801
65293006
19011465
532744685
2316051752
47486109
2400299059
20788579
2385904094
2233813320
17068977
362074693
34002638
2347133675
27510877
274188531
2302003526
2239593404
133006802
5682902
24192162
13247192
61935948
734696953
2338541924
254661361
887501245
42627531
16905789
138559852
844001984
95900371
2301763414
2198461364
2200109844
24890349
41532315
35927548
36509715
217179426
36032320
1968003462
250247983
2259052736
2226310365
27180602
2184571953
2226926040
22651402
539738166
2207964223
1839184794
23376234
1854500130
2190661915
2180484259
375671486
337524303
464120776
2149050398
36977672
18469674
1977403106
23769681
33737770
15397465
16090230
80013687
559516419
633178207
1614350239
913614576
20421931
38299419
1591412317
80601437
434528601
65435361
264450594
1099034335
534264542
79563454
778292046
1081312470
372986879
1653921162
305281508
79919078
12319262
1117953943
20408929
192266419
1268653477
1577686094
34816439
480806506
15477471
1337025955
1417720334
63550254
27366990
1423590842
234042090
23428575
772557997
75439255
55607116
75373217
353044431
1434412219
1308370316
15795138
1286930852
1397455172
89541628
749383914
790515246
1360599853
1183381730
46208343
1377040526
295495359
26664666
259749935
24231528
23239656
593113389
115563859
823217162
972253411
1312465579
120302970
86393584
456657671
31299345
91828591
1276914896
132369629
400104110
1046064061
1167528427
111929498
183352481
381779891
62816511
1169360564
340700563
632391511
232350047
99031822
1080394122
20049975
33518774
468478326
47356175
1123646702
876189098
1112883866
596210280
313708631
817000320
34224176
626023585
968061169
330952307
230541075
40736304
428768336
18906599
961183291
875057389
990606788
15892319
441558918
201981312
15678167
318567964
49446214
107580392
81434158
18536530
26822709
259361660
15747743
87321877
163342761
985567562
973497812
40549873
28559732
18461018
575822603
908215922
398196929
959875003
123722050
470642242
920589210
918198864
904464523
115716458
904611264
93206508
458038275
182663176
335462662
20077385
853770403
46200001
841327356
613692014
555192772
555142541
704037374
759611942
18047586
148061062
777200610
292256881
759896773
78900966
326758316
622698102
491316239
631870443
157335390
564476620
17789190
39664437
52211737
577407017
183876837
711033289
262806845
430142399
365522406
195533755
56735577
110805665
41214462
574830334
17369696
93771641
519582851
30256126
555201127
481032975
15885783
107247063
572084289
29989456
278096906
504076458
39609732
292374563
69051623
195871066
565141059
583099443
169166807
570185070
564078875
393157312
436047903
207137678
137150477
145711278
472306330
283755748
561681369
497380968
148761090
405768128
552066959
551854043
523936877
192635017
14405905
506003122
299798118
225330653
462646130
20433598
334266844
130368598
297787535
340884869
501092354
29545486
498236867
263895936
281592713
278108257
179732982
14812474
128297189
497101156
24091110
494278713
380682641
404392718
484196697
125425665
305308668
250184186
479033095
483420900
486034121
94920362
21148076
17107173
232339869
273798136
242288569
351068696
479029190
296965246
289009635
115473048
17227892
472203503
52161993
461190074
222163326
461556588
122224264
410013295
134162899
249737240
454757120
17846877
449016859
26791764
448925479
36582325
175228163
314326201
268995556
22504277
442082595
441129748
347391464
106308061
89202010
337283187
328783560
51959976
424344048
332975604
420422662
160426713
420422329
160150819
388858434
420384253
400680469
420332671
405222437
20936595
402341812
388586846
399352724
392825061
399363727
420304046
420354462
405555403
404679016
420431749
18619487
241960868
55293387
426203576
410191723
258089186
372925897
372198810
57882300
53400533
69088703
283200798
151491293
400138041
25512053
314874861
25211056
34325129
112060669
398809111
402874482
386560402
98431327
320754453
21877897
397462988
244542405
379925901
330334003
203218129
29271669
19138625
22033590
24928195
213424461
386932571
77586218
54550645
293332777
221729541
69603938
226394601
380647347
263875109
376216935
375458639
283082878
337175200
34677862
360016601
369114450
186261549
240251495
183457412
19990183
260584127
27940882
285193562
17366527
30213907
160225703
361307697
221361136
96922652
240051265
347901211
141805319
205408451
16648790
350592460
15347571
68551486
25736088
133570135
165610509
126710931
345477587
111621954
308389024
318023769
18774122
253655984
296846140
250684658
240805593
305910072
299875500
170646756
307965354
22814765
317687707
15442821
140197947
222373654
12566322
91232732
327422124
266736825
32154983
144893678
144812027
183328752
260618992
252052178
17469289
325118051
231525400
285124576
321352347
203355317
298200807
140234960
317908671
21890263
249451602
313904853
315289288
110248236
296878418
746323
270568954
178016856
62382112
294123357
247031238
272007809
313715203
52465134
22948164
274866000
178393476
287075540
242853264
306458973
274849041
301178406
171072779
271632308
218346482
286134738
232312536
235408390
306146389
85402250
274569466
121638441
40914451
21218343
18275218
237786521
131853207
44441892
18840417
9432072
271784257
275232919
159220260
88164517
130373117
103047852
60427712
294951682
114489269
272602917
22172658
266250422
62612883
61181111
285114686
71623536
291083418
146079121
223574380
261243769
159249498
287875872
18180958
32714914
38250027
267792113
279512988
281184425
258473762
29195411
179444371
16153249
42867843
271404558
277351609
127921830
93700171
35815947
91396544
64335799
36595051
259810836
53341155
34380772
171161708
276510755
274748078
258031792
219901434
276685878
54567061
35815682
73909195
212251343
274604566
169586209
274460910
266721820
228676560
209251084
43417107
24190400
166700180
14112296
268757572
250097442
267842381
44611990
24618109
180493904
19977918
260288797
137729698
264270684
22651134
256111222
17189285
266213806
55636997
210084383
104505565
211977587
21450014
144269448
246447958
242279048
29977045
227274431
223238620
17545562
16186656
15781087
16845045
191035435
257567496
126004032
256510147
180470042
32458290
250545872
79484541
250133806
16355908
17655204
83776969
200241170
140607842
24486205
12440702
219520760
25882081
231464367
24011702
246611629
85708602
50144015
102522516
56548655
19779284
18760496
57229458
77276543
38748294
16066095
122415356
30901855
242944499
118537297
20381907
52600473
242849402
15291371
136806801
156558136
224723438
21380261
29223086
48429827
48724141
45390472
19950696
186227208
23545095
33328554
105607748
152462736
34932112
21216917
223590859
217080144
232114377
199286400
198528025
25437207
91425683
113854297
14270329
225742631
213252753
69116768
17355590
230214533
36049091
118539981
70787185
2364311
180141432
14436732
118128081
34440413
228811217
19051297
24566900
28266755
67997745
43633875
102555715
53130511
38313707
112919029
197255534
197259403
197261364
197258661
170036437
197258162
153465836
221813140
48505170
202609205
110206682
224406014
194563929
14569679
61387481
29968620
218373079
21203888
16004862
11370392
124484985
44478497
166700416
66245769
132127525
197262268
18019707
44401716
178552974
192272764
17372509
17798250
14252980
14676022
165910933
16590629
17988531
22538866
10697172
35532053
22188707
100851569
20561779
174547820
76951776
565683
163460926
192347825
212028564
186800600
19255776
61507052
202255812
19416144
176987735
19259240
190732512
86090774
34733600
198936592
51104763
41107506
20788006
36230116
15121528
204563069
17474257
52546232
23227694
46797461
20534938
193586677
17235383
19367060
19232389
200237102
182137306
14225906
162136895
173154485
35435461
198504325
153534103
16530746
14520351
186259175
14466538
177750308
196278012
121511259
59098891
12587862
65979375
195118654
193994684
10223
80446172
109192083
194162768
13418552
181830962
106846285
156236388
34265201
192533151
49785050
188951149
134579616
75527391
124259241
125339896
173857161
191068507
15554922
35751851
20438583
143860409
110049762
164501931
180848628
81150342
17266544
27190991
25000570
44321443
36430515
36731934
9315932
127511072
28558234
15324851
130870956
47396250
141968375
2215451
20285629
61598298
18750777
18587395
87487545
91882516
27802464
170702808
49472664
22933594
25902173
49817329
14886429
17394081
159228438
5287622
14342154
154207410
171986969
36245433
59885000
62100609
166936943
162519446
141550843
52092754
15808765
162064334
153172949
102764806
8771372
17425177
14753737
82100817
130929959
154300425
17201015
14476147
127359799
83736243
133396261
103754941
146064902
156057893
129845242
114685387
21356559
156686233
44683224
18578776
150523202
148614526
22987468
18997592
21196827
142657898
123697658
140007950
131779817
110261348
15283008
65719924
132229770
29735352
122825471
136357260
78876273
54109549
116003849
122164190
79775694
119756625
50914921
128926679
47721493
134137027
16124792
14588657
78134592
131041029
128931194
18990949
111956278
14368511
63180278
16917821
115848090
20620141
27490260
16351170
23128348
120517865
97481307
117283990
115124945
26837875
109440416
109906918
112599901
17451596
26061995
57907771
121764361
16297206
76965088
15163993
68879809
121930527
80948974
15032512
17417488
114930948
116938555
34636987
89067020
26350255
117849807
28486708
117518670
30590886
16975384
13121322
115993201
15750214
28368002
114060287
42317497
39335596
78763988
18577524
87753692
82781697
29680350
71454170
47430001
106930161
14799686
110037993
37000922
69584077
83853548
19293459
23910823
18683875
103947350
105901529
5410222
107186085
109760575
16824495
20112996
86986807
85334765
19359256
14195299
21669972
15786845
28803903
29872549
103728318
41383366
38018289
23069413
95067357
87446242
16689064
19370396
88027151
58172620
19995045
54775245
40704782
19347960
50592573
18611674
39157874
25455332
24890777
47383627
24444694
89533221
