504970530
3431940339
725482882077196289
4745114361
3944570420
323648321
4220294920
286007244
2846061576
712041852833284096
721578015981854721
1855710482
3240408592
4276463480
1056036800
703254238768422920
1037398040
179668929
4809511651
952232456
721878929397534720
3906971834
15113856
4794479598
718919970055262208
10655882
2170779883
363613557
34258311
15240952
3302898209
3568992676
20681595
2992880239
555411588
3510970875
1036829028
4696992541
3051843888
3183918491
2367893834
710532301738876928
409285520
14177081
16580053
2164974274
142543864
17093170
18042393
715483999435554816
152922907
2178437149
409893582
255619698
14130877
14090931
715605727608446976
2584329848
550519706
2316798014
3837090980
4875607839
705273490966843392
704935485165211653
3299269009
153492935
159420237
14127481
259849987
156586826
193930027
3402447059
4848978838
366812553
38349485
4786292293
22209201
990639804
21064165
24718364
470810726
3255925823
3914051653
15559277
4289072292
213119979
242637589
55985445
3895552127
1322062892
38286769
3644502372
1829494633
2168144701
24636191
3980656239
2303765798
2199502999
3365531951
257557196
134115056
1544317255
20192882
136868586
1633839500
165012000
18185124
3422210620
3311139233
1145853818
158307618
1387894038
1135123849
28079877
3314078821
3310556533
3266765880
2854264438
1660479372
1328221514
408612336
489039468
3331127919
131791678
229263564
3192835759
3221693347
2920037648
3101032968
116899428
602184471
264579898
2528049439
40880629
3113319188
1160369569
2384555876
2900762192
3072816678
3069164875
98710956
1404858642
563819574
89193316
3016083985
3002932828
1400131004
2989603272
2988056605
37448440
201792651
825529692
2949535869
156650245
55908595
2614680739
418827082
2941503908
148600948
1851941082
376983929
95370512
2906079613
2901000006
198222526
317764191
2791263451
2886364316
2886367838
98902326
2816849857
195751843
404707175
184649632
2840506009
86794907
2827646568
164724337
2825685012
386770015
1851047359
2801302274
44653822
9820982
2455056932
2209950759
1398654900
137746631
531291518
64097171
26170924
2455081374
491858235
2205581940
420009340
10540842
1541522220
315002750
22926671
1244732708
555678908
2320265410
435137480
42775642
2548100048
2419756040
1654699082
2271009381
561625250
2476178815
231623869
241606986
14264596
2477733463
2299206091
320626495
23720539
1868678431
41806575
2355989024
29755839
246609108
2244329960
5945472
2414927203
2390610018
359035200
714975227
1075895227
34576392
1137724177
72283703
189951153
20898169
139027211
38102616
2315512921
2166984027
215510355
17986973
261923909
39757075
52994869
2192502036
43628922
453955422
15021295
15402643
2245228218
2237669790
2175287724
2152054578
869426070
738155912
70084762
43274675
220296634
89099239
1918466612
908030558
18496864
18310057
124818630
14579415
8287602
1708786932
395677101
402259363
1580021191
21199502
172509381
571174231
1561096418
951852013
1034511534
17680363
561396699
711705127
406942445
253285280
198776792
1327660226
29992615
1201940437
852440666
331920395
16679161
381564830
1330292816
1320777541
1309595227
1308971726
1291627782
1290288510
242855158
163418136
1116275376
287537113
35187876
1102234268
101224627
549690992
1072403904
51701252
948155084
972773528
499751495
34576240
46358585
212819999
16945233
948052370
516545286
873885492
862951280
859472730
839199523
399666977
68353531
775383445
25995014
802974973
105340918
122981729
77043355
593389151
343662253
26475484
748861861
98443649
586588601
632783905
717936492
713739720
607490788
425839411
708666090
337579340
634727915
22635698
628037908
195640936
617875579
589809982
38402924
7618
267623748
546389382
586999346
16432871
20419617
522137858
418728493
56714153
340094793
15915555
565299351
2000251
43802012
17668598
6642842
534271205
412448742
72880787
526013717
125558058
543631572
540721520
543238422
470833284
515280547
539846499
538825038
535299343
297121472
245239334
412320175
15282761
475104398
266052271
41542870
502183758
20531504
37901168
7127092
475297200
497434996
498065659
14444938
34969044
483852977
207882683
239855656
471961170
107887553
471680480
7508602
65143249
463917945
463105548
153668131
444435054
441565023
279915927
215587952
309655222
25058695
431553363
16731757
265286838
22707209
407309807
416140469
45804544
159002621
411209565
395043667
332064177
35213582
402678119
384806798
19824430
400448531
145952711
156542306
23616183
42532105
38868837
43340593
390585974
19383954
389988905
146577002
123921241
192954318
329544155
136323611
343261198
344582537
158672211
326561320
369710105
358866305
367801834
363392966
197962366
81618703
14883461
348324475
88583470
33451589
255910489
332764187
58485114
62091612
351947338
348404439
18715444
146153414
333305157
340445949
171785970
237987125
36629281
36056098
69504016
125676625
17242667
327391005
213195565
322462557
84233746
229939955
188740638
55274673
312519986
317890084
317679023
19186968
316462147
16011960
70664132
130580510
313974208
19262752
23612851
56867789
255439322
194034653
309508593
293975582
19583386
57970709
296022240
286913826
179696247
135528641
110100682
292194976
284057294
86211489
257109311
274042466
281353272
240803233
286948239
133914466
27573371
285968364
284968778
111167419
267042485
18622063
209714380
271211720
271754623
142631152
95591530
276028465
254689724
271216704
25969327
264295143
141114041
9022272
251511727
15137793
218931447
271211007
260653502
256447850
256443592
24922148
125571785
40832738
44143028
78159716
253973434
239424611
90334797
15653391
266946904
39188796
54405311
241605838
260558682
83532157
31606025
255943475
23421513
206133851
246785854
244939841
244944349
247053696
247058457
254558024
247976705
59319355
252486778
250160009
251457539
198868128
116667853
15556892
231013957
249431348
20121391
249215230
237161740
80853290
30868019
97585237
87383877
50304619
241762031
25490502
169931440
234964654
89850002
238132942
29165256
233708400
197259170
117519303
14158186
228658591
229758373
80342308
226137501
16821997
110622190
226543840
220869693
225740642
213697611
199956573
222455054
34838106
75159823
30841588
222300394
221143272
39451537
219994468
219860051
8462572
75063900
5312052
212170033
11443182
209738619
217381973
216323880
210923939
56278752
147776396
206704635
33452438
58633352
10379982
101959769
189286302
16778413
7309922
191360774
102576922
186748936
166671100
207465401
195673609
177843179
206264726
140028474
87286632
60048590
200573224
115608481
172316295
4586841
55214140
43509329
116604221
190547936
187207549
103023471
22111194
35978784
184068738
180507951
122903753
15354285
17986746
181639403
28074915
175668274
28251396
177521315
168991375
102030598
176511345
171825177
175957374
169887549
42426196
80131768
171702373
79154253
104982722
89401010
28087330
17302590
14101572
153175615
168950152
130115805
9093
76694484
17640576
168966319
114695955
30440020
168194853
12066892
163644036
153605748
128830548
166411793
150902135
78585171
42843784
7806602
142194165
155841690
135261804
68624895
155270190
116397982
137537060
23151289
74152435
62672028
152563839
151293705
23559298
139580094
56653859
16254847
143817403
150297528
139667478
40312870
22351237
133374810
134152462
135673438
84864364
13375352
133132061
22493423
65391642
46707523
15437121
16221192
41722790
127960941
92697871
84733884
138681540
127479905
123135020
95350222
138989827
55868673
108196099
134299559
24855881
133656901
22602751
18609139
89993782
130049330
15373968
132382747
93816809
131766014
35766347
69789033
130778136
130130525
785157
114094860
120478156
38397551
40834877
124218094
13231002
41072535
17768154
16511853
86250952
8764292
44311126
16541426
112917411
14671548
97158668
125069616
93996299
37624378
96882669
65791719
113227371
120754102
31099006
113382128
6095702
28697524
83613879
21766042
109620117
48375043
4798991
112086504
61763191
52723791
22120066
39452658
17790274
456
24403534
71197104
14459555
106516198
112450173
15629143
16309140
8728692
17800533
36319138
37682047
111578806
108810291
110401271
101280750
14730617
105282313
109594546
15356467
769000
4670301
20765001
36388195
7615152
105853592
16000210
92566096
8307932
16124763
14148231
6612682
57743722
101711244
17284004
16010163
16557449
39705209
74416054
81939156
91564123
15796986
11601902
99391436
99390489
38952042
17061963
15297650
15929541
18627611
31361516
17177698
98350343
5700352
12016232
88697528
18027950
97462570
18992661
96828800
18901882
94526568
96255869
79106433
11083112
81117665
37557982
93523388
94257660
93007453
50490535
92601595
1375991
70861096
92681440
93146443
88435191
90311291
31150900
15914739
8682512
30032585
17667923
73085805
14668484
33835209
83422585
36016353
16293303
15093341
87424595
63467639
52342362
63137847
86886526
88093574
81037066
5533382
39264817
60118588
16718387
20645777
86378051
15591360
69200219
86248357
41367914
17176444
29186233
15297871
20561922
85432927
29145163
44500931
26821498
84743758
57629565
21399872
78540968
68041753
41054014
83936783
67754842
23155139
17593407
53595560
82864348
42831049
60949436
81605643
36861213
36057975
81755424
31124344
81520682
26695627
80917244
14418456
80049763
80249449
80170384
48814924
79094607
75629033
20833268
77877113
76141215
76941656
64206592
43304285
14397336
33585492
75808580
71543664
50927178
18144252
58476851
46583836
73362170
15817327
69520990
70338684
12480582
33861253
65674551
71172402
55237303
58255107
48315706
52334216
62759458
55212837
14632998
68681762
19220698
10037592
66963606
68318419
44292927
68065521
32289213
16945563
760148
67532351
66141218
65751383
64492923
65315919
39306118
64626582
31354554
37424094
27004587
3190611
57693536
16955612
58478029
57216932
44341726
16440882
57336679
56735862
56685113
24310431
53881352
46050707
47903446
23406888
45351686
21513333
17078086
16181098
39259033
40790793
17900741
32630712
31539726
23920118
20214318
5385262
37842835
37389005
28289144
37452224
34888243
36315402
25652772
25263342
23873381
35617148
33914365
28283375
33121986
23281296
16931296
30932077
30893961
15256013
18422152
16972877
19660957
22607076
20581363
20494942
26285229
28344521
20133907
16720770
24380346
29621084
22890967
21870789
24388952
28589344
23976958
12953342
23240113
25462447
22024022
14065774
16685801
14981450
22113389
22017748
21738985
20031686
14053246
14462309
19271589
14272244
8151482
17864646
14770838
17904520
18136371
17751429
16115620
9562852
17383984
17363614
14455278
16704994
16433416
16065006
12053142
11974842
15719549
9740812
14225745
14979746
15153288
14981016
14906247
14899799
14666776
