115681686
208967993
2304865867
4420466715
1641677016
395693272
342894187
2439532910
2440548048
2441763583
2440196822
761829432
4623285376
3277814538
2587547119
3157589662
259349567
500184805
105295143
4921194354
2316246829
190589983
2419295821
2793009004
724656450610561025
3709245494
1493267851
158060289
346924655
3066382722
718466041446277120
83696994
2393063119
208083510
1072992504
4866287061
291709775
903377622
19102612
4584443975
3161660191
714858906699194369
2792409146
829735580
4905645177
701869179117375493
19341224
2431253425
716696000325410816
35216399
3146939637
709332579996971008
380061438
705233535586537472
27835263
46190093
381108914
4547869279
4656859516
381036196
