721514171267874820
4523341707
992806682
1846985906
704920140434051072
3254963329
718282302359531522
44400103
125777226
1565724332
724922467593117696
2979971687
394209100
724179857379344384
2546294725
3922592614
3930356009
2888686497
1289865636
705514197732483073
705482485036158976
76378655
2984757994
715945643244658693
4367580681
716001221463687170
722495728602497025
724619072097390592
544893799
3190978897
3926807662
546494946
715310837938982913
2978227097
2970492035
4173113031
722857594642018304
959953598
43390722
4902923936
4604329996
3298751544
3261273847
712736438022971394
3298242432
2202415878
66534619
712531613142396929
706365858248048640
343766409
4734809901
2824945036
715379150299799552
3881227294
724360005638561792
815108514
724378317068054528
724247564443377664
4637756600
724375832802807808
26373130
715948394619998210
717070209115414528
720415122729136128
68581009
713838833016684544
2609492969
702653577123209217
4606211896
373763877
4834383976
68475232
76924351
2865805525
534811449
3291447541
1173760904
1142651659
2175098083
705923008528039938
4374854716
4925260754
724198236295172096
705678018761658368
116049408
710205595949899776
2495570203
708955126929727488
1516965378
2571480416
723627038955978752
717073468462874624
717062539385905152
2440239300
717060318401335300
717058726797164544
3710420415
14619266
1036122265
3007201721
705352230661132292
100893218
2373485972
1564498860
2374652118
707133552857628672
708634565531795456
90656970
3219657061
3400742530
719088896789721088
717146674133602305
3304211422
717057806046785536
716681756490010626
705678483037495296
705543292151320579
2742232690
710429665219973120
1317005197
3305368732
708700299070939136
710873394179403776
320960101
607900242
722088336517697536
714190985052438528
4835697184
722425636007096320
3364294337
571472359
722250721794592769
4788897935
3380416805
712508949979930624
712415228919676928
3239685915
4335350595
720360548982984705
1589891497
704268142508376064
718335934035554305
714477546566508544
720745095247609856
99275009
2943489175
3435368823
708012233222176768
4472316089
703631127718797312
718613448075173888
3325589842
369651780
722060217060614144
14087150
3433647053
707754900457791488
88448104
4276938257
3410630740
4709540121
3592553952
3088971152
708073506362269696
552055231
715180554937827328
712614575166894082
4615295014
702369959117201408
277569887
700476224271949825
708134513508032512
250375593
710917839163625472
3188352875
3037944593
719599956923936768
715732934691536896
4374525149
1349931780
3284908189
710066034565230593
710657128785178624
2358162272
3004741725
2817911355
2374484539
4852018858
704421234864496641
720770470266695680
3385200922
344284988
710067767488020480
711627336937021442
714274656350507008
720099584547139586
720376669274550273
1038200922
712969727484755968
716684412843384832
124037607
2915230895
115077998
707746122006142978
49210809
720070835449556994
712931114323722242
2893144707
708770269955895297
717902200660426752
3843204568
714956365064769536
3038018818
716323865543180288
719141335941410816
155647130
4783830409
714205091201478657
4660346057
275538421
2979828209
2833261649
1703024533
130200980
710506596049264641
707576025727815681
375257774
382774256
30654983
717889327972409345
1028642582
2746658637
192578825
2956992353
3299548523
2903844556
365071796
2996396664
46218803
364275062
320500498
3021732580
2898787404
989211434
710065409941049345
2257889272
3433150563
714109621263278081
703823339496742913
716487629710180353
746089142
3737247871
712268003384107008
4817242833
717506969112809472
387433125
2963006680
2364326328
712316937834000384
716833170298171392
93754859
1104355070
709931898118787072
405524103
394415963
710266325818544128
3089063223
3030961607
703017764689211393
2960090617
2571653913
1013860579
717546631550205952
4730580495
409936586
717141429252976640
717096884658167808
171765490
15747743
67676393
2548725974
3019731677
403308766
885625610
1057711746
705762749150797824
146559962
715496264490569728
715653867829071872
773615064
708405073768910850
3280445215
4549259481
2382624199
712088917084868615
716708576417431552
2904231345
4821759701
702796746825531392
706953131024846849
4807594948
4111537337
712569630053830656
217893452
2482580201
2842566952
2693685589
714124385238589440
636152342
1309006880
133429493
712961501741641730
2906734902
709796905983877121
2257108333
4210839231
335965643
707052703231266816
703189811880861696
119934907
159857141
269059095
4123249775
4035757996
711795231352627200
239227114
96632852
2213198621
1016037073
3092102705
387424782
3351467661
714281985041108992
713004849114296320
3131674359
70983265
324545466
4226181789
2477980930
2415822941
3891929415
133902172
373614687
2816128408
4764599044
2886367917
976144092
1441220155
709810827109519360
197595393
30865421
3593449618
4027175475
2884009859
2549462843
2270629410
6042412
814144363
467875902
714156045854195712
712820458442371072
2839623872
712570642315550720
4904311305
498053973
288982501
2962567110
3301856247
2946045177
180187227
3979868596
1909578013
169236507
713509829961261058
711317110622982145
2740358146
401133324
3312694619
4830946065
4401796876
715874884040179713
83578029
3124553061
4539285514
4417267481
2941515243
715956638998511616
4888922079
711759395579760640
174334840
4896527596
4902715761
703096110076661760
714150153565954048
3292054161
2997794721
4094109323
714119507514695680
707702227734044680
715565447551131648
715540051841695744
3023706959
2850915202
715363864192401408
66673187
4926160331
712304598208348161
712400130662666240
709215698585653248
712440521717850112
714990296346587136
714988266693464066
709099989721604096
712063395705593857
1063642404
335990522
709936697379696640
2789401818
749710105
3238000998
2540142588
9547222
705614904015761409
4871465848
1708104776
3004561668
714439577650511872
708579996265259010
711630649782890497
4895704700
4811385735
2325719804
1512049213
2893947891
3064000625
712330165074923520
703750530531762176
151198065
711752701508505601
710774496286744576
712058146064355328
712068933323497472
711976400723390464
2314556148
713827229143285762
3144062091
69120991
4885958729
2902419832
711992372503011328
712044763759976448
4874911964
4419618137
4692103394
708870064326516736
710543951674142721
2769400396
3289516689
4920695278
3126190527
75965240
148119667
707550820863254528
16281313
15005645
4004157742
711238313714327552
707987601714769921
710596845161062401
707613489519575040
4380700275
1375860338
711326354130771968
4489251672
704680991303008256
705436667147116544
710833437851193344
16580053
2241601892
711241763097333760
710878869578981376
710960905803194368
711253754989961216
1072490774
179279897
83750315
4883677131
705073020428226561
2688248216
3024664221
2991624456
3344360243
4747788635
708783871123324928
291513513
4173751343
4318793896
93080678
3432237893
233647828
707408178485583873
374091368
706767731224346624
2834674724
710630402835222528
4861196746
107053530
276530165
71272863
118046102
2450556805
880639586
1851192834
122032568
710950961422966785
710922036680466434
587726910
2722944261
708977517269544960
708451367556411392
2466342182
268177117
2937816161
278092678
528739646
709492220362100740
18149467
711684350581088256
709731994171777024
2573152992
2920365702
3362585293
4217990368
709408875037003776
81850499
709711850435440640
1707829705
3157915022
2465146394
3164383205
524041210
710445312352129024
18239795
3406874063
708500434961432576
3527487257
710434186478403585
710828874221920257
707281159248617472
4016573429
4174188437
55693040
3075342169
4069152677
3123738071
60804437
709068173182636033
392348171
709712406642094080
4856842610
706525514735996929
708464530192519168
711118749471002624
709772349281710080
700569215045017600
709207000467562496
709692336394129408
701830539905515520
710544773682221056
737541230
707343704378503169
710916363947274245
709751867744657408
709515704756736000
709319009657823232
2890969094
709521494867632128
3429010539
4839912239
710209373495287809
710239627291058176
2496032305
4083971602
3409115897
709759301477404673
710336091065229312
708449562936152064
708267477936041985
707774876778700800
321361670
60784269
709069140779208704
3331540306
707872843552296962
234591466
709930416589971459
709407712287834112
3346689215
709038936316899328
1729312610
705542264194535424
708429332570619904
4923891077
709784190166896641
4816053256
707772437707022336
706204549833498624
700672702453972992
708703891567808514
708453954271748096
3708665415
705114562455072768
302590187
705509290136756224
4085424921
1737416142
708917949835448320
704474920189820928
2914202801
705384075176124416
3310251207
2545326493
1488792121
2800956939
4270107748
3308647565
3006822411
3201786454
4915063377
4395997815
1657864633
708484006107598852
541066782
347077702
3407923102
433374572
4920791872
187213782
2790628552
412442333
4574244928
707263918419226624
2908066541
299380835
707558031681265667
705785378477891588
4165206566
706542947538509825
308566976
860586884
4136407462
705477189899264002
704769346078425092
705936063349575680
384437791
699678558524960768
354481529
705520641554911233
705483199590301697
705480614657593349
796050745
705205182829875202
57687911
131207854
4393290993
704693295293792256
4472088935
704429566312509440
704429498163470336
50086206
2858862592
704050529710768128
316752833
703000956028522498
702981813296369664
162817336
2943769383
2361800018
4871535005
385162929
156078507
105776392
254666400
4920048154
110203769
108678580
101712764
