723999796449693696
4882161959
714454627127848960
203651402
133370094
278648673
4837315805
3291255879
3854038335
722215892050907138
2730131612
1037650195
406744818
3004753528
3288447754
4854579489
4650750562
128322490
4823005769
1732806684
208811192
4567103609
884386422
3082701071
891138697
271273874
2903189765
246519780
3190010486
3419219895
3416265088
2686682176
3393146392
3368244797
2908350743
153645231
3364421627
139891181
3359396649
255647760
3350249721
82803026
169365078
146112058
66624979
3006291953
437203008
3120038236
2923523500
231810640
580343597
536436958
