3489515293
2180459027
3488018354
2485435962
2842344035
3479359334
490920752
4756137856
4185658220
19226515
159821181
3464457380
402028320
3318592011
718598932557885440
4676443861
1654831140
240527238
187484905
3038763036
720655339989921792
2378476489
704756554466238464
711880335772884992
2417731794
63559366
722682007801700352
17352961
2529376838
3232258933
105791026
721916981675499520
333054102
436594713
721166644060381184
3081553884
913378748
714441420015333377
4890243957
3316625596
1363688490
12397052
1016680590
2764507032
113244853
2810794370
717889813211275264
35476723
614080538
14297098
396575266
713221142480179200
182156994
2216203434
928102790
695336138031046656
14336797
709158264123084800
255928413
179900005
708183682247315460
714032272454758400
1524200647
714006543239254016
2991396615
713637945736105984
21810928
79713408
39289244
836402629
707658602367082497
464513077
3226117874
4833882202
26201787
1154481991
703796390632226817
14941706
4287969442
705949853843480577
2999242626
2916980271
706986861030297600
3305600101
2812582934
4583187314
2594173878
4452135914
636750941
87823740
74103312
2287267158
3102292272
259096176
339832905
93495966
2855305681
3634964599
122397895
57396800
16156825
88210305
216646768
554809658
4539562692
129788371
3207206361
3160747448
3806529433
3043187355
4804010115
25658258
4794884528
4830806973
3002636600
23926927
484590752
3299000408
1448424145
2224376731
4196673254
280736054
21837550
207489653
3178227038
3323606636
315503307
3280180292
296059108
703912028
27546473
4803902174
4838468901
4838579950
4838514437
4833122446
2512457390
4140284473
99007038
34499920
3868409484
54429309
4650119782
4560963684
4727079987
2895825465
424254602
4206157220
556467531
39151576
2460564728
23742744
4089584785
4742507963
108183826
2361746600
4224864012
4199560832
266315980
2736104047
1577020866
446506935
2412520334
135438947
252504967
1969630836
2517499850
1337085834
4448597962
256294702
2418628872
4327101916
238864842
2770675816
2331463982
74654452
1881765326
208139326
3116298846
1180186740
335862015
193591559
1881672806
916101398
537678002
521828198
1701666619
4137178053
3973629672
4275854178
249648580
211854108
380034300
1052308520
1631783088
33107762
223356822
631147624
2358437594
1180466672
4208639898
25031841
191729914
3955584013
20224563
4187522054
2148549782
125550892
4184044213
2499930355
34564272
2787744686
3872665034
2823814502
19935055
158520303
2493599713
4041231914
170526680
1245902269
1893763328
2940720128
74667242
442517503
311392117
2550433447
3264656548
2329712918
74662963
3622496053
3242632335
3241250844
29384627
2899676241
3104662308
22411342
3231034801
5660312
3020039975
3297068029
321908918
2218894998
2291383646
2595389988
2499504685
2705719088
3311936195
58341405
3235327844
3180679458
3226103708
2400750314
3220012297
2333017830
3156963738
2290428938
2715910525
2500976827
189796782
3176990077
37569815
41170977
588559501
547288173
2191631785
3142783538
2676038196
206075848
2262584180
626246079
368818815
597234551
288145069
2855313779
2305210184
106026662
567050795
416040910
3018879134
1646839878
3061242374
1674511094
1184202140
3031083454
2283763532
63818960
31574463
2989080768
3009967554
247091947
52379076
2988733403
3005440424
148959748
1301821820
149441168
35671217
410408375
76299325
472549470
475300195
837028188
767518832
916501034
2468749268
172662293
207442928
28961902
2446153376
1119360408
2225788820
2213276630
2858044746
7537242
96234820
2855055024
2815905786
315002750
2339336168
2686719366
2307504458
1616530028
2484344029
1637087094
193496151
27539492
2457829333
178956661
2333459639
2388272053
461030650
182314545
2467144975
75203803
2555923363
1541563081
378439330
394565018
114379462
2257455662
255778255
2526132464
2425203468
2233976462
2383488546
95581101
34171712
281397097
731898637
2444055630
60834750
2293514341
566009167
46533026
410096033
752655294
1023557893
2320400941
550807794
2423117707
507956902
425390316
93573353
79086574
65550941
2394261703
608845758
127698860
777299036
2343141512
145635867
531961749
869593536
312458543
68298183
2318679414
174873839
24595509
754976166
583510501
161486313
56550193
599832584
252045086
23864323
34478848
18542209
73405773
1025328661
123736882
2381916189
2329867680
1693644823
2325415303
15307587
76881718
2250149724
16307104
496398349
376763058
459804916
97373385
1598058936
161097316
1005215700
60825092
1407764070
19945841
1354187510
123471191
101087872
19099409
27601398
128436298
931743662
112571375
1390765304
1325905699
905537448
313740337
1241970950
1161593779
748689392
20869294
256234120
27595300
1320242030
223361022
42321608
769181148
108109187
42422464
166439213
485507157
43799697
1192995757
1240159764
501422055
135732586
72218382
152528062
41297554
1206730927
47614784
29856792
204558840
992118656
744875496
208542537
835515326
732308683
928946516
15449085
818372418
23027457
21291580
562185583
211813169
1195570164
95304055
327025474
1171201981
23710422
260031010
930354362
160769701
20554203
181852343
932863087
73928056
357784532
23873194
218132338
1170878214
19194198
27553603
739374505
52998511
15657266
614725557
213693665
866173567
40016029
16294267
440408880
1042323469
254261070
135774694
63319846
933096488
237218481
