3075919117
1560917910
705352750406696960
715659671542108160
3854038335
553659767
1934214655
4784668938
32671625
1093468681
72672017
307503445
219868736
1038309954
702203461924835328
2492122184
4430299487
695596693505626112
167781199
4786731552
4513313539
2931925367
4273974674
559780277
4886575618
44197057
4886576218
750848454
4842400985
21842061
2790704905
2590728714
4833356861
2466899838
979019473
45038044
479659751
4724888959
27515718
459520912
66494320
2213153791
430354017
1481143356
460612296
965808132
195441023
444022009
27225688
16916866
223622738
2254232976
19838620
460596683
1093813626
3897284127
1295787823
3404468357
3333218681
2151875748
2635340887
1598310576
2740410161
1933042237
1543165645
2487832047
3333323045
3323565651
3333397427
17881816
97327588
2949908033
311422748
18548136
479020289
3394108325
33718624
426463161
331802230
3192410304
3208610483
769070390
3214132109
2353368379
3236394041
220086346
2399701337
83220095
17935120
3028970937
822009380
1084187551
3231686708
769070064
25590369
375826110
323986629
3208645006
3176835174
33923443
38993127
135767303
2758450234
628520399
597072054
3208908273
3231900366
3064983287
3022640119
423853940
743731753
580008218
851637416
112924655
57567739
14400622
2670200414
513955985
2950656053
191910837
229287950
2154932037
26878858
171639822
24145271
49478693
111372500
2357240377
235362301
76348185
260491835
20683432
1488725490
61176810
18278629
16115590
1630386054
39160049
3000060940
137784420
2912463185
17636062
223300063
733495933
2961225299
792520880
104587618
200765043
227209030
155994439
929514828
861442146
2305873195
32318584
40551290
108663154
2488529648
20655898
18700916
2914334478
48212295
1051302973
433938565
334036628
91274231
173413459
421175581
15203144
2327188964
2696030460
2716216416
116247546
1192344036
36789563
979457803
336603208
1726324753
589167709
1039948057
125518203
2316321384
903036102
208091480
1591687903
2194662172
74381741
991649294
2684078412
2351147035
2351066142
2508005419
107087487
733161836
743122760
2353820365
198264651
15964377
220653052
2258218458
25750846
612200007
1332735290
167515631
1561899954
555507243
2450625900
139930250
2579193000
1727031614
382122660
163242091
2163150918
199296230
22227832
48572412
17986973
2428679167
2434072969
520483976
604367562
2357609762
2229581444
2239133466
2283020358
2289717367
1712960263
2302500558
2218430688
552807267
2291828094
58473068
29988775
1588001226
239092115
1377719425
242622225
709360530
489310399
444151864
380511052
1695188005
1058907374
547160839
88233895
168631912
552369561
54216369
18500852
1031565469
70535341
146263474
1019549383
211551088
188850279
432030274
524038965
