25385762
1379523398
487256024
37721156
705039632149286912
706003723156398080
722589317017780225
719507308707885056
706870191636910080
185437031
30135051
393008318
540977837
710161237171150848
582756204
172190610
708522265793658881
2290871295
123848136
512198348
700915031031083008
2512996088
2428477148
548147475
525713285
2508851051
4851751311
3460168493
14645160
3642987494
582681311
113957685
47184751
1290073868
362035439
191198906
4786049723
554733848
4697089171
3666741503
107873584
536480233
18953062
515536672
2243378346
4424044874
1908769656
80927962
4303807274
4241465592
2898487914
2711267998
483463849
3898324394
2303462899
55131171
2199158149
20090985
3689154627
1615229089
3835151662
312723929
470952363
3435835301
53043722
721297370
3254306538
3512793616
248028510
3484747514
2840142154
262838533
27340975
767117556
3320347231
737319236
26116318
3312770179
179241043
3401589946
989225510
893365314
44142833
3006076997
3186959995
321753209
3246318276
3272752076
3184731082
487928549
18850586
417908950
3259647564
3349399283
920213694
37696481
1411410234
3237037195
3013834674
298111561
481470175
1234954254
3193504338
1510582776
3187240567
3236860545
2294706558
2422973970
116241819
3183664867
3183492890
165386050
3174015098
126043619
3169397894
549416449
3115688330
18163889
2456156318
3082591668
3065513365
335007189
3061760635
1195753291
614715430
2922341803
152518796
3006672623
2470234820
2440594612
73210492
2275370101
124351053
480053616
1244393281
2925617589
1005613542
297682339
2899955956
2162048203
1528263366
1873553844
2770685717
2853417918
26550057
2793474981
2790232726
601248046
242583652
1287302160
2737131995
2421281232
2734941547
118848700
2480865355
384856926
2717795270
432725654
171333654
1727569968
852091224
1125128166
20820728
2575617782
403718936
48397044
461497179
2563938029
21419331
2492317015
34811754
22076106
2275479194
2526097127
347392487
622840237
589674790
305022378
1448898050
450269533
69793961
2327077820
22711548
185342098
33740417
1723895899
318070261
604845487
45623720
1277869604
420063272
29613825
498494641
967124857
2314519226
1106603538
2298848886
975258186
22968689
21276647
245205235
30062554
2261951156
1358169572
487918050
1445347902
392315350
860441971
119190237
442380656
48448617
222929274
240753564
1059190818
1149859524
1897578786
462412522
182528582
1167466658
556457133
473354477
420455192
267915475
333588940
1665634260
1224765367
1371110750
21136196
17289745
1631551531
120862252
28106018
826070558
25614958
1326860346
37042180
1631563940
29537566
606622483
108070369
19995253
47351279
545435495
827239610
46881673
1464979784
729087336
834296504
274310682
489945784
19385134
92220663
100571334
165505149
262350257
238034075
124631883
45696685
634971222
633560562
1090352616
575094690
60225505
79361346
1219491848
448233003
29635619
