725031546965622784
246474942
79274717
105295143
3488018354
29303009
4537147966
4418006533
14432326
3023037872
30059550
2465239620
60317232
218546245
4547869279
718817466810572800
719361788073156608
86177206
417227541
366513506
2933152018
349306248
4633566514
3536309362
2436468036
2476410366
133760231
16703058
90957175
4433074763
3514820679
842224525
4252753873
3326595201
17136735
3466648164
3434794061
15234461
3317144305
254777469
3278739254
2978819530
3102151565
3089514417
3089629144
2874111966
2773983191
2465146394
56599832
2548260122
609505679
258046252
2285876767
965231036
2314208192
157797673
2202056698
463908249
197640077
1343069478
327430329
371365125
381618943
377105538
69308839
166148319
21724499
567355568
514790199
467907505
425641546
19457614
307786871
35293850
21290864
229205899
51471083
43841960
273892660
240275553
263537527
266054961
259015771
19154824
27713200
40632185
89847712
251533851
146583838
245458497
124114263
141119057
239467961
240305161
231048182
229119803
189389839
43351805
103401919
103960332
30476230
